23_Shoppers_Shoppers_23_167
23
354 162 100 142 0.77306527 
836 38 109 117 0.28806606 
19 45 30 34 0.12857322 
283 16 69 80 0.12798326 
116 18 21 27 0.097410165 
366 23 62 86 0.09559435 
903 59 62 86 0.05715673 
302 57 41 46 0.055890635 
623 389 110 158 0.053484924 
250 -6 112 129 0.042900518 
415 55 109 123 0.041752335 
312 2 66 79 0.036251027 
344 6 68 81 0.034636676 
513 184 53 77 0.03296855 
891 71 90 123 0.030433726 
784 31 121 141 0.028805178 
1010 358 14 26 0.024269639 
494 -4 103 120 0.024010926 
907 111 95 127 0.022835495 
305 90 178 227 0.022138834 
476 70 64 84 0.021782879 
393 101 96 143 0.020570252 
449 29 110 132 0.02000555 
