23_Shoppers_Shoppers_23_511
452
501 316 12 16 0.8126157 
56 301 10 13 0.79306215 
70 362 16 21 0.5641432 
479 322 12 14 0.5426399 
788 638 13 16 0.53633696 
843 324 16 20 0.44605786 
245 162 12 15 0.39963308 
749 573 9 12 0.35801628 
530 14 9 11 0.3326194 
706 603 15 22 0.3138304 
728 194 13 18 0.31157324 
323 209 12 15 0.308258 
12 220 13 17 0.29876658 
459 550 22 29 0.27313572 
484 24 11 13 0.24522755 
343 216 11 14 0.24395326 
450 302 8 10 0.23972332 
384 251 9 12 0.2254231 
894 342 10 14 0.21860142 
830 239 9 12 0.21291162 
160 93 11 13 0.21148543 
647 303 12 14 0.20537904 
748 275 11 14 0.20104285 
418 284 8 10 0.19597945 
742 215 9 13 0.19477312 
852 619 13 17 0.19094025 
828 259 13 16 0.1871317 
739 321 13 16 0.18160246 
243 121 12 17 0.17615674 
617 360 10 12 0.15874055 
219 582 14 17 0.15367159 
52 322 12 14 0.14136057 
588 332 12 17 0.1353994 
16 294 8 10 0.13285944 
65 283 10 13 0.12909721 
698 341 10 13 0.12677781 
483 319 12 15 0.12563772 
127 92 13 17 0.12349091 
293 140 13 19 0.12236979 
101 60 13 17 0.120870024 
100 580 29 37 0.11290607 
652 307 9 12 0.11183378 
837 254 11 14 0.10730727 
129 356 14 18 0.106923 
853 561 8 10 0.10512239 
6 303 9 12 0.103595756 
22 294 9 12 0.10340966 
560 33 9 10 0.09922092 
606 341 9 12 0.0981316 
137 48 9 11 0.09798922 
315 202 22 28 0.097253144 
718 335 10 14 0.09716703 
1 293 9 12 0.09682608 
166 582 13 16 0.0937884 
478 52 13 17 0.08988135 
164 54 10 13 0.08932775 
806 189 9 12 0.08892365 
75 317 12 15 0.08878676 
337 215 22 33 0.0879947 
93 67 12 16 0.08362088 
591 68 10 12 0.082863726 
671 367 9 12 0.080788 
743 612 10 12 0.080072284 
144 345 14 17 0.07987712 
236 195 11 14 0.078979835 
334 211 53 74 0.0770282 
111 377 16 19 0.076343365 
718 636 15 19 0.07519173 
250 497 106 121 0.074400336 
49 40 9 11 0.073895514 
749 629 9 12 0.073785834 
235 101 10 11 0.073757604 
126 122 10 12 0.07315706 
787 631 13 15 0.07279263 
171 625 13 15 0.07238322 
903 325 9 13 0.07185267 
52 58 16 21 0.07173234 
260 430 46 64 0.0716562 
83 91 11 15 0.0709819 
842 229 10 13 0.070703045 
6 294 9 11 0.0703814 
714 339 10 12 0.069929294 
701 397 12 14 0.06952275 
152 361 29 40 0.069236055 
800 271 9 11 0.068981916 
23 350 12 13 0.06840494 
551 374 10 12 0.065865375 
129 524 22 30 0.06578236 
477 9 8 10 0.06508232 
159 60 10 12 0.064290926 
640 301 10 13 0.06328995 
912 329 11 15 0.06224364 
845 225 9 10 0.061231017 
859 639 12 15 0.060471013 
779 42 13 17 0.060445547 
312 199 54 74 0.059840575 
847 624 14 18 0.059731048 
559 324 12 14 0.059312716 
51 52 15 18 0.05862657 
747 310 14 17 0.05753238 
833 276 12 16 0.057236966 
40 350 11 13 0.057016544 
23 299 10 13 0.056243736 
69 298 12 16 0.056195915 
872 341 9 12 0.055901706 
740 268 22 27 0.055703226 
282 482 29 42 0.055564314 
586 326 9 13 0.055227242 
130 521 14 19 0.054374572 
140 530 16 21 0.054221023 
737 220 11 13 0.05396501 
39 316 10 14 0.05383726 
823 256 13 15 0.053151984 
52 379 15 19 0.052525543 
171 636 16 19 0.052193146 
630 332 9 12 0.052151363 
809 260 9 12 0.051543385 
183 22 13 15 0.05040391 
748 576 12 15 0.04964769 
784 220 10 12 0.049279127 
213 29 9 11 0.049071547 
247 38 11 13 0.048954252 
232 96 10 13 0.048747677 
126 86 11 15 0.048508964 
802 188 8 12 0.048345458 
150 346 49 63 0.04759006 
42 431 20 21 0.04741339 
715 608 15 21 0.047201224 
821 23 10 11 0.047173977 
59 303 13 16 0.04691657 
133 58 14 15 0.04688366 
816 572 10 13 0.0467171 
536 36 8 11 0.046694785 
858 617 13 18 0.046485182 
46 590 11 15 0.046357755 
94 338 15 19 0.046266116 
164 99 10 13 0.045791566 
824 264 12 15 0.045261685 
270 457 51 75 0.04400888 
114 308 13 16 0.0437664 
41 51 22 27 0.043392632 
845 234 10 13 0.043391146 
76 50 11 15 0.043087114 
700 334 10 14 0.04304516 
96 37 9 11 0.042966187 
520 55 9 12 0.042879336 
545 333 11 14 0.042757977 
582 425 10 12 0.042410295 
228 31 10 13 0.0423504 
794 637 13 17 0.042337526 
138 450 29 38 0.04231227 
778 636 11 15 0.04161577 
745 569 10 13 0.041413255 
798 16 9 11 0.041250806 
696 318 9 12 0.041072957 
350 516 12 15 0.04074997 
98 33 7 10 0.040539484 
7 332 11 16 0.040294718 
719 269 11 16 0.040060155 
200 119 9 13 0.039875653 
101 37 8 10 0.03961459 
849 561 12 16 0.039540663 
478 13 9 12 0.039389312 
59 64 15 20 0.039319783 
861 611 11 16 0.039304215 
405 466 17 21 0.039176334 
251 521 65 77 0.038810216 
526 56 11 14 0.038790163 
8 328 10 12 0.038731437 
55 48 21 26 0.038550798 
284 186 16 20 0.038387224 
119 84 10 15 0.038191155 
197 547 13 16 0.03797207 
478 329 12 13 0.037767116 
123 527 16 23 0.037714537 
161 47 10 13 0.037572406 
63 325 9 12 0.037566993 
542 37 9 11 0.03753337 
220 531 110 120 0.03752212 
52 43 12 16 0.037375014 
121 550 60 68 0.03728067 
36 611 13 16 0.037226904 
444 533 41 57 0.036350857 
296 23 9 10 0.036287498 
237 591 62 64 0.036116496 
7 288 9 12 0.036039658 
236 108 11 14 0.03587733 
589 45 10 12 0.03558689 
265 414 37 52 0.03502714 
803 637 13 16 0.034870423 
95 60 14 19 0.034780234 
180 638 15 17 0.03458135 
572 366 10 11 0.034483504 
557 277 14 16 0.034426812 
853 606 13 15 0.034307893 
563 331 16 18 0.03410905 
61 369 15 19 0.03405065 
860 625 13 16 0.03395945 
758 284 9 11 0.03390074 
2 299 10 14 0.033900492 
489 47 21 28 0.033895243 
22 288 8 11 0.03381578 
111 77 9 12 0.033792384 
663 300 11 14 0.03354156 
848 605 10 13 0.033270657 
109 68 9 13 0.033214137 
120 334 10 12 0.033082914 
838 39 11 15 0.03279697 
484 51 13 17 0.032614384 
774 261 9 11 0.03231502 
115 556 14 16 0.032202628 
770 299 16 20 0.032156356 
7 314 11 15 0.031933155 
359 237 11 15 0.031780954 
739 316 22 26 0.03173708 
45 348 10 14 0.03171197 
522 59 9 12 0.031492252 
550 325 10 13 0.03146818 
559 330 13 16 0.031320453 
132 548 16 21 0.031248989 
724 333 10 13 0.031217238 
454 296 10 15 0.031097284 
248 355 12 16 0.030940358 
4 238 14 19 0.030802911 
101 33 8 9 0.030715497 
847 60 10 12 0.030661413 
734 229 10 13 0.030433204 
494 47 11 14 0.03024894 
464 336 8 12 0.030216586 
47 318 11 15 0.030000156 
13 593 44 54 0.029949185 
576 40 9 11 0.029825576 
331 89 13 17 0.029707843 
598 338 12 15 0.029587112 
96 556 60 66 0.029459331 
19 636 15 17 0.029439524 
281 23 8 9 0.02943051 
838 248 11 13 0.02941774 
325 21 8 11 0.029306911 
825 245 10 12 0.029301813 
799 576 10 13 0.029166652 
111 525 52 66 0.029053938 
804 269 10 13 0.028917689 
15 299 9 13 0.02891677 
831 343 10 12 0.028677352 
861 348 10 12 0.028607396 
667 298 13 15 0.028590692 
127 80 10 13 0.028577294 
166 557 27 30 0.028544668 
70 322 11 14 0.028487297 
119 80 8 12 0.028284637 
167 620 23 26 0.028274836 
599 47 8 11 0.028262824 
204 588 12 14 0.028075596 
541 357 11 14 0.027996674 
750 362 12 14 0.027966104 
86 316 11 15 0.027932627 
67 279 10 13 0.027886389 
606 54 9 12 0.027869835 
742 207 10 13 0.027839653 
464 23 10 13 0.027812649 
558 317 13 15 0.027745578 
87 311 10 13 0.027594004 
448 550 25 32 0.027499069 
830 251 20 24 0.027456446 
792 20 11 13 0.027367514 
566 47 11 14 0.02730881 
788 6 10 12 0.027285524 
848 586 10 13 0.027283082 
108 54 10 14 0.027195068 
138 52 12 14 0.02719368 
228 225 25 29 0.027186593 
131 87 11 13 0.027050484 
687 342 9 11 0.02698798 
625 333 9 11 0.026833933 
94 299 10 12 0.026674584 
164 87 10 13 0.026669923 
273 32 8 11 0.026666524 
90 41 8 10 0.0265339 
930 247 29 39 0.026492264 
815 224 8 9 0.026158703 
324 28 11 14 0.026081605 
614 413 12 14 0.026065338 
212 550 12 14 0.026061676 
724 610 11 15 0.025976324 
792 301 10 13 0.02597537 
145 502 10 13 0.025948493 
278 31 9 11 0.025850102 
703 374 8 11 0.02582863 
753 9 8 10 0.025681585 
152 69 9 13 0.025606235 
736 610 12 16 0.025573695 
789 221 8 11 0.025542451 
697 422 11 14 0.02552914 
550 390 10 12 0.025482278 
83 491 102 130 0.025461782 
894 334 13 17 0.025419334 
92 315 10 14 0.025376039 
792 29 9 12 0.025373597 
64 237 98 123 0.025310053 
241 38 11 15 0.025247606 
742 634 13 15 0.02523827 
549 60 11 14 0.025194142 
585 44 10 13 0.025114505 
148 374 25 34 0.02509934 
576 254 11 13 0.025096316 
14 468 13 18 0.025087815 
353 232 49 66 0.025041372 
117 304 10 13 0.025024502 
632 351 10 12 0.024983054 
791 14 10 13 0.02494556 
35 37 38 46 0.024862101 
135 462 23 34 0.02477763 
46 382 24 26 0.02473384 
133 67 13 14 0.024716122 
500 638 15 15 0.024623936 
156 68 11 13 0.024564484 
77 311 12 15 0.02451411 
296 29 10 12 0.02444634 
638 353 9 11 0.024415478 
203 123 11 15 0.024294483 
292 174 10 14 0.02426319 
102 333 12 17 0.02425634 
12 602 13 18 0.024250567 
645 317 10 12 0.024234433 
888 345 10 13 0.024221558 
157 519 52 63 0.024090072 
835 267 14 18 0.024019403 
544 403 12 16 0.02400649 
109 522 25 32 0.023977097 
128 352 10 13 0.023968805 
801 185 8 10 0.0239632 
165 572 24 27 0.023932025 
822 285 11 14 0.023871623 
707 397 12 15 0.023817653 
741 282 13 15 0.023757203 
243 127 15 20 0.02373652 
484 69 11 15 0.023724888 
447 305 11 14 0.02364181 
269 386 45 66 0.023599174 
271 363 23 39 0.023591015 
827 265 15 19 0.023576144 
841 318 12 17 0.023508461 
156 563 15 21 0.023496646 
153 556 50 63 0.023482084 
33 316 10 13 0.023436561 
568 339 15 16 0.023429036 
704 600 12 16 0.023353634 
784 624 10 12 0.02334156 
816 229 9 10 0.023215996 
93 51 13 17 0.023210626 
744 303 10 13 0.023209125 
529 31 9 12 0.023208596 
189 533 27 35 0.023206284 
767 276 10 13 0.023142193 
776 632 22 26 0.023021245 
152 62 10 12 0.023009801 
35 59 16 21 0.022936737 
876 341 12 15 0.022803487 
135 348 22 27 0.022638973 
518 46 9 11 0.022612352 
726 324 13 16 0.02260037 
600 62 9 12 0.022588369 
823 580 9 13 0.022505054 
829 275 20 26 0.022478197 
297 142 16 23 0.022470372 
286 143 16 20 0.02239118 
700 325 10 13 0.022296881 
574 46 10 12 0.02228608 
263 366 41 60 0.022281447 
546 339 12 14 0.02226984 
361 76 10 13 0.022217343 
69 308 12 16 0.022106763 
815 259 10 14 0.02209966 
733 30 9 10 0.02209374 
736 252 46 56 0.022090321 
601 292 10 12 0.022083398 
206 474 172 201 0.022082547 
573 79 8 10 0.02206708 
138 518 26 32 0.022065269 
862 342 11 14 0.02205607 
475 320 19 21 0.022048673 
808 610 10 13 0.022039477 
558 80 8 9 0.021980226 
63 366 23 28 0.021919774 
530 59 12 14 0.021915197 
312 55 8 10 0.02191222 
16 620 27 32 0.021902377 
480 19 18 22 0.021840371 
275 172 28 34 0.021793548 
57 542 28 32 0.021755805 
686 336 9 12 0.021747995 
318 67 10 13 0.021730248 
142 105 46 58 0.021678545 
27 299 11 14 0.021610573 
743 620 12 16 0.021593189 
517 308 10 12 0.021548143 
586 68 10 13 0.021496076 
614 312 9 12 0.021493189 
614 406 11 14 0.021481575 
733 632 15 18 0.021453436 
770 212 11 14 0.02145047 
806 43 9 12 0.02143236 
755 630 10 13 0.021425972 
496 267 95 116 0.021384655 
800 253 9 11 0.021375509 
70 46 14 18 0.021350019 
287 29 9 11 0.02134169 
343 488 50 71 0.02124818 
657 24 7 9 0.021237934 
124 537 23 31 0.021196872 
551 36 10 13 0.021187976 
768 204 11 13 0.021121057 
266 548 15 18 0.021120815 
735 39 9 12 0.021095786 
478 309 12 15 0.021059759 
707 196 13 16 0.021008464 
475 50 22 27 0.020992711 
707 611 17 25 0.02098154 
269 485 62 81 0.020961221 
232 347 16 20 0.02091632 
36 52 14 17 0.020875087 
219 589 16 19 0.020828273 
568 71 9 11 0.02081997 
140 60 11 13 0.020800494 
581 211 14 17 0.020752627 
152 100 10 13 0.020751676 
269 79 9 11 0.02074552 
223 22 10 13 0.020741487 
271 446 96 138 0.02072494 
680 341 8 11 0.020659227 
560 44 12 14 0.02063503 
473 12 10 13 0.020602455 
689 349 9 11 0.020574532 
146 352 15 18 0.020556932 
153 561 27 36 0.020542428 
728 237 11 13 0.020480592 
469 21 11 14 0.02039989 
0 455 24 41 0.020393712 
485 17 10 12 0.020328237 
839 235 11 14 0.020312825 
382 255 11 17 0.020282926 
189 589 14 17 0.02026267 
577 193 8 9 0.020222308 
110 550 24 27 0.020159679 
123 514 22 32 0.020115504 
738 194 12 15 0.02011273 
472 318 13 15 0.020107953 
286 24 8 9 0.020102883 
209 24 10 12 0.020052092 
125 260 11 14 0.020044476 
749 633 12 15 0.020011956 
