23_Shoppers_Shoppers_23_599
83
145 28 39 78 0.856025 
658 50 35 51 0.77669644 
607 530 25 32 0.66361713 
572 431 20 26 0.4003708 
961 171 18 23 0.35032254 
803 467 22 27 0.3277584 
790 219 25 32 0.27161556 
497 406 25 29 0.18099171 
670 48 39 44 0.16868626 
93 45 54 72 0.1641243 
482 413 12 15 0.16099443 
644 428 14 18 0.115977444 
263 54 11 13 0.099993035 
607 423 23 30 0.096653715 
312 55 9 11 0.08233721 
220 29 14 20 0.080058135 
264 49 9 12 0.07162397 
546 412 13 17 0.07154024 
117 35 53 79 0.07098511 
538 210 28 29 0.060724176 
532 421 16 18 0.0595644 
388 88 11 13 0.057048537 
570 542 25 30 0.05599874 
588 471 18 20 0.055759877 
685 425 16 18 0.05542912 
359 244 11 14 0.054516654 
673 105 53 82 0.050878912 
548 406 10 13 0.05054519 
604 412 13 15 0.048706632 
662 50 55 76 0.04651298 
172 100 31 44 0.042582087 
579 404 11 13 0.041718047 
480 408 12 14 0.037523642 
467 524 12 14 0.03514842 
650 429 13 16 0.03482534 
995 237 25 37 0.03441756 
259 52 21 25 0.032713294 
578 589 18 20 0.03187526 
785 370 16 20 0.031555142 
507 451 22 26 0.030591752 
493 410 18 20 0.030308144 
699 526 12 16 0.03005945 
786 358 13 15 0.029856335 
701 458 14 18 0.02945358 
-2 137 35 62 0.029156715 
836 498 23 29 0.028455185 
455 405 24 28 0.028380644 
638 551 14 17 0.028341126 
571 217 52 58 0.028319031 
310 72 8 11 0.027364695 
600 404 12 14 0.026985712 
271 77 10 13 0.026449757 
268 47 10 12 0.02624529 
464 411 14 17 0.024842363 
695 531 11 13 0.024371823 
874 500 18 20 0.023977296 
156 57 43 71 0.023764571 
572 422 16 18 0.023019394 
343 53 11 13 0.022994816 
536 410 20 24 0.022863513 
615 399 10 12 0.02255777 
505 237 27 33 0.02254284 
615 510 12 13 0.02245251 
320 78 8 9 0.022197526 
613 515 13 15 0.022163974 
203 36 10 14 0.022039052 
403 186 15 19 0.021775393 
88 6 30 44 0.021551577 
931 247 86 131 0.021384614 
611 412 14 15 0.021334888 
700 436 12 16 0.021271255 
258 238 17 20 0.021010967 
345 11 12 15 0.02099071 
352 243 13 17 0.020963447 
437 408 13 18 0.020939948 
501 535 15 18 0.02090888 
500 421 17 20 0.020839106 
468 420 12 17 0.020818088 
410 93 9 12 0.020666491 
607 525 12 16 0.020554824 
653 468 15 18 0.020455068 
250 211 30 35 0.02043375 
515 411 14 18 0.020232966 
