23_Shoppers_Shoppers_23_60
60
145 508 22 33 0.9631594 
393 584 15 22 0.84207803 
270 547 17 24 0.7727148 
519 588 10 11 0.39954245 
100 518 23 26 0.35975066 
205 552 14 19 0.28376082 
651 596 10 14 0.20063893 
470 588 11 15 0.19697689 
122 802 19 22 0.1962936 
559 576 11 13 0.16696188 
476 588 11 16 0.1501176 
576 571 13 16 0.13678928 
0 667 18 45 0.11143209 
464 588 11 15 0.10671386 
227 548 15 20 0.10243686 
517 591 14 16 0.073229276 
107 510 17 20 0.06818999 
494 588 9 13 0.06701251 
563 578 12 15 0.06661436 
167 626 24 35 0.063360795 
218 551 20 27 0.06033247 
629 581 12 16 0.058460295 
670 598 9 11 0.054572605 
502 584 10 12 0.05429049 
512 588 10 13 0.054248124 
555 585 15 17 0.049297754 
695 607 8 10 0.042583242 
553 579 12 15 0.04057579 
383 584 17 21 0.038423616 
581 575 11 16 0.037266545 
522 583 10 13 0.036300242 
262 551 18 22 0.035075355 
202 608 17 22 0.035072338 
656 614 7 10 0.033590652 
485 586 13 17 0.03183843 
640 598 10 13 0.03171596 
470 658 14 16 0.031327035 
198 609 30 40 0.03028605 
690 608 9 11 0.029696604 
648 601 10 13 0.029583145 
150 503 14 19 0.029345741 
488 736 9 11 0.027518552 
208 551 23 30 0.026666278 
135 511 18 23 0.026660295 
666 606 7 10 0.026171012 
623 585 14 16 0.025524382 
645 589 18 25 0.025079269 
456 588 11 16 0.024642948 
741 608 8 11 0.022778299 
519 533 9 14 0.021729529 
462 584 19 25 0.021464515 
718 616 8 9 0.021381274 
513 611 9 13 0.021234192 
203 623 16 22 0.02102367 
590 580 15 18 0.020995455 
56 772 9 11 0.020779429 
545 572 9 12 0.020386484 
87 677 11 16 0.020306544 
516 579 19 23 0.020074146 
586 526 16 19 0.020026274 
