23_Shoppers_Shoppers_23_122
21
728 3 112 111 0.9982621 
263 48 64 80 0.99635375 
881 71 26 34 0.1832408 
139 253 378 460 0.15752004 
941 526 50 51 0.13018939 
0 57 16 21 0.07691447 
504 116 194 315 0.062064756 
178 292 94 117 0.05859673 
433 89 32 36 0.046485737 
854 67 28 37 0.041420996 
998 40 15 18 0.034255568 
405 46 24 28 0.03393552 
463 -11 434 549 0.033775084 
276 23 57 78 0.032111228 
-1 3 20 28 0.030078126 
92 60 41 47 0.02841867 
757 605 41 41 0.026763542 
792 9 101 113 0.02593752 
104 15 44 54 0.022477433 
7 57 23 31 0.022458486 
436 63 28 33 0.021415772 
