23_Shoppers_Shoppers_23_197
488
447 106 141 177 0.99948645 
695 200 350 444 0.6062653 
418 1081 37 41 0.5469949 
54 1494 14 19 0.51670647 
429 1504 17 20 0.4632908 
812 515 203 304 0.36288562 
50 1149 16 20 0.32904595 
290 426 38 62 0.29750854 
12 1336 14 17 0.2798722 
899 1005 130 161 0.2792509 
336 1462 13 16 0.2755851 
776 408 346 470 0.2622299 
7 1499 12 17 0.2190798 
132 1500 14 22 0.21397305 
259 666 15 19 0.210091 
277 641 11 14 0.2063967 
7 1414 11 14 0.20279525 
421 1476 13 16 0.20201695 
77 1383 10 12 0.20154656 
820 942 208 268 0.2005547 
114 1146 13 16 0.19344887 
209 1500 15 19 0.17116697 
860 1002 123 124 0.16800638 
354 1465 17 19 0.16272485 
28 1432 14 17 0.1624457 
343 1386 14 20 0.15861525 
86 1412 12 14 0.15778306 
354 1474 16 18 0.15313192 
42 1359 12 13 0.14869905 
316 675 10 13 0.14630996 
367 1494 13 15 0.13655147 
407 1511 12 15 0.1362067 
384 1398 11 14 0.13595903 
405 1490 15 16 0.13321918 
144 1300 12 16 0.12958622 
14 1310 11 14 0.12760545 
86 1308 13 15 0.12485923 
363 1469 15 18 0.12355207 
104 1370 11 14 0.12110373 
162 1258 11 14 0.119960055 
287 1253 13 15 0.11755813 
31 1460 13 18 0.11016641 
120 1226 13 17 0.10667415 
293 669 24 27 0.104183145 
141 1211 10 13 0.10331757 
38 1497 13 17 0.101277396 
245 1470 11 15 0.09601139 
814 1472 8 12 0.09598034 
113 1506 14 17 0.09534568 
45 1390 10 13 0.094893605 
2 1419 11 15 0.092168406 
69 1148 11 14 0.09213865 
94 1471 14 19 0.08871515 
894 624 126 186 0.088107735 
469 1450 13 16 0.08805674 
173 1310 13 17 0.08775914 
101 531 417 488 0.08768879 
308 674 15 18 0.08768561 
37 1395 12 15 0.08602077 
340 1503 11 13 0.085514426 
61 1398 11 13 0.08469026 
663 1379 12 14 0.084131725 
352 1480 13 16 0.08286838 
396 1475 11 14 0.0827696 
274 1474 13 16 0.081054755 
133 1330 13 15 0.08001618 
54 1342 10 14 0.07690501 
358 1455 12 13 0.07643986 
36 1380 11 12 0.07528266 
68 1479 13 17 0.07513585 
372 1492 12 15 0.07407694 
71 1459 12 16 0.073842734 
380 1486 11 14 0.07301192 
307 714 30 40 0.07255812 
175 1378 12 16 0.07226655 
57 1366 9 12 0.07134893 
4 1427 12 15 0.07122726 
323 1501 12 14 0.07030259 
313 1354 10 13 0.07002917 
235 1373 12 14 0.06925942 
322 1508 14 15 0.06871969 
69 1276 10 13 0.068539836 
55 1405 10 12 0.067822255 
16 1267 12 16 0.066660166 
59 1094 11 14 0.066212356 
411 1483 14 16 0.0654927 
133 1155 13 17 0.06536211 
317 1358 10 12 0.06533048 
30 645 32 37 0.06526708 
430 1438 12 14 0.0651913 
71 1341 12 15 0.06385654 
187 1368 15 22 0.06353011 
61 1391 9 11 0.06304657 
654 1407 13 15 0.0629996 
217 710 31 40 0.062963784 
5 1366 13 17 0.06101513 
147 1344 14 17 0.06056009 
370 1470 13 15 0.059421055 
342 1242 11 13 0.058383968 
367 1186 12 16 0.057761554 
15 1110 10 13 0.05769669 
21 1403 11 14 0.057610307 
333 1517 15 15 0.057452954 
25 1428 12 17 0.05722661 
57 1154 14 18 0.057170216 
48 1474 12 16 0.05708223 
401 1444 12 14 0.056968894 
732 277 128 175 0.056351732 
70 1405 10 12 0.05575167 
61 1148 13 17 0.05557783 
53 1413 11 15 0.05467835 
457 1481 16 19 0.05381688 
39 1390 11 14 0.05369437 
335 1508 13 15 0.05281228 
359 1111 20 28 0.052537482 
288 1212 11 13 0.052143324 
1 1443 12 17 0.051609974 
426 794 49 62 0.051495552 
145 1246 15 20 0.0513507 
369 1362 13 15 0.051169507 
273 692 15 20 0.050844047 
33 1397 11 14 0.05065723 
6 1308 12 16 0.050571974 
96 1449 13 17 0.049592912 
1 1117 9 13 0.049375266 
120 1440 10 11 0.049167134 
286 1497 14 17 0.04890432 
444 1059 11 13 0.048534892 
132 1167 16 19 0.04829749 
44 1495 14 19 0.04824626 
861 1007 67 73 0.04816168 
1 1437 10 15 0.04815106 
301 1458 12 15 0.0480299 
158 1233 14 18 0.047810037 
79 1430 10 11 0.047787517 
31 1126 11 14 0.0476533 
12 587 17 22 0.047540992 
316 1385 16 19 0.04735828 
5 585 13 19 0.04703571 
182 1029 24 30 0.046485044 
292 1283 11 14 0.04643798 
72 1441 12 14 0.04614506 
77 553 42 54 0.04600241 
47 1141 13 15 0.045866463 
606 834 11 14 0.04540599 
268 1451 14 15 0.045180157 
52 1485 15 19 0.045170292 
457 830 51 81 0.04506535 
70 1411 11 15 0.045028474 
67 1399 11 13 0.045019947 
284 1367 15 19 0.04501796 
5 845 10 13 0.04492176 
76 1362 12 14 0.044240505 
157 1468 10 13 0.044216234 
348 1114 12 17 0.044141553 
59 1480 20 24 0.04398328 
92 1156 13 17 0.043629717 
30 1345 13 17 0.04287597 
35 1434 14 18 0.042822927 
732 890 365 444 0.041824467 
260 1338 12 14 0.041128885 
131 1371 12 16 0.04086546 
36 1413 12 14 0.040780872 
388 1160 10 13 0.040770367 
9 1314 12 15 0.040742785 
236 1358 13 15 0.040691055 
18 1339 12 16 0.04057031 
806 1452 9 12 0.04048193 
101 1421 11 14 0.040108427 
631 1355 14 15 0.039913718 
94 1422 10 12 0.03988992 
30 1422 11 13 0.03975878 
111 1356 11 13 0.039703142 
47 1420 11 15 0.03962373 
282 663 43 53 0.039341833 
0 1518 13 18 0.039320923 
397 1501 13 15 0.03910267 
358 1372 14 16 0.038959134 
249 1308 12 16 0.038862046 
459 1438 12 17 0.038328446 
294 789 13 15 0.038306475 
80 1405 11 14 0.03797097 
46 1407 10 12 0.03791832 
230 1359 11 14 0.03785661 
77 1373 13 15 0.0378446 
177 1185 11 15 0.037718005 
494 1223 24 32 0.037607756 
259 1431 13 16 0.037458047 
172 1292 13 16 0.037349418 
40 1307 10 12 0.037285756 
291 1402 14 15 0.037269283 
35 1463 14 17 0.03716356 
80 1411 12 15 0.0367539 
60 1236 14 18 0.03672882 
4 1499 21 26 0.036728375 
130 1338 14 17 0.036646564 
180 1373 16 21 0.036505625 
325 1313 9 10 0.036197707 
12 573 11 14 0.036120374 
340 1493 11 14 0.036105428 
336 1455 10 13 0.03609585 
279 1349 10 12 0.036080576 
5 1358 12 15 0.035824127 
369 1419 11 14 0.035727512 
133 1276 11 16 0.03549601 
933 1075 87 102 0.035352856 
352 1462 12 15 0.035345133 
103 1294 10 13 0.035289295 
456 823 109 169 0.03496344 
169 1315 14 19 0.034944702 
450 1278 16 20 0.034798585 
355 1406 16 21 0.0346472 
9 1492 15 18 0.034491256 
535 1368 9 10 0.034482714 
52 1451 12 15 0.034309518 
33 612 51 60 0.03409846 
403 1498 15 16 0.03393463 
79 1278 12 15 0.033859644 
320 1495 10 13 0.033628438 
399 1294 10 13 0.03362427 
63 1186 14 19 0.033608295 
318 1430 11 13 0.03346847 
276 1323 10 13 0.03326704 
271 1470 13 15 0.033196766 
572 822 15 16 0.03307885 
379 1380 11 14 0.032907404 
146 1295 13 16 0.032843955 
37 1403 12 15 0.032585837 
56 1390 10 12 0.032546356 
532 1435 23 26 0.032532718 
364 1369 13 17 0.032369446 
363 1501 11 14 0.032249473 
150 1325 10 11 0.032209396 
36 1420 13 15 0.032157604 
159 1034 23 29 0.03215449 
648 1278 57 71 0.031939156 
164 1380 15 19 0.031731322 
196 1128 14 17 0.031680215 
357 1437 11 13 0.031497303 
185 528 25 30 0.031441912 
807 1011 123 109 0.0313139 
170 1034 25 33 0.031161914 
107 1366 12 14 0.031075114 
73 1387 11 12 0.031069458 
390 1126 11 15 0.03103544 
104 1415 10 12 0.030883286 
142 1326 9 13 0.030846471 
681 1348 10 12 0.030844875 
291 1340 14 15 0.030535342 
465 1115 29 35 0.030388836 
947 620 17 21 0.03035813 
104 1255 11 14 0.030344084 
669 1390 10 12 0.03032393 
343 1443 12 14 0.030293994 
112 1431 9 11 0.030251943 
127 1343 11 14 0.030081982 
76 1498 14 18 0.03004521 
97 1428 9 13 0.029849114 
0 1414 18 25 0.029821107 
264 1460 10 13 0.029736297 
93 1221 12 15 0.029637964 
462 1383 11 14 0.02958591 
21 850 11 14 0.029551812 
535 1373 9 10 0.029534593 
311 1387 13 16 0.029407596 
322 1270 12 13 0.02939065 
416 1473 21 26 0.02928654 
253 1497 13 16 0.029259758 
12 1326 12 16 0.029247027 
248 1094 9 12 0.029203555 
25 1422 10 13 0.02916034 
485 837 16 24 0.029114123 
180 1351 16 22 0.029052923 
347 1235 12 15 0.028935758 
0 1298 11 18 0.028934402 
150 1219 11 14 0.028920941 
32 1375 11 13 0.02877263 
390 1508 12 14 0.028744753 
160 1383 12 15 0.028631005 
285 1433 12 16 0.028521119 
47 1412 11 14 0.028420927 
96 1151 10 14 0.028380262 
340 1475 13 16 0.02830497 
196 982 397 492 0.028162433 
16 586 27 30 0.028016055 
654 209 208 308 0.02797642 
273 1320 10 12 0.027943097 
157 1325 11 13 0.027851664 
364 1411 13 17 0.027742878 
384 1364 11 14 0.02773809 
381 1477 11 14 0.027661841 
221 1107 10 12 0.027644163 
15 1263 21 27 0.027636945 
312 1301 10 13 0.02763444 
116 1152 13 17 0.027521601 
320 1290 12 15 0.027448323 
89 1474 13 17 0.0273675 
328 1466 14 17 0.027334208 
639 1428 10 12 0.027318005 
1004 599 17 20 0.02729382 
6 1229 14 19 0.027259713 
318 1484 10 12 0.027204556 
319 1496 19 24 0.027031858 
217 1499 15 21 0.027020803 
461 651 14 17 0.027006041 
282 795 15 17 0.02698922 
293 1348 13 14 0.026988119 
277 1499 15 17 0.026784658 
341 1485 11 14 0.026741588 
262 1293 13 17 0.026734687 
46 1307 10 12 0.026730984 
288 1234 12 14 0.026659261 
615 1390 12 14 0.026558643 
285 1120 22 28 0.026465181 
320 1411 13 17 0.026386058 
323 1364 12 14 0.026346592 
47 1347 11 14 0.026288485 
322 1382 17 19 0.026263457 
834 1472 9 12 0.026198305 
664 1387 12 14 0.02619436 
235 722 17 21 0.026147833 
671 1286 37 45 0.026095964 
327 1172 12 15 0.026049105 
0 1468 11 17 0.026031652 
275 1301 13 15 0.025959248 
302 1397 12 14 0.025892718 
69 1489 14 19 0.025884895 
566 860 11 13 0.025564585 
139 1275 11 15 0.025303148 
189 1124 15 21 0.025299342 
74 1195 13 16 0.025209077 
267 1508 14 15 0.025172012 
225 1359 11 14 0.025093857 
301 1350 12 13 0.025057897 
180 1360 18 25 0.02491588 
365 1484 13 15 0.024868367 
364 1504 14 17 0.024856564 
141 1351 13 17 0.024819618 
325 1495 11 14 0.024815518 
289 1123 12 18 0.024723409 
255 1323 11 15 0.024592621 
125 1376 13 16 0.024585193 
101 1146 11 15 0.024522174 
508 1438 10 12 0.02441908 
64 1459 12 17 0.024407694 
120 1343 10 12 0.024398958 
118 1196 13 16 0.02439433 
47 1384 9 12 0.02438755 
149 1033 22 30 0.024356384 
286 680 48 58 0.024353938 
52 1227 23 31 0.024121504 
129 1366 13 14 0.024120895 
502 658 14 17 0.024051314 
144 1317 10 13 0.024021113 
55 1371 10 13 0.02400377 
16 1405 10 14 0.023990236 
33 1389 11 14 0.02394436 
251 1468 13 16 0.023908295 
385 1126 11 14 0.023877738 
268 1286 10 13 0.023674237 
618 1282 99 100 0.023612522 
44 1459 13 16 0.023591746 
317 1436 10 13 0.023566322 
823 1050 28 33 0.023514913 
988 782 29 40 0.02346754 
825 1455 10 13 0.023462875 
513 1277 9 12 0.023441566 
334 1151 10 13 0.023379143 
212 1152 12 16 0.023344811 
133 1357 13 16 0.023252824 
59 1170 15 19 0.023248704 
215 1375 10 13 0.023168914 
474 827 27 41 0.02314148 
2 1370 11 16 0.023129852 
628 1348 15 16 0.023095533 
278 1342 11 14 0.022956504 
294 1237 11 14 0.022920446 
14 1102 9 11 0.022902802 
109 1488 16 17 0.022896497 
237 1111 11 14 0.02289046 
35 1349 11 14 0.02285678 
276 1446 11 14 0.022786163 
359 1493 12 15 0.022715027 
666 1376 11 12 0.022699961 
402 1509 21 24 0.022695208 
111 1285 11 14 0.022651443 
303 1446 11 14 0.022646017 
310 1484 10 12 0.0226168 
229 1431 15 17 0.022583535 
101 1429 10 13 0.02257198 
138 1228 12 14 0.022564523 
332 1472 15 17 0.0225321 
9 1101 9 12 0.022522507 
151 1234 13 17 0.022509126 
42 1437 13 16 0.022465494 
388 1003 15 20 0.022455545 
16 639 32 38 0.022450628 
149 1318 9 12 0.022402005 
285 1227 13 15 0.02237682 
287 1397 13 16 0.022327773 
117 1041 25 31 0.022323882 
339 1467 21 25 0.022322737 
103 1287 12 14 0.02232001 
60 616 48 59 0.022274073 
349 858 14 20 0.022224084 
133 1346 12 16 0.02221788 
417 1065 32 41 0.022206653 
63 1454 11 15 0.022179417 
414 1402 15 20 0.02217914 
101 1350 11 13 0.022096323 
114 1498 22 27 0.02209042 
98 1458 15 18 0.02204108 
23 1374 10 13 0.022039672 
388 1516 13 15 0.022033468 
311 1445 11 12 0.02198612 
0 1443 18 29 0.02192817 
285 1347 14 15 0.02191539 
333 1387 13 18 0.021909125 
334 1485 13 14 0.021873798 
806 946 15 20 0.021856729 
44 571 15 21 0.021851612 
567 536 106 118 0.021806244 
503 1325 12 15 0.021801699 
271 445 34 46 0.021766992 
127 1489 26 35 0.02172556 
72 1093 11 15 0.021656515 
312 1439 10 12 0.021646708 
424 1502 14 18 0.021641152 
93 1302 12 14 0.021610191 
336 1135 10 12 0.021585936 
346 1518 14 15 0.0215031 
148 1214 12 13 0.021480575 
103 1245 10 14 0.021472799 
381 1372 12 15 0.021469438 
144 1437 9 12 0.021455158 
358 1445 12 14 0.021452656 
245 1356 13 16 0.02136436 
19 1516 16 17 0.02133503 
335 1351 11 14 0.021280834 
425 1437 12 14 0.021278365 
134 1307 13 15 0.021273352 
435 1444 11 13 0.02127099 
111 1398 9 11 0.021257112 
373 1462 12 14 0.021242017 
381 1470 11 13 0.021179108 
285 1308 13 15 0.021156369 
4 1396 12 15 0.021133605 
379 1408 16 18 0.021125222 
173 1364 13 18 0.021114675 
293 1479 13 15 0.02111203 
385 1403 13 16 0.021109097 
167 1222 11 13 0.021075808 
108 1289 12 16 0.021030566 
13 1068 9 11 0.021027694 
383 1141 11 12 0.020985777 
231 1110 11 14 0.02096157 
192 1186 11 14 0.020914752 
4 1473 13 17 0.020913731 
109 1412 11 12 0.020884806 
361 1461 16 19 0.02084794 
179 509 32 40 0.02074196 
63 1493 20 25 0.020735152 
241 1337 14 18 0.020719865 
516 1399 12 15 0.020692531 
-1 1352 8 11 0.020692209 
188 1199 10 12 0.020662 
20 1344 13 17 0.020653907 
258 1495 12 13 0.02060327 
663 1399 10 12 0.020599049 
742 1410 12 14 0.02055896 
262 1516 14 16 0.020548427 
293 1244 11 15 0.020503154 
335 1211 14 16 0.020503135 
421 802 81 96 0.020494306 
273 640 20 24 0.020443615 
7 1485 12 14 0.020398803 
373 1412 14 15 0.020324918 
277 684 25 31 0.02028954 
455 797 214 298 0.020264184 
203 599 35 38 0.020253358 
87 1427 10 13 0.020218354 
157 1248 20 25 0.0201821 
75 1437 12 15 0.020150026 
174 501 13 17 0.020140048 
267 1149 25 32 0.020124793 
279 1307 10 12 0.02003132 
41 1156 11 16 0.020030359 
131 587 29 32 0.020022377 
