23_Shoppers_Shoppers_23_880
38
190 99 76 155 0.9694644 
736 200 99 124 0.9403956 
693 721 83 63 0.23654857 
225 168 259 217 0.21408749 
387 542 541 379 0.20437254 
-88 306 498 459 0.14592052 
404 182 44 56 0.13390864 
233 112 84 139 0.13188383 
473 863 583 503 0.10193194 
266 140 110 147 0.07571994 
155 446 493 405 0.0714992 
159 92 389 368 0.061974097 
44 460 242 232 0.055139855 
285 203 140 108 0.051615156 
-51 485 400 517 0.0438719 
341 223 82 63 0.041649293 
557 640 82 61 0.040435 
389 144 53 85 0.038154133 
412 165 15 22 0.033477 
381 195 59 57 0.031452343 
390 220 66 58 0.030389927 
433 208 18 23 0.03035886 
634 471 410 433 0.02933884 
683 712 135 113 0.02875897 
416 101 30 32 0.027618095 
214 46 21 28 0.027457999 
595 648 47 37 0.0274391 
432 196 30 36 0.027024262 
346 74 103 149 0.026991313 
314 618 138 117 0.026685404 
409 120 56 69 0.025817027 
423 115 32 39 0.025803695 
542 636 255 191 0.023129147 
205 50 13 19 0.021821244 
556 641 48 40 0.021804668 
49 491 177 120 0.021561598 
206 74 71 104 0.020867102 
572 644 135 106 0.020585978 
