23_Shoppers_Shoppers_23_817
68
468 658 616 407 0.553464 
97 424 213 362 0.37925392 
365 15 378 509 0.21698391 
356 611 12 15 0.16421112 
461 668 12 16 0.12733644 
414 653 16 21 0.11637916 
353 540 12 15 0.11232332 
382 606 14 17 0.110249855 
410 524 499 436 0.08237893 
111 629 410 486 0.07950802 
642 13 205 289 0.07534586 
334 604 12 15 0.07282364 
300 565 11 15 0.0705203 
415 631 24 31 0.06517226 
327 544 12 16 0.05549479 
411 405 15 20 0.05348658 
369 385 17 19 0.051896356 
347 409 24 32 0.04792281 
365 586 15 18 0.045830354 
372 675 21 29 0.04486511 
398 655 15 20 0.041007467 
404 649 20 28 0.04074068 
334 583 11 15 0.04013581 
691 520 11 12 0.038934655 
455 599 16 20 0.037245136 
468 645 29 36 0.037226867 
393 490 14 16 0.036648568 
381 626 15 19 0.03647234 
561 -90 339 445 0.035710867 
134 376 390 487 0.035101295 
402 364 14 17 0.034972012 
321 447 17 19 0.03471738 
462 654 25 35 0.033924833 
365 623 22 29 0.03379617 
404 396 25 33 0.033225115 
554 492 18 23 0.031825017 
570 347 381 514 0.031502742 
-32 497 426 545 0.031217616 
337 690 451 533 0.031187844 
318 637 11 15 0.030934883 
619 5 136 238 0.030608362 
387 620 15 19 0.030142942 
769 30 183 224 0.029810142 
423 597 12 15 0.029317997 
324 495 16 21 0.029313296 
341 443 15 19 0.028418751 
286 554 27 37 0.028198093 
427 475 14 17 0.02753802 
428 566 11 15 0.027427197 
334 403 40 51 0.027069405 
402 383 16 20 0.026880244 
318 748 120 190 0.026437014 
535 487 244 327 0.026065357 
333 541 11 15 0.023939058 
397 366 24 31 0.023921156 
326 439 24 30 0.0235796 
319 573 12 15 0.022582475 
439 550 11 14 0.022276234 
717 622 10 12 0.022272844 
456 664 22 27 0.021980127 
326 568 8 10 0.021857 
426 635 16 21 0.021115864 
449 523 13 17 0.021047376 
533 469 15 17 0.020778408 
362 612 12 15 0.020663492 
311 572 11 16 0.02060665 
230 872 468 519 0.02054206 
393 382 28 33 0.02031494 
