12_Group_Group_12_Group_Group_12_354
34
188 94 48 63 0.9991698 
954 72 28 36 0.9982369 
57 42 43 60 0.99817336 
281 40 40 53 0.9948224 
158 12 38 54 0.9851162 
556 24 21 28 0.96647435 
774 97 24 31 0.956445 
668 28 19 27 0.93568176 
466 21 21 28 0.91631806 
426 64 20 27 0.8539447 
589 42 17 22 0.57587165 
740 34 12 16 0.56777096 
867 69 25 31 0.30314627 
482 92 12 16 0.07037705 
467 69 15 18 0.058251586 
483 57 16 20 0.057469457 
882 75 16 21 0.0552709 
582 45 19 22 0.040316544 
999 243 11 17 0.038682144 
735 241 13 17 0.0376398 
853 83 23 33 0.02980683 
583 25 26 40 0.02846458 
892 107 17 21 0.02549155 
886 115 15 22 0.025440332 
925 241 12 18 0.025091643 
473 64 17 21 0.023456695 
594 32 24 33 0.02336021 
722 33 16 20 0.022304395 
761 36 10 12 0.022059584 
876 76 29 33 0.021309057 
716 32 14 18 0.020378174 
434 65 22 29 0.020145098 
422 61 16 21 0.020124812 
587 51 17 21 0.020004652 
