12_Group_Large_Group_12_Group_Large_Group_12_143
326
79 207 26 31 0.99606186 
257 216 32 44 0.9929738 
465 227 35 43 0.99249333 
302 166 33 43 0.99102205 
391 233 28 35 0.91565216 
356 253 27 35 0.8901281 
175 202 27 31 0.85118425 
581 217 26 30 0.82140994 
328 79 9 10 0.26297134 
582 231 27 31 0.25086167 
58 210 12 18 0.22470982 
560 238 23 28 0.21062268 
53 192 13 16 0.20579928 
23 189 12 16 0.19427648 
399 225 14 18 0.1716576 
313 94 9 11 0.14480467 
309 79 8 10 0.13899098 
43 173 11 15 0.12878436 
284 95 10 12 0.12648642 
437 245 13 19 0.120844096 
48 193 12 15 0.11971833 
342 78 9 10 0.11870308 
397 133 9 11 0.11810711 
361 49 8 10 0.1128652 
565 37 8 11 0.10241098 
297 63 8 10 0.100474656 
107 450 12 14 0.09645391 
372 71 9 11 0.09639326 
164 192 28 35 0.09368902 
584 28 9 10 0.09068029 
357 28 10 12 0.08620623 
207 221 13 16 0.08399041 
331 54 10 12 0.08193562 
296 71 9 11 0.07995675 
355 243 25 28 0.0762389 
311 86 8 10 0.07501064 
371 39 7 10 0.07098611 
96 214 21 28 0.07070286 
600 48 9 10 0.068962485 
373 76 8 10 0.06743248 
369 62 9 11 0.065567695 
595 69 10 13 0.06519028 
24 224 22 28 0.06512249 
29 126 9 11 0.063805334 
417 5 8 11 0.06373366 
551 47 9 11 0.0620956 
697 63 8 10 0.06198402 
360 86 9 10 0.061836842 
63 184 10 13 0.05778066 
608 55 10 11 0.057477567 
386 80 7 9 0.05747279 
320 64 8 9 0.055127114 
220 218 22 28 0.054411527 
328 60 10 12 0.05355783 
711 79 8 10 0.05323873 
402 47 8 9 0.053102743 
415 119 9 12 0.05128091 
601 5 7 9 0.051220637 
0 59 9 13 0.050513484 
317 142 10 12 0.050512984 
613 56 9 11 0.05003801 
687 4 11 11 0.04974238 
15 175 10 13 0.049258187 
367 47 8 10 0.049218655 
13 128 9 12 0.04889733 
286 88 9 10 0.0488511 
374 88 9 11 0.0480343 
704 7 8 9 0.047730163 
25 151 10 12 0.047120303 
374 44 8 10 0.04606986 
607 5 9 11 0.045532905 
4 183 9 12 0.044950835 
224 196 11 15 0.04471265 
390 32 8 11 0.044469163 
568 235 38 48 0.04386664 
374 22 7 10 0.043129787 
191 209 15 21 0.04308323 
328 73 9 10 0.043015562 
356 110 10 13 0.04300719 
439 92 9 11 0.042947795 
385 32 9 11 0.04255964 
369 93 8 10 0.042313434 
610 28 8 10 0.04202327 
597 64 10 12 0.04199852 
343 73 9 10 0.0417954 
384 48 7 9 0.041444253 
613 21 9 12 0.040886536 
657 44 8 11 0.040671088 
319 71 8 10 0.04049141 
558 48 8 9 0.04035979 
1 206 8 13 0.04023842 
356 70 10 12 0.040234093 
591 6 8 9 0.04019774 
140 209 13 17 0.04018897 
311 72 8 10 0.0401404 
107 221 15 21 0.0400471 
607 228 14 17 0.04001027 
334 78 8 11 0.03837986 
337 7 10 12 0.03835484 
345 63 7 10 0.03826221 
400 86 8 11 0.03788801 
304 95 9 10 0.03726091 
615 1 9 11 0.03712052 
60 84 10 12 0.036765236 
471 404 241 275 0.036535688 
406 233 22 31 0.036487564 
367 54 8 10 0.036427494 
422 23 8 10 0.03637783 
344 100 10 12 0.03614003 
584 38 10 12 0.03582849 
407 103 9 11 0.035511702 
21 172 11 15 0.035490055 
614 71 11 12 0.035379473 
670 56 9 11 0.03528895 
312 7 10 10 0.034991805 
349 96 8 10 0.034786314 
607 40 9 10 0.0347473 
313 48 9 10 0.03471161 
702 87 9 10 0.03464082 
558 64 9 10 0.034573674 
443 28 9 11 0.034498945 
367 160 10 13 0.03391196 
335 72 7 10 0.03389117 
3 157 11 13 0.033860255 
0 213 9 14 0.033734646 
210 216 22 26 0.033566803 
665 62 8 11 0.033494785 
280 48 8 10 0.03333521 
62 102 8 11 0.033318605 
53 190 20 27 0.033315778 
13 225 20 29 0.033172473 
640 8 8 10 0.033120036 
304 38 9 10 0.032891914 
720 5 7 9 0.03220426 
2 235 11 16 0.032124538 
769 25 9 10 0.03208172 
432 7 9 11 0.0320256 
553 71 9 12 0.03182675 
289 80 8 9 0.031609327 
383 86 8 10 0.03155585 
287 38 8 10 0.031464256 
679 79 8 10 0.031386573 
657 120 8 10 0.03136564 
589 37 9 11 0.03109992 
295 76 9 10 0.031065209 
374 135 10 13 0.030939939 
263 87 10 12 0.030828537 
340 237 13 18 0.030813653 
313 64 8 9 0.030793963 
447 104 11 12 0.030677836 
414 134 10 12 0.030473173 
321 79 8 10 0.030424604 
621 487 48 57 0.03036563 
157 185 23 32 0.030259188 
557 93 10 12 0.030199556 
356 238 16 20 0.030189082 
32 141 10 12 0.03016296 
582 47 10 10 0.030120626 
333 59 9 12 0.030011747 
231 70 9 11 0.029887948 
64 144 10 11 0.029805632 
638 14 8 11 0.029771697 
358 64 8 11 0.029767554 
288 32 7 9 0.029638855 
318 87 8 10 0.029388513 
34 233 18 23 0.029125517 
22 182 12 14 0.029116848 
376 116 9 12 0.02884574 
585 6 9 10 0.028827434 
320 170 26 40 0.028826833 
802 40 7 9 0.028801132 
281 88 9 11 0.02871767 
551 244 14 18 0.028601889 
345 47 8 10 0.02853415 
54 142 8 11 0.028471472 
606 47 8 9 0.02841571 
698 86 9 10 0.028415227 
680 16 8 10 0.028385555 
432 48 8 9 0.028380834 
358 78 10 12 0.028296875 
305 87 8 10 0.028175147 
16 103 8 10 0.02816851 
681 38 7 10 0.02811979 
357 105 10 10 0.02804229 
311 334 12 16 0.027768524 
296 2 9 9 0.027700687 
344 54 9 10 0.027678192 
104 197 12 15 0.027676878 
401 40 8 10 0.027651943 
392 219 12 16 0.027585985 
40 188 11 14 0.027552558 
489 99 10 12 0.027472883 
660 119 10 11 0.027244344 
398 524 10 12 0.02705691 
56 125 8 10 0.027041288 
588 30 9 11 0.026937328 
656 158 9 12 0.026919803 
341 120 9 10 0.02679824 
692 23 9 11 0.026789216 
574 80 9 11 0.02673927 
400 53 8 11 0.026687743 
0 98 8 14 0.02664872 
406 8 8 10 0.026590971 
394 518 9 12 0.02656947 
314 13 8 11 0.02651411 
731 547 92 137 0.02629503 
385 55 8 11 0.02628604 
281 100 9 12 0.026276192 
401 8 8 10 0.026245013 
449 7 10 11 0.026210343 
67 202 25 33 0.026190486 
326 110 8 10 0.026112664 
646 117 9 11 0.026009321 
570 237 17 22 0.026009213 
25 154 13 16 0.025889026 
663 125 9 11 0.025729734 
449 2 10 10 0.025722183 
183 195 21 26 0.025682922 
562 31 9 11 0.025576085 
651 24 8 11 0.025482278 
312 24 7 9 0.025379341 
143 104 10 11 0.02531387 
294 112 10 12 0.025252504 
286 55 7 9 0.025210174 
593 228 26 28 0.025201812 
343 86 8 9 0.025176922 
161 159 8 11 0.025136905 
57 68 10 12 0.024926046 
304 32 9 11 0.024834787 
369 33 7 9 0.024809983 
249 71 8 9 0.024414197 
76 324 17 21 0.024206655 
47 159 9 10 0.024172997 
609 1 9 10 0.024160145 
352 87 8 9 0.024157671 
6 78 9 12 0.024093939 
183 155 11 14 0.02407009 
435 253 17 21 0.024062043 
645 6 10 11 0.023979891 
302 71 8 10 0.02381928 
600 41 9 10 0.023794256 
374 55 8 10 0.023783626 
260 295 39 50 0.023698373 
286 16 8 10 0.023694953 
37 118 9 11 0.02333404 
226 233 15 19 0.023328103 
51 206 20 28 0.023279756 
389 62 9 11 0.02325611 
420 1 9 10 0.023204643 
574 130 12 14 0.02318556 
686 175 8 10 0.023113733 
773 29 8 10 0.023101652 
265 158 9 11 0.023075908 
215 192 13 18 0.022990216 
369 15 7 10 0.022985438 
520 22 8 10 0.0229616 
567 2 8 9 0.022941537 
295 88 9 10 0.022928393 
352 64 9 10 0.022909604 
1000 172 10 12 0.022862723 
317 6 9 11 0.022835566 
235 79 10 11 0.02280672 
584 2 8 9 0.022746922 
367 102 9 11 0.02268306 
284 325 16 25 0.022662755 
391 47 8 10 0.02266274 
203 222 22 28 0.022660553 
359 189 12 16 0.022612352 
680 100 10 13 0.022585368 
336 103 9 11 0.022539526 
367 88 9 11 0.022537924 
421 5 9 11 0.02251465 
239 203 11 13 0.0224965 
455 122 13 15 0.022478625 
67 186 13 17 0.022474673 
574 5 8 10 0.022442903 
302 23 9 11 0.022374297 
588 238 31 34 0.02237312 
664 39 8 11 0.022361554 
296 57 8 10 0.02233298 
5 164 10 12 0.02224347 
382 109 10 13 0.022205481 
657 8 9 11 0.022176936 
250 78 9 10 0.022121843 
593 53 8 11 0.022095304 
265 20 8 11 0.021981504 
409 69 9 11 0.021970304 
386 60 9 12 0.021963952 
334 49 8 10 0.021940047 
405 45 8 10 0.021881452 
615 215 10 11 0.021767093 
910 175 26 31 0.021766415 
550 52 9 11 0.021733683 
352 75 9 12 0.021722373 
249 65 8 10 0.02170201 
350 47 9 10 0.021666175 
383 116 10 13 0.02165501 
128 203 12 16 0.021573009 
316 157 13 16 0.02156867 
559 118 11 13 0.021499693 
72 161 11 14 0.021462739 
134 201 13 18 0.021375136 
390 96 10 11 0.021300785 
240 62 8 10 0.021279195 
656 70 9 11 0.02127157 
34 110 8 9 0.021220883 
372 162 10 13 0.021071907 
60 62 9 11 0.021041496 
693 5 9 10 0.020804208 
391 127 11 13 0.020701136 
318 101 9 11 0.020684218 
351 102 8 10 0.020657146 
309 31 9 10 0.020613719 
375 16 8 9 0.020493435 
354 24 10 12 0.020406445 
680 71 8 10 0.02032394 
687 120 9 10 0.020310689 
660 70 11 12 0.020306041 
597 74 10 14 0.020297052 
416 24 9 11 0.020283772 
406 40 8 10 0.020255443 
219 251 23 34 0.02021312 
337 23 7 10 0.020195324 
208 453 11 15 0.020137686 
662 45 8 10 0.020095108 
156 192 14 21 0.02001419 
