12_Group_Large_Group_12_Group_Large_Group_12_212
26
477 705 96 129 0.9995055 
684 372 82 110 0.9989109 
270 357 85 102 0.9958261 
973 745 14 18 0.7994253 
11 594 24 38 0.4688288 
871 743 14 18 0.24482933 
906 775 16 19 0.17876644 
597 377 27 28 0.17078853 
935 773 14 19 0.1465121 
28 858 40 54 0.09007821 
262 315 31 36 0.08694264 
-1 1247 21 30 0.060261983 
966 740 17 20 0.04102489 
785 1222 39 32 0.04060201 
921 728 22 30 0.03698467 
934 726 11 16 0.03186427 
1000 835 9 12 0.03182242 
51 717 25 33 0.03004483 
338 1088 34 59 0.029888501 
604 371 19 21 0.029265486 
422 744 15 20 0.028153352 
100 603 52 67 0.027136456 
590 374 43 46 0.022898752 
15 1024 35 40 0.021237409 
406 735 24 30 0.020409558 
882 417 23 28 0.020218935 
