12_Group_Large_Group_12_Group_Large_Group_12_736
202
571 397 33 43 0.98410505 
938 455 26 31 0.9726165 
398 390 16 20 0.8915676 
302 381 27 31 0.8870766 
630 354 22 30 0.80413765 
424 391 17 26 0.8002523 
153 335 21 32 0.75882983 
69 312 11 13 0.6827038 
733 379 27 33 0.54811054 
229 366 14 18 0.51773614 
188 362 16 23 0.40294585 
770 356 14 20 0.36286858 
145 395 18 23 0.34487116 
227 395 17 25 0.25996664 
631 349 13 17 0.24020495 
895 486 13 16 0.2293517 
12 357 22 31 0.21087828 
533 462 48 73 0.2089271 
975 502 26 34 0.20751193 
112 340 11 13 0.19123964 
448 388 13 18 0.16293682 
893 285 11 13 0.15236725 
125 341 11 16 0.13325098 
753 444 30 50 0.12408473 
561 444 28 46 0.122527555 
676 370 17 22 0.11961648 
662 438 12 14 0.11582507 
116 339 13 16 0.11463554 
694 371 14 19 0.104670234 
417 398 22 29 0.098950535 
14 315 13 17 0.09539241 
26 631 9 12 0.09194525 
340 701 10 12 0.090942025 
63 337 25 34 0.08874657 
229 389 11 16 0.087480344 
968 418 12 17 0.087413624 
413 410 15 19 0.08507678 
587 379 16 22 0.07883206 
5 683 26 29 0.077326104 
94 347 12 15 0.077203006 
124 377 42 53 0.07445662 
356 701 9 13 0.074370794 
1 671 9 13 0.07011465 
1 309 9 13 0.06864965 
751 389 22 35 0.06780675 
142 340 17 22 0.067376755 
954 436 14 17 0.06490641 
739 294 11 13 0.062057354 
227 373 16 21 0.057925783 
447 384 11 14 0.05704141 
339 707 11 14 0.056085076 
196 360 10 13 0.05565212 
427 404 15 19 0.054090966 
670 366 17 21 0.051889647 
206 384 14 19 0.05121783 
682 365 15 19 0.0506578 
745 390 19 27 0.04982748 
640 354 17 24 0.04689957 
445 399 15 19 0.04672619 
1 338 10 17 0.04586918 
582 391 25 34 0.04434152 
916 442 13 19 0.044044923 
714 396 16 22 0.04297969 
56 317 41 48 0.042775493 
47 341 11 15 0.041073438 
21 310 8 11 0.041060705 
716 345 17 19 0.04086468 
888 453 11 14 0.040608972 
945 442 24 29 0.040158745 
35 618 12 15 0.039863765 
449 449 16 19 0.03923322 
432 397 16 22 0.03859721 
0 303 8 12 0.03839194 
28 355 26 32 0.037508 
398 742 14 18 0.037356533 
86 317 9 13 0.03680923 
616 356 23 31 0.036431722 
187 373 16 22 0.036426473 
405 702 9 12 0.036153425 
45 337 25 33 0.034601998 
74 315 12 14 0.033873998 
509 610 12 15 0.033728525 
909 438 14 17 0.03338638 
718 389 23 33 0.03288325 
738 372 19 21 0.03245231 
398 722 10 12 0.032312665 
482 412 14 17 0.032301333 
387 432 17 20 0.032287877 
35 341 23 31 0.031941913 
164 451 13 16 0.031804454 
154 448 16 19 0.031731896 
890 484 11 14 0.03167471 
147 383 22 30 0.031525403 
207 366 12 15 0.031374615 
697 419 15 19 0.03117577 
564 375 15 18 0.031024719 
569 372 14 16 0.031021615 
66 308 19 21 0.030425888 
661 322 17 20 0.030315613 
889 481 9 11 0.030278493 
399 383 14 17 0.029589893 
424 384 12 15 0.029426534 
445 409 13 15 0.029409569 
911 462 11 13 0.02937865 
667 683 48 78 0.029045189 
557 419 46 59 0.028694488 
355 707 12 14 0.02835824 
207 343 9 11 0.028304147 
768 352 12 16 0.028070096 
11 678 17 20 0.028066007 
43 353 17 24 0.027986059 
316 372 24 32 0.027965674 
407 416 15 20 0.027844846 
205 347 11 14 0.027684355 
166 361 12 15 0.027535824 
240 341 10 12 0.027533213 
716 407 15 20 0.02751227 
904 442 11 15 0.027275756 
766 408 14 19 0.02720101 
482 402 14 19 0.027063016 
376 700 11 12 0.027034588 
212 370 12 15 0.026831765 
888 466 9 12 0.026696924 
582 410 19 27 0.02667318 
594 386 15 23 0.02659742 
646 389 21 29 0.026471244 
350 683 10 13 0.026143122 
685 355 13 17 0.025872365 
85 344 13 20 0.025849119 
200 336 8 10 0.025629658 
87 312 9 12 0.025549432 
566 373 27 32 0.025530236 
102 384 14 19 0.025483934 
467 448 27 37 0.025393434 
645 320 22 26 0.02534828 
333 370 14 18 0.025304377 
341 694 12 16 0.025216661 
451 390 19 28 0.024881935 
73 634 13 17 0.02479285 
701 396 24 29 0.024742512 
118 344 13 18 0.02456748 
246 303 11 13 0.024437902 
126 326 9 12 0.02441951 
67 370 14 17 0.024350164 
299 379 20 23 0.02429984 
157 325 23 32 0.024290847 
158 327 14 19 0.024222884 
358 394 13 16 0.024211178 
183 396 11 14 0.024013443 
889 459 10 14 0.023869846 
102 341 11 14 0.023847502 
73 350 16 22 0.023752669 
62 316 26 28 0.02359729 
905 487 22 30 0.023498379 
25 367 19 22 0.023400977 
613 360 15 21 0.023330465 
675 339 12 16 0.023240404 
52 669 18 20 0.02322227 
5 304 9 11 0.023190366 
375 362 11 14 0.023174386 
76 341 20 29 0.023134079 
467 452 16 21 0.02306193 
34 371 15 19 0.023041835 
406 375 11 13 0.023024073 
975 442 13 18 0.022931278 
53 333 11 14 0.022923527 
149 317 10 12 0.022562087 
368 711 9 11 0.022440394 
446 432 25 34 0.022394724 
226 403 22 32 0.022336742 
545 397 25 33 0.0222409 
55 309 11 13 0.02211941 
149 372 13 17 0.022100758 
29 423 32 43 0.021929443 
307 370 18 21 0.02189117 
118 319 10 14 0.021844007 
415 395 14 19 0.021831239 
676 357 14 18 0.02171094 
902 469 10 12 0.021699335 
23 305 8 10 0.0216365 
28 634 9 13 0.021621382 
171 338 12 17 0.021609545 
132 335 20 27 0.021245774 
375 653 10 12 0.021235434 
144 309 9 12 0.021170706 
8 322 12 16 0.021151979 
264 389 11 15 0.021149348 
11 354 46 49 0.02099622 
916 459 12 17 0.020927237 
17 305 9 10 0.020917783 
189 383 13 17 0.020906804 
7 360 17 23 0.020812027 
199 385 13 19 0.020704675 
332 701 21 25 0.020694155 
348 693 13 15 0.020459818 
95 334 11 14 0.020409867 
142 304 9 11 0.020321118 
447 368 9 11 0.020237438 
468 401 22 32 0.020198077 
418 416 13 18 0.020158406 
176 363 23 31 0.020070367 
314 362 17 19 0.020000685 
