12_Group_Team_Organized_Group_12_Group_Team_Organized_Group_12_55
77
289 169 36 36 0.99843544 
184 134 36 37 0.995096 
429 96 34 41 0.86625725 
228 133 26 34 0.34734014 
62 115 33 38 0.2312913 
83 84 26 33 0.20893358 
223 255 12 16 0.1420602 
66 97 39 46 0.14136331 
413 99 36 36 0.11659006 
518 172 10 13 0.10828856 
120 153 14 20 0.09998495 
438 81 29 42 0.09409607 
183 294 13 16 0.071566924 
203 124 41 51 0.06855329 
218 231 15 17 0.061243337 
52 123 30 33 0.060486555 
549 164 16 19 0.057663612 
125 186 16 21 0.05530624 
369 157 37 40 0.053402305 
457 190 16 19 0.053124946 
227 148 18 24 0.05185543 
1012 429 12 22 0.0504043 
507 176 22 27 0.048900817 
528 157 12 17 0.046888888 
477 319 11 13 0.046008572 
97 85 19 23 0.045545414 
138 132 11 14 0.044919614 
201 179 30 33 0.04224894 
532 161 12 16 0.04069918 
240 141 18 24 0.037518166 
575 151 9 12 0.036261342 
123 147 15 19 0.03558527 
286 341 10 14 0.034387052 
443 175 35 35 0.033881493 
248 144 24 32 0.03308953 
269 270 9 14 0.03291688 
121 296 17 24 0.03145711 
543 164 13 17 0.031422358 
257 149 23 31 0.031048637 
80 112 30 36 0.030696215 
99 152 25 33 0.029237473 
273 312 10 12 0.028495984 
159 187 11 13 0.028447937 
127 178 27 30 0.027945234 
88 79 38 52 0.027655592 
220 238 21 25 0.027223017 
93 226 15 21 0.02678615 
90 99 17 24 0.026600836 
420 144 48 47 0.026579265 
75 121 18 23 0.026440194 
446 101 26 38 0.026193783 
501 184 24 31 0.02586283 
459 315 12 14 0.025849912 
252 344 12 17 0.025225922 
78 172 12 16 0.025128769 
217 249 21 26 0.024859602 
517 165 19 27 0.024697863 
217 258 13 16 0.024650319 
412 221 44 39 0.024091624 
420 164 33 36 0.023705592 
913 132 25 30 0.02351822 
199 149 34 36 0.023487415 
341 188 16 20 0.023216557 
82 127 15 21 0.022806365 
435 155 44 44 0.022806013 
539 160 24 29 0.022567682 
55 104 31 38 0.022109414 
529 157 21 26 0.021981869 
153 209 23 28 0.021900946 
256 311 9 12 0.021579152 
93 118 27 34 0.021306805 
131 126 15 19 0.021168148 
106 246 13 16 0.021086002 
124 130 17 21 0.020891001 
7 110 461 508 0.020801002 
512 173 12 14 0.020530697 
298 327 16 20 0.020000558 
