12_Group_Group_12_Group_Group_12_794
28
556 38 60 64 0.8003033 
367 154 42 54 0.67144316 
451 169 33 45 0.41533068 
471 148 25 41 0.23561747 
387 159 30 47 0.19375026 
653 132 30 38 0.14355391 
502 74 41 47 0.09074904 
506 119 119 185 0.05974198 
658 128 47 49 0.05787777 
525 47 60 70 0.04915376 
394 96 31 34 0.04796705 
1 291 10 20 0.045246914 
689 68 30 28 0.038791265 
277 59 432 407 0.03437702 
578 65 56 70 0.03365771 
497 48 63 70 0.03295522 
432 158 38 58 0.03130717 
580 48 48 45 0.029379215 
452 137 45 61 0.028295878 
393 176 19 28 0.027198697 
-53 345 365 436 0.026768653 
0 284 18 37 0.026210073 
399 154 38 57 0.026063936 
515 96 176 285 0.025744764 
498 450 14 16 0.025148068 
400 510 123 148 0.023449784 
478 139 30 42 0.02303881 
597 88 38 42 0.020145694 
