12_Group_Group_12_Group_Group_12_759
23
376 119 66 88 0.9978527 
541 188 79 104 0.9929924 
246 176 69 102 0.99096996 
831 132 68 108 0.98119974 
59 98 71 125 0.98059446 
791 278 10 13 0.18252176 
30 448 90 124 0.099865146 
750 276 9 11 0.049358394 
728 301 10 14 0.040413767 
717 286 9 12 0.038797062 
749 287 9 11 0.035182364 
762 294 9 11 0.03441552 
761 288 8 10 0.03409829 
745 333 11 15 0.030030817 
726 286 9 11 0.029098064 
745 291 10 13 0.028124653 
520 24 8 9 0.027877558 
67 267 48 56 0.026509775 
919 94 14 20 0.024102742 
754 95 8 10 0.023873847 
-12 418 144 201 0.02311691 
718 292 10 13 0.022589957 
716 278 10 14 0.021214727 
