12_Group_Team_Organized_Group_12_Group_Team_Organized_Group_12_101
49
911 509 20 27 0.45885083 
149 377 58 71 0.16641301 
153 958 63 74 0.108633816 
794 525 17 22 0.09678442 
528 507 12 16 0.09600401 
581 502 15 18 0.07616274 
850 510 23 29 0.071250886 
533 549 11 14 0.06623395 
840 513 22 30 0.060537804 
350 1305 16 20 0.058277603 
499 459 14 17 0.046039365 
604 546 13 16 0.044025492 
60 252 14 19 0.042424966 
604 335 14 20 0.038939986 
684 576 15 19 0.038869243 
527 515 13 16 0.038675375 
1000 358 10 13 0.036989115 
740 512 23 29 0.03638813 
697 482 24 28 0.03566497 
691 508 24 31 0.03334557 
484 459 11 15 0.031859472 
631 259 13 17 0.03141921 
919 479 13 16 0.030991413 
779 524 11 15 0.030367339 
251 322 27 33 0.029450871 
709 442 15 17 0.02909481 
256 1162 47 45 0.028053517 
637 483 22 27 0.0272972 
479 453 13 14 0.026884982 
587 315 17 22 0.026722835 
716 441 15 17 0.025932636 
845 473 12 15 0.025690513 
1008 326 10 13 0.025028756 
258 388 61 78 0.02425002 
576 505 13 18 0.024029756 
583 496 13 15 0.023930425 
585 505 26 33 0.022849105 
599 514 24 33 0.022718197 
528 568 11 12 0.022554358 
335 131 16 20 0.022171639 
565 501 10 13 0.021653261 
407 1334 27 31 0.021002827 
815 538 11 14 0.020687312 
165 951 43 51 0.020455815 
733 443 14 15 0.020440416 
835 521 15 21 0.020421645 
328 581 11 14 0.020399269 
920 478 23 27 0.020192653 
674 541 10 13 0.020023122 
