12_Group_Team_Organized_Group_12_Group_Team_Organized_Group_12_171
63
580 233 27 34 0.99935323 
94 180 54 69 0.99785584 
489 247 26 29 0.990284 
356 290 30 34 0.9837968 
646 223 25 30 0.97907776 
411 255 26 32 0.97633743 
281 236 31 37 0.94625527 
728 232 14 23 0.8920996 
201 248 28 36 0.5503606 
-1 312 26 40 0.3305832 
825 233 27 38 0.26402828 
822 223 46 63 0.25371978 
44 250 30 37 0.18740684 
39 225 47 59 0.14728808 
371 254 27 35 0.12645012 
849 235 16 22 0.11454158 
827 240 16 22 0.097099096 
417 355 26 36 0.08647986 
10 294 44 60 0.07245111 
344 293 45 51 0.061317906 
734 232 18 23 0.054130044 
440 308 24 31 0.053467788 
817 215 80 98 0.052376024 
51 240 17 20 0.05190274 
176 216 32 38 0.051324073 
938 48 14 16 0.04834453 
790 201 17 21 0.047300152 
40 238 30 35 0.04601684 
386 261 12 18 0.041617185 
905 39 18 21 0.036368206 
464 270 11 14 0.036083966 
18 203 81 98 0.035862852 
507 213 23 31 0.034708228 
577 213 24 29 0.033702713 
182 221 39 49 0.033615906 
357 270 31 42 0.032879457 
-1 150 9 15 0.032830928 
486 241 19 25 0.032095835 
231 504 18 20 0.032093983 
291 352 36 39 0.0289421 
839 225 27 36 0.028703317 
477 220 27 31 0.02837472 
529 355 22 31 0.028302621 
26 252 47 57 0.02770734 
45 236 14 18 0.027464574 
993 51 10 12 0.026693923 
824 216 31 40 0.026305085 
319 296 47 56 0.025754174 
274 204 46 61 0.024621634 
212 243 17 27 0.024506358 
592 236 27 32 0.024328582 
811 234 27 33 0.023907714 
856 235 16 20 0.023367453 
285 362 25 31 0.023264376 
497 220 25 33 0.023031145 
845 229 15 21 0.02232896 
721 233 13 20 0.022242138 
695 466 24 32 0.02199854 
20 228 24 27 0.021980766 
997 63 11 14 0.021264503 
39 242 14 18 0.021070844 
940 38 13 17 0.02014708 
336 291 28 39 0.020095758 
