12_Group_Team_Organized_Group_12_Group_Team_Organized_Group_12_138
28
106 900 85 105 0.99858224 
219 949 86 106 0.99814653 
764 965 67 85 0.9980622 
140 425 66 84 0.9976847 
879 1002 59 77 0.9976255 
238 530 53 84 0.9970022 
513 434 30 36 0.9969541 
386 427 29 40 0.9963342 
832 400 43 54 0.9928236 
763 415 45 58 0.9882428 
427 408 42 53 0.9729758 
575 404 38 55 0.9386725 
597 517 50 77 0.08388181 
583 476 105 126 0.05292335 
831 962 36 48 0.041877203 
596 412 50 55 0.02920054 
999 697 23 39 0.029171571 
201 728 26 33 0.027953755 
862 986 48 68 0.024449062 
886 115 47 71 0.024070574 
803 970 49 63 0.023706965 
625 419 42 51 0.023382219 
850 1030 49 66 0.0229007 
557 457 17 22 0.022835013 
807 410 27 39 0.022282818 
895 660 14 17 0.020681104 
695 957 11 14 0.020482961 
266 170 59 67 0.020450307 
