12_Group_Team_Organized_Group_12_Group_Team_Organized_Group_12_551
18
489 73 91 109 0.99912244 
272 -2 85 102 0.99855405 
196 407 17 21 0.5196579 
744 435 19 24 0.49722636 
806 434 21 26 0.29439268 
417 534 157 138 0.08898411 
831 382 28 33 0.050265007 
426 240 62 78 0.033595767 
809 343 19 22 0.028513862 
859 324 20 30 0.028432542 
847 320 37 48 0.027024005 
867 398 15 19 0.026457362 
74 311 218 252 0.025750866 
796 324 18 20 0.025727225 
84 439 59 50 0.02497733 
365 410 114 136 0.023758823 
618 -20 216 208 0.023373235 
456 507 199 220 0.020760471 
