12_Group_Team_Organized_Group_12_Group_Team_Organized_Group_12_412
75
555 233 34 42 0.9990343 
760 180 34 40 0.9981061 
704 199 39 48 0.9967619 
780 58 33 38 0.995018 
663 222 32 42 0.99489516 
603 333 36 49 0.9947129 
328 217 37 45 0.9940752 
577 401 46 58 0.9922132 
387 219 37 48 0.99211323 
494 226 38 48 0.99121 
233 200 40 52 0.9892028 
117 191 33 42 0.98243904 
967 134 36 49 0.9749937 
140 215 36 50 0.968056 
5 210 41 39 0.9636461 
593 226 25 35 0.9330167 
891 222 39 50 0.92857045 
496 176 25 32 0.8947862 
911 207 30 37 0.865496 
543 141 12 16 0.5922732 
208 206 17 21 0.53619254 
476 240 15 22 0.30704153 
818 236 27 33 0.3064391 
294 173 11 15 0.28069845 
573 149 12 16 0.24463893 
610 170 14 19 0.22070937 
635 234 24 30 0.17213087 
514 141 10 13 0.13366055 
287 242 29 41 0.11269796 
646 227 30 36 0.0870462 
871 2 33 38 0.083144955 
285 168 24 29 0.07512546 
598 262 25 31 0.07222346 
342 313 40 54 0.07068758 
705 255 24 29 0.07000998 
996 253 29 44 0.062220044 
854 255 13 19 0.055662718 
540 148 15 20 0.055425074 
520 491 40 57 0.052243978 
48 247 25 33 0.05087508 
577 318 31 37 0.04590436 
467 448 46 54 0.045111343 
512 137 9 12 0.044026595 
596 221 16 21 0.043519933 
866 260 22 28 0.04290497 
415 272 29 39 0.040113218 
780 119 28 35 0.037329532 
598 248 23 30 0.036535606 
504 187 20 25 0.033977225 
262 196 32 45 0.03348918 
919 0 28 36 0.032685686 
278 177 29 36 0.03198449 
510 137 19 23 0.030511603 
833 240 17 23 0.029860988 
34 241 17 24 0.029364003 
818 250 20 24 0.029222861 
404 194 25 31 0.02771012 
46 256 16 21 0.026374385 
861 253 21 27 0.025320845 
1002 238 24 42 0.024934832 
197 209 24 33 0.024769152 
523 138 12 16 0.024719717 
483 492 33 49 0.02411257 
958 204 35 50 0.023494065 
275 192 32 47 0.02347187 
686 430 38 50 0.022744672 
409 196 15 18 0.022453558 
572 156 15 20 0.02229164 
58 97 14 19 0.021615472 
525 103 12 17 0.021607982 
573 228 31 39 0.021034803 
631 235 15 21 0.020972354 
506 333 42 51 0.020942273 
493 477 45 62 0.020421732 
394 206 33 42 0.020014793 
