12_Group_Team_Organized_Group_12_Group_Team_Organized_Group_12_868
24
447 85 82 119 0.9991757 
662 176 15 16 0.051339123 
796 103 15 18 0.03993839 
591 165 10 13 0.03743469 
739 72 13 15 0.035352953 
50 106 15 18 0.031013096 
-28 101 372 459 0.02715255 
822 50 14 16 0.027089087 
806 76 11 15 0.02631821 
-1 417 26 44 0.025441634 
27 91 11 14 0.02508691 
767 101 11 14 0.025069041 
688 116 16 20 0.02495328 
756 114 15 18 0.024824463 
62 127 24 27 0.024428776 
716 72 11 13 0.023365503 
307 273 26 37 0.022494454 
760 103 10 13 0.021864662 
728 168 27 31 0.021163357 
799 76 12 16 0.020800374 
120 100 13 15 0.020773612 
774 43 13 17 0.020396212 
687 111 12 14 0.020053152 
655 96 8 10 0.020025844 
