12_Group_Team_Organized_Group_12_Group_Team_Organized_Group_12_602
16
405 247 145 193 0.99871993 
526 171 124 149 0.99803895 
644 164 150 184 0.9973801 
255 150 144 217 0.99659604 
316 191 139 195 0.67635965 
465 207 134 171 0.2961311 
137 329 47 63 0.22948082 
13 290 36 45 0.14559488 
581 187 143 142 0.123062134 
968 945 54 69 0.054435827 
841 160 46 64 0.045364905 
998 139 20 34 0.04527876 
450 1097 608 479 0.033144265 
425 744 38 32 0.02304744 
368 234 19 25 0.02293557 
446 734 149 116 0.021395473 
