12_Group_Team_Organized_Group_12_Group_Team_Organized_Group_12_418
421
300 368 26 33 0.99912757 
470 375 25 32 0.9977018 
404 260 23 31 0.9951751 
154 170 16 21 0.9915132 
187 186 16 21 0.98945504 
258 224 16 21 0.9884735 
316 282 22 28 0.9884058 
716 213 17 21 0.9881585 
509 210 16 21 0.9872426 
393 403 23 28 0.9868053 
563 221 16 21 0.9851533 
305 205 18 22 0.98158115 
620 215 16 20 0.97925925 
167 354 22 28 0.9785638 
634 363 22 27 0.9755613 
657 305 22 27 0.97357756 
204 205 18 21 0.97136587 
559 367 24 28 0.9693486 
514 288 20 26 0.95988065 
379 145 13 17 0.9585406 
406 163 12 17 0.95834047 
805 180 19 27 0.9578781 
600 194 14 19 0.95494974 
620 171 13 17 0.9497638 
455 218 16 20 0.9404484 
407 220 15 20 0.93338144 
148 215 19 24 0.9304625 
135 192 15 20 0.92378294 
553 186 13 17 0.91890866 
248 185 16 18 0.9132966 
283 85 15 18 0.90276897 
650 107 12 16 0.87933576 
666 212 16 19 0.87466943 
360 227 16 21 0.8695281 
207 167 13 17 0.8511148 
311 182 13 15 0.8495677 
461 139 12 16 0.83726263 
649 187 13 18 0.8329751 
237 348 23 28 0.80797035 
325 140 12 16 0.7990899 
403 191 14 18 0.78197795 
268 136 13 16 0.7818474 
27 208 23 26 0.77961713 
295 35 12 14 0.74067086 
90 186 15 20 0.7201937 
102 174 15 18 0.7169944 
551 158 13 16 0.71650076 
93 227 17 20 0.7044156 
360 137 13 15 0.6840217 
499 189 13 17 0.62378824 
319 83 13 17 0.6150408 
697 189 12 16 0.61363864 
123 140 13 17 0.57110465 
305 158 14 17 0.56850725 
495 168 12 16 0.55930835 
254 162 13 16 0.5121059 
485 153 13 16 0.49228638 
750 202 13 19 0.46170065 
581 126 10 13 0.44660053 
411 74 11 15 0.43495405 
242 76 14 16 0.42792192 
532 147 11 15 0.4264466 
578 172 12 15 0.39886472 
501 142 12 15 0.37967345 
599 159 11 14 0.36425275 
429 143 10 13 0.35974473 
611 143 11 14 0.3538366 
357 189 13 17 0.34846005 
22 229 11 16 0.30317506 
221 158 12 15 0.27857846 
647 159 11 13 0.27832818 
306 141 13 16 0.24907085 
222 75 15 20 0.24069649 
266 68 10 14 0.22380714 
550 132 12 16 0.22157934 
622 130 10 13 0.2167391 
542 195 11 15 0.20837118 
522 177 14 17 0.20790051 
429 475 11 14 0.20103331 
696 273 13 15 0.19114041 
514 154 12 16 0.17470595 
595 242 16 19 0.17050327 
375 80 10 14 0.16689588 
523 324 13 18 0.1666529 
342 147 12 15 0.16647963 
61 227 13 18 0.16605462 
632 240 11 16 0.14863485 
599 443 13 17 0.14786166 
342 174 12 15 0.1396791 
484 196 14 17 0.13793866 
299 52 11 13 0.13487312 
582 159 10 11 0.13201016 
450 187 14 18 0.12859225 
577 141 11 14 0.116722025 
246 289 24 28 0.11627817 
288 252 22 26 0.113565475 
423 147 12 15 0.109708436 
578 165 13 15 0.10296044 
359 172 13 15 0.09482145 
509 149 12 15 0.094706215 
189 465 14 18 0.09407425 
608 99 9 12 0.09379077 
634 90 13 17 0.09335401 
179 149 12 15 0.09329138 
591 248 13 18 0.09151754 
55 226 13 18 0.09065727 
270 154 14 19 0.08931689 
398 62 11 13 0.08633397 
308 78 11 14 0.08626732 
679 294 12 16 0.08492602 
654 164 11 16 0.08256105 
635 173 11 15 0.082514696 
450 161 13 16 0.08149845 
568 102 10 12 0.081020586 
687 149 11 13 0.0799413 
358 180 14 18 0.079664566 
444 243 16 20 0.07959703 
134 146 11 15 0.07902414 
297 264 22 28 0.07606882 
140 148 10 14 0.07558243 
628 172 12 16 0.07540304 
639 394 12 15 0.0748309 
671 166 11 15 0.0743717 
299 32 12 14 0.074290276 
581 93 9 12 0.07403183 
389 84 10 14 0.068519704 
367 119 10 13 0.06788765 
176 165 13 17 0.06712962 
304 71 10 12 0.06546429 
241 94 11 14 0.06509489 
340 194 14 20 0.06359492 
182 121 11 15 0.06356563 
423 134 10 12 0.06309635 
495 193 13 17 0.062075935 
79 182 10 13 0.06162763 
348 77 11 12 0.06149962 
278 177 11 15 0.061095178 
365 124 13 15 0.060980543 
389 165 9 12 0.060805235 
27 223 16 20 0.0605276 
333 78 10 12 0.06022797 
487 161 14 18 0.05955481 
459 272 18 21 0.059357625 
674 441 14 17 0.059309404 
316 46 9 11 0.05903492 
370 476 14 16 0.057689577 
541 172 10 12 0.057001498 
663 107 12 16 0.056879267 
345 47 10 13 0.056506474 
614 99 10 12 0.055770576 
453 50 12 15 0.05571764 
268 73 11 14 0.055295903 
592 162 11 14 0.05518766 
362 187 12 16 0.055101085 
699 184 13 16 0.052757114 
543 167 8 12 0.052046258 
696 201 11 14 0.05196655 
562 379 17 21 0.05125225 
382 378 15 22 0.050955806 
663 134 12 15 0.050944578 
577 158 10 13 0.05046171 
129 110 10 12 0.050019957 
212 75 16 21 0.049752455 
260 20 11 15 0.049069773 
136 126 9 10 0.048073187 
268 101 11 13 0.047842827 
559 94 11 15 0.047579076 
101 135 9 12 0.04752597 
471 244 13 15 0.04750998 
348 85 11 13 0.04729869 
597 277 11 15 0.047013313 
365 195 13 18 0.04699565 
302 94 11 14 0.046991806 
285 244 17 20 0.045925092 
578 131 11 14 0.0457435 
383 83 11 14 0.04534127 
324 100 11 13 0.045322843 
359 70 10 13 0.04522934 
358 166 12 14 0.045224257 
570 106 12 14 0.045084078 
493 147 13 17 0.044884846 
446 192 13 18 0.044350725 
62 278 12 15 0.044303093 
350 192 13 18 0.043688044 
204 101 10 13 0.04350186 
579 147 11 14 0.04267498 
640 159 9 12 0.041681822 
331 53 11 12 0.041556124 
535 164 11 14 0.041531004 
288 64 9 12 0.041529793 
496 217 14 19 0.041375525 
670 157 8 11 0.041296918 
79 211 13 17 0.041275967 
290 88 14 18 0.041247487 
349 141 11 14 0.04113349 
387 46 12 13 0.04112289 
422 124 12 15 0.04059724 
631 297 12 16 0.04052341 
694 142 9 11 0.04045718 
69 108 11 14 0.040450566 
775 259 10 12 0.03989253 
549 150 13 17 0.03986685 
303 272 24 30 0.039791077 
523 185 15 17 0.039462306 
633 111 9 11 0.03939821 
580 87 9 12 0.0392714 
310 38 10 13 0.039013382 
292 264 16 21 0.03876744 
302 82 11 15 0.03875644 
414 90 11 13 0.038683534 
276 37 12 13 0.038635798 
478 198 15 19 0.0384899 
481 149 12 16 0.03837903 
603 388 12 14 0.038154464 
735 294 11 13 0.03814962 
429 135 10 14 0.03801623 
591 276 11 14 0.037828676 
660 165 11 15 0.037146743 
340 225 14 17 0.037003245 
336 101 9 11 0.0369975 
600 99 10 13 0.036913082 
215 140 11 13 0.03681218 
638 164 10 13 0.036595374 
621 266 15 19 0.03656028 
207 74 13 19 0.036505558 
383 236 11 14 0.036076672 
554 51 101 128 0.035957914 
299 43 12 15 0.035430074 
354 452 14 18 0.035368063 
453 125 11 13 0.035178635 
356 106 13 16 0.034829255 
86 228 16 19 0.0347855 
777 254 10 13 0.03467352 
775 229 11 15 0.033883803 
310 82 12 16 0.033860747 
175 154 14 17 0.033799306 
636 117 11 12 0.033641428 
812 206 14 17 0.03330609 
308 134 13 17 0.033302832 
436 158 10 13 0.033042517 
616 165 14 18 0.032892827 
635 98 12 15 0.032759193 
673 461 11 13 0.032554537 
204 185 13 17 0.032537892 
308 173 15 19 0.032227673 
666 231 15 19 0.032005034 
238 375 16 20 0.03168678 
389 108 11 13 0.031646755 
467 171 14 16 0.031634953 
130 141 12 15 0.03159924 
203 268 17 21 0.031321563 
494 177 15 19 0.031302374 
615 241 12 16 0.031222716 
351 71 9 12 0.031181738 
85 182 15 19 0.031054147 
400 55 10 13 0.03099626 
370 199 14 18 0.030851351 
172 481 10 13 0.03071475 
88 142 8 10 0.030342696 
703 159 8 10 0.030308126 
642 267 15 20 0.030007279 
816 279 11 13 0.029831301 
291 80 13 15 0.029822825 
205 176 15 19 0.029690877 
374 93 10 12 0.029613646 
667 139 10 12 0.02941982 
735 274 14 19 0.029137649 
603 156 11 15 0.029013978 
615 441 13 17 0.028995851 
372 118 10 13 0.028779682 
284 262 16 21 0.028705217 
214 149 12 15 0.028616117 
632 158 11 13 0.028532472 
220 187 13 17 0.028452637 
258 26 12 15 0.02841221 
97 183 16 20 0.028401932 
437 53 11 13 0.028401786 
293 68 10 13 0.028044865 
535 195 12 16 0.02799641 
662 157 10 13 0.027920594 
437 179 13 17 0.02786325 
248 162 14 17 0.027846385 
358 126 13 16 0.027671864 
471 122 12 15 0.02762047 
420 154 11 15 0.027489709 
460 348 12 18 0.027471194 
564 94 11 14 0.02726901 
41 216 15 21 0.027188024 
304 146 18 21 0.02710909 
564 159 10 12 0.027057566 
711 196 10 14 0.026988482 
677 502 9 11 0.026832735 
650 203 14 16 0.026736287 
532 135 11 14 0.026518926 
619 79 11 14 0.026455691 
275 160 13 17 0.026359972 
498 71 109 146 0.026204074 
141 142 11 14 0.02619116 
161 251 17 19 0.026182277 
595 256 14 17 0.026142526 
412 158 12 16 0.026141878 
404 140 10 13 0.026118618 
293 62 10 12 0.026064223 
844 168 13 17 0.026011314 
384 126 9 11 0.026000118 
490 170 12 16 0.025974758 
248 61 10 14 0.025949072 
188 225 15 19 0.02590298 
110 127 9 11 0.02589938 
541 148 11 15 0.02580626 
389 103 10 12 0.025753258 
22 218 16 20 0.025689492 
177 122 10 14 0.02562489 
446 182 12 16 0.025531642 
417 150 10 13 0.025407728 
788 188 12 16 0.025376748 
85 313 18 19 0.02521399 
592 93 10 14 0.025044108 
449 127 9 12 0.025013221 
259 37 10 13 0.024951495 
400 429 17 20 0.024940165 
575 135 18 23 0.024860922 
672 453 12 14 0.024842184 
500 136 11 15 0.024833642 
696 168 8 10 0.0247909 
448 53 12 14 0.024765808 
534 346 15 20 0.02462858 
414 64 9 12 0.024617407 
421 116 11 13 0.024564533 
256 44 11 13 0.024518952 
727 292 10 14 0.024496712 
529 154 11 15 0.024415046 
628 131 11 14 0.024310319 
718 472 9 11 0.02428363 
385 92 9 13 0.024225768 
689 421 11 15 0.024203397 
442 545 22 28 0.024157707 
349 181 12 16 0.024143388 
260 157 12 17 0.024000507 
366 77 12 14 0.023957074 
577 121 18 22 0.023899816 
375 34 11 15 0.023882525 
360 86 10 12 0.023852102 
602 163 12 14 0.023844004 
328 48 10 13 0.023824362 
353 103 11 13 0.023803152 
430 164 12 14 0.023680493 
617 84 9 12 0.023604404 
167 135 11 13 0.023579195 
138 250 16 19 0.023562048 
141 127 8 10 0.023509093 
266 192 15 19 0.023383595 
243 219 14 19 0.023308286 
359 38 11 12 0.023283442 
467 179 15 18 0.023247663 
543 227 14 18 0.023167936 
518 163 12 14 0.023038168 
359 117 12 14 0.023033483 
15 228 13 17 0.023002582 
396 416 23 27 0.022944454 
688 184 11 14 0.02291719 
670 152 9 11 0.02288165 
5 284 10 11 0.02283233 
309 93 11 14 0.022789653 
366 94 10 12 0.022766644 
164 156 12 15 0.022628546 
181 143 12 14 0.022599155 
839 365 25 36 0.02259215 
692 426 10 13 0.022585979 
63 300 10 12 0.022576012 
88 150 8 10 0.022436686 
319 7 11 13 0.022436677 
638 126 10 12 0.022424448 
400 36 9 11 0.022410091 
222 463 10 12 0.022401245 
385 147 13 16 0.022341661 
286 19 11 13 0.022312205 
390 231 10 15 0.022151368 
125 152 13 15 0.022095539 
420 165 11 14 0.022049792 
5 227 15 18 0.022036595 
159 152 11 13 0.021885933 
359 92 11 13 0.021843042 
392 66 11 13 0.021836821 
335 107 11 14 0.02183529 
630 165 12 16 0.021754695 
429 169 14 16 0.021727165 
417 123 10 15 0.021547208 
463 179 11 16 0.021510549 
502 215 15 20 0.02146135 
47 225 13 18 0.02144679 
701 212 13 16 0.021286806 
447 132 12 16 0.02124205 
694 157 9 11 0.021185532 
703 456 9 11 0.021173825 
676 167 10 13 0.021130743 
440 195 12 16 0.021077108 
374 61 12 14 0.021076415 
646 153 19 25 0.021004826 
300 278 16 23 0.020996789 
388 126 10 12 0.020909123 
647 170 11 16 0.020805936 
633 148 10 13 0.02078768 
581 98 11 15 0.020691443 
244 99 10 12 0.020572938 
549 218 13 18 0.020561978 
270 56 10 13 0.020544326 
220 139 11 13 0.020534921 
574 118 13 14 0.020406686 
107 182 14 20 0.020406213 
309 232 13 16 0.02040496 
632 142 10 12 0.020379573 
198 292 14 17 0.020320375 
288 36 11 15 0.020297928 
97 139 9 11 0.020269427 
325 79 12 16 0.020263426 
335 147 11 15 0.020262007 
364 166 11 13 0.020248514 
525 165 11 13 0.020234035 
68 222 12 16 0.020150036 
342 93 11 13 0.020109113 
