12_Group_Team_Organized_Group_12_Group_Team_Organized_Group_12_855
60
805 280 31 35 0.9957837 
746 278 27 32 0.99009997 
724 250 25 29 0.9717727 
889 240 29 37 0.967819 
674 285 25 29 0.8262234 
825 340 24 30 0.70826024 
799 374 35 38 0.30030107 
735 250 26 28 0.18549171 
936 490 13 17 0.11177405 
536 443 11 15 0.11090704 
661 337 16 18 0.1051753 
352 407 9 11 0.09362065 
736 267 26 32 0.0930608 
220 267 22 27 0.07166125 
990 409 25 31 0.066074975 
980 420 23 32 0.05743865 
680 347 12 15 0.05721563 
160 465 11 14 0.05692605 
651 337 15 18 0.056180783 
359 456 11 12 0.055314638 
629 269 30 33 0.052024808 
78 474 10 13 0.05060275 
808 350 17 20 0.047798228 
1011 411 12 18 0.041353777 
900 296 39 49 0.037209027 
608 381 13 16 0.037038054 
823 426 15 17 0.036955845 
1003 409 17 21 0.036929496 
322 389 15 19 0.032154292 
976 491 13 16 0.031435482 
682 276 18 23 0.030361453 
688 283 16 21 0.03021314 
975 427 14 18 0.030145569 
752 252 16 20 0.029895023 
583 398 11 14 0.029590402 
630 288 14 19 0.02877407 
745 261 27 33 0.02813313 
343 453 7 10 0.027700484 
727 271 19 23 0.0276294 
707 253 13 16 0.027437396 
143 478 9 10 0.026781349 
600 267 17 21 0.026395345 
336 452 8 10 0.026321799 
328 454 8 10 0.026090117 
391 419 24 31 0.026038453 
896 235 22 26 0.025375118 
150 469 8 10 0.025139768 
614 323 10 12 0.024065852 
990 407 16 19 0.023951387 
176 345 123 172 0.023678785 
667 344 14 16 0.02327052 
263 488 9 11 0.021697054 
229 523 11 11 0.02165733 
168 393 15 17 0.021351185 
635 297 13 15 0.021181518 
180 473 15 17 0.021132356 
645 290 13 16 0.020765493 
997 429 15 20 0.020274056 
706 251 23 29 0.020083565 
499 464 13 17 0.020029373 
