12_Group_Group_12_Group_Group_12_112
79
786 122 34 42 0.9994324 
86 302 35 39 0.9993149 
720 453 34 38 0.99902797 
149 231 33 41 0.99858534 
263 238 36 39 0.99828917 
320 460 33 38 0.9980634 
258 315 34 42 0.99805033 
369 318 33 37 0.99782985 
924 317 35 42 0.9977204 
468 150 33 37 0.99764806 
700 206 34 41 0.99761283 
488 262 36 44 0.99726224 
257 116 38 44 0.99725014 
787 456 35 40 0.9970862 
449 235 32 38 0.9970392 
542 480 35 41 0.99646276 
186 480 36 40 0.9957955 
454 478 38 42 0.9956862 
860 152 35 42 0.99555826 
180 305 39 44 0.99525166 
671 275 34 37 0.9946591 
742 316 36 42 0.9942463 
639 485 35 39 0.99415106 
792 197 35 39 0.9935313 
579 145 33 37 0.9933171 
365 264 28 36 0.9926099 
526 212 34 40 0.9904012 
144 174 33 36 0.9892692 
851 244 35 43 0.98902965 
366 155 32 36 0.98839104 
579 253 39 46 0.98614687 
611 239 29 35 0.98405796 
233 272 38 44 0.9822368 
730 249 31 38 0.960112 
399 255 28 35 0.93291265 
701 160 36 40 0.92512214 
581 213 27 32 0.758584 
659 580 63 54 0.27545834 
584 226 38 43 0.18451092 
717 154 17 19 0.15133679 
227 603 15 18 0.13453473 
705 178 33 41 0.13206662 
595 209 27 32 0.1161446 
972 491 13 19 0.09737501 
242 288 46 54 0.065377556 
974 483 13 17 0.056961924 
787 417 19 22 0.052660078 
891 186 14 19 0.05251525 
614 256 28 38 0.04559727 
555 471 28 39 0.044204608 
282 243 28 38 0.043830786 
363 279 30 38 0.041456804 
816 244 32 39 0.04051845 
596 251 39 48 0.040306553 
744 227 23 28 0.040277682 
719 159 20 25 0.03964441 
601 225 31 38 0.03464961 
624 271 23 32 0.03402445 
677 583 39 32 0.033739343 
564 459 27 34 0.031464104 
186 193 24 28 0.028832935 
631 560 108 86 0.028190343 
530 267 23 30 0.02667545 
366 482 15 19 0.025721515 
464 237 28 36 0.02557738 
888 536 11 14 0.02534854 
871 540 12 16 0.024810456 
253 248 35 42 0.02375844 
234 609 15 19 0.023649966 
358 465 13 19 0.023403851 
695 590 32 29 0.022661816 
630 467 32 35 0.02256163 
305 240 25 37 0.022245191 
456 214 27 31 0.022046555 
724 262 32 36 0.021819236 
799 448 30 36 0.02117428 
744 248 26 35 0.021078322 
636 219 13 18 0.020998515 
158 178 21 23 0.020916259 
