46_Jockey_Jockey_46_106
43
420 152 94 128 0.99814475 
80 464 242 311 0.3436022 
-16 488 215 265 0.3436022 
131 250 209 294 0.26558137 
388 488 239 175 0.21508123 
50 42 78 97 0.16258556 
563 16 106 126 0.09803478 
704 473 249 307 0.090156734 
824 207 126 160 0.076092646 
320 245 51 68 0.07244435 
53 16 119 155 0.064067975 
112 342 281 361 0.05874174 
37 247 101 132 0.053832818 
224 198 70 91 0.051466707 
297 229 107 140 0.04931264 
592 213 212 269 0.045153897 
45 2 235 273 0.045153897 
574 489 235 302 0.04133061 
64 352 26 31 0.039651494 
238 87 59 67 0.039651494 
408 434 136 180 0.03781825 
808 585 117 138 0.034593593 
242 88 33 39 0.033269096 
77 352 25 32 0.030461596 
283 378 194 246 0.028921604 
61 244 194 232 0.026434705 
761 647 33 31 0.025519116 
260 70 24 32 0.025519116 
195 628 48 59 0.025519116 
817 627 70 53 0.025519116 
396 269 69 75 0.025519116 
439 510 29 37 0.025519116 
217 208 194 250 0.024156325 
508 9 50 62 0.023349825 
223 99 51 64 0.023349825 
388 26 61 75 0.023349825 
54 300 61 79 0.021360898 
910 41 25 35 0.021360898 
818 270 23 30 0.021360898 
613 27 62 86 0.021360898 
-5 180 178 222 0.0201599 
647 574 114 125 0.0201599 
5 142 134 165 0.0201599 
