46_Jockey_Jockey_46_130
63
572 122 34 45 0.45459446 
883 163 124 210 0.3436022 
182 327 206 274 0.32305852 
564 87 48 75 0.15056497 
749 70 64 72 0.12872264 
367 324 249 358 0.115646794 
753 471 65 93 0.109639935 
79 455 53 83 0.10106142 
554 100 12 17 0.09507551 
554 444 239 342 0.08285364 
102 131 194 270 0.08285364 
729 32 121 156 0.076092646 
896 524 27 29 0.06111947 
192 155 136 219 0.053832814 
708 468 100 141 0.053832814 
847 212 191 278 0.053832814 
761 90 37 42 0.051466707 
592 329 17 25 0.04990379 
602 -30 225 304 0.04931264 
148 168 111 173 0.04931264 
813 287 31 45 0.047198545 
893 190 89 114 0.04326818 
514 62 54 81 0.04326818 
597 289 14 18 0.04229837 
580 63 76 137 0.04133062 
377 512 242 337 0.04133061 
101 477 27 42 0.039651502 
777 475 30 38 0.039651502 
545 90 27 38 0.039651494 
843 118 138 192 0.03781825 
356 400 59 71 0.036325652 
601 63 28 40 0.036325652 
875 292 46 81 0.036325645 
541 73 56 78 0.033269096 
570 296 12 17 0.03293372 
587 19 13 16 0.03293372 
843 469 21 32 0.030461604 
748 38 65 73 0.030461604 
530 312 29 36 0.030461604 
361 519 6 8 0.030282615 
742 1 228 291 0.028921604 
0 264 68 103 0.027884193 
393 602 71 122 0.027884185 
597 92 31 50 0.027884185 
441 181 51 75 0.027884185 
583 112 22 29 0.027838783 
487 345 15 21 0.027838783 
287 418 203 282 0.02643471 
624 311 64 66 0.025519116 
308 119 239 274 0.024156325 
454 147 215 247 0.024156325 
845 37 53 64 0.023349825 
686 721 28 28 0.023349825 
563 89 31 46 0.023349825 
974 147 44 66 0.023349825 
194 388 119 163 0.022069868 
907 519 14 21 0.021603195 
595 291 9 11 0.021603195 
578 131 21 28 0.021603195 
594 21 6 8 0.021603195 
920 21 78 75 0.021360898 
532 81 31 50 0.021360898 
804 377 112 171 0.0201599 
