46_Jockey_Jockey_46_254
26
229 112 163 252 0.99488646 
552 242 242 300 0.8280645 
338 358 269 296 0.2150812 
685 491 106 159 0.1254451 
383 162 71 96 0.118850335 
483 218 215 263 0.08285364 
471 304 265 314 0.064067975 
450 -3 62 55 0.051466707 
250 411 257 267 0.045153897 
145 -4 203 267 0.045153886 
151 328 197 259 0.03781825 
676 484 68 88 0.036325652 
329 151 114 143 0.034593605 
197 199 228 275 0.034593605 
406 256 222 267 0.034593605 
621 242 138 187 0.03163486 
454 4 43 30 0.030461604 
277 130 232 267 0.028921604 
804 118 200 271 0.028921604 
562 253 63 71 0.025519116 
640 465 188 227 0.024156325 
847 262 119 139 0.024156325 
844 348 28 37 0.023349825 
690 313 188 224 0.022069868 
431 -28 206 263 0.022069868 
138 420 114 164 0.022069868 
