46_Jockey_Jockey_46_44
77
461 114 34 36 0.9977647 
455 284 26 34 0.6541731 
779 398 25 28 0.43212515 
739 237 46 67 0.4099317 
762 305 26 38 0.2032784 
469 284 18 25 0.1293704 
217 485 34 27 0.09308395 
644 528 26 30 0.07880669 
619 439 87 134 0.06984132 
716 420 114 167 0.05874174 
-1 409 62 99 0.056098126 
450 272 44 58 0.056098126 
749 288 43 66 0.056098126 
665 502 13 20 0.054176662 
269 330 249 280 0.053832818 
181 310 36 43 0.051466707 
658 511 16 20 0.04990379 
299 556 13 16 0.049903784 
674 335 183 264 0.04931264 
496 494 51 68 0.047198545 
400 553 30 29 0.047198545 
452 285 18 25 0.04595155 
647 533 16 18 0.045951538 
256 464 200 231 0.045153897 
640 508 46 59 0.04326818 
747 302 27 40 0.04326818 
304 557 8 10 0.04229837 
398 558 18 17 0.04229837 
766 240 31 51 0.039651494 
661 493 16 22 0.038923774 
627 461 53 73 0.036325652 
439 218 49 64 0.036325652 
301 577 23 27 0.036325645 
522 468 14 21 0.035808332 
343 570 14 16 0.035808332 
389 545 58 46 0.033269096 
644 352 26 34 0.033269096 
296 563 8 12 0.032933712 
766 299 19 28 0.032933712 
478 388 107 138 0.03163486 
400 261 197 276 0.03163486 
511 424 52 73 0.030461596 
721 219 49 81 0.030461596 
669 508 12 18 0.030282615 
437 280 98 138 0.028921604 
726 360 242 280 0.028921604 
660 511 26 36 0.027884193 
339 572 24 30 0.027884193 
640 481 30 40 0.027884193 
572 322 49 67 0.027884185 
491 405 53 80 0.027884185 
424 20 191 256 0.02643471 
-65 393 265 280 0.026434705 
541 357 188 256 0.026434705 
484 118 21 25 0.02558696 
768 377 46 56 0.025519116 
312 403 30 34 0.025519116 
504 412 32 46 0.025519116 
593 345 28 39 0.025519116 
740 223 32 45 0.025519116 
457 298 35 45 0.025519116 
715 199 82 122 0.024156325 
451 291 6 10 0.02351288 
156 46 32 40 0.023349825 
525 420 71 96 0.023349825 
235 142 106 164 0.022069868 
687 70 212 297 0.022069868 
657 431 235 292 0.022069868 
525 141 212 288 0.022069868 
773 305 17 29 0.021603195 
950 137 74 106 0.021360904 
765 398 32 40 0.021360904 
653 488 25 36 0.021360898 
440 295 29 39 0.021360898 
212 472 54 49 0.021360898 
508 505 60 78 0.021360898 
281 581 25 31 0.021360898 
