46_Jockey_Jockey_46_202
78
486 75 53 70 0.9988171 
538 339 55 85 0.5900683 
834 162 119 198 0.5461031 
486 35 68 93 0.45459446 
47 419 246 322 0.32305852 
680 79 209 313 0.30317584 
721 466 22 31 0.268611 
658 189 116 192 0.17193554 
853 279 121 163 0.15916684 
636 244 222 303 0.15916684 
-23 211 144 210 0.13594593 
802 200 203 229 0.13594593 
871 45 109 181 0.13594593 
853 306 79 90 0.12872264 
420 121 52 68 0.12872262 
636 151 52 77 0.10106142 
331 424 194 282 0.09803478 
222 521 25 31 0.07880669 
132 675 26 34 0.072444364 
426 122 32 41 0.07244435 
576 215 34 49 0.07244435 
-6 464 128 204 0.06984132 
718 131 132 192 0.064067975 
238 593 7 10 0.06377564 
620 142 117 158 0.05874174 
797 153 51 73 0.056098126 
818 277 228 236 0.053832818 
520 687 30 49 0.051466707 
689 543 13 22 0.04990379 
-4 507 175 258 0.04931264 
663 459 188 274 0.045153886 
528 173 212 290 0.045153886 
569 339 75 91 0.04326818 
883 84 70 106 0.04326818 
703 542 7 10 0.04229837 
704 461 31 38 0.039651494 
582 111 200 247 0.03781825 
-3 10 112 154 0.03781825 
29 604 32 39 0.036325652 
610 351 52 82 0.036325652 
865 331 44 49 0.036325645 
467 637 97 133 0.034593605 
481 -3 225 313 0.034593605 
228 584 13 17 0.032933712 
343 505 109 189 0.03163486 
545 433 191 270 0.03163486 
523 374 73 72 0.030461596 
693 609 25 36 0.030461596 
826 34 206 332 0.028921604 
374 258 56 84 0.027884193 
25 589 53 67 0.027884185 
517 418 79 81 0.027884185 
505 668 55 82 0.027884185 
32 723 8 11 0.027838778 
235 588 13 18 0.027838778 
173 359 206 266 0.02643471 
892 550 114 147 0.026434705 
207 403 117 173 0.026434705 
683 235 136 198 0.026434705 
12 578 17 22 0.02558696 
121 594 6 8 0.02558696 
426 366 27 32 0.025519116 
401 382 246 295 0.024156325 
509 424 136 198 0.024156325 
748 424 194 254 0.024156325 
837 213 17 24 0.02351288 
12 522 67 101 0.023349825 
409 570 58 88 0.023349825 
309 355 68 94 0.023349825 
335 112 107 127 0.022069868 
507 348 17 27 0.021603195 
224 526 14 21 0.021603195 
42 751 7 7 0.021603195 
105 565 4 5 0.021603195 
40 605 58 82 0.021360904 
486 498 75 106 0.021360898 
724 292 249 278 0.0201599 
572 479 119 166 0.0201599 
