46_Jockey_Jockey_46_172
52
832 173 117 145 0.9997335 
147 112 212 283 0.9239074 
-7 110 178 278 0.6769414 
384 186 235 318 0.6352516 
371 359 100 154 0.28400344 
66 157 249 323 0.26558137 
11 10 95 147 0.26558137 
422 176 142 204 0.21508123 
259 222 203 283 0.19988178 
167 -16 212 274 0.18550259 
259 487 165 154 0.15916684 
177 47 100 145 0.14717786 
-70 458 269 352 0.1254451 
629 609 111 120 0.115646794 
619 355 183 278 0.09015675 
766 447 197 255 0.08285364 
333 282 178 244 0.08285364 
24 277 277 332 0.08285364 
160 353 23 30 0.07880669 
16 51 119 179 0.076092646 
7 149 62 130 0.072444364 
340 428 107 171 0.06984133 
189 441 212 251 0.064067975 
65 59 200 270 0.064067975 
151 270 200 262 0.064067975 
471 483 111 150 0.05874174 
204 54 64 86 0.056098126 
578 96 212 313 0.053832814 
24 335 149 187 0.04931264 
522 118 71 86 0.047198545 
101 249 144 198 0.045153897 
3 -12 89 102 0.039651502 
128 119 65 89 0.036325652 
124 58 107 154 0.034593605 
473 94 180 278 0.034593593 
922 344 89 127 0.034593593 
268 358 194 240 0.03163486 
839 335 188 295 0.03163486 
227 208 142 210 0.03163486 
169 198 65 89 0.030461596 
411 402 68 99 0.027884193 
464 145 104 156 0.026434705 
857 482 119 166 0.026434705 
754 530 134 154 0.026434705 
646 421 117 168 0.026434705 
813 107 111 156 0.024156325 
368 522 57 70 0.023349825 
190 368 25 35 0.023349825 
587 618 101 113 0.022069868 
369 470 62 99 0.021360898 
563 108 116 187 0.0201599 
30 538 246 309 0.0201599 
