46_Jockey_Jockey_46_933
67
647 120 123 180 0.99983203 
219 136 119 188 0.9997335 
424 116 130 183 0.9994417 
1 118 62 117 0.5 
7 327 246 335 0.32305852 
771 17 197 277 0.26558137 
26 228 89 138 0.26558137 
933 243 68 86 0.2032784 
314 245 228 325 0.19988178 
773 184 25 45 0.188928 
325 84 188 277 0.17193554 
198 255 212 345 0.15916684 
176 472 212 340 0.14717786 
822 235 78 113 0.118850335 
784 143 16 27 0.111069925 
146 747 15 18 0.111069925 
502 42 232 298 0.1065206 
13 117 95 160 0.076092646 
620 169 225 316 0.06984133 
809 334 203 316 0.064067975 
830 232 19 28 0.05879275 
845 198 106 146 0.05874174 
714 461 215 321 0.058741733 
534 312 242 345 0.053832814 
73 413 246 350 0.053832814 
977 137 25 40 0.051466707 
185 306 106 107 0.051466707 
918 643 64 107 0.047198545 
950 265 15 22 0.04595155 
891 204 98 128 0.045153886 
227 39 200 289 0.04133061 
97 46 212 298 0.04133061 
819 62 86 127 0.039651494 
264 469 232 298 0.03781825 
552 107 59 85 0.036325652 
675 312 232 355 0.034593605 
882 355 40 47 0.033269096 
52 241 30 51 0.033269096 
702 101 114 170 0.03163486 
65 243 20 34 0.030282615 
928 267 16 23 0.030282615 
267 197 130 257 0.028921604 
371 449 232 316 0.028921604 
882 363 116 194 0.028921604 
851 34 138 200 0.028921604 
259 362 124 188 0.028921604 
58 677 61 82 0.027884193 
895 20 26 34 0.02558696 
136 754 8 10 0.02558696 
920 255 53 67 0.025519116 
339 265 34 47 0.025519116 
916 268 32 41 0.025519116 
952 195 57 86 0.025519116 
757 172 38 72 0.025519116 
16 130 41 66 0.025519116 
69 404 149 200 0.024156325 
550 406 112 151 0.024156325 
270 517 117 206 0.024156325 
900 355 52 68 0.023349825 
918 269 19 27 0.021603195 
563 127 32 53 0.021360898 
947 261 42 53 0.021360898 
751 36 69 100 0.021360898 
551 149 48 72 0.021360898 
394 283 239 316 0.0201599 
292 286 142 246 0.0201599 
482 117 117 165 0.0201599 
