46_Jockey_Jockey_46_51
80
525 90 116 144 0.99961424 
66 393 232 244 0.9798401 
655 112 239 267 0.9171464 
34 257 232 292 0.89347935 
198 -2 228 288 0.864054 
77 144 302 348 0.8408331 
726 174 212 292 0.7688974 
67 47 191 244 0.6352516 
792 282 183 241 0.3864298 
840 397 222 267 0.30317584 
-15 354 178 234 0.30317584 
74 -6 144 169 0.26558137 
828 125 175 237 0.24794048 
546 340 218 275 0.2150812 
718 601 16 20 0.17366187 
654 400 119 157 0.17193556 
725 102 138 187 0.17193554 
379 513 101 115 0.14717786 
86 488 36 42 0.118850335 
707 617 17 20 0.111069925 
-30 256 191 234 0.09803478 
526 441 14 19 0.09507551 
845 469 144 159 0.090156734 
243 117 209 217 0.090156734 
-46 72 215 256 0.08285364 
7 -59 253 283 0.08285364 
598 77 200 241 0.08285364 
137 72 218 271 0.06984133 
225 60 51 55 0.06111947 
0 118 126 159 0.05874174 
266 11 132 182 0.058741733 
828 584 56 50 0.051466707 
566 413 20 21 0.04990379 
523 435 27 35 0.047198545 
484 475 52 74 0.047198545 
770 22 212 259 0.045153897 
3 258 104 166 0.045153897 
516 414 50 61 0.04326818 
731 277 56 66 0.04326818 
207 303 57 57 0.04326818 
382 233 59 75 0.04326818 
524 374 95 131 0.04133062 
396 625 19 15 0.038923774 
910 64 111 135 0.03781825 
364 237 103 124 0.03781825 
68 491 56 68 0.036325652 
548 385 53 60 0.036325645 
648 13 191 230 0.034593593 
207 251 215 271 0.03163486 
454 161 269 263 0.03163486 
326 36 79 96 0.030461604 
136 18 74 86 0.030461596 
372 568 30 37 0.030461596 
285 224 212 230 0.028921604 
496 91 43 58 0.027884193 
852 533 63 70 0.027884185 
682 318 60 65 0.027884185 
752 286 13 16 0.027838783 
569 -24 200 256 0.02643471 
711 607 17 22 0.02558696 
746 40 46 61 0.025519116 
695 286 37 33 0.025519116 
564 381 58 85 0.025519116 
164 14 56 66 0.025519116 
938 78 65 79 0.025519116 
621 64 57 65 0.025519116 
27 482 130 135 0.024156325 
433 400 209 244 0.024156325 
527 440 9 11 0.02351288 
764 583 52 59 0.023349825 
856 13 78 86 0.023349825 
81 476 60 64 0.021360904 
733 286 31 39 0.021360898 
-2 251 73 108 0.021360898 
739 612 21 24 0.021360898 
864 507 64 74 0.021360898 
375 544 61 69 0.021360898 
48 508 67 85 0.021360898 
836 124 65 68 0.021360898 
680 208 151 164 0.0201599 
