46_Jockey_Jockey_46_823
34
470 -37 180 447 0.99261475 
340 232 212 583 0.90196514 
413 -56 156 428 0.73441863 
369 -121 307 807 0.3864298 
252 354 232 534 0.3436022 
274 421 56 72 0.23436876 
623 134 218 566 0.2311026 
765 26 178 503 0.21508123 
450 108 311 696 0.17193554 
760 107 56 139 0.08567618 
-3 824 228 566 0.076092646 
538 35 146 318 0.064067975 
80 565 242 637 0.053832814 
320 156 63 179 0.051466707 
797 63 111 287 0.04931264 
208 504 253 676 0.04931264 
654 427 249 468 0.04133061 
730 256 235 534 0.04133061 
70 946 200 592 0.04133061 
615 1008 30 83 0.030461596 
118 389 235 482 0.028921604 
510 788 34 83 0.027884193 
228 440 82 154 0.027884193 
236 410 89 109 0.027884185 
520 933 31 82 0.025519116 
591 942 30 74 0.025519116 
445 789 35 81 0.025519116 
275 1052 132 343 0.024156325 
590 974 114 275 0.022069868 
683 -12 194 526 0.022069868 
300 488 63 117 0.021360898 
702 313 64 134 0.021360898 
90 732 134 434 0.0201599 
760 974 246 550 0.0201599 
