16_Award_Ceremony_Awards_Ceremony_16_134
69
420 218 154 198 0.99762374 
260 1245 353 465 0.4820767 
828 336 169 250 0.4158705 
765 63 191 243 0.41152328 
732 74 93 135 0.2981918 
492 830 15 17 0.22223358 
810 5 219 249 0.12006473 
741 105 115 166 0.08646642 
11 309 175 261 0.08383181 
828 231 165 242 0.082807116 
771 155 121 168 0.07984394 
473 798 8 10 0.076867625 
835 439 179 252 0.07146552 
30 20 87 131 0.06846597 
492 803 12 13 0.057765808 
704 169 98 148 0.056287184 
180 111 85 106 0.04313888 
31 481 109 146 0.041583944 
544 452 123 165 0.041006584 
53 532 201 301 0.040607132 
853 478 123 142 0.039173994 
502 840 32 53 0.038618054 
126 314 60 70 0.03684231 
14 512 334 465 0.03674708 
216 147 59 72 0.036167074 
50 607 116 141 0.035917185 
487 835 29 35 0.035417683 
147 125 57 81 0.03497699 
683 476 41 58 0.034316123 
755 208 100 148 0.03250746 
489 800 9 11 0.03196399 
219 979 360 525 0.03174998 
465 402 182 286 0.031377442 
1012 954 10 16 0.02891775 
114 324 97 115 0.028779563 
40 70 59 98 0.026934663 
247 1626 446 592 0.026577154 
989 1310 9 11 0.026324745 
866 600 53 68 0.025849527 
102 49 148 239 0.025702534 
698 16 198 259 0.025634166 
37 663 101 131 0.02492593 
127 368 52 66 0.024037551 
492 810 14 15 0.024018373 
567 167 63 80 0.023922566 
1014 1262 8 12 0.02350508 
851 176 139 169 0.023349551 
209 348 61 72 0.023239134 
71 928 12 17 0.022918072 
1014 1293 8 12 0.022817273 
193 294 95 114 0.022760795 
886 514 161 239 0.022501674 
875 556 108 136 0.022490807 
394 411 173 296 0.022090724 
320 34 191 236 0.021576814 
479 808 9 10 0.021558724 
147 371 57 69 0.021499237 
843 34 138 154 0.021459484 
27 415 178 270 0.02137756 
802 1506 14 17 0.021152088 
723 244 99 150 0.020692805 
733 1148 14 19 0.02056867 
700 314 316 421 0.02056485 
163 415 34 40 0.020406432 
196 158 57 75 0.020334985 
692 222 94 152 0.02023192 
477 813 10 13 0.02018555 
247 710 59 82 0.020144781 
151 198 48 68 0.020107884 
