16_Award_Ceremony_Awards_Ceremony_16_73
354
260 122 35 46 0.9983298 
410 145 36 49 0.9979693 
316 73 33 38 0.9973489 
615 146 37 47 0.9909952 
266 78 18 23 0.9900109 
203 54 19 24 0.9860989 
91 72 17 23 0.98526275 
727 90 39 52 0.9819118 
640 79 17 22 0.9799392 
492 61 15 19 0.96459454 
720 40 18 23 0.9614724 
637 44 16 20 0.9441102 
654 22 15 19 0.94249237 
563 29 17 20 0.94217914 
619 33 14 17 0.91850936 
603 20 13 17 0.9098074 
472 28 14 17 0.87230885 
593 71 16 21 0.86342835 
533 68 13 17 0.85644287 
686 25 13 18 0.8367519 
697 41 16 20 0.8287774 
866 37 13 19 0.8244909 
538 44 16 20 0.79959995 
568 76 16 19 0.78794354 
365 50 14 19 0.7831663 
608 59 16 20 0.77095425 
6 83 14 17 0.70317435 
990 0 14 18 0.7015087 
168 57 14 18 0.68767065 
701 1 14 16 0.6768486 
989 35 13 17 0.65874773 
240 58 14 17 0.64452386 
414 63 14 20 0.58408564 
904 113 21 31 0.5731441 
852 21 12 16 0.5636631 
345 37 10 13 0.5555243 
813 32 12 16 0.5525939 
624 73 15 19 0.5365878 
918 37 10 13 0.52545804 
458 58 18 22 0.5155233 
184 66 18 23 0.50934494 
889 36 12 15 0.5072125 
771 0 13 15 0.47670823 
445 54 13 17 0.46947432 
656 64 14 17 0.45789227 
722 14 14 17 0.4005099 
973 20 11 15 0.38324732 
582 16 13 17 0.38143072 
749 38 14 19 0.3738255 
151 140 11 15 0.35360423 
142 56 16 22 0.34476727 
973 36 11 15 0.34168446 
22 80 16 20 0.3312056 
240 81 13 19 0.32778394 
571 50 13 17 0.3173646 
156 78 15 18 0.3145124 
836 36 11 15 0.3083191 
427 60 13 18 0.3002109 
508 0 13 14 0.29716685 
226 68 16 21 0.27918607 
1004 22 12 16 0.27137992 
431 80 15 19 0.2702696 
590 0 13 13 0.26094538 
584 45 12 15 0.25716278 
546 77 13 16 0.21661125 
39 77 10 13 0.20825344 
877 18 11 13 0.19616617 
548 1 14 17 0.18499912 
234 64 18 24 0.17871954 
492 29 11 14 0.17498797 
455 45 14 17 0.17189524 
15 64 11 13 0.16506477 
123 58 14 17 0.16282257 
421 58 15 23 0.15769787 
382 63 15 23 0.14515579 
389 33 11 15 0.14485934 
489 34 12 15 0.13916306 
785 38 11 14 0.13701074 
9 75 19 25 0.1363206 
792 539 27 28 0.13145961 
641 14 11 14 0.13038 
833 42 11 14 0.12837154 
387 81 14 20 0.12806228 
588 49 11 13 0.12495609 
754 37 12 16 0.12283948 
741 6 11 13 0.11983154 
20 70 14 17 0.11901505 
494 23 11 13 0.118005075 
527 34 13 15 0.11462958 
456 38 12 15 0.11456899 
892 31 10 14 0.11363726 
805 62 9 11 0.1050811 
445 38 11 14 0.104998484 
446 52 21 26 0.10326151 
982 33 15 20 0.09972676 
151 73 15 22 0.09720963 
320 44 8 10 0.09654793 
845 125 10 14 0.09434503 
803 21 11 13 0.08876406 
672 51 13 18 0.08799726 
1001 76 11 14 0.087324694 
52 61 13 17 0.08704315 
132 57 20 25 0.08449578 
445 46 12 14 0.08272148 
627 81 15 18 0.08236591 
757 30 10 13 0.08211798 
347 61 15 19 0.08208318 
599 41 11 16 0.07935314 
699 8 15 18 0.07814702 
904 29 10 14 0.07780156 
1005 15 11 14 0.07765324 
517 60 13 16 0.07647896 
146 62 15 23 0.07545223 
788 43 10 13 0.07443414 
345 87 17 22 0.0741644 
500 23 11 14 0.073712386 
792 53 9 12 0.073417075 
601 32 16 20 0.07328905 
758 -1 10 9 0.073027395 
800 69 9 12 0.07099476 
595 61 19 25 0.07051094 
386 70 16 23 0.070415854 
356 52 20 25 0.070120715 
970 24 16 22 0.06941296 
676 530 15 19 0.069356754 
424 52 12 17 0.069038756 
367 75 13 20 0.06841066 
822 54 8 10 0.06834887 
896 193 17 18 0.06679845 
532 37 16 20 0.06534759 
558 4 14 18 0.065223075 
51 64 21 26 0.064546466 
810 35 9 14 0.06351803 
334 65 24 35 0.063306004 
421 46 10 13 0.06323796 
360 23 8 11 0.06237797 
658 42 12 17 0.060313698 
804 70 9 11 0.057541788 
814 42 12 15 0.0572915 
543 1 12 14 0.05718889 
327 54 11 14 0.05578073 
913 43 10 14 0.055443473 
341 96 24 31 0.0546294 
815 0 10 9 0.053938292 
383 87 14 19 0.05387477 
81 56 18 21 0.05362083 
389 43 12 15 0.053446975 
585 11 15 19 0.052385043 
950 4 10 12 0.05202527 
893 60 10 12 0.051998086 
229 71 20 27 0.051196817 
456 33 10 12 0.0509692 
429 62 19 27 0.050557163 
536 0 9 11 0.05007484 
799 16 11 12 0.049971472 
647 21 14 17 0.04935857 
834 31 11 13 0.049077727 
854 37 11 14 0.04893308 
645 7 13 15 0.04892879 
478 59 12 16 0.04811986 
584 36 12 17 0.04782756 
171 61 16 22 0.04751203 
273 59 10 14 0.047473915 
488 22 12 14 0.047140036 
366 0 8 8 0.046532176 
443 64 15 21 0.04609194 
76 52 17 20 0.045891445 
838 1 10 11 0.04572973 
735 5 12 15 0.045643777 
699 17 14 17 0.0450016 
807 29 12 16 0.044820767 
976 54 9 13 0.044458833 
10 87 14 20 0.044388816 
342 0 7 9 0.04366932 
210 333 9 12 0.043216437 
558 54 11 15 0.04298903 
332 53 12 16 0.042803165 
758 51 11 14 0.04231087 
562 9 15 17 0.04198552 
533 136 14 17 0.04122506 
856 26 19 24 0.041080356 
793 59 9 13 0.040627796 
351 251 14 16 0.040598534 
431 0 9 8 0.040404264 
816 51 10 12 0.040151104 
344 22 9 11 0.0397311 
915 9 12 16 0.03952759 
5 96 15 19 0.039199747 
415 52 12 17 0.038933344 
106 80 14 18 0.03882838 
537 71 18 23 0.038511474 
325 0 9 10 0.038301066 
652 15 14 17 0.03820847 
437 58 13 19 0.03817136 
798 35 11 14 0.03808076 
334 80 26 35 0.03779335 
823 64 9 11 0.037527032 
374 75 19 27 0.037483044 
903 126 13 21 0.037339397 
527 62 12 16 0.037137687 
800 63 9 11 0.036845937 
367 28 9 12 0.036302216 
759 3 11 12 0.036255784 
847 38 10 13 0.035801664 
800 27 10 14 0.035546463 
360 0 9 9 0.03532321 
366 6 9 12 0.035256267 
599 15 14 17 0.03482152 
422 15 9 11 0.03473362 
8 67 12 14 0.034646686 
429 22 8 11 0.03457544 
453 12 12 14 0.034277923 
884 188 23 25 0.034043297 
911 51 10 15 0.03393606 
819 6 11 13 0.03372533 
391 22 8 11 0.033703554 
0 99 10 17 0.033583984 
424 21 9 11 0.03337077 
314 40 9 10 0.033267133 
461 3 9 11 0.033085015 
862 0 11 11 0.033022366 
781 22 10 12 0.03291789 
692 20 13 18 0.032883216 
550 27 15 18 0.03276279 
796 136 15 19 0.032584257 
784 50 11 13 0.03202751 
491 41 14 19 0.03184867 
43 75 12 17 0.03161262 
872 15 12 15 0.031491905 
367 12 9 11 0.031426843 
997 167 10 13 0.031357992 
820 0 9 9 0.031351585 
717 24 15 20 0.03130947 
799 55 9 11 0.031089747 
790 12 10 12 0.030865839 
407 61 14 19 0.030733649 
328 59 12 15 0.030623723 
699 29 14 19 0.030562852 
818 35 12 16 0.030530816 
676 110 16 21 0.03034839 
365 23 9 12 0.030299583 
438 0 9 9 0.030087143 
128 98 13 17 0.029969836 
610 22 13 16 0.02971317 
501 52 13 18 0.029523974 
880 7 10 12 0.029402157 
396 33 11 15 0.029365774 
597 197 13 16 0.029245708 
710 79 16 21 0.029105347 
285 6 9 10 0.028716933 
993 124 25 39 0.028617097 
623 90 14 16 0.028502623 
456 5 10 12 0.028468894 
370 54 15 21 0.028303042 
439 14 9 12 0.028122688 
700 33 19 25 0.028121179 
1001 59 9 11 0.027958402 
389 51 12 17 0.027805142 
896 117 24 37 0.027743613 
726 8 12 14 0.027612861 
487 54 16 20 0.027563514 
792 67 12 16 0.02753489 
735 1 10 11 0.027190767 
626 36 13 17 0.02704199 
374 65 14 22 0.026980031 
325 28 11 13 0.026891569 
393 65 15 19 0.02687398 
120 153 9 12 0.026610233 
509 20 11 15 0.026488537 
508 57 15 18 0.02645447 
805 -1 11 11 0.026303057 
903 1 10 11 0.026299004 
21 92 14 19 0.026008815 
2 83 11 16 0.02597503 
53 56 11 13 0.025876004 
589 30 11 14 0.025593774 
965 148 10 14 0.025400331 
913 6 10 13 0.025335979 
346 69 17 25 0.025274886 
156 143 11 15 0.025176361 
342 60 14 18 0.025153289 
915 125 16 23 0.025041273 
905 145 12 19 0.025029358 
733 10 12 16 0.025016315 
381 53 11 16 0.024819782 
894 24 9 11 0.02475121 
833 4 12 14 0.024574688 
841 63 9 11 0.024403397 
154 65 18 25 0.02439799 
250 71 21 26 0.024376782 
878 63 8 10 0.024205897 
423 7 9 10 0.024074124 
836 130 25 37 0.024000898 
145 135 19 24 0.023953024 
355 72 15 20 0.023943717 
28 149 26 28 0.02392091 
27 70 13 17 0.02385405 
440 138 24 36 0.023656793 
805 54 10 13 0.023514016 
978 20 12 16 0.02344619 
673 45 17 19 0.023419073 
394 81 14 19 0.02334684 
0 68 9 13 0.023210227 
603 43 14 17 0.02312291 
547 49 13 17 0.023105843 
70 56 16 20 0.023015354 
277 69 12 16 0.022841515 
567 54 14 19 0.022797763 
883 141 11 18 0.022779936 
279 2 8 9 0.022689264 
823 318 13 16 0.022565104 
858 20 12 15 0.022467807 
879 145 12 20 0.022161974 
342 4 8 11 0.022151172 
690 91 22 31 0.022049017 
778 27 11 14 0.021881714 
342 32 18 22 0.021789787 
903 135 21 32 0.021743795 
603 80 12 17 0.021720408 
868 0 10 10 0.021676077 
790 28 12 16 0.021551687 
486 13 11 15 0.021479443 
878 68 9 11 0.021403706 
647 72 18 22 0.021375997 
446 0 10 9 0.021297626 
584 2 14 16 0.021281308 
182 63 13 18 0.021236626 
657 49 18 24 0.021235881 
971 30 22 28 0.021150969 
889 60 9 11 0.02105785 
436 69 21 26 0.021039026 
909 29 12 16 0.020907901 
758 24 10 12 0.020879978 
156 55 18 25 0.020853354 
942 21 9 11 0.020810783 
815 23 10 13 0.020767929 
475 52 13 18 0.020656606 
532 30 13 17 0.020635117 
645 38 19 24 0.020535108 
903 108 13 18 0.020447154 
753 -8 23 23 0.020430181 
441 43 12 15 0.02041804 
749 6 10 12 0.020411765 
763 53 11 13 0.020394707 
282 74 14 18 0.020221358 
438 6 9 11 0.020159451 
845 61 9 12 0.020155355 
456 1 10 10 0.02014939 
651 5 12 15 0.020144718 
591 -1 19 20 0.020091277 
848 122 41 48 0.020090109 
376 7 9 10 0.02008253 
576 71 18 24 0.020042803 
1003 16 20 27 0.020012902 
