39_Ice_Skating_iceskiing_39_354
38
422 572 134 227 0.19988178 
747 799 22 39 0.12872264 
398 468 22 41 0.12872264 
675 481 200 305 0.115646794 
457 23 212 328 0.09803478 
779 586 13 20 0.074940585 
894 774 53 94 0.07244435 
76 86 95 159 0.05874174 
211 557 186 314 0.053832814 
424 24 51 75 0.051466707 
296 337 197 305 0.045153897 
565 530 34 47 0.04326818 
624 492 60 93 0.039651502 
78 129 61 94 0.039651502 
353 446 5 8 0.035808332 
354 442 5 7 0.032933712 
773 587 13 20 0.032933712 
262 144 30 44 0.030461596 
401 438 8 12 0.030282615 
303 606 126 217 0.028921604 
157 143 109 169 0.028921604 
56 195 26 42 0.027884193 
753 785 27 42 0.027884193 
775 577 21 35 0.027884193 
885 742 60 87 0.027884185 
356 442 5 8 0.027838783 
233 176 23 38 0.025519116 
605 706 53 91 0.023349825 
178 105 28 42 0.023349825 
107 288 246 338 0.022069868 
339 591 200 292 0.022069868 
250 128 53 78 0.021360904 
72 174 28 46 0.021360898 
577 626 55 87 0.021360898 
450 493 24 36 0.021360898 
454 487 188 292 0.020159906 
225 307 121 159 0.0201599 
110 118 97 157 0.0201599 
