39_Ice_Skating_Ice_Skating_39_793
66
550 442 212 538 0.99488646 
156 596 83 188 0.99129593 
334 850 249 755 0.6135702 
280 51 302 623 0.56891036 
507 40 235 596 0.5 
825 120 203 522 0.4085711 
-57 351 235 671 0.3864298 
200 199 163 579 0.30317584 
450 438 215 570 0.17193556 
369 290 225 605 0.15916684 
262 374 128 477 0.1254451 
264 1003 225 642 0.1254451 
529 994 235 562 0.115646794 
73 542 116 298 0.064067975 
-6 1035 235 701 0.05874174 
729 271 246 651 0.05874174 
654 1053 33 71 0.051466707 
242 283 71 268 0.051466707 
473 572 54 188 0.051466707 
836 971 39 69 0.051466707 
252 546 218 623 0.04931264 
381 635 269 712 0.04931264 
181 435 228 579 0.045153886 
667 31 222 507 0.045153886 
574 1059 34 64 0.04326818 
662 1138 53 145 0.04326818 
-64 874 225 499 0.04133061 
272 266 225 642 0.04133061 
47 621 57 150 0.039651502 
268 410 80 264 0.036325652 
681 479 215 538 0.034593605 
846 584 180 570 0.034593593 
882 84 34 87 0.033269096 
86 57 58 164 0.033269096 
820 948 69 112 0.033269096 
430 942 261 478 0.03163486 
258 193 170 464 0.03163486 
454 469 116 383 0.03163486 
343 96 151 437 0.03163486 
647 1011 56 124 0.030461596 
82 929 235 605 0.028921604 
175 916 253 562 0.028921604 
643 1059 57 145 0.027884193 
561 1144 134 345 0.02643471 
29 597 116 311 0.026434705 
565 1244 75 211 0.025519116 
569 -115 225 562 0.024156325 
46 427 194 522 0.024156325 
792 952 61 158 0.023349825 
307 1134 69 158 0.023349825 
465 914 64 158 0.023349825 
562 1042 56 107 0.023349825 
3 558 50 150 0.023349825 
705 87 28 64 0.023349825 
459 479 71 191 0.023349825 
64 562 65 164 0.023349825 
640 509 160 418 0.022069868 
432 1148 75 181 0.021360904 
-4 1166 59 175 0.021360898 
29 600 53 155 0.021360898 
306 72 27 69 0.021360898 
694 1110 70 158 0.021360898 
787 95 58 158 0.021360898 
697 174 35 92 0.021360898 
199 453 34 80 0.021360898 
-18 1229 138 345 0.0201599 
