39_Ice_Skating_Ice_Skating_39_504
43
617 226 32 38 0.99706453 
407 158 35 45 0.99614596 
174 216 33 44 0.9927347 
941 156 14 18 0.99080336 
102 180 13 15 0.9641916 
986 170 10 11 0.7388364 
689 135 9 12 0.7388364 
183 87 191 206 0.56891036 
627 132 8 9 0.5 
902 138 13 16 0.19995552 
355 204 56 82 0.1753677 
884 183 78 68 0.118850335 
279 -9 203 206 0.115646794 
350 151 8 9 0.08117401 
862 0 58 60 0.07244435 
984 167 9 10 0.06377564 
255 124 7 8 0.06377564 
322 385 253 222 0.05874174 
874 158 25 35 0.056098126 
544 400 235 239 0.04133062 
19 268 235 186 0.04133061 
859 146 203 235 0.03781825 
197 476 71 87 0.033269096 
990 167 9 11 0.030282615 
597 259 235 257 0.028921604 
106 -10 249 257 0.028921604 
821 476 32 33 0.027884193 
877 169 28 39 0.027884193 
612 148 6 8 0.027838783 
69 338 209 253 0.026434705 
988 165 7 8 0.02558696 
899 140 9 11 0.02558696 
896 148 26 27 0.025519116 
858 474 64 64 0.025519116 
857 143 46 54 0.025519116 
106 237 114 151 0.024156325 
366 -2 209 197 0.022069868 
281 134 6 7 0.0216032 
106 178 10 11 0.021603195 
622 132 8 9 0.021603195 
908 142 9 12 0.021603195 
778 1 59 72 0.021360898 
138 181 235 249 0.0201599 
