39_Ice_Skating_iceskiing_39_276
29
509 228 21 27 0.96107626 
500 247 8 11 0.19995552 
466 258 36 44 0.1753677 
350 274 92 106 0.15056497 
460 353 21 37 0.10106142 
49 25 119 155 0.09803478 
330 180 6 9 0.04990379 
453 238 60 68 0.04326818 
754 288 34 34 0.033269096 
466 278 17 23 0.03293372 
484 240 8 10 0.03293372 
317 218 134 186 0.03163486 
491 258 28 37 0.030461604 
492 286 17 23 0.030282615 
500 240 15 20 0.030282615 
316 28 29 41 0.027884185 
713 493 60 68 0.027884185 
1004 622 15 27 0.02558696 
489 194 5 7 0.02558696 
456 342 13 21 0.02558696 
853 56 29 37 0.025519116 
494 247 12 18 0.02351288 
450 337 40 61 0.023349825 
558 262 7 10 0.021603195 
562 257 7 10 0.021603195 
851 566 26 34 0.021360898 
450 338 24 37 0.021360898 
34 569 253 249 0.020159906 
813 53 107 144 0.0201599 
