39_Ice_Skating_Ice_Skating_39_495
17
282 193 91 198 0.98046196 
350 655 121 423 0.26558137 
160 301 253 449 0.15916686 
431 33 215 521 0.115646794 
397 293 212 640 0.1065206 
246 -21 239 650 0.06984133 
367 1014 94 339 0.06984133 
257 526 222 622 0.064067975 
498 80 123 344 0.04931264 
335 63 212 470 0.04133061 
534 54 89 223 0.039651494 
367 220 68 209 0.033269096 
341 867 178 569 0.03163486 
337 514 222 506 0.03163486 
657 879 33 76 0.030461604 
408 436 55 143 0.027884193 
573 576 119 306 0.0201599 
