39_Ice_Skating_iceskiing_39_696
22
363 211 25 27 0.9721158 
607 252 29 31 0.8607147 
361 261 57 86 0.10106142 
693 -15 228 294 0.09015675 
786 176 228 277 0.05874174 
357 338 13 18 0.04229837 
339 277 28 35 0.039651494 
571 355 24 26 0.036325645 
304 272 22 31 0.033269096 
387 421 13 14 0.03293372 
336 268 47 57 0.027884185 
353 331 13 16 0.027838778 
594 250 49 48 0.025519116 
249 407 265 191 0.024156325 
157 144 13 16 0.02351288 
355 318 16 20 0.02351288 
10 544 128 167 0.022069868 
310 430 123 132 0.022069868 
356 341 25 28 0.021360904 
329 431 31 42 0.021360898 
594 253 28 31 0.021360898 
559 182 104 155 0.0201599 
