39_Ice_Skating_Ice_Skating_39_682
20
291 138 91 149 0.9964803 
708 41 235 451 0.71599656 
249 98 239 401 0.1065206 
46 60 218 438 0.090156734 
732 203 27 47 0.08567616 
788 114 132 298 0.06984133 
807 1038 34 74 0.039651494 
917 322 25 59 0.039651494 
752 190 26 49 0.036325645 
651 431 246 485 0.034593593 
315 676 261 458 0.03163486 
740 904 232 401 0.03163486 
101 188 24 49 0.030461604 
111 130 124 294 0.028921604 
414 95 277 507 0.028921604 
608 614 31 72 0.027884193 
166 24 228 493 0.024156325 
798 1019 63 107 0.023349825 
374 594 61 113 0.023349825 
595 595 56 123 0.021360904 
