39_Ice_Skating_iceskiing_39_416
79
396 264 70 86 0.9996979 
536 478 26 32 0.32552502 
268 593 25 27 0.2032784 
267 558 19 22 0.15017675 
217 1 209 281 0.14717786 
524 358 225 277 0.1065206 
869 140 65 81 0.09308395 
844 148 25 36 0.09308393 
139 362 232 285 0.076092646 
851 151 31 42 0.06111947 
834 149 21 33 0.06111947 
570 72 242 290 0.05874174 
763 445 246 273 0.05874174 
790 520 7 10 0.054176662 
851 177 75 58 0.051466707 
490 460 225 290 0.04931264 
393 6 235 281 0.04931264 
851 144 53 64 0.047198545 
684 40 8 10 0.045951538 
787 7 191 265 0.045153886 
477 205 232 303 0.045153886 
165 459 29 37 0.04326818 
293 576 11 15 0.04229837 
242 66 119 163 0.04133061 
169 447 29 34 0.039651502 
684 37 6 7 0.038923774 
203 292 273 312 0.03781825 
76 228 228 273 0.03781825 
400 407 80 81 0.036325645 
263 458 31 31 0.033269096 
123 455 50 69 0.033269096 
107 363 62 82 0.033269096 
80 342 70 91 0.033269096 
689 388 19 25 0.03293372 
362 242 89 123 0.03163486 
408 379 235 317 0.03163486 
663 400 225 232 0.03163486 
5 577 47 66 0.030461596 
878 158 32 40 0.030461596 
267 600 8 10 0.030282615 
690 37 5 6 0.030282615 
139 456 24 33 0.027884185 
132 336 6 7 0.027838783 
555 63 5 6 0.027838783 
843 122 9 10 0.027838783 
119 361 6 7 0.027838783 
584 448 253 285 0.02643471 
22 183 114 109 0.026434705 
-16 365 109 127 0.026434705 
484 -22 197 246 0.026434705 
289 564 15 19 0.02558696 
663 47 7 8 0.02558696 
733 502 8 8 0.02558696 
688 41 6 8 0.02558696 
813 141 49 62 0.025519116 
231 100 73 113 0.025519116 
826 145 21 31 0.025519116 
673 -15 197 285 0.024156325 
844 143 14 22 0.02351288 
704 479 17 19 0.02351288 
869 138 12 15 0.02351288 
166 403 12 15 0.02351288 
812 196 15 19 0.02351288 
264 599 16 20 0.02351288 
291 593 7 10 0.02351288 
9 20 64 88 0.023349825 
842 117 22 27 0.023349825 
856 193 46 34 0.023349825 
879 88 136 153 0.022069868 
788 513 5 7 0.021603195 
788 516 6 8 0.021603195 
298 619 7 8 0.021603195 
881 490 8 10 0.021603195 
141 460 16 19 0.021603195 
528 465 44 50 0.021360904 
149 450 24 31 0.021360898 
154 457 26 35 0.021360898 
-27 32 206 257 0.020159906 
849 101 103 130 0.0201599 
