39_Ice_Skating_Ice_Skating_39_794
79
395 176 265 835 0.73441863 
525 230 134 443 0.5 
443 230 146 505 0.2840034 
517 775 191 521 0.24794048 
192 1171 69 127 0.188928 
6 1033 183 537 0.17193554 
285 726 25 69 0.12872264 
368 684 49 155 0.12872262 
569 284 86 268 0.118850335 
387 502 183 521 0.115646794 
35 953 28 77 0.109639935 
99 824 232 545 0.1065206 
265 871 212 604 0.1065206 
11 461 200 553 0.09803478 
689 967 34 79 0.09308395 
329 950 12 33 0.08787667 
55 1035 22 59 0.08787667 
582 878 117 315 0.08285364 
566 936 13 34 0.074940585 
774 991 151 376 0.06984133 
413 672 69 215 0.06655857 
681 516 12 29 0.06377564 
816 641 8 20 0.05879275 
919 992 78 194 0.051466707 
169 808 6 17 0.04990379 
75 848 153 405 0.04931264 
584 1270 39 97 0.047198545 
178 465 225 613 0.045153897 
77 1069 26 70 0.04326818 
179 815 5 16 0.04229837 
679 504 14 29 0.04229837 
136 942 117 344 0.04133061 
85 503 212 569 0.04133061 
329 1027 63 148 0.039651502 
977 1025 43 145 0.039651502 
808 934 222 491 0.03781825 
44 997 29 84 0.036325652 
656 957 58 155 0.036325652 
750 509 13 35 0.035808332 
766 383 281 586 0.034593605 
410 901 21 65 0.03293372 
347 810 9 25 0.032933712 
161 839 7 18 0.032933712 
684 797 70 181 0.030461596 
176 1090 97 228 0.028921604 
681 990 33 84 0.027884193 
547 544 61 169 0.027884185 
41 1078 69 153 0.027884185 
187 813 6 17 0.027838783 
158 819 5 15 0.027838783 
318 1050 124 344 0.026434705 
133 822 5 13 0.02558696 
173 695 8 24 0.02558696 
354 914 64 127 0.025519116 
671 877 281 569 0.024156325 
182 842 6 18 0.02351288 
157 815 5 13 0.02351288 
391 683 61 178 0.023349825 
21 936 46 122 0.023349825 
186 1191 37 82 0.023349825 
676 912 57 145 0.023349825 
358 946 38 66 0.023349825 
601 1039 49 145 0.023349825 
65 1052 51 127 0.023349825 
46 1062 35 94 0.023349825 
204 1156 41 87 0.023349825 
662 671 60 153 0.023349825 
312 654 212 470 0.022069868 
24 596 117 325 0.022069868 
704 979 19 52 0.021603195 
117 1172 15 41 0.021603195 
407 723 20 57 0.021603195 
868 580 8 21 0.021603195 
166 1462 32 71 0.021360904 
576 1228 62 158 0.021360898 
953 1044 31 102 0.021360898 
416 605 228 595 0.020159906 
790 511 132 350 0.0201599 
719 542 104 260 0.0201599 
