39_Ice_Skating_iceskiing_39_349
42
816 284 46 63 0.99047405 
638 297 33 61 0.9695384 
244 222 132 228 0.59142894 
404 260 94 160 0.3864298 
747 391 37 46 0.268611 
596 270 30 54 0.268611 
738 518 269 372 0.24794048 
525 513 225 253 0.15916684 
419 290 59 97 0.118850335 
-21 45 246 366 0.115646794 
269 282 76 106 0.07244435 
168 249 188 281 0.064067975 
623 308 50 78 0.056098126 
367 -51 215 316 0.053832814 
603 278 42 62 0.051466707 
540 369 103 162 0.04931264 
154 93 222 316 0.04133061 
721 542 47 69 0.039651502 
620 281 44 65 0.039651494 
283 143 34 46 0.039651494 
432 307 15 21 0.038923774 
39 164 225 335 0.03781825 
489 491 28 37 0.036325652 
727 622 26 32 0.036325652 
424 305 30 53 0.033269096 
862 655 40 44 0.033269096 
834 268 20 26 0.032933712 
536 323 12 22 0.032933712 
595 263 22 40 0.030461596 
596 260 12 23 0.030282615 
-11 -39 197 289 0.026434705 
213 304 55 88 0.025519116 
742 351 53 82 0.025519116 
347 205 170 249 0.024156325 
254 591 140 136 0.024156325 
757 403 23 28 0.02351288 
49 301 14 19 0.02351288 
611 610 95 104 0.023349825 
310 407 253 261 0.022069868 
715 572 51 69 0.021360904 
525 610 31 40 0.021360898 
252 304 51 79 0.021360898 
