39_Ice_Skating_iceskiing_39_138
159
292 204 55 74 0.9567318 
818 195 42 92 0.8607147 
27 119 32 45 0.73138905 
388 453 35 54 0.43212515 
622 763 71 117 0.43212515 
1 318 17 35 0.33330244 
41 157 35 73 0.30585766 
358 742 27 48 0.30585766 
413 409 31 44 0.21842524 
377 768 32 55 0.21842524 
101 226 28 42 0.21842523 
354 395 24 42 0.2032784 
751 552 206 341 0.19988178 
33 269 24 44 0.16258556 
420 543 23 38 0.15056497 
471 553 54 106 0.15056497 
725 111 70 130 0.13928533 
29 572 242 401 0.12544508 
84 158 18 38 0.11991897 
42 561 15 27 0.11991897 
277 214 51 89 0.118850335 
27 125 44 78 0.109639935 
703 310 25 43 0.10106142 
97 502 62 123 0.09308395 
53 809 25 44 0.09308393 
728 339 203 336 0.09015675 
569 116 111 200 0.09015675 
251 234 25 46 0.08567616 
591 96 79 97 0.07880669 
369 754 30 48 0.07880669 
286 303 101 222 0.076092646 
760 435 126 178 0.076092646 
257 220 43 78 0.072444364 
21 180 45 83 0.07244435 
95 326 55 86 0.07244435 
394 368 212 356 0.06984133 
805 212 124 222 0.06984133 
855 345 30 52 0.06655858 
281 176 25 51 0.06655858 
563 88 73 97 0.06655857 
778 427 67 89 0.06655857 
301 182 37 71 0.06655857 
212 257 54 80 0.06111947 
301 78 209 312 0.05874174 
805 161 95 160 0.05874174 
236 235 46 75 0.056098126 
262 243 8 15 0.054176662 
602 339 225 341 0.053832818 
609 120 172 336 0.053832818 
26 228 21 41 0.051466707 
388 447 55 92 0.051466707 
76 163 29 56 0.051466707 
406 423 31 50 0.051466707 
693 99 107 239 0.04931264 
231 257 32 51 0.047198545 
231 281 29 44 0.047198545 
381 853 34 50 0.047198545 
382 751 29 47 0.047198545 
590 186 116 209 0.045153897 
381 134 126 189 0.045153897 
400 437 35 60 0.04326818 
355 137 31 47 0.04326818 
364 508 30 48 0.04326818 
261 372 70 119 0.04326818 
409 524 48 73 0.04326818 
371 803 63 89 0.04326818 
348 374 40 76 0.039651502 
276 182 46 76 0.039651494 
312 378 59 106 0.036325652 
711 546 75 85 0.036325652 
63 468 27 43 0.036325652 
236 240 29 46 0.036325652 
23 254 41 70 0.036325652 
56 151 43 86 0.036325652 
114 503 34 50 0.036325645 
277 254 20 36 0.035808332 
706 309 15 28 0.035808332 
411 550 19 31 0.035808332 
781 171 27 48 0.033269096 
844 325 51 82 0.033269096 
378 186 71 113 0.033269096 
385 527 56 94 0.033269096 
18 277 27 57 0.033269096 
36 768 60 97 0.033269096 
33 446 15 25 0.03293372 
0 131 7 17 0.032933712 
389 454 21 34 0.032933712 
256 237 14 25 0.032933712 
231 307 35 55 0.030461604 
484 347 60 104 0.030461596 
378 767 51 89 0.030461596 
143 444 25 52 0.030461596 
84 183 43 73 0.030461596 
554 124 59 85 0.030461596 
143 419 50 101 0.030461596 
283 185 97 127 0.028921604 
451 513 93 160 0.028921604 
41 207 56 91 0.027884193 
-3 296 39 74 0.027884193 
695 97 74 132 0.027884193 
400 566 48 88 0.027884185 
160 400 51 92 0.027884185 
401 385 50 73 0.027884185 
754 259 56 82 0.027884185 
468 402 14 22 0.027838783 
28 268 19 31 0.02558696 
246 237 17 32 0.02558696 
102 208 20 33 0.02558696 
177 378 8 15 0.02558696 
445 108 68 123 0.025519116 
603 338 34 56 0.025519116 
83 148 49 78 0.025519116 
331 397 29 50 0.025519116 
409 590 29 52 0.025519116 
571 128 68 119 0.025519116 
789 429 41 54 0.025519116 
793 454 69 108 0.025519116 
118 482 25 42 0.025519116 
88 487 29 43 0.025519116 
101 494 31 45 0.025519116 
258 154 191 331 0.024156325 
34 91 209 378 0.024156325 
22 124 24 33 0.02351288 
423 431 20 35 0.02351288 
840 704 18 39 0.02351288 
390 780 19 35 0.02351288 
6 271 28 58 0.023349825 
755 144 38 55 0.023349825 
395 485 54 94 0.023349825 
211 218 27 39 0.023349825 
804 674 64 96 0.023349825 
559 145 36 53 0.023349825 
493 463 73 94 0.023349825 
59 454 25 39 0.023349825 
444 425 25 37 0.023349825 
623 746 112 197 0.022069868 
505 135 197 326 0.022069868 
511 352 215 341 0.022069868 
128 468 218 326 0.022069868 
265 245 8 15 0.0216032 
405 553 15 27 0.021603195 
161 470 17 29 0.021603195 
427 553 21 36 0.021603195 
284 177 6 12 0.021603195 
476 404 8 13 0.021603195 
131 372 53 96 0.021360904 
11 200 42 82 0.021360904 
187 415 62 83 0.021360904 
115 458 51 85 0.021360904 
88 219 50 69 0.021360904 
19 181 26 50 0.021360898 
96 282 64 96 0.021360898 
74 475 27 43 0.021360898 
553 729 62 110 0.021360898 
499 553 49 102 0.021360898 
367 662 117 178 0.0201599 
751 133 107 206 0.0201599 
361 489 107 197 0.0201599 
689 475 140 170 0.0201599 
