39_Ice_Skating_iceskiing_39_941
33
744 488 67 122 0.9211933 
589 706 61 122 0.109639935 
212 946 34 59 0.08567616 
557 167 17 39 0.08117401 
501 741 206 455 0.076092646 
581 332 242 520 0.064067975 
550 856 121 280 0.05874174 
193 792 36 64 0.056098126 
484 344 56 125 0.047198545 
204 921 65 90 0.047198545 
589 737 37 72 0.047198545 
694 824 197 429 0.03781825 
308 448 63 136 0.036325652 
223 990 67 125 0.033269096 
636 942 67 150 0.033269096 
560 162 10 19 0.032933712 
177 752 60 111 0.030461604 
466 309 28 60 0.030461604 
283 809 57 105 0.027884185 
502 334 28 64 0.027884185 
666 502 70 129 0.027884185 
558 168 7 16 0.027838778 
724 487 107 211 0.026434705 
591 619 80 127 0.025519116 
303 884 49 107 0.023349825 
310 1006 61 103 0.023349825 
11 772 209 476 0.022069868 
384 892 239 411 0.022069868 
718 563 18 43 0.021603195 
547 778 73 131 0.021360898 
317 936 28 60 0.021360898 
246 210 232 429 0.0201599 
292 949 235 417 0.0201599 
