39_Ice_Skating_Ice_Skating_39_463
425
801 751 8 14 0.64717066 
966 773 9 15 0.5858033 
700 706 7 12 0.56463194 
782 736 94 181 0.4085711 
541 711 6 10 0.3728605 
836 738 9 16 0.35282937 
816 760 15 23 0.33330244 
586 712 8 12 0.31433135 
900 732 12 20 0.29596066 
514 702 7 12 0.22912635 
957 725 9 14 0.22912635 
553 705 5 8 0.19995552 
613 704 6 11 0.19995552 
475 698 7 12 0.1864517 
728 675 5 8 0.17366187 
421 702 6 10 0.17366187 
580 675 6 11 0.17366186 
953 762 44 116 0.16258557 
840 746 23 37 0.16258556 
857 674 7 12 0.16157512 
414 644 6 9 0.15017675 
404 701 6 11 0.15017675 
557 702 6 10 0.15017675 
430 679 6 10 0.15017675 
831 761 9 14 0.15017675 
326 587 28 50 0.13928533 
184 596 232 445 0.13594593 
335 681 9 14 0.1293704 
910 757 12 21 0.1293704 
408 641 5 8 0.11991897 
405 663 6 9 0.111069925 
788 665 7 13 0.111069925 
387 660 5 7 0.10279763 
474 635 4 9 0.10279763 
656 688 6 9 0.10279763 
833 756 15 24 0.10279763 
413 641 5 9 0.102797605 
370 664 5 9 0.102797605 
265 110 285 373 0.09803478 
505 651 9 16 0.09507551 
384 644 5 9 0.09507551 
618 679 5 9 0.09507551 
120 28 76 129 0.09308395 
715 668 6 10 0.08787667 
749 672 13 21 0.08787667 
412 685 6 10 0.08787667 
516 693 5 9 0.08787667 
367 664 5 9 0.08117401 
435 636 4 7 0.08117401 
493 708 6 12 0.08117401 
630 680 5 9 0.08117401 
615 706 6 11 0.08117401 
759 663 6 10 0.08117401 
380 660 3 7 0.08117401 
850 677 8 12 0.074940585 
404 658 6 9 0.074940585 
461 636 5 8 0.074940585 
639 688 6 10 0.074940585 
422 645 4 8 0.07494057 
920 689 5 9 0.069149815 
608 703 7 13 0.069149815 
472 647 5 9 0.0691498 
512 702 6 10 0.0691498 
782 661 12 21 0.06377564 
677 657 6 9 0.06377564 
510 698 6 10 0.06377564 
844 708 24 40 0.06111947 
615 669 6 10 0.05879275 
429 662 5 8 0.05879275 
476 693 6 10 0.05879275 
447 650 5 9 0.05879275 
890 675 5 8 0.05879275 
447 675 5 10 0.05879275 
778 661 7 11 0.05879275 
386 662 5 9 0.05879275 
469 647 5 9 0.05879275 
426 659 5 8 0.05879275 
74 7 215 396 0.05874174 
533 665 5 9 0.054176662 
416 650 5 8 0.054176662 
560 703 5 10 0.054176662 
391 657 4 8 0.054176662 
591 680 6 12 0.054176662 
399 646 5 8 0.054176662 
487 667 5 9 0.054176662 
851 756 19 36 0.054176662 
429 684 7 11 0.04990379 
476 646 5 8 0.04990379 
800 669 5 8 0.04990379 
472 710 7 12 0.04990379 
422 659 5 9 0.04990379 
587 667 6 10 0.04990379 
646 673 6 9 0.04990379 
392 674 6 10 0.04990379 
463 634 5 9 0.04990379 
428 691 7 11 0.04990379 
654 670 5 9 0.04990379 
383 660 4 7 0.04990379 
404 653 5 9 0.049903784 
541 706 4 8 0.049903784 
757 669 7 12 0.049903784 
393 68 83 133 0.047198545 
468 682 6 10 0.04595155 
536 699 4 7 0.04595155 
392 654 4 8 0.04595155 
651 672 6 10 0.04595155 
340 704 7 11 0.04595155 
471 692 6 10 0.04595155 
373 664 5 7 0.04595155 
426 697 6 10 0.04595155 
500 644 6 9 0.04595155 
434 638 5 9 0.045951538 
751 687 9 15 0.045951538 
533 710 5 8 0.045951538 
490 641 4 8 0.045951538 
230 615 12 21 0.045951538 
428 698 7 11 0.045951538 
183 381 188 373 0.045153886 
497 698 6 9 0.04229837 
437 655 6 10 0.04229837 
450 675 5 9 0.04229837 
411 709 5 9 0.04229837 
413 664 5 10 0.04229837 
694 694 5 8 0.04229837 
949 737 7 12 0.04229837 
533 698 5 8 0.04229837 
677 660 8 13 0.04229837 
472 696 7 11 0.04229837 
642 688 5 10 0.04229837 
686 669 5 9 0.04229837 
669 690 6 11 0.038923774 
509 693 6 9 0.038923774 
775 752 6 10 0.038923774 
424 702 6 11 0.038923774 
626 678 7 11 0.038923774 
451 651 6 10 0.038923774 
475 707 7 11 0.038923774 
760 674 6 11 0.038923774 
886 685 6 10 0.038923774 
476 652 6 10 0.038923774 
630 693 5 9 0.038923774 
426 652 5 8 0.038923774 
666 676 4 7 0.038923774 
524 645 7 11 0.038923774 
890 685 7 11 0.038923774 
712 658 5 9 0.038923774 
176 825 23 40 0.036325652 
394 788 30 52 0.036325645 
836 703 23 41 0.036325645 
500 705 6 11 0.035808332 
476 639 5 9 0.035808332 
442 656 6 10 0.035808332 
947 731 13 23 0.035808332 
796 753 9 14 0.035808332 
714 653 5 9 0.035808332 
533 734 6 10 0.035808332 
429 653 5 8 0.035808332 
829 591 6 11 0.035808332 
343 653 5 8 0.035808332 
413 704 5 8 0.035808332 
620 675 7 11 0.035808332 
587 679 6 12 0.035808332 
469 674 5 9 0.035808332 
444 673 5 10 0.035808332 
605 705 7 14 0.035808332 
891 672 4 7 0.035808332 
779 667 8 13 0.035808332 
637 703 6 11 0.035808332 
517 698 6 10 0.035808332 
373 668 5 8 0.035808332 
630 144 203 362 0.034593605 
536 711 5 9 0.03293372 
618 662 6 9 0.03293372 
496 706 7 13 0.03293372 
908 747 13 22 0.03293372 
473 611 4 8 0.03293372 
395 669 5 9 0.03293372 
430 701 7 12 0.03293372 
481 633 5 8 0.032933712 
384 650 4 8 0.032933712 
442 650 5 10 0.032933712 
590 668 6 10 0.032933712 
732 675 5 9 0.032933712 
434 656 5 9 0.032933712 
476 656 7 12 0.032933712 
792 671 6 11 0.032933712 
508 697 5 10 0.032933712 
745 675 12 22 0.032933712 
666 680 5 9 0.032933712 
502 651 7 13 0.032933712 
120 38 126 226 0.03163486 
796 406 44 77 0.030461596 
695 680 6 10 0.030282615 
834 690 6 10 0.030282615 
541 758 6 9 0.030282615 
950 747 14 23 0.030282615 
895 589 5 9 0.030282615 
892 589 5 8 0.030282615 
513 655 7 13 0.030282615 
798 687 5 9 0.030282615 
400 669 5 9 0.030282615 
460 668 5 9 0.030282615 
774 679 8 14 0.030282615 
410 637 4 8 0.030282615 
407 667 6 10 0.030282615 
651 685 6 10 0.030282615 
951 723 13 22 0.030282615 
506 648 6 11 0.030282615 
897 719 15 24 0.030282615 
480 693 5 9 0.030282615 
532 729 5 10 0.030282615 
856 665 5 8 0.030282615 
792 759 7 13 0.030282615 
537 714 6 10 0.030282615 
555 707 7 11 0.030282615 
511 685 6 10 0.030282615 
427 676 6 10 0.030282615 
345 675 5 9 0.030282615 
396 652 4 8 0.030282615 
361 664 5 9 0.027838783 
634 676 5 8 0.027838783 
588 652 5 8 0.027838783 
409 691 6 10 0.027838783 
634 692 6 9 0.027838783 
332 645 5 8 0.027838783 
405 646 5 8 0.027838783 
378 646 5 9 0.027838783 
416 677 5 9 0.027838783 
694 687 6 10 0.027838783 
407 652 5 8 0.027838783 
657 640 4 9 0.027838783 
575 691 6 11 0.027838783 
603 674 6 10 0.027838783 
426 639 5 8 0.027838783 
421 641 5 9 0.027838783 
669 705 5 9 0.027838783 
427 668 6 9 0.027838783 
922 691 6 10 0.027838783 
418 700 5 9 0.027838783 
457 641 5 8 0.027838783 
969 796 7 13 0.027838783 
541 699 4 7 0.027838783 
349 680 5 9 0.027838783 
725 659 5 9 0.027838783 
776 658 6 10 0.027838783 
396 664 5 9 0.027838778 
430 671 5 9 0.027838778 
746 674 6 11 0.027838778 
512 691 11 18 0.027838778 
470 686 7 12 0.027838778 
331 705 7 11 0.027838778 
627 647 5 8 0.027838778 
904 739 14 23 0.02558696 
625 692 6 9 0.02558696 
695 701 10 18 0.02558696 
490 714 6 10 0.02558696 
567 703 5 8 0.02558696 
664 686 5 9 0.02558696 
672 687 5 11 0.02558696 
485 693 6 10 0.02558696 
532 694 4 7 0.02558696 
623 692 5 9 0.02558696 
343 679 6 11 0.02558696 
532 715 5 9 0.02558696 
894 674 5 8 0.02558696 
655 683 6 11 0.02558696 
782 671 8 13 0.02558696 
465 682 5 8 0.02558696 
755 675 9 15 0.02558696 
682 680 5 9 0.02558696 
698 680 5 10 0.02558696 
626 686 6 10 0.02558696 
529 720 5 9 0.02558696 
668 669 6 10 0.02558696 
890 686 11 19 0.02558696 
430 635 4 8 0.02558696 
499 612 4 7 0.02558696 
328 583 4 7 0.02558696 
484 656 5 9 0.02558696 
583 670 7 12 0.02558696 
745 662 6 9 0.02558696 
787 659 8 13 0.02558696 
588 648 5 7 0.02558696 
456 675 5 9 0.02558696 
226 596 6 11 0.02558696 
391 663 5 9 0.02558696 
376 646 4 7 0.02558696 
460 674 5 9 0.02558696 
473 631 4 8 0.02558696 
718 673 7 10 0.02558696 
634 699 6 10 0.02558696 
595 682 7 11 0.02558696 
882 571 5 9 0.02558696 
387 652 4 8 0.02558696 
699 668 5 10 0.02558696 
425 646 6 9 0.02558696 
443 662 4 8 0.02558696 
395 657 4 8 0.02558696 
836 622 7 13 0.02558696 
854 664 4 8 0.02558696 
482 651 6 10 0.02558696 
413 677 5 9 0.02558696 
955 757 20 29 0.025519116 
894 822 140 163 0.024156325 
369 673 6 10 0.02351288 
349 675 5 9 0.02351288 
380 669 4 8 0.02351288 
839 691 6 10 0.02351288 
495 694 5 9 0.02351288 
388 692 6 10 0.02351288 
591 663 5 8 0.02351288 
533 705 4 7 0.02351288 
956 750 8 13 0.02351288 
814 767 8 13 0.02351288 
686 653 5 9 0.02351288 
586 705 8 12 0.02351288 
552 699 7 12 0.02351288 
536 695 4 7 0.02351288 
563 685 4 8 0.02351288 
514 687 6 9 0.02351288 
455 687 6 11 0.02351288 
416 686 5 9 0.02351288 
551 702 10 16 0.02351288 
613 692 6 10 0.02351288 
698 686 5 9 0.02351288 
422 651 4 8 0.02351288 
401 662 6 11 0.02351288 
681 675 5 9 0.02351288 
468 713 6 11 0.02351288 
463 664 5 9 0.02351288 
591 658 5 9 0.02351288 
928 740 13 26 0.02351288 
861 707 13 26 0.02351288 
480 657 6 10 0.02351288 
550 658 5 9 0.02351288 
409 713 5 10 0.02351288 
711 662 6 10 0.02351288 
350 685 5 9 0.02351288 
421 635 4 7 0.02351288 
308 653 5 8 0.02351288 
579 646 4 7 0.02351288 
316 645 5 8 0.02351288 
481 640 5 8 0.02351288 
399 642 5 9 0.02351288 
386 642 4 8 0.02351288 
444 634 5 8 0.02351288 
427 636 4 7 0.02351288 
219 615 8 15 0.02351288 
400 651 5 9 0.02351288 
224 618 8 13 0.02351288 
958 829 62 114 0.023349825 
327 481 218 357 0.022069868 
-13 495 203 332 0.022069868 
1 543 132 195 0.022069868 
803 747 8 13 0.021603195 
604 678 6 10 0.021603195 
438 670 5 8 0.021603195 
713 663 11 18 0.021603195 
685 681 5 10 0.021603195 
694 702 6 11 0.021603195 
595 669 5 10 0.021603195 
604 671 6 9 0.021603195 
536 704 4 8 0.021603195 
715 699 5 9 0.021603195 
586 673 7 12 0.021603195 
528 739 5 9 0.021603195 
493 733 5 10 0.021603195 
506 702 5 10 0.021603195 
652 727 5 9 0.021603195 
588 658 6 10 0.021603195 
625 675 6 10 0.021603195 
585 663 6 9 0.021603195 
493 679 6 12 0.021603195 
535 728 5 9 0.021603195 
453 652 6 10 0.021603195 
662 704 5 8 0.021603195 
830 787 5 9 0.021603195 
476 667 7 11 0.021603195 
788 663 12 21 0.021603195 
575 653 5 9 0.021603195 
451 670 5 9 0.021603195 
754 663 7 11 0.021603195 
591 674 6 11 0.021603195 
665 690 5 9 0.021603195 
685 664 5 10 0.021603195 
674 661 7 12 0.021603195 
486 674 6 10 0.021603195 
890 756 7 13 0.021603195 
481 675 5 10 0.021603195 
613 687 5 9 0.021603195 
864 573 12 19 0.021603195 
883 583 4 8 0.021603195 
859 588 7 12 0.021603195 
879 590 4 7 0.021603195 
403 616 5 8 0.021603195 
834 682 4 8 0.021603195 
609 686 5 8 0.021603195 
235 619 7 13 0.021603195 
474 622 6 9 0.021603195 
399 617 5 9 0.021603195 
486 641 4 8 0.021603195 
728 640 5 9 0.021603195 
542 694 4 7 0.021603195 
702 669 5 9 0.021603195 
741 681 6 12 0.021603195 
648 686 6 10 0.021603195 
777 683 7 13 0.021603195 
527 750 6 11 0.021603195 
515 717 6 10 0.021603195 
409 683 5 10 0.021603195 
383 667 5 9 0.021603195 
571 703 5 9 0.021603195 
584 698 6 10 0.021603195 
433 662 5 9 0.021603195 
709 664 4 8 0.021603195 
464 631 5 9 0.021603195 
617 685 5 9 0.021603195 
468 634 4 9 0.021603195 
350 629 4 7 0.021603195 
629 684 6 10 0.021603195 
725 645 5 9 0.021603195 
814 697 46 77 0.021360904 
825 724 43 69 0.021360904 
287 68 82 95 0.021360898 
253 146 151 254 0.0201599 
