39_Ice_Skating_Ice_Skating_39_661
281
807 361 17 19 0.9970004 
222 266 11 13 0.97441304 
194 259 11 12 0.95009625 
74 235 10 11 0.9121234 
250 253 7 8 0.8263381 
412 428 22 18 0.77087367 
441 313 11 12 0.77087367 
161 298 12 13 0.7388364 
467 185 6 7 0.66669756 
540 261 8 9 0.6271395 
440 509 22 18 0.60666233 
371 203 8 9 0.5 
1 372 14 18 0.47834834 
473 304 8 10 0.47834834 
91 326 13 13 0.4141967 
509 257 9 9 0.31433135 
513 212 6 6 0.29596066 
487 190 8 9 0.26116365 
148 204 7 8 0.24479094 
589 226 7 7 0.24479094 
823 438 17 23 0.24479094 
437 195 5 5 0.24479094 
715 270 11 13 0.22912635 
802 409 27 22 0.21842524 
792 221 7 8 0.2141799 
44 255 19 19 0.19995552 
15 294 13 16 0.18645167 
342 188 6 6 0.18645167 
223 195 6 6 0.17366187 
154 383 12 19 0.16157512 
422 193 5 5 0.15017675 
395 200 6 6 0.13944872 
792 207 7 7 0.13944872 
617 168 7 8 0.1394487 
444 505 29 29 0.13928533 
769 333 10 10 0.1293704 
176 297 12 14 0.1293704 
268 29 222 229 0.1254451 
357 186 5 5 0.11991897 
476 179 4 4 0.11991897 
446 298 225 243 0.115646794 
824 217 4 5 0.111069925 
276 192 5 6 0.111069925 
765 206 6 6 0.111069925 
721 188 5 5 0.10279763 
717 226 8 8 0.102797605 
344 197 6 7 0.102797605 
320 239 5 5 0.102797605 
107 246 13 11 0.09507551 
616 179 7 9 0.09507551 
382 183 7 8 0.09507551 
643 193 4 4 0.09507551 
396 212 8 7 0.08787667 
723 189 5 5 0.08117401 
721 271 9 10 0.08117401 
230 206 6 7 0.08117401 
594 224 7 7 0.074940585 
337 198 6 7 0.074940585 
813 217 4 5 0.074940585 
454 204 7 7 0.074940585 
345 186 4 4 0.074940585 
373 185 5 5 0.07494057 
894 207 71 73 0.07244435 
972 300 14 13 0.069149815 
800 217 5 5 0.0691498 
169 296 14 15 0.06377564 
622 131 7 7 0.06377564 
262 196 7 8 0.06377564 
9 293 14 15 0.06377564 
353 195 5 6 0.05879275 
484 189 7 9 0.05879275 
291 366 12 12 0.05879275 
457 192 4 4 0.054176662 
754 179 6 7 0.054176662 
339 196 7 8 0.04990379 
474 180 5 5 0.04990379 
362 187 5 5 0.04990379 
99 326 9 11 0.04990379 
378 218 7 7 0.049903784 
597 186 5 5 0.049903784 
161 295 9 10 0.049903784 
538 16 225 246 0.04931264 
292 196 6 6 0.04595155 
720 190 7 7 0.04595155 
724 191 6 6 0.04595155 
392 185 5 6 0.04595155 
484 184 5 6 0.04595155 
702 230 8 8 0.045951538 
349 186 4 4 0.045951538 
629 222 6 6 0.045951538 
571 213 6 6 0.045951538 
336 202 23 25 0.04326818 
876 198 58 71 0.04326818 
344 201 6 6 0.04229837 
392 202 7 8 0.04229837 
782 201 7 7 0.04229837 
810 217 5 5 0.04229837 
85 193 4 4 0.04229837 
956 498 12 15 0.04229837 
347 188 5 6 0.04229837 
543 263 9 10 0.04229837 
705 226 7 8 0.04229837 
1010 81 5 5 0.04229837 
272 195 6 6 0.04229837 
288 197 6 7 0.04229837 
759 242 6 7 0.04229837 
158 381 21 25 0.039651502 
13 355 24 30 0.039651502 
4 363 23 29 0.039651494 
640 194 5 5 0.038923774 
205 365 14 20 0.038923774 
353 372 7 8 0.038923774 
205 426 15 17 0.038923774 
286 196 5 6 0.038923774 
509 252 6 6 0.038923774 
371 266 12 16 0.038923774 
855 235 5 5 0.038923774 
232 259 8 8 0.038923774 
0 264 6 9 0.038923774 
640 340 200 212 0.03781825 
885 121 28 36 0.036325645 
989 440 29 37 0.036325645 
37 187 7 7 0.035808332 
982 287 8 9 0.035808332 
200 80 13 15 0.035808332 
588 228 7 7 0.035808332 
689 178 6 6 0.035808332 
228 194 6 7 0.035808332 
234 194 6 7 0.035808332 
206 223 6 6 0.035808332 
649 198 9 10 0.035808332 
523 88 116 134 0.034593593 
408 416 27 25 0.033269096 
613 191 6 6 0.03293372 
885 551 8 8 0.03293372 
132 391 17 19 0.03293372 
465 183 5 6 0.032933712 
712 224 11 11 0.032933712 
225 194 5 6 0.032933712 
711 270 9 11 0.032933712 
32 295 7 8 0.032933712 
347 195 5 6 0.032933712 
161 304 13 14 0.032933712 
827 227 5 6 0.032933712 
737 199 5 5 0.032933712 
988 307 12 14 0.032933712 
37 14 200 216 0.03163486 
390 365 200 192 0.03163486 
141 387 20 22 0.030461604 
405 361 24 25 0.030461604 
791 226 7 9 0.030282615 
25 296 11 13 0.030282615 
1018 30 5 6 0.030282615 
497 485 9 8 0.030282615 
299 182 4 4 0.030282615 
0 430 20 22 0.030282615 
442 316 13 13 0.030282615 
548 265 8 9 0.030282615 
398 199 5 6 0.030282615 
757 180 6 7 0.030282615 
347 202 6 6 0.030282615 
274 83 6 7 0.030282615 
497 174 5 6 0.030282615 
231 130 5 6 0.030282615 
391 108 5 5 0.030282615 
354 187 5 5 0.030282615 
771 189 4 5 0.030282615 
800 219 6 6 0.030282615 
619 245 203 225 0.028921604 
949 17 31 40 0.027884193 
342 301 25 33 0.027884185 
811 127 6 6 0.027838783 
819 217 4 4 0.027838783 
217 107 6 6 0.027838783 
135 109 5 6 0.027838783 
332 199 5 6 0.027838783 
652 132 5 5 0.027838783 
459 189 6 6 0.027838783 
740 196 7 7 0.027838783 
306 243 4 5 0.027838783 
398 202 6 6 0.027838783 
148 329 13 17 0.027838783 
491 189 7 8 0.027838783 
163 309 7 7 0.027838783 
653 185 4 5 0.027838783 
653 182 4 4 0.027838783 
285 185 5 5 0.027838778 
434 315 8 9 0.027838778 
657 192 5 5 0.027838778 
850 200 97 119 0.026434705 
481 181 5 6 0.02558696 
166 294 10 11 0.02558696 
723 230 6 7 0.02558696 
445 310 7 9 0.02558696 
1018 42 5 7 0.02558696 
352 197 6 7 0.02558696 
424 225 6 7 0.02558696 
689 184 5 5 0.02558696 
642 221 5 5 0.02558696 
14 292 9 9 0.02558696 
435 194 5 5 0.02558696 
265 197 7 6 0.02558696 
880 566 8 6 0.02558696 
745 196 7 7 0.02558696 
236 193 5 6 0.02558696 
0 326 7 10 0.02558696 
834 255 7 8 0.02558696 
217 196 5 5 0.02558696 
468 190 6 6 0.02558696 
442 192 5 5 0.02558696 
386 209 6 6 0.02558696 
693 308 26 24 0.025519116 
442 494 48 45 0.025519116 
473 491 29 30 0.025519116 
690 298 23 26 0.025519116 
92 57 61 67 0.025519116 
454 102 200 197 0.024156325 
35 29 119 140 0.024156325 
870 336 123 130 0.024156325 
704 234 7 7 0.02351288 
789 229 6 7 0.02351288 
612 229 8 8 0.02351288 
998 296 14 14 0.02351288 
392 212 7 7 0.02351288 
877 542 7 8 0.02351288 
144 334 6 7 0.02351288 
826 219 5 5 0.02351288 
866 199 5 5 0.02351288 
264 189 4 4 0.02351288 
459 191 5 5 0.02351288 
387 217 6 6 0.02351288 
582 192 5 6 0.02351288 
396 197 5 5 0.02351288 
370 187 5 5 0.02351288 
384 181 6 7 0.02351288 
207 199 5 5 0.02351288 
259 193 5 6 0.02351288 
327 200 5 6 0.02351288 
264 193 5 6 0.02351288 
1014 80 5 6 0.02351288 
214 104 12 12 0.02351288 
608 191 6 7 0.02351288 
348 192 5 6 0.02351288 
550 180 4 4 0.02351288 
447 177 5 5 0.02351288 
798 131 5 5 0.02351288 
476 184 6 6 0.02351288 
899 169 7 7 0.02351288 
819 427 45 58 0.023349825 
541 -35 134 98 0.022069868 
217 154 232 200 0.022069868 
393 200 11 11 0.021603195 
361 195 6 7 0.021603195 
441 195 5 5 0.021603195 
869 400 7 8 0.021603195 
126 198 8 9 0.021603195 
768 337 12 11 0.021603195 
724 193 7 7 0.021603195 
433 192 10 10 0.021603195 
97 327 15 16 0.021603195 
717 188 6 6 0.021603195 
365 191 6 6 0.021603195 
823 215 4 4 0.021603195 
338 200 8 8 0.021603195 
383 209 6 7 0.021603195 
89 327 9 9 0.021603195 
220 82 4 5 0.021603195 
1017 80 5 6 0.021603195 
612 226 7 7 0.021603195 
103 323 7 10 0.021603195 
391 93 4 4 0.021603195 
822 174 5 5 0.021603195 
116 248 8 8 0.021603195 
109 184 5 5 0.021603195 
351 238 6 7 0.021603195 
36 184 12 12 0.021603195 
184 298 8 10 0.021603195 
687 180 5 6 0.021603195 
468 299 13 14 0.021603195 
54 76 59 65 0.021360898 
88 350 26 33 0.021360898 
