36_Football_Football_36_23
79
381 95 58 67 0.99984026 
227 55 56 77 0.9997482 
739 57 52 70 0.99844605 
600 47 58 76 0.9964803 
547 120 26 33 0.5 
1 75 130 189 0.5 
502 301 194 274 0.3864298 
715 421 197 270 0.21508123 
932 97 57 59 0.2032784 
360 399 203 233 0.19988178 
463 243 27 29 0.15056497 
659 133 32 36 0.12872262 
946 254 62 85 0.12872262 
312 464 80 101 0.10106142 
871 71 116 125 0.09803478 
174 20 25 30 0.09308393 
815 9 65 74 0.07880669 
441 30 64 91 0.07244435 
442 31 24 30 0.07244435 
416 407 249 283 0.06984132 
325 548 51 76 0.06655857 
219 350 109 159 0.064067975 
315 96 29 36 0.06111947 
72 0 19 20 0.05879275 
30 159 103 135 0.05874174 
249 349 178 244 0.05874174 
850 184 32 31 0.056098126 
886 64 51 64 0.056098126 
593 301 30 38 0.056098126 
32 457 307 304 0.04931264 
15 99 194 262 0.045153897 
679 107 265 262 0.04133062 
348 13 50 65 0.039651502 
891 28 53 64 0.039651502 
849 226 24 29 0.039651494 
140 4 14 20 0.038923774 
363 15 28 34 0.036325652 
41 143 60 72 0.036325652 
537 103 46 52 0.036325645 
439 377 106 173 0.034593605 
636 384 175 255 0.034593593 
18 205 79 87 0.033269096 
908 81 60 61 0.033269096 
716 153 74 96 0.033269096 
369 13 18 21 0.032933712 
216 -8 212 255 0.03163486 
102 108 188 262 0.03163486 
765 0 225 237 0.03163486 
100 17 59 62 0.030461596 
984 10 43 64 0.030461596 
222 385 69 93 0.030461596 
899 219 111 161 0.028921604 
357 173 183 251 0.028921604 
338 452 130 147 0.028921604 
791 502 212 213 0.028921604 
703 498 62 74 0.027884193 
143 7 22 28 0.027884193 
892 3 74 70 0.027884185 
548 57 19 24 0.02558696 
65 22 51 60 0.025519116 
679 147 28 33 0.025519116 
57 36 32 36 0.025519116 
80 73 59 68 0.025519116 
449 54 39 50 0.025519116 
431 112 197 237 0.024156325 
77 35 27 32 0.023349825 
841 88 65 78 0.023349825 
813 47 51 65 0.023349825 
820 514 70 77 0.023349825 
535 349 79 61 0.023349825 
150 386 228 278 0.022069868 
550 76 16 19 0.021603195 
547 51 15 18 0.021603195 
157 174 25 36 0.021360898 
631 555 32 42 0.021360898 
447 209 65 61 0.021360898 
840 77 27 33 0.021360898 
338 413 65 76 0.021360898 
373 358 132 189 0.0201599 
