36_Football_americanfootball_ball_36_162
27
373 278 191 250 0.9902766 
464 281 140 203 0.45389685 
597 61 257 250 0.13594593 
174 317 32 42 0.072444364 
287 271 203 243 0.06984132 
445 114 239 294 0.05874174 
694 326 239 303 0.053832814 
686 297 103 173 0.053832814 
789 307 33 42 0.051466707 
-26 385 269 326 0.045153897 
580 305 60 83 0.04326818 
349 374 212 269 0.04133062 
323 327 24 31 0.039651502 
279 495 49 61 0.036325652 
694 99 60 61 0.030461596 
796 228 203 294 0.028921604 
-48 291 235 307 0.026434705 
651 259 183 277 0.026434705 
318 336 31 39 0.025519116 
4 377 71 101 0.025519116 
163 294 53 64 0.025519116 
442 164 132 206 0.022069868 
0 351 130 186 0.022069868 
566 502 6 7 0.021603195 
536 324 85 92 0.021360904 
283 517 28 37 0.021360898 
67 288 232 261 0.0201599 
