36_Football_americanfootball_ball_36_510
93
572 142 68 80 0.9997242 
231 346 61 71 0.9667309 
180 9 215 256 0.88435316 
862 521 69 93 0.83741444 
234 23 265 320 0.8001182 
385 83 57 73 0.5 
657 369 180 253 0.4085711 
88 53 100 122 0.3864298 
814 111 138 218 0.30317584 
556 106 54 76 0.23436876 
861 17 50 63 0.2032784 
315 66 144 177 0.19988178 
611 160 232 284 0.19988178 
564 32 55 68 0.188928 
450 380 153 193 0.18550259 
863 500 119 148 0.17193554 
596 -10 183 231 0.15916686 
649 123 123 148 0.15916686 
825 18 203 249 0.14717786 
667 -1 203 264 0.14717786 
398 198 104 107 0.1254451 
224 304 253 272 0.1254451 
673 21 116 155 0.12544508 
224 329 97 117 0.09803478 
685 107 222 268 0.09803478 
133 216 215 224 0.09803478 
882 9 17 19 0.09507551 
759 84 30 37 0.09308395 
325 -35 261 268 0.09015675 
981 302 48 85 0.08567618 
977 14 47 73 0.07880669 
277 275 55 55 0.07880669 
240 54 23 29 0.07880669 
62 13 183 218 0.06984133 
469 317 239 260 0.06984132 
547 54 76 91 0.06655858 
482 41 59 71 0.06655857 
283 320 12 15 0.06377564 
262 306 18 24 0.05879275 
450 20 136 162 0.05874174 
107 222 74 87 0.056098126 
538 99 54 65 0.056098126 
516 401 265 284 0.053832814 
326 71 58 63 0.047198545 
109 428 75 87 0.047198545 
672 21 78 91 0.04326818 
437 232 68 66 0.04326818 
746 64 54 64 0.04326818 
752 12 188 272 0.04133061 
153 446 269 268 0.04133061 
362 44 117 142 0.04133061 
857 27 30 45 0.039651494 
349 127 170 199 0.03781825 
499 76 48 62 0.036325652 
492 237 116 109 0.034593605 
281 111 140 208 0.034593593 
97 5 33 37 0.033269096 
118 40 85 93 0.033269096 
844 567 51 69 0.033269096 
519 62 114 148 0.03163486 
742 242 218 245 0.03163486 
-35 351 232 276 0.03163486 
732 415 128 177 0.03163486 
449 484 71 78 0.030461604 
874 182 57 71 0.030461596 
517 543 82 63 0.030461596 
182 426 50 72 0.030461596 
622 20 114 134 0.028921604 
335 95 35 42 0.027884193 
504 581 86 56 0.027884193 
229 55 23 30 0.027884193 
847 602 28 38 0.027884193 
207 0 13 13 0.027838783 
190 1 16 18 0.027838778 
367 340 69 81 0.025519116 
374 296 57 61 0.025519116 
994 33 27 47 0.025519116 
739 26 124 160 0.024156325 
150 397 83 121 0.024156325 
500 224 69 88 0.023349825 
644 283 26 29 0.023349825 
531 42 73 71 0.023349825 
232 400 56 67 0.023349825 
867 85 126 157 0.022069868 
991 311 29 55 0.021360904 
780 37 64 71 0.021360904 
523 68 63 66 0.021360898 
576 16 71 74 0.021360898 
348 390 27 28 0.021360898 
353 74 69 77 0.021360898 
248 305 24 25 0.021360898 
1 10 40 99 0.021360898 
773 353 249 245 0.0201599 
