36_Football_americanfootball_ball_36_321
58
519 168 109 149 0.9967733 
145 244 194 298 0.6968242 
805 396 228 285 0.6968242 
396 290 228 293 0.6135702 
128 81 104 170 0.6135702 
132 116 62 106 0.43212515 
675 347 128 153 0.3647484 
687 379 203 257 0.26558137 
749 45 200 265 0.2311026 
266 363 70 97 0.1753677 
516 253 239 330 0.17193556 
8 252 249 316 0.15916686 
33 81 63 99 0.13928533 
271 82 186 298 0.13594593 
222 293 144 215 0.1254451 
556 218 85 107 0.118850335 
437 498 203 311 0.1065206 
91 107 246 340 0.08285364 
601 309 218 246 0.08285364 
768 297 194 289 0.06984133 
252 314 67 100 0.06111947 
396 357 140 188 0.05874174 
499 177 78 111 0.056098126 
335 141 21 31 0.056098126 
510 216 78 111 0.056098126 
473 362 200 321 0.04931264 
11 104 54 88 0.047198545 
721 310 128 188 0.045153897 
375 14 246 273 0.04133061 
787 518 265 269 0.03781825 
239 391 78 117 0.036325645 
830 324 63 91 0.036325645 
872 579 140 170 0.034593593 
-7 532 103 183 0.03163486 
27 476 60 80 0.030461604 
152 187 76 100 0.030461596 
0 124 49 89 0.030461596 
222 231 273 265 0.028921604 
-3 555 62 115 0.027884185 
580 542 277 285 0.02643471 
893 515 83 107 0.025519116 
205 384 106 212 0.024156325 
272 153 71 111 0.023349825 
648 351 91 100 0.023349825 
36 117 32 55 0.023349825 
9 223 63 134 0.023349825 
475 211 212 249 0.022069868 
696 464 126 162 0.022069868 
119 490 222 321 0.022069868 
65 72 29 39 0.021360904 
226 63 56 95 0.021360904 
743 527 67 102 0.021360904 
845 475 63 68 0.021360898 
504 598 68 86 0.021360898 
368 198 53 62 0.021360898 
860 479 136 186 0.0201599 
469 104 119 191 0.0201599 
764 18 112 221 0.0201599 
