36_Football_americanfootball_ball_36_487
1568
130 46 8 12 0.98704255 
929 243 28 39 0.98366195 
275 197 12 17 0.97839683 
96 91 8 13 0.96706635 
168 239 11 15 0.9641916 
514 197 11 15 0.9540484 
843 211 9 12 0.9540484 
723 87 7 10 0.95009625 
811 334 18 26 0.95009613 
115 51 9 14 0.9458233 
677 97 7 10 0.9458233 
204 231 11 16 0.9458233 
176 98 9 13 0.94120723 
13 145 9 13 0.9362244 
506 72 8 11 0.9362244 
284 79 9 12 0.9308502 
102 175 11 14 0.9308502 
696 119 9 12 0.92505944 
57 154 11 16 0.92505944 
562 11 8 11 0.91882604 
801 324 25 32 0.91432387 
277 162 9 13 0.9121234 
320 184 11 13 0.90492445 
371 100 9 12 0.90492445 
839 44 9 12 0.90492445 
859 148 9 12 0.8972024 
82 256 11 15 0.8972024 
417 254 11 13 0.8972024 
978 102 8 12 0.8972024 
232 233 12 16 0.88893 
7 215 10 15 0.88893 
70 195 11 16 0.88893 
224 252 11 16 0.88893 
796 326 19 24 0.88008106 
114 89 10 13 0.88008106 
324 106 9 11 0.88008106 
705 97 7 10 0.880081 
770 32 8 11 0.87062967 
863 109 7 11 0.87062967 
258 72 9 12 0.87062967 
146 168 9 13 0.87062967 
510 4 7 11 0.87062967 
961 174 10 13 0.87062967 
87 180 8 12 0.87062955 
965 242 26 33 0.8607147 
871 231 10 13 0.86055124 
674 239 8 12 0.86055124 
738 123 8 12 0.86055124 
321 255 9 12 0.86055124 
194 174 9 12 0.86055124 
227 78 9 13 0.86055124 
54 12 8 11 0.84982324 
950 118 8 11 0.84982324 
66 26 8 11 0.84982324 
533 195 11 15 0.8384248 
284 5 9 11 0.8384248 
56 302 13 22 0.8384248 
584 220 10 13 0.8384248 
688 183 8 11 0.8263381 
298 183 9 14 0.8263381 
824 210 10 13 0.8263381 
607 242 12 16 0.8135483 
32 103 10 13 0.8135483 
843 3 9 13 0.8135483 
921 20 7 10 0.8135483 
466 134 8 11 0.8000445 
879 125 9 12 0.8000445 
292 259 10 13 0.8000445 
659 208 7 10 0.8000445 
547 197 8 12 0.8000445 
526 246 11 14 0.7858201 
767 193 8 11 0.7858201 
382 67 9 11 0.7858201 
976 145 8 11 0.78582007 
12 63 13 19 0.78582007 
732 244 8 11 0.77087367 
970 11 6 9 0.77087367 
359 273 10 12 0.77087367 
412 232 11 15 0.77087367 
101 200 10 14 0.77087367 
507 99 9 12 0.77087367 
598 139 8 11 0.7708736 
537 112 9 11 0.7708736 
293 158 10 14 0.755209 
205 77 8 11 0.755209 
29 234 11 16 0.755209 
455 115 8 10 0.755209 
682 111 8 11 0.755209 
914 54 10 13 0.755209 
792 174 7 10 0.755209 
427 143 9 12 0.755209 
397 251 9 13 0.755209 
750 246 10 16 0.755209 
28 18 11 16 0.755209 
42 57 12 17 0.7388364 
945 85 9 11 0.7388364 
697 246 12 16 0.7388364 
14 91 11 14 0.7388364 
400 96 8 12 0.7388364 
338 279 8 12 0.7388364 
885 19 12 17 0.7388364 
604 43 10 13 0.7388364 
714 127 9 13 0.7388364 
47 255 11 15 0.7388364 
223 3 8 10 0.7388364 
439 29 7 10 0.7217721 
977 176 7 11 0.7217721 
355 180 11 15 0.7217721 
390 230 10 16 0.7217721 
82 67 9 12 0.7040394 
265 38 8 11 0.7040394 
61 143 9 11 0.7040394 
212 120 7 10 0.7040394 
976 124 9 12 0.7040394 
41 133 10 15 0.7040394 
40 93 10 13 0.7040394 
941 144 10 12 0.7040394 
89 222 10 13 0.7040394 
234 92 7 9 0.6856687 
318 52 8 11 0.6856687 
626 73 8 10 0.6856687 
627 7 9 11 0.6856687 
911 75 11 17 0.6856687 
673 59 7 9 0.6856687 
657 180 9 13 0.6856687 
885 14 8 11 0.66669756 
223 94 7 11 0.66669756 
10 35 9 12 0.66669756 
103 157 9 13 0.66669756 
649 114 8 11 0.66669756 
790 201 8 11 0.66669756 
58 52 10 15 0.66669756 
142 247 10 13 0.66669756 
719 233 9 14 0.66669756 
663 112 7 10 0.66669756 
588 31 8 12 0.64717066 
768 113 6 9 0.64717066 
128 138 10 13 0.64717066 
524 66 7 10 0.64717066 
898 226 8 11 0.6271395 
796 52 8 11 0.6271395 
921 183 9 12 0.6271395 
185 16 9 12 0.6271395 
555 223 9 11 0.6271395 
249 106 10 12 0.6271395 
83 32 9 12 0.6271395 
775 244 9 13 0.60666233 
884 44 9 13 0.60666233 
917 167 10 13 0.60666233 
622 184 8 11 0.60666233 
755 262 9 12 0.60666233 
899 89 9 11 0.60666233 
479 35 8 11 0.60666233 
886 164 9 12 0.5858033 
98 241 13 17 0.5858033 
8 107 9 12 0.5858033 
127 34 8 11 0.5858033 
928 118 8 11 0.5858033 
663 31 7 11 0.56463194 
168 118 12 16 0.56463194 
308 13 8 11 0.56463194 
63 91 9 12 0.5432222 
788 35 7 10 0.5432222 
644 90 7 10 0.5432222 
519 40 8 11 0.5432222 
253 159 10 12 0.5432222 
642 47 6 9 0.5432222 
737 72 8 11 0.5216516 
86 108 9 12 0.5216516 
104 34 8 10 0.5216516 
420 109 9 12 0.5216516 
798 221 9 11 0.5216516 
912 115 7 9 0.5216516 
690 76 7 10 0.5216516 
528 22 7 9 0.5216516 
444 82 7 9 0.5216516 
529 80 12 14 0.5216516 
797 92 7 10 0.5 
453 57 10 13 0.5 
229 153 12 17 0.5 
868 42 8 11 0.5 
632 231 8 14 0.5 
6 258 8 12 0.5 
196 7 7 10 0.5 
919 210 8 12 0.5 
568 256 12 19 0.5 
943 105 8 11 0.5 
913 233 9 13 0.47834834 
698 32 7 10 0.47834834 
826 168 7 10 0.47834834 
143 105 8 11 0.47834834 
570 220 8 12 0.47834834 
909 124 8 12 0.47834834 
367 238 10 14 0.47834834 
615 148 10 13 0.47834834 
700 188 8 11 0.47834834 
42 121 8 11 0.45677772 
175 49 8 12 0.45677772 
930 15 8 11 0.45677772 
451 35 8 12 0.45677772 
843 174 9 13 0.45677772 
245 82 7 10 0.45677772 
763 341 9 12 0.45677772 
43 65 13 17 0.45677772 
464 85 7 10 0.45677772 
810 36 6 9 0.45677772 
628 97 8 12 0.45677772 
84 152 12 15 0.43536806 
728 200 8 10 0.43536806 
431 188 9 14 0.43536806 
0 70 8 14 0.43536806 
565 100 8 11 0.43536806 
829 90 8 11 0.43536806 
58 101 9 11 0.43536806 
496 17 7 10 0.43536806 
274 106 8 11 0.43536806 
703 78 7 9 0.43536806 
650 147 12 16 0.4141967 
885 203 9 13 0.4141967 
897 270 16 20 0.4141967 
585 270 18 23 0.4141967 
391 177 9 12 0.4141967 
709 14 7 11 0.4141967 
316 26 8 11 0.4141967 
415 178 11 15 0.3933377 
345 11 6 8 0.3933377 
575 40 8 10 0.3933377 
321 69 8 11 0.3933377 
449 134 12 17 0.3933377 
633 137 8 11 0.3933377 
393 89 7 10 0.3933377 
296 286 17 22 0.3728605 
987 227 11 17 0.3728605 
924 96 9 11 0.3728605 
1013 147 8 13 0.35282937 
943 175 9 12 0.35282937 
162 90 8 11 0.35282937 
394 12 7 11 0.35282937 
365 2 7 10 0.35282937 
907 191 9 12 0.33330244 
152 124 8 12 0.33330244 
107 155 9 12 0.33330244 
635 207 7 12 0.33330244 
879 309 18 23 0.33330244 
108 11 8 9 0.33330244 
844 90 7 10 0.33330244 
580 106 9 11 0.33330244 
62 39 9 11 0.33330244 
348 47 8 10 0.31433135 
535 257 11 15 0.31433135 
852 129 8 12 0.31433135 
44 283 16 21 0.31433135 
922 39 7 10 0.31433135 
494 128 10 12 0.31433135 
503 41 7 9 0.31433135 
258 119 8 12 0.31433135 
381 48 8 10 0.31433135 
17 122 8 11 0.31433135 
993 105 8 10 0.31433135 
376 252 9 13 0.31433132 
722 35 8 11 0.31433132 
908 15 8 11 0.29596066 
201 66 8 11 0.29596066 
669 78 7 9 0.29596066 
758 178 7 11 0.29596066 
922 98 12 17 0.29596066 
636 151 8 11 0.29596066 
453 132 8 11 0.29596066 
598 3 8 11 0.29596066 
64 180 10 12 0.29596066 
599 86 7 11 0.27822798 
774 0 8 9 0.27822798 
951 25 9 11 0.27822798 
66 222 11 16 0.27822798 
672 80 7 9 0.27822798 
976 7 8 11 0.27822798 
501 279 13 19 0.27822798 
229 121 6 8 0.27822798 
993 3 8 11 0.26116365 
630 228 8 11 0.26116365 
160 16 8 12 0.26116365 
765 145 8 12 0.26116365 
544 292 14 18 0.26116365 
653 77 7 10 0.26116365 
80 19 8 11 0.26116365 
27 35 9 12 0.26116365 
166 50 7 9 0.26116365 
494 41 7 9 0.26116365 
90 43 8 10 0.26116365 
610 123 8 10 0.26116365 
566 125 7 11 0.24479094 
77 138 10 12 0.24479094 
834 79 6 8 0.24479094 
9 305 16 22 0.24479094 
565 144 8 12 0.24479094 
703 210 7 9 0.24479094 
557 29 8 11 0.22912638 
751 252 12 18 0.22912635 
541 14 7 9 0.22912635 
574 189 11 17 0.22912635 
229 136 8 11 0.22912635 
1001 30 8 10 0.22912635 
883 81 9 13 0.22912635 
93 28 6 9 0.22912635 
340 118 29 31 0.21842523 
976 227 22 29 0.21842523 
451 154 16 19 0.2141799 
421 77 8 11 0.2141799 
145 64 6 9 0.2141799 
814 204 7 10 0.2141799 
375 97 9 11 0.2141799 
339 86 12 17 0.2141799 
235 22 9 11 0.2141799 
758 85 8 11 0.2141799 
640 108 8 12 0.2141799 
425 30 7 9 0.2141799 
489 202 8 11 0.2141799 
0 217 6 12 0.2141799 
967 106 7 10 0.2141799 
330 61 8 11 0.2141799 
501 1 7 10 0.2141799 
860 81 8 12 0.2141799 
160 62 7 10 0.19995552 
90 11 8 11 0.19995552 
1008 22 6 8 0.19995552 
297 102 13 18 0.19995552 
13 240 13 20 0.19995552 
717 195 8 11 0.19995552 
1002 96 13 17 0.19995552 
438 45 7 9 0.19995552 
877 216 8 11 0.19995552 
7 250 12 18 0.19995552 
17 307 11 18 0.19995552 
945 112 11 14 0.1864517 
24 170 9 12 0.1864517 
182 33 8 11 0.1864517 
353 77 9 11 0.1864517 
185 64 7 9 0.18645167 
811 163 7 9 0.18645167 
116 253 11 15 0.18645167 
284 287 16 20 0.18645167 
901 192 11 14 0.18645167 
327 58 8 11 0.17366187 
620 134 8 10 0.17366187 
608 89 7 10 0.17366187 
903 286 14 17 0.17366187 
871 289 8 13 0.17366187 
982 186 7 10 0.17366187 
873 176 9 12 0.17366187 
193 86 7 10 0.17366187 
646 16 7 10 0.17366186 
14 56 13 19 0.17366186 
910 117 10 14 0.16157512 
577 114 8 12 0.16157512 
301 92 12 16 0.16157512 
97 147 9 12 0.16157512 
397 137 12 19 0.16157512 
763 78 7 9 0.16157512 
710 79 7 9 0.16157512 
526 83 10 12 0.16157512 
984 166 8 10 0.16157512 
338 182 9 13 0.16157512 
298 18 6 8 0.16157512 
740 19 6 10 0.16157512 
586 224 12 16 0.15017675 
181 68 8 11 0.15017675 
762 82 8 11 0.15017675 
675 0 7 8 0.15017675 
1012 243 11 22 0.15017675 
871 205 7 11 0.15017675 
1001 168 11 16 0.15017675 
421 48 7 9 0.15017675 
104 11 8 9 0.15017675 
830 138 7 9 0.15017675 
587 7 6 9 0.15017675 
385 44 8 10 0.13944872 
897 195 9 12 0.13944872 
760 247 7 11 0.13944872 
289 214 7 10 0.13944872 
308 171 8 11 0.13944872 
266 162 7 9 0.13944872 
162 15 12 17 0.13944872 
692 25 6 10 0.13944872 
939 226 9 12 0.13944872 
785 160 8 10 0.13944872 
100 0 7 9 0.1394487 
513 322 20 28 0.13928533 
745 230 8 11 0.1293704 
942 226 12 17 0.1293704 
519 13 6 9 0.1293704 
940 87 12 15 0.1293704 
610 10 12 16 0.1293704 
19 238 13 19 0.1293704 
646 109 10 13 0.1293704 
370 186 5 8 0.1293704 
268 129 7 11 0.1293704 
617 102 7 10 0.1293704 
329 14 8 10 0.1293704 
864 63 12 17 0.12937039 
479 286 21 28 0.12872264 
832 185 7 9 0.11991897 
203 72 8 11 0.11991897 
940 101 8 12 0.11991897 
937 94 7 10 0.11991897 
400 285 15 20 0.11991897 
733 9 7 10 0.11991897 
48 148 8 12 0.11991897 
670 20 13 18 0.11991897 
255 304 12 20 0.11991897 
473 53 6 9 0.11991897 
946 37 8 12 0.11991897 
506 2 7 10 0.11991897 
456 320 25 34 0.118850335 
397 11 7 11 0.111069925 
301 52 7 10 0.111069925 
212 3 8 10 0.111069925 
212 67 8 11 0.111069925 
692 246 9 13 0.111069925 
289 449 11 15 0.111069925 
898 107 11 14 0.111069925 
551 95 8 12 0.111069925 
764 85 10 13 0.10279763 
191 294 7 10 0.10279763 
0 54 7 11 0.10279763 
774 63 8 12 0.10279763 
480 42 7 10 0.102797605 
421 287 14 19 0.102797605 
23 309 11 16 0.102797605 
112 9 6 8 0.102797605 
232 375 8 11 0.102797605 
745 283 13 18 0.102797605 
433 111 7 9 0.102797605 
731 315 12 19 0.102797605 
235 218 12 16 0.102797605 
696 140 14 19 0.09507551 
448 448 15 19 0.09507551 
988 71 7 11 0.09507551 
329 39 7 9 0.09507551 
480 136 8 10 0.09507551 
1005 103 9 11 0.09507551 
104 140 8 12 0.09507551 
612 312 20 27 0.09507551 
867 331 12 20 0.09507551 
927 242 15 23 0.09507551 
600 87 11 16 0.09507551 
220 218 8 11 0.09507551 
483 213 10 13 0.09507551 
873 190 7 11 0.09507551 
57 41 12 17 0.09507551 
813 49 7 9 0.09507551 
314 278 13 20 0.09507551 
880 131 9 13 0.09507551 
625 225 11 16 0.08787667 
40 128 9 13 0.08787667 
493 55 7 10 0.08787667 
302 75 8 10 0.08787667 
551 47 9 12 0.08787667 
399 133 8 11 0.08787667 
707 289 15 17 0.08787667 
1 123 9 12 0.08787667 
28 12 7 10 0.08787667 
342 48 8 11 0.08787667 
519 -1 7 8 0.08787667 
592 124 8 11 0.08787667 
585 105 7 10 0.08787667 
812 59 7 9 0.08787667 
41 165 9 12 0.08787667 
31 5 8 11 0.08787667 
113 107 9 12 0.08787667 
725 199 7 10 0.08787667 
782 77 8 11 0.08787667 
647 35 7 10 0.08787667 
366 243 13 19 0.08787667 
428 64 8 11 0.08787667 
341 178 9 13 0.08787667 
603 181 8 12 0.08787667 
579 268 17 21 0.08787667 
122 69 7 10 0.08787667 
483 303 23 31 0.08567618 
460 287 21 29 0.08567616 
504 275 20 28 0.08567616 
331 1 7 10 0.08117401 
573 57 8 10 0.08117401 
81 24 9 12 0.08117401 
925 109 12 18 0.08117401 
966 220 12 17 0.08117401 
200 101 7 9 0.08117401 
363 22 8 10 0.08117401 
534 266 12 17 0.08117401 
487 205 11 16 0.08117401 
767 172 8 11 0.08117401 
726 112 8 11 0.08117401 
55 106 12 18 0.08117401 
690 242 7 11 0.08117401 
569 251 9 13 0.08117401 
527 28 8 10 0.08117401 
141 29 8 10 0.08117401 
353 97 12 16 0.08117401 
539 344 17 26 0.08117401 
254 85 8 10 0.08117401 
147 235 9 11 0.08117401 
731 281 8 11 0.08117401 
178 71 8 11 0.08117401 
422 72 8 10 0.08117401 
201 0 7 8 0.074940585 
164 35 8 10 0.074940585 
665 26 10 15 0.074940585 
1000 39 12 15 0.074940585 
174 44 8 12 0.074940585 
242 294 8 10 0.074940585 
815 203 10 15 0.074940585 
769 88 9 11 0.074940585 
552 6 6 9 0.07494057 
466 0 9 11 0.07494057 
685 69 7 9 0.07494057 
0 287 7 13 0.07494057 
551 33 7 10 0.07494057 
202 379 6 8 0.07494057 
517 318 13 18 0.07494057 
424 67 8 10 0.07494057 
949 230 8 12 0.069149815 
702 225 9 12 0.069149815 
703 248 9 13 0.069149815 
541 2 6 9 0.0691498 
207 318 5 7 0.0691498 
197 1 9 11 0.0691498 
495 57 8 12 0.0691498 
848 131 8 12 0.0691498 
479 19 8 11 0.0691498 
281 143 8 11 0.0691498 
34 21 7 11 0.0691498 
99 152 8 10 0.0691498 
382 327 21 32 0.06655858 
26 315 13 18 0.06377564 
736 359 7 10 0.06377564 
676 12 9 13 0.06377564 
446 57 6 10 0.06377564 
717 1 12 16 0.06377564 
383 286 11 17 0.06377564 
840 279 20 24 0.06377564 
1007 171 12 19 0.06377564 
249 83 9 11 0.06377564 
1 147 7 10 0.06377564 
82 1 7 9 0.06377564 
922 269 16 20 0.06377564 
241 5 7 10 0.06377564 
470 134 7 10 0.06377564 
572 264 15 20 0.06377564 
788 143 5 7 0.06377564 
242 389 8 11 0.06377564 
893 43 7 10 0.06377564 
169 345 13 18 0.06377564 
743 174 9 11 0.06377564 
344 298 13 16 0.06377564 
481 91 7 10 0.06377564 
869 293 20 26 0.06111947 
48 294 20 28 0.06111947 
313 276 9 13 0.05879275 
766 268 8 12 0.05879275 
153 79 11 16 0.05879275 
972 122 8 11 0.05879275 
1015 25 6 10 0.05879275 
939 52 8 11 0.05879275 
707 50 6 9 0.05879275 
277 53 12 17 0.05879275 
819 206 12 15 0.05879275 
87 9 8 11 0.05879275 
682 68 6 9 0.05879275 
1005 24 7 9 0.05879275 
348 314 14 19 0.05879275 
261 115 8 12 0.05879275 
914 15 10 14 0.05879275 
96 315 15 21 0.05879275 
194 34 8 12 0.05879275 
778 17 7 10 0.05879275 
122 30 8 10 0.05879275 
684 10 8 11 0.05879275 
383 230 11 15 0.05879275 
644 228 7 10 0.05879275 
829 341 9 12 0.05879275 
962 21 7 10 0.05879275 
127 100 8 9 0.05879275 
757 115 5 8 0.05879275 
835 32 8 11 0.05879275 
956 25 7 10 0.054176662 
119 106 11 16 0.054176662 
694 28 7 10 0.054176662 
456 78 6 9 0.054176662 
250 1 8 12 0.054176662 
866 39 8 11 0.054176662 
423 46 7 10 0.054176662 
21 75 12 17 0.054176662 
1 214 11 16 0.054176662 
6 111 9 13 0.054176662 
270 161 7 10 0.054176662 
541 26 8 11 0.054176662 
249 11 8 13 0.054176662 
10 101 11 15 0.054176662 
693 184 10 15 0.054176662 
945 24 8 12 0.054176662 
373 185 8 10 0.054176662 
69 178 8 12 0.054176662 
791 272 15 21 0.054176662 
953 135 9 11 0.054176662 
396 91 10 14 0.054176662 
762 293 7 10 0.054176662 
357 276 9 12 0.054176662 
685 96 7 10 0.054176662 
74 140 8 11 0.054176662 
975 22 7 9 0.054176662 
484 290 9 13 0.054176662 
186 48 7 9 0.054176662 
945 66 7 9 0.054176662 
477 134 7 10 0.054176662 
133 31 11 15 0.054176662 
543 62 8 11 0.054176662 
167 92 7 10 0.04990379 
135 244 14 18 0.04990379 
84 7 7 10 0.04990379 
257 238 13 19 0.04990379 
776 303 15 19 0.04990379 
558 86 7 9 0.04990379 
818 162 6 9 0.04990379 
217 377 7 10 0.04990379 
187 31 10 15 0.04990379 
27 28 9 12 0.04990379 
142 49 6 10 0.04990379 
751 325 12 19 0.04990379 
433 123 7 11 0.04990379 
577 66 9 11 0.04990379 
821 114 7 9 0.04990379 
570 0 8 10 0.04990379 
87 340 17 23 0.04990379 
60 115 12 17 0.04990379 
576 107 11 14 0.04990379 
554 96 10 16 0.04990379 
208 21 6 9 0.04990379 
334 1 7 11 0.04990379 
563 280 16 19 0.04990379 
941 22 6 9 0.04990379 
838 25 7 9 0.04990379 
198 296 11 14 0.04990379 
948 18 12 16 0.04990379 
714 28 7 9 0.049903784 
898 229 12 18 0.049903784 
868 284 8 13 0.049903784 
555 228 10 13 0.049903784 
704 74 7 10 0.049903784 
760 263 8 10 0.049903784 
122 113 7 10 0.049903784 
198 97 6 9 0.049903784 
980 168 11 14 0.049903784 
577 37 8 11 0.049903784 
689 100 7 10 0.049903784 
139 26 10 11 0.049903784 
616 281 21 29 0.047198545 
903 226 21 29 0.047198545 
286 233 8 11 0.04595155 
145 226 15 19 0.04595155 
61 221 11 16 0.04595155 
581 71 8 11 0.04595155 
180 49 7 10 0.04595155 
144 239 12 16 0.04595155 
352 256 7 10 0.04595155 
459 185 7 10 0.04595155 
654 69 7 9 0.04595155 
841 129 7 10 0.04595155 
504 196 7 11 0.04595155 
517 282 15 21 0.04595155 
391 58 8 11 0.04595155 
116 134 8 10 0.04595155 
900 22 6 9 0.04595155 
476 16 8 11 0.04595155 
164 58 7 10 0.04595155 
53 113 9 12 0.04595155 
735 14 8 12 0.04595155 
642 201 10 15 0.045951538 
88 207 7 10 0.045951538 
825 169 11 17 0.045951538 
228 146 12 17 0.045951538 
270 145 8 12 0.045951538 
85 63 8 12 0.045951538 
784 270 16 22 0.045951538 
599 144 8 12 0.045951538 
247 277 7 9 0.045951538 
184 264 12 19 0.045951538 
633 225 8 12 0.045951538 
307 92 9 12 0.045951538 
776 60 6 9 0.045951538 
826 135 7 9 0.045951538 
1004 17 6 9 0.045951538 
156 73 8 10 0.045951538 
47 73 9 12 0.045951538 
634 153 13 18 0.045951538 
1017 122 7 13 0.045951538 
798 28 4 6 0.045951538 
0 116 5 10 0.045951538 
176 39 9 11 0.045951538 
710 9 11 16 0.045951538 
262 243 12 20 0.045951538 
30 153 9 12 0.045951538 
90 112 7 12 0.045951538 
513 112 7 10 0.045951538 
-4 414 222 231 0.045153886 
469 313 27 37 0.04326818 
908 310 22 29 0.04326818 
604 243 19 25 0.04326818 
534 191 19 25 0.04326818 
921 255 25 35 0.04326818 
998 89 20 28 0.04326818 
966 220 24 29 0.04326818 
340 9 7 10 0.04229837 
430 110 7 10 0.04229837 
693 100 7 10 0.04229837 
175 123 8 11 0.04229837 
122 215 12 18 0.04229837 
100 1 12 15 0.04229837 
868 175 12 17 0.04229837 
302 61 7 10 0.04229837 
210 257 7 10 0.04229837 
808 48 8 11 0.04229837 
400 5 6 9 0.04229837 
221 254 9 13 0.04229837 
334 59 8 12 0.04229837 
862 81 12 18 0.04229837 
563 309 12 18 0.04229837 
1003 259 14 18 0.04229837 
321 63 8 11 0.04229837 
760 10 7 9 0.04229837 
684 43 8 12 0.04229837 
901 114 12 17 0.04229837 
319 54 10 15 0.04229837 
335 286 12 19 0.04229837 
437 94 9 11 0.04229837 
833 135 6 9 0.04229837 
65 115 7 9 0.04229837 
460 333 15 24 0.04229837 
137 73 6 9 0.04229837 
297 0 6 7 0.04229837 
629 203 8 12 0.04229837 
574 187 6 9 0.04229837 
827 177 11 15 0.04229837 
1010 175 13 21 0.04229837 
255 77 12 15 0.04229837 
960 0 8 10 0.04229837 
211 154 10 17 0.04229837 
334 181 8 12 0.04229837 
735 195 7 10 0.04229837 
780 175 21 32 0.039651502 
830 414 26 41 0.039651494 
1002 238 21 32 0.039651494 
534 88 9 12 0.038923774 
783 13 5 7 0.038923774 
544 44 6 11 0.038923774 
198 90 7 10 0.038923774 
954 149 12 18 0.038923774 
639 68 6 8 0.038923774 
957 20 9 12 0.038923774 
58 140 9 12 0.038923774 
2 309 18 24 0.038923774 
198 35 7 11 0.038923774 
96 339 9 11 0.038923774 
377 159 6 9 0.038923774 
703 68 6 8 0.038923774 
10 115 10 15 0.038923774 
288 58 6 9 0.038923774 
157 89 8 11 0.038923774 
422 258 9 13 0.038923774 
12 242 7 11 0.038923774 
234 157 8 10 0.038923774 
45 118 11 15 0.038923774 
918 26 9 12 0.038923774 
313 20 7 11 0.038923774 
315 269 13 18 0.038923774 
942 47 12 17 0.038923774 
17 70 12 18 0.038923774 
420 218 13 17 0.038923774 
763 162 6 10 0.038923774 
732 323 8 12 0.038923774 
822 153 7 9 0.038923774 
110 134 11 15 0.038923774 
614 123 8 10 0.038923774 
943 167 10 13 0.038923774 
1 114 9 13 0.038923774 
340 46 8 10 0.038923774 
327 42 9 12 0.038923774 
216 134 7 11 0.038923774 
233 10 6 8 0.038923774 
728 216 7 11 0.038923774 
798 215 9 12 0.038923774 
165 48 11 15 0.038923774 
785 178 12 19 0.038923774 
331 184 7 10 0.038923774 
365 189 7 11 0.038923774 
638 253 7 10 0.038923774 
536 294 7 11 0.038923774 
40 55 9 12 0.038923774 
540 6 7 9 0.038923774 
729 27 6 8 0.038923774 
297 76 7 11 0.038923774 
816 85 7 9 0.038923774 
230 141 9 12 0.038923774 
631 133 8 10 0.038923774 
900 216 9 12 0.038923774 
301 13 7 9 0.038923774 
255 107 11 15 0.038923774 
679 133 8 11 0.038923774 
826 92 8 11 0.038923774 
522 36 7 11 0.038923774 
232 1 8 10 0.038923774 
124 108 10 15 0.038923774 
241 129 8 12 0.038923774 
24 173 13 16 0.038923774 
347 79 12 16 0.038923774 
49 3 8 10 0.038923774 
10 0 8 7 0.038923774 
522 287 9 13 0.038923774 
142 97 12 16 0.038923774 
917 171 11 16 0.038923774 
459 81 9 11 0.038923774 
79 12 8 11 0.038923774 
615 135 10 13 0.038923774 
836 34 11 15 0.038923774 
279 279 14 21 0.038923774 
843 286 23 29 0.036325652 
43 252 18 25 0.036325652 
455 277 22 29 0.036325645 
651 232 7 11 0.035808332 
668 19 8 11 0.035808332 
539 288 14 20 0.035808332 
542 131 9 11 0.035808332 
820 237 12 16 0.035808332 
1005 262 8 11 0.035808332 
262 109 7 9 0.035808332 
164 12 8 10 0.035808332 
655 127 8 10 0.035808332 
92 148 8 11 0.035808332 
9 298 11 13 0.035808332 
319 297 7 9 0.035808332 
787 19 6 8 0.035808332 
519 187 7 9 0.035808332 
69 140 10 14 0.035808332 
79 151 8 11 0.035808332 
64 218 9 12 0.035808332 
697 27 7 11 0.035808332 
567 270 15 21 0.035808332 
72 223 8 12 0.035808332 
958 16 8 10 0.035808332 
96 247 13 19 0.035808332 
97 177 12 15 0.035808332 
3 115 11 16 0.035808332 
842 235 8 11 0.035808332 
609 113 7 10 0.035808332 
445 186 12 17 0.035808332 
1000 174 14 19 0.035808332 
885 210 8 11 0.035808332 
789 175 11 17 0.035808332 
923 106 9 13 0.035808332 
988 104 8 12 0.035808332 
872 182 11 15 0.035808332 
313 252 7 10 0.035808332 
86 184 10 18 0.035808332 
65 185 13 18 0.035808332 
3 251 8 11 0.035808332 
18 33 11 16 0.035808332 
714 97 7 10 0.035808332 
246 62 6 9 0.035808332 
502 37 7 9 0.035808332 
14 72 9 13 0.035808332 
380 96 7 9 0.035808332 
239 46 6 8 0.035808332 
226 90 9 13 0.035808332 
79 64 9 12 0.035808332 
431 66 8 11 0.035808332 
832 86 8 12 0.035808332 
153 77 8 11 0.035808332 
790 32 7 9 0.035808332 
429 78 6 9 0.035808332 
297 50 7 9 0.035808332 
340 53 11 16 0.035808332 
235 373 8 10 0.035808332 
530 2 7 10 0.035808332 
386 197 13 20 0.035808332 
720 195 10 14 0.035808332 
235 227 10 13 0.035808332 
435 189 7 11 0.035808332 
675 56 7 9 0.035808332 
859 73 9 13 0.035808332 
62 15 6 8 0.035808332 
850 5 7 11 0.035808332 
810 275 16 21 0.035808332 
959 252 28 39 0.033269096 
124 458 74 95 0.033269096 
774 271 22 28 0.033269096 
455 299 27 37 0.033269096 
875 338 22 29 0.033269096 
948 373 23 37 0.033269096 
346 95 7 10 0.03293372 
972 20 7 10 0.03293372 
598 95 10 12 0.03293372 
555 43 8 11 0.03293372 
62 28 9 11 0.03293372 
589 309 12 19 0.03293372 
150 232 12 17 0.03293372 
489 306 9 12 0.03293372 
1008 138 13 21 0.03293372 
225 137 9 12 0.03293372 
484 425 13 23 0.03293372 
342 94 14 18 0.03293372 
78 -1 12 14 0.03293372 
935 233 14 21 0.03293372 
747 174 7 10 0.03293372 
919 92 12 17 0.03293372 
826 136 12 16 0.03293372 
297 55 11 15 0.03293372 
337 60 10 14 0.03293372 
934 186 13 16 0.03293372 
686 70 10 13 0.03293372 
821 162 8 11 0.03293372 
347 51 9 12 0.03293372 
424 58 7 9 0.03293372 
795 241 12 15 0.03293372 
481 293 7 11 0.03293372 
426 283 15 18 0.03293372 
247 178 11 17 0.03293372 
312 167 8 10 0.03293372 
485 321 16 23 0.032933712 
506 21 7 10 0.032933712 
753 326 7 11 0.032933712 
942 153 13 17 0.032933712 
743 20 6 10 0.032933712 
134 294 7 10 0.032933712 
592 120 6 9 0.032933712 
747 318 14 21 0.032933712 
262 58 7 9 0.032933712 
262 123 10 15 0.032933712 
699 77 6 9 0.032933712 
541 58 7 10 0.032933712 
216 91 8 12 0.032933712 
493 308 15 20 0.032933712 
292 59 6 9 0.032933712 
108 29 7 12 0.032933712 
139 32 9 12 0.032933712 
711 129 10 14 0.032933712 
224 152 7 10 0.032933712 
54 151 10 16 0.032933712 
352 314 8 10 0.032933712 
248 158 12 17 0.032933712 
453 32 8 11 0.032933712 
223 362 8 11 0.032933712 
666 77 6 9 0.032933712 
762 349 7 10 0.032933712 
1011 139 7 10 0.032933712 
208 76 8 11 0.032933712 
63 32 10 14 0.032933712 
507 281 10 14 0.032933712 
500 16 7 10 0.032933712 
320 26 6 9 0.032933712 
907 113 11 14 0.032933712 
940 190 7 9 0.032933712 
648 459 6 8 0.032933712 
139 253 13 18 0.032933712 
41 181 7 10 0.032933712 
54 104 9 12 0.032933712 
795 95 9 13 0.032933712 
467 17 6 10 0.032933712 
532 179 8 10 0.032933712 
548 1 7 10 0.032933712 
100 31 9 12 0.032933712 
487 273 10 13 0.032933712 
938 180 12 16 0.032933712 
104 107 6 10 0.032933712 
14 0 6 7 0.032933712 
325 348 21 27 0.030461604 
857 283 19 28 0.030461604 
912 233 22 31 0.030461596 
168 111 9 12 0.030282615 
340 83 9 13 0.030282615 
90 152 8 11 0.030282615 
33 193 8 12 0.030282615 
467 182 9 12 0.030282615 
855 124 9 12 0.030282615 
747 280 8 10 0.030282615 
448 55 10 14 0.030282615 
310 164 6 8 0.030282615 
608 84 8 11 0.030282615 
537 81 8 11 0.030282615 
453 126 9 11 0.030282615 
621 34 8 10 0.030282615 
30 175 7 10 0.030282615 
120 133 7 11 0.030282615 
701 85 7 9 0.030282615 
130 204 12 18 0.030282615 
562 97 8 11 0.030282615 
947 142 9 11 0.030282615 
110 25 6 9 0.030282615 
783 87 7 10 0.030282615 
556 6 7 10 0.030282615 
596 134 8 10 0.030282615 
828 206 8 11 0.030282615 
730 207 7 10 0.030282615 
908 127 11 17 0.030282615 
101 160 13 18 0.030282615 
339 119 7 9 0.030282615 
698 183 8 10 0.030282615 
972 174 10 15 0.030282615 
650 84 8 12 0.030282615 
551 102 9 12 0.030282615 
927 101 12 18 0.030282615 
190 84 9 12 0.030282615 
586 76 7 10 0.030282615 
650 91 7 10 0.030282615 
888 83 8 12 0.030282615 
575 117 8 11 0.030282615 
762 163 12 17 0.030282615 
803 50 8 12 0.030282615 
279 325 17 26 0.030282615 
805 42 11 14 0.030282615 
780 14 5 8 0.030282615 
481 217 14 21 0.030282615 
207 314 6 9 0.030282615 
484 302 7 11 0.030282615 
291 7 7 10 0.030282615 
330 4 8 11 0.030282615 
917 213 13 19 0.030282615 
136 230 9 12 0.030282615 
776 69 12 16 0.030282615 
646 230 8 12 0.030282615 
372 245 9 12 0.030282615 
466 72 7 9 0.030282615 
424 238 6 9 0.030282615 
895 223 8 12 0.030282615 
690 27 7 10 0.030282615 
1010 245 8 12 0.030282615 
296 62 7 10 0.030282615 
188 12 8 11 0.030282615 
666 433 10 14 0.030282615 
821 54 7 10 0.030282615 
303 291 9 12 0.030282615 
714 5 9 12 0.030282615 
54 54 12 16 0.030282615 
95 12 7 9 0.030282615 
335 365 7 10 0.030282615 
326 360 15 21 0.030282615 
545 0 6 8 0.030282615 
448 38 8 11 0.030282615 
495 37 11 15 0.030282615 
237 1 8 10 0.030282615 
531 457 7 10 0.030282615 
548 45 8 12 0.030282615 
573 278 9 11 0.030282615 
557 3 6 8 0.030282615 
591 2 7 10 0.030282615 
679 1 6 9 0.030282615 
327 342 14 19 0.030282615 
565 94 8 9 0.030282607 
235 275 22 30 0.027884193 
412 236 21 28 0.027884193 
74 338 21 31 0.027884193 
443 172 24 31 0.027884193 
873 319 19 26 0.027884193 
486 277 22 29 0.027884193 
330 112 47 49 0.027884185 
0 287 44 57 0.027884185 
233 17 8 10 0.027838783 
471 16 7 11 0.027838783 
891 23 8 11 0.027838783 
491 40 6 9 0.027838783 
13 254 9 13 0.027838783 
945 41 12 18 0.027838783 
211 58 8 11 0.027838783 
615 143 9 12 0.027838783 
611 110 7 9 0.027838783 
313 164 6 8 0.027838783 
470 39 6 9 0.027838783 
549 35 11 16 0.027838783 
659 228 10 15 0.027838783 
957 196 17 22 0.027838783 
970 102 8 11 0.027838783 
525 69 9 12 0.027838783 
704 206 9 11 0.027838783 
979 179 10 14 0.027838783 
212 0 14 14 0.027838783 
6 248 7 10 0.027838783 
293 183 9 13 0.027838783 
126 105 8 11 0.027838783 
590 105 6 9 0.027838783 
961 12 5 8 0.027838783 
246 102 9 12 0.027838783 
443 190 8 12 0.027838783 
487 108 8 11 0.027838783 
890 199 12 16 0.027838783 
69 22 7 11 0.027838783 
484 0 7 8 0.027838783 
685 287 12 18 0.027838783 
241 370 8 12 0.027838783 
638 277 17 22 0.027838783 
231 446 6 8 0.027838783 
542 0 10 14 0.027838783 
116 46 8 11 0.027838783 
267 423 5 8 0.027838783 
195 62 8 11 0.027838783 
215 369 6 9 0.027838783 
137 283 18 21 0.027838783 
714 132 10 15 0.027838783 
474 49 6 9 0.027838783 
781 278 9 11 0.027838783 
393 171 9 13 0.027838783 
397 30 7 9 0.027838783 
613 8 7 9 0.027838783 
549 153 14 17 0.027838783 
22 89 8 12 0.027838783 
686 2 7 11 0.027838783 
583 129 8 10 0.027838783 
883 136 8 11 0.027838783 
740 357 6 9 0.027838783 
756 334 8 11 0.027838783 
456 130 8 11 0.027838783 
732 4 6 8 0.027838783 
816 46 6 9 0.027838783 
689 42 8 11 0.027838783 
408 270 7 11 0.027838783 
567 146 12 15 0.027838783 
240 4 12 18 0.027838778 
589 274 10 13 0.027838778 
63 21 8 11 0.027838778 
445 16 8 9 0.027838778 
897 218 11 16 0.027838778 
301 68 8 11 0.027838778 
334 275 9 12 0.027838778 
279 134 7 9 0.027838778 
75 19 8 11 0.027838778 
347 179 7 11 0.027838778 
495 118 13 18 0.027838778 
504 119 6 9 0.027838778 
669 134 14 18 0.027838778 
907 9 8 11 0.027838778 
368 254 8 12 0.027838778 
946 16 8 10 0.027838778 
483 17 7 10 0.027838778 
518 190 9 12 0.027838778 
490 128 9 12 0.027838778 
449 182 14 19 0.027838778 
362 250 13 18 0.027838778 
799 283 17 25 0.027838778 
5 297 16 23 0.027838778 
817 145 7 8 0.027838778 
954 148 9 12 0.027838778 
169 141 7 10 0.027838778 
657 312 19 28 0.027838778 
801 115 7 10 0.027838778 
623 200 12 17 0.027838778 
674 14 13 19 0.027838778 
131 9 12 15 0.027838778 
873 212 11 14 0.027838778 
10 134 12 17 0.027838778 
360 81 7 11 0.027838778 
260 157 10 14 0.027838778 
582 229 14 19 0.027838778 
706 29 7 10 0.027838778 
815 52 8 10 0.027838778 
730 196 9 11 0.027838778 
743 292 9 12 0.02558696 
776 19 7 9 0.02558696 
657 146 9 12 0.02558696 
233 54 6 8 0.02558696 
539 296 9 12 0.02558696 
782 19 6 9 0.02558696 
332 268 7 11 0.02558696 
429 70 7 10 0.02558696 
78 144 12 16 0.02558696 
826 21 6 9 0.02558696 
643 282 16 25 0.02558696 
489 53 7 10 0.02558696 
550 295 9 11 0.02558696 
945 148 12 15 0.02558696 
419 237 7 10 0.02558696 
667 12 13 20 0.02558696 
174 76 6 9 0.02558696 
129 212 9 14 0.02558696 
261 309 8 13 0.02558696 
872 222 12 17 0.02558696 
622 75 8 11 0.02558696 
247 79 9 12 0.02558696 
462 77 8 11 0.02558696 
669 237 7 11 0.02558696 
585 70 8 12 0.02558696 
593 231 8 12 0.02558696 
622 187 12 17 0.02558696 
1002 13 6 8 0.02558696 
761 30 7 10 0.02558696 
1002 182 15 21 0.02558696 
67 194 9 13 0.02558696 
359 192 8 11 0.02558696 
1016 85 6 12 0.02558696 
618 277 15 21 0.02558696 
40 170 12 17 0.02558696 
417 279 14 22 0.02558696 
259 62 8 10 0.02558696 
249 177 7 10 0.02558696 
289 160 8 11 0.02558696 
909 284 9 13 0.02558696 
246 161 8 11 0.02558696 
948 157 7 10 0.02558696 
405 289 9 12 0.02558696 
233 26 8 11 0.02558696 
522 58 9 13 0.02558696 
636 141 9 12 0.02558696 
953 141 9 11 0.02558696 
133 6 8 11 0.02558696 
181 140 7 9 0.02558696 
177 34 9 12 0.02558696 
562 284 8 10 0.02558696 
242 278 13 18 0.02558696 
339 291 7 11 0.02558696 
324 133 15 19 0.02558696 
129 111 8 11 0.02558696 
463 131 9 11 0.02558696 
135 102 6 9 0.02558696 
102 36 12 17 0.02558696 
474 417 9 12 0.02558696 
311 434 4 7 0.02558696 
600 114 7 10 0.02558696 
510 25 5 8 0.02558696 
524 26 7 10 0.02558696 
165 119 9 12 0.02558696 
666 113 7 10 0.02558696 
302 471 6 9 0.02558696 
258 462 12 17 0.02558696 
306 449 7 10 0.02558696 
561 0 6 7 0.02558696 
70 37 7 11 0.02558696 
21 123 7 10 0.02558696 
93 37 11 16 0.02558696 
937 102 8 13 0.02558696 
269 35 7 10 0.02558696 
0 112 5 8 0.02558696 
110 108 8 12 0.02558696 
827 91 13 18 0.02558696 
1000 1 7 9 0.02558696 
219 333 7 9 0.02558696 
1013 2 7 10 0.02558696 
538 106 9 12 0.02558696 
584 32 10 14 0.02558696 
227 117 10 14 0.02558696 
487 102 7 9 0.02558696 
330 42 11 15 0.02558696 
581 118 7 10 0.02558696 
140 1 7 10 0.02558696 
648 250 11 19 0.02558696 
804 64 6 9 0.02558696 
342 61 8 11 0.02558696 
421 62 7 9 0.02558696 
581 273 9 12 0.02558696 
306 173 11 17 0.02558696 
454 179 14 19 0.02558696 
670 61 7 10 0.02558696 
783 62 6 9 0.02558696 
364 258 9 11 0.02558696 
856 76 8 12 0.02558696 
699 227 7 10 0.02558696 
362 2 12 17 0.02558696 
947 178 8 11 0.02558696 
219 87 12 17 0.02558696 
28 182 13 18 0.02558696 
829 78 10 14 0.02558696 
733 248 8 12 0.02558696 
823 80 12 17 0.02558696 
225 216 13 16 0.02558696 
637 101 8 11 0.02558696 
87 254 12 16 0.02558696 
934 11 8 11 0.02558696 
676 66 7 10 0.02558696 
627 185 8 12 0.02558696 
324 251 12 16 0.02558696 
18 88 9 13 0.02558696 
991 232 22 32 0.025519116 
649 252 21 30 0.025519116 
19 338 21 33 0.025519116 
327 401 21 32 0.025519116 
956 207 21 27 0.025519116 
744 563 114 136 0.024156325 
764 48 104 130 0.024156325 
868 338 16 23 0.02351288 
265 31 9 12 0.02351288 
647 82 8 11 0.02351288 
602 2 8 11 0.02351288 
668 414 5 8 0.02351288 
423 53 7 9 0.02351288 
476 31 8 11 0.02351288 
3 34 7 10 0.02351288 
574 61 9 11 0.02351288 
279 1 8 10 0.02351288 
266 0 10 11 0.02351288 
193 455 8 10 0.02351288 
755 83 6 9 0.02351288 
336 47 7 9 0.02351288 
385 222 13 18 0.02351288 
145 217 15 20 0.02351288 
660 280 7 10 0.02351288 
381 72 9 13 0.02351288 
709 205 7 9 0.02351288 
791 17 5 7 0.02351288 
849 273 15 23 0.02351288 
700 416 8 11 0.02351288 
870 45 8 12 0.02351288 
658 76 7 10 0.02351288 
590 75 8 12 0.02351288 
787 109 13 16 0.02351288 
98 203 13 20 0.02351288 
506 17 6 8 0.02351288 
206 67 7 11 0.02351288 
160 38 8 11 0.02351288 
12 108 8 11 0.02351288 
333 39 7 10 0.02351288 
562 102 8 11 0.02351288 
975 96 8 10 0.02351288 
156 40 6 9 0.02351288 
541 110 8 11 0.02351288 
703 92 7 10 0.02351288 
200 44 7 10 0.02351288 
731 91 8 12 0.02351288 
672 92 9 11 0.02351288 
590 91 6 10 0.02351288 
106 41 12 17 0.02351288 
357 63 6 8 0.02351288 
782 67 7 9 0.02351288 
245 425 7 10 0.02351288 
251 425 5 9 0.02351288 
268 431 6 10 0.02351288 
672 64 8 11 0.02351288 
121 100 11 15 0.02351288 
255 467 6 9 0.02351288 
785 8 5 6 0.02351288 
198 59 9 11 0.02351288 
696 437 14 19 0.02351288 
297 100 10 12 0.02351288 
812 336 9 14 0.02351288 
453 100 8 11 0.02351288 
881 336 14 21 0.02351288 
271 102 8 10 0.02351288 
220 96 9 12 0.02351288 
807 333 10 14 0.02351288 
626 0 7 8 0.02351288 
353 66 8 10 0.02351288 
295 0 10 13 0.02351288 
336 122 17 24 0.02351288 
981 124 7 10 0.02351288 
4 130 12 17 0.02351288 
143 171 9 12 0.02351288 
86 20 8 12 0.02351288 
686 144 14 18 0.02351288 
742 289 16 22 0.02351288 
702 291 17 23 0.02351288 
819 305 12 18 0.02351288 
646 23 8 11 0.02351288 
949 137 10 12 0.02351288 
253 304 10 14 0.02351288 
681 142 7 11 0.02351288 
148 118 11 17 0.02351288 
46 5 7 10 0.02351288 
275 159 9 12 0.02351288 
338 292 13 19 0.02351288 
34 159 12 17 0.02351288 
231 159 13 19 0.02351288 
705 289 10 12 0.02351288 
531 180 12 18 0.02351288 
661 183 8 11 0.02351288 
50 289 10 13 0.02351288 
982 180 12 17 0.02351288 
7 170 8 11 0.02351288 
242 12 13 18 0.02351288 
361 299 7 9 0.02351288 
234 130 10 14 0.02351288 
103 145 8 12 0.02351288 
741 248 7 9 0.02351288 
673 242 12 17 0.02351288 
331 8 10 14 0.02351288 
135 259 14 19 0.02351288 
529 251 10 13 0.02351288 
380 259 7 11 0.02351288 
1008 181 9 13 0.02351288 
367 204 6 9 0.02351288 
434 224 8 10 0.02351288 
377 188 8 11 0.02351288 
809 282 8 11 0.02351288 
90 203 8 11 0.02351288 
319 191 8 12 0.02351288 
639 195 6 8 0.02351288 
927 271 10 12 0.02351288 
498 286 8 11 0.02351288 
906 110 8 11 0.02351288 
64 140 8 12 0.02351288 
1006 19 9 14 0.02351288 
831 133 11 15 0.02351288 
822 307 7 11 0.02351288 
272 132 11 14 0.02351288 
254 148 8 10 0.02351288 
491 234 14 20 0.02351288 
715 229 9 11 0.02351288 
79 280 8 11 0.02351288 
26 242 10 15 0.02351288 
729 242 8 11 0.02351288 
455 275 14 18 0.02351288 
803 290 23 29 0.023349825 
646 65 111 136 0.022069868 
701 258 9 12 0.0216032 
554 50 8 11 0.0216032 
493 37 7 10 0.0216032 
928 242 9 13 0.0216032 
732 119 11 15 0.021603195 
800 29 6 8 0.021603195 
69 218 9 14 0.021603195 
809 30 10 14 0.021603195 
804 31 7 10 0.021603195 
816 61 7 10 0.021603195 
389 67 7 11 0.021603195 
1 66 12 19 0.021603195 
7 63 9 13 0.021603195 
0 36 4 7 0.021603195 
654 64 6 9 0.021603195 
760 64 7 9 0.021603195 
881 62 7 10 0.021603195 
627 12 8 12 0.021603195 
550 17 6 9 0.021603195 
537 16 7 9 0.021603195 
87 211 9 12 0.021603195 
644 35 7 10 0.021603195 
784 195 13 17 0.021603195 
745 224 8 10 0.021603195 
767 30 8 11 0.021603195 
622 226 9 13 0.021603195 
157 69 11 15 0.021603195 
379 45 7 9 0.021603195 
694 34 9 11 0.021603195 
52 38 12 18 0.021603195 
427 45 7 10 0.021603195 
801 45 8 11 0.021603195 
573 42 12 16 0.021603195 
919 46 9 12 0.021603195 
770 65 13 16 0.021603195 
954 73 7 10 0.021603195 
649 31 8 10 0.021603195 
593 30 8 12 0.021603195 
582 74 7 11 0.021603195 
819 79 6 9 0.021603195 
510 40 6 9 0.021603195 
642 39 8 12 0.021603195 
700 38 7 11 0.021603195 
84 38 12 17 0.021603195 
476 56 7 9 0.021603195 
174 142 13 18 0.021603195 
781 149 4 6 0.021603195 
791 169 7 9 0.021603195 
303 179 8 13 0.021603195 
801 20 5 8 0.021603195 
37 136 8 11 0.021603195 
447 136 8 12 0.021603195 
690 137 14 19 0.021603195 
878 136 8 11 0.021603195 
650 144 9 12 0.021603195 
337 166 12 17 0.021603195 
249 170 7 10 0.021603195 
719 177 6 9 0.021603195 
422 181 12 17 0.021603195 
450 185 7 11 0.021603195 
974 13 8 11 0.021603195 
618 185 8 11 0.021603195 
37 180 6 9 0.021603195 
645 255 8 13 0.021603195 
224 236 7 9 0.021603195 
152 240 8 11 0.021603195 
614 244 9 12 0.021603195 
563 248 12 16 0.021603195 
707 18 7 11 0.021603195 
373 157 11 17 0.021603195 
687 152 12 15 0.021603195 
294 20 6 9 0.021603195 
791 163 6 7 0.021603195 
786 164 8 11 0.021603195 
914 235 12 19 0.021603195 
938 235 19 27 0.021603195 
232 214 9 11 0.021603195 
612 128 11 16 0.021603195 
864 279 7 12 0.021603195 
300 79 8 11 0.021603195 
56 8 8 11 0.021603195 
53 8 8 11 0.021603195 
864 319 15 22 0.021603195 
154 320 14 22 0.021603195 
1010 2 7 9 0.021603195 
813 325 16 23 0.021603195 
729 321 7 10 0.021603195 
181 319 6 8 0.021603195 
484 296 8 12 0.021603195 
350 342 14 22 0.021603195 
53 302 10 14 0.021603195 
135 291 14 18 0.021603195 
470 437 5 7 0.021603195 
237 436 6 9 0.021603195 
788 6 6 8 0.021603195 
99 280 13 22 0.021603195 
856 278 14 22 0.021603195 
65 334 14 21 0.021603195 
331 290 13 19 0.021603195 
795 275 9 12 0.021603195 
536 0 6 7 0.021603195 
904 275 11 13 0.021603195 
48 277 13 20 0.021603195 
57 2 8 11 0.021603195 
103 265 13 17 0.021603195 
749 262 9 12 0.021603195 
924 274 9 11 0.021603195 
493 479 8 11 0.021603195 
298 13 6 9 0.021603195 
318 471 6 9 0.021603195 
321 271 9 13 0.021603195 
479 13 8 11 0.021603195 
240 294 13 18 0.021603195 
0 340 10 22 0.021603195 
261 301 13 20 0.021603195 
361 0 8 10 0.021603195 
768 272 9 12 0.021603195 
772 271 12 16 0.021603195 
531 453 15 18 0.021603195 
477 90 8 11 0.021603195 
660 106 8 12 0.021603195 
866 105 8 11 0.021603195 
920 119 7 11 0.021603195 
1008 81 14 20 0.021603195 
226 123 7 10 0.021603195 
925 120 7 11 0.021603195 
599 109 8 10 0.021603195 
252 111 8 12 0.021603195 
272 110 11 16 0.021603195 
536 25 6 10 0.021603195 
182 119 6 10 0.021603195 
635 109 7 11 0.021603195 
568 104 11 17 0.021603195 
949 123 12 17 0.021603195 
774 26 7 10 0.021603195 
264 119 8 10 0.021603195 
139 108 9 11 0.021603195 
679 94 8 11 0.021603195 
707 353 12 19 0.021603195 
529 6 7 10 0.021603195 
216 364 6 10 0.021603195 
446 452 9 12 0.021603195 
796 282 8 12 0.021603195 
7 32 9 11 0.021603195 
297 81 7 11 0.021603195 
445 101 7 10 0.021603195 
710 98 7 10 0.021603195 
38 102 9 13 0.021603195 
428 106 7 10 0.021603195 
719 96 6 9 0.021603195 
148 371 17 20 0.021603195 
338 373 11 17 0.021603195 
515 -1 11 14 0.021603195 
279 291 10 14 0.021603195 
940 249 28 41 0.021360904 
446 303 44 58 0.021360904 
521 242 20 27 0.021360898 
573 303 23 31 0.021360898 
920 222 45 55 0.021360898 
449 159 22 28 0.021360898 
407 331 23 31 0.021360898 
662 301 27 39 0.021360898 
