36_Football_americanfootball_ball_36_327
81
397 18 311 326 0.97356534 
55 -23 200 278 0.864054 
621 51 206 269 0.6135702 
3 71 212 236 0.47689918 
414 282 194 282 0.3647484 
271 85 218 226 0.28400344 
14 424 232 250 0.28400344 
128 44 134 170 0.28400344 
545 19 59 68 0.268611 
363 278 123 147 0.24794048 
306 193 242 282 0.24794048 
313 373 200 243 0.17193554 
696 87 132 163 0.14717786 
866 444 107 141 0.14717786 
793 439 25 27 0.12872264 
628 270 65 95 0.118850335 
365 415 114 163 0.115646794 
71 9 62 69 0.10106142 
854 463 69 88 0.08567618 
319 160 116 129 0.08285364 
461 8 75 64 0.07244435 
-8 161 302 322 0.06984133 
126 344 203 278 0.06984132 
748 -40 126 145 0.064067975 
1001 561 23 35 0.06111947 
78 441 39 39 0.06111947 
986 117 24 34 0.06111947 
51 518 51 63 0.056098126 
731 420 186 239 0.053832818 
62 0 132 163 0.053832814 
656 379 54 85 0.051466707 
139 23 232 269 0.04931264 
823 381 183 247 0.045153897 
585 264 87 123 0.045153897 
501 13 61 69 0.04326818 
667 584 33 35 0.04326818 
450 155 54 82 0.04326818 
532 49 33 38 0.039651502 
52 432 57 53 0.039651494 
56 307 27 37 0.039651494 
903 143 9 10 0.038923774 
229 66 46 69 0.036325652 
785 263 51 72 0.036325652 
19 407 70 68 0.036325645 
402 -6 71 61 0.036325645 
50 303 13 19 0.035808332 
782 423 51 52 0.033269096 
583 73 14 16 0.03293372 
448 390 188 243 0.03163486 
686 -63 194 243 0.03163486 
538 25 112 119 0.03163486 
749 168 200 273 0.03163486 
123 475 136 145 0.03163486 
587 349 215 278 0.03163486 
630 291 35 52 0.030461596 
586 76 8 9 0.030282615 
247 413 200 239 0.028921604 
411 376 55 63 0.027884193 
674 575 26 27 0.027884185 
454 170 34 50 0.027884185 
352 199 76 74 0.027884185 
623 354 97 129 0.026434705 
675 573 16 17 0.02558696 
332 173 78 68 0.025519116 
672 203 35 37 0.025519116 
48 300 23 30 0.025519116 
96 105 203 265 0.024156325 
490 40 160 222 0.024156325 
924 31 9 11 0.02351288 
190 474 60 76 0.023349825 
156 35 76 107 0.023349825 
646 155 228 232 0.022069868 
898 139 14 18 0.021603195 
579 64 6 7 0.021603195 
776 10 88 74 0.021360898 
613 245 68 49 0.021360898 
68 451 53 53 0.021360898 
377 331 119 156 0.0201599 
549 136 232 226 0.0201599 
647 169 123 141 0.0201599 
799 467 146 136 0.0201599 
