36_Football_americanfootball_ball_36_234
49
337 78 92 169 0.99129593 
223 271 222 599 0.19988176 
147 237 206 509 0.17193554 
468 852 225 556 0.13594593 
791 237 253 509 0.1065206 
281 687 56 150 0.056098126 
725 599 4 11 0.049903784 
723 566 4 10 0.045951538 
291 377 232 590 0.03781825 
972 588 4 12 0.035808332 
760 599 4 10 0.035808332 
542 974 111 317 0.034593593 
973 583 4 10 0.03293372 
751 598 4 11 0.03293372 
485 583 257 617 0.03163486 
542 191 63 128 0.030461596 
582 542 51 126 0.030461596 
866 339 140 342 0.028921604 
901 565 4 10 0.027838783 
836 637 5 12 0.027838778 
822 574 4 9 0.027838778 
522 1044 87 274 0.026434705 
768 598 4 10 0.02558696 
819 573 4 10 0.02558696 
955 589 5 12 0.02558696 
8 588 5 11 0.02558696 
792 591 4 10 0.02558696 
3 44 212 548 0.024156325 
717 575 4 11 0.02351288 
743 598 4 11 0.02351288 
964 590 5 12 0.02351288 
743 574 3 9 0.02351288 
784 581 5 11 0.02351288 
827 591 4 9 0.02351288 
827 614 5 12 0.02351288 
967 574 4 10 0.02351288 
0 574 4 12 0.021603195 
719 573 4 11 0.021603195 
746 574 4 10 0.021603195 
959 555 4 10 0.021603195 
852 558 4 10 0.021603195 
959 549 4 10 0.021603195 
962 539 4 11 0.021603195 
3 539 4 10 0.021603195 
721 606 4 11 0.021603195 
854 640 4 9 0.021603195 
314 790 209 548 0.020159906 
589 89 121 352 0.0201599 
273 615 91 240 0.0201599 
