36_Football_americanfootball_ball_36_693
127
-13 107 215 357 0.9506874 
511 305 43 63 0.8607147 
285 119 57 80 0.79672164 
566 156 54 84 0.73138905 
338 23 63 104 0.5900683 
802 247 98 168 0.56891036 
781 -14 203 294 0.5461031 
652 20 153 222 0.32305852 
779 473 197 336 0.30317584 
262 622 75 115 0.268611 
638 586 104 156 0.26558137 
662 303 51 80 0.21842523 
382 107 71 109 0.188928 
589 589 60 87 0.1753677 
752 702 51 82 0.16258557 
616 50 218 362 0.1254451 
20 301 200 367 0.115646794 
417 87 89 133 0.115646794 
734 313 70 102 0.109639935 
614 89 47 89 0.109639935 
8 -15 53 76 0.109639935 
56 332 114 232 0.1065206 
458 15 106 219 0.1065206 
703 541 53 95 0.10106142 
857 40 64 95 0.08567618 
530 464 38 42 0.08567618 
745 71 60 109 0.08567618 
395 528 31 49 0.08567618 
371 373 71 102 0.07880669 
784 299 75 107 0.07880669 
455 265 53 93 0.07880669 
643 294 51 79 0.07244435 
984 479 40 105 0.06655857 
646 316 31 48 0.06111947 
491 266 58 100 0.06111947 
468 236 93 170 0.05874174 
800 165 186 312 0.05874174 
873 15 132 197 0.058741733 
514 34 116 219 0.053832814 
548 127 97 154 0.053832814 
633 529 51 71 0.051466707 
819 475 117 219 0.04931264 
276 71 94 149 0.04931264 
829 26 52 79 0.047198545 
558 276 52 93 0.047198545 
455 126 60 86 0.047198545 
877 69 35 52 0.047198545 
118 465 215 278 0.045153897 
570 -1 175 303 0.045153886 
76 788 32 33 0.04326818 
777 702 58 86 0.04326818 
777 230 17 30 0.04229837 
285 546 215 336 0.04133061 
829 550 78 100 0.039651502 
493 379 23 42 0.039651494 
96 326 70 146 0.039651494 
697 289 7 13 0.038923774 
716 218 97 181 0.03781825 
175 552 197 303 0.03781825 
356 55 85 149 0.03781825 
462 4 68 100 0.036325652 
979 196 48 119 0.036325652 
630 612 69 104 0.036325645 
651 332 19 29 0.035808332 
436 145 13 21 0.035808332 
577 616 56 84 0.033269096 
608 436 61 79 0.033269096 
155 37 51 80 0.033269096 
474 298 32 55 0.033269096 
538 298 50 87 0.033269096 
596 766 78 123 0.033269096 
395 542 19 31 0.03293372 
716 113 191 341 0.03163486 
788 709 30 52 0.030461604 
489 562 27 44 0.030461604 
728 231 57 93 0.030461604 
236 46 51 89 0.030461596 
949 -13 80 109 0.030461596 
549 111 35 50 0.030461596 
311 39 73 111 0.030461596 
724 37 71 100 0.030461596 
898 240 71 117 0.030461596 
702 571 31 52 0.030461596 
487 546 47 77 0.030461596 
674 66 68 104 0.030461596 
709 223 51 83 0.030461596 
519 315 25 39 0.030282615 
19 -1 65 86 0.027884193 
390 496 52 71 0.027884193 
407 -45 194 326 0.026434705 
674 152 107 197 0.026434705 
510 651 31 41 0.025519116 
390 9 68 83 0.025519116 
73 342 65 139 0.025519116 
656 136 61 86 0.025519116 
186 220 53 95 0.025519116 
524 412 23 41 0.025519116 
339 540 100 147 0.024156325 
844 544 191 312 0.024156325 
795 548 119 206 0.024156325 
591 573 95 149 0.024156325 
685 480 209 326 0.024156325 
444 487 35 49 0.023349825 
518 469 57 65 0.023349825 
599 557 55 84 0.023349825 
73 487 54 107 0.023349825 
883 20 79 119 0.023349825 
67 767 56 66 0.023349825 
863 781 24 45 0.023349825 
307 87 55 100 0.023349825 
953 604 67 111 0.023349825 
584 232 109 168 0.022069868 
602 116 15 26 0.021603195 
406 265 19 28 0.021603195 
71 7 65 86 0.021360904 
714 89 63 102 0.021360904 
375 651 54 90 0.021360898 
387 683 34 51 0.021360898 
560 586 59 95 0.021360898 
679 584 57 102 0.021360898 
523 427 48 75 0.021360898 
214 252 29 51 0.021360898 
582 101 60 104 0.021360898 
796 222 70 134 0.021360898 
633 114 27 56 0.021360898 
968 36 54 92 0.021360893 
864 206 117 192 0.0201599 
