36_Football_americanfootball_ball_36_16
69
561 98 117 152 0.998934 
112 385 246 314 0.9171464 
484 379 235 300 0.85282207 
783 546 117 227 0.6769414 
564 167 86 109 0.5227497 
240 251 200 283 0.47689918 
45 312 206 248 0.47689918 
695 13 209 309 0.4310897 
357 21 61 82 0.21842523 
286 78 212 283 0.17193554 
23 383 200 314 0.13594593 
353 376 116 179 0.1254451 
832 473 239 314 0.1254451 
5 377 130 179 0.1065206 
160 254 197 305 0.1065206 
343 426 197 292 0.09803478 
278 292 111 164 0.09803478 
770 179 212 267 0.090156734 
0 -17 222 292 0.08285364 
732 388 95 159 0.08285364 
194 156 206 296 0.08285364 
84 459 114 214 0.08285364 
230 4 130 179 0.064067975 
452 15 64 80 0.06111947 
339 275 61 75 0.06111947 
431 393 67 95 0.056098126 
579 452 153 207 0.04931264 
614 -38 206 279 0.045153886 
791 558 76 136 0.04326818 
293 292 71 100 0.04326818 
-24 122 225 292 0.04133061 
803 653 92 84 0.039651502 
196 461 228 292 0.03781825 
433 185 212 279 0.03781825 
552 125 78 102 0.036325652 
364 269 51 66 0.036325652 
398 422 30 38 0.036325652 
726 291 46 70 0.036325645 
686 221 63 68 0.036325645 
279 336 206 305 0.034593593 
513 203 111 139 0.034593593 
255 17 78 97 0.033269096 
329 -12 206 267 0.03163486 
433 2 191 271 0.03163486 
831 81 68 80 0.027884185 
735 269 53 64 0.027884185 
937 179 51 72 0.027884185 
685 299 203 292 0.026434705 
755 27 130 161 0.026434705 
140 302 134 207 0.026434705 
751 309 316 217 0.026434705 
408 426 35 43 0.025519116 
329 300 62 76 0.025519116 
595 189 109 129 0.024156325 
663 511 215 267 0.024156325 
775 397 65 95 0.023349825 
284 702 32 34 0.023349825 
937 586 59 64 0.023349825 
880 469 75 61 0.023349825 
736 11 74 97 0.023349825 
78 152 59 80 0.023349825 
714 314 29 47 0.023349825 
443 198 117 157 0.022069868 
410 363 20 26 0.021603195 
856 455 78 58 0.021360904 
397 415 62 83 0.021360898 
503 238 74 97 0.021360898 
732 321 55 71 0.021360898 
650 451 130 161 0.0201599 
