36_Football_americanfootball_ball_36_456
36
531 62 138 209 0.9994417 
452 211 293 382 0.69682413 
805 446 80 111 0.5227497 
359 257 107 212 0.24794048 
327 353 257 394 0.21508123 
784 466 61 85 0.08567618 
529 322 281 400 0.08285364 
670 199 124 165 0.076092646 
528 602 80 73 0.06111947 
47 542 59 76 0.056098126 
309 424 144 235 0.04931264 
462 58 186 307 0.045153886 
0 398 23 64 0.04326818 
576 559 57 63 0.04326818 
177 579 74 117 0.04326818 
255 248 232 355 0.03781825 
437 16 63 85 0.036325652 
540 610 41 53 0.033269096 
786 250 69 102 0.033269096 
407 431 298 257 0.03163486 
715 259 97 167 0.03163486 
885 807 33 33 0.030461604 
54 56 63 88 0.027884193 
69 579 56 74 0.027884193 
300 384 38 41 0.027884193 
882 819 33 35 0.027884193 
773 443 57 82 0.027884185 
371 233 191 345 0.02643471 
366 283 69 121 0.025519116 
24 492 32 56 0.023349825 
689 242 70 108 0.023349825 
75 12 64 88 0.021360904 
114 544 57 71 0.021360898 
540 578 89 75 0.021360898 
0 266 36 86 0.021360898 
483 196 153 280 0.020159906 
