36_Football_americanfootball_ball_36_631
40
431 127 153 184 0.99261475 
388 80 46 52 0.6541731 
33 408 194 192 0.5 
439 372 37 35 0.38809907 
86 150 188 192 0.30317584 
707 332 235 233 0.26558137 
682 151 222 237 0.1254451 
789 150 186 198 0.12544508 
581 426 25 30 0.118850335 
24 367 104 137 0.064067975 
893 257 8 8 0.06377564 
726 257 58 51 0.06111947 
846 31 100 127 0.05874174 
404 217 235 190 0.053832814 
392 67 85 60 0.051466707 
0 441 23 34 0.051466707 
540 535 26 22 0.051466707 
62 36 225 244 0.04931264 
24 65 124 137 0.04931264 
332 468 30 29 0.04326818 
66 253 67 64 0.04326818 
935 266 67 47 0.04326818 
417 97 130 145 0.03781825 
-12 333 232 184 0.03781825 
474 32 74 50 0.030461604 
32 242 111 105 0.028921604 
816 -7 178 198 0.028921604 
74 228 119 118 0.028921604 
415 133 68 78 0.027884193 
90 336 222 223 0.026434705 
393 71 117 110 0.026434705 
766 57 232 213 0.026434705 
499 31 103 105 0.026434705 
447 41 70 53 0.025519116 
413 170 65 69 0.025519116 
576 415 39 53 0.023349825 
-12 13 228 201 0.022069868 
424 52 70 49 0.021360904 
864 260 35 27 0.021360898 
783 399 138 147 0.020159906 
