36_Football_americanfootball_ball_36_6
173
407 157 14 18 0.9953811 
399 195 12 17 0.99401796 
479 241 37 44 0.993937 
354 270 13 17 0.9915604 
355 167 14 17 0.9915604 
26 154 12 15 0.98997927 
939 153 13 17 0.989082 
300 172 14 18 0.9881053 
565 124 12 16 0.98704255 
595 214 14 19 0.9801546 
652 161 12 16 0.97441304 
969 257 14 18 0.96706635 
614 165 12 15 0.95009625 
123 96 41 58 0.94853324 
611 252 15 19 0.9458233 
646 231 14 15 0.9362244 
252 169 12 15 0.9308502 
442 194 22 29 0.9143238 
377 218 12 17 0.90492445 
492 197 12 14 0.88893 
539 212 29 37 0.88114965 
995 150 12 15 0.88008106 
574 273 12 14 0.86055124 
862 154 31 36 0.83741444 
798 120 36 47 0.7815748 
249 271 17 20 0.64717066 
448 179 14 17 0.5858033 
494 169 13 16 0.56463194 
21 193 20 20 0.5 
838 272 75 102 0.43212515 
507 204 11 15 0.26116365 
787 110 61 80 0.2032784 
1015 209 9 17 0.19995552 
251 174 14 17 0.1864517 
319 205 11 14 0.16157512 
642 269 27 34 0.15056497 
576 198 12 17 0.13944872 
530 204 28 36 0.118850335 
0 210 6 12 0.111069925 
348 479 28 35 0.109639935 
162 161 29 34 0.109639935 
825 122 46 61 0.10106142 
661 438 67 86 0.10106142 
17 197 29 28 0.09308395 
559 300 12 15 0.08787667 
497 172 16 19 0.08787667 
253 425 178 246 0.08285364 
770 125 51 62 0.07880669 
988 245 12 15 0.074940585 
771 129 83 101 0.06984133 
962 263 7 9 0.0691498 
429 334 62 76 0.06655857 
497 201 14 16 0.06377564 
993 267 7 9 0.06377564 
266 253 6 8 0.05879275 
750 145 53 57 0.056098126 
142 182 58 69 0.056098126 
4 317 19 23 0.054176662 
570 269 19 23 0.051466707 
475 207 24 27 0.051466707 
-6 305 47 57 0.051466707 
268 235 9 10 0.04990379 
0 241 6 10 0.04990379 
28 321 7 9 0.04990379 
992 265 12 15 0.049903784 
146 330 11 16 0.049903784 
947 244 14 20 0.049903784 
603 302 15 18 0.049903784 
25 323 7 8 0.04595155 
556 116 9 11 0.04595155 
888 151 16 21 0.04595155 
773 187 69 76 0.04326818 
109 88 39 52 0.04326818 
841 140 47 57 0.04326818 
520 198 25 33 0.04326818 
614 435 79 91 0.04326818 
976 167 11 15 0.04229837 
253 182 9 11 0.04229837 
31 322 7 9 0.04229837 
544 234 17 21 0.04229837 
755 308 178 257 0.04133061 
223 46 26 35 0.039651502 
634 253 45 55 0.039651502 
485 197 20 25 0.039651502 
149 102 31 44 0.039651494 
716 191 26 29 0.039651494 
875 153 23 25 0.038923774 
156 52 60 66 0.036325652 
768 135 31 41 0.036325645 
22 199 12 12 0.035808332 
813 327 100 151 0.034593593 
429 322 34 37 0.033269096 
216 294 64 94 0.033269096 
351 317 22 31 0.033269096 
559 119 12 15 0.03293372 
963 259 12 15 0.032933712 
838 77 6 10 0.032933712 
97 327 194 269 0.03163486 
725 158 114 119 0.03163486 
-15 357 194 232 0.03163486 
150 164 54 53 0.030461596 
780 122 31 43 0.030461596 
706 220 75 88 0.030461596 
991 224 8 9 0.030282615 
1008 249 17 22 0.030282615 
15 323 7 8 0.030282615 
958 215 8 11 0.030282615 
994 247 12 17 0.030282615 
615 344 7 8 0.030282615 
574 201 9 13 0.030282615 
440 235 25 33 0.027884193 
647 394 26 27 0.027884193 
170 59 35 38 0.027884193 
552 230 23 28 0.027884185 
541 292 12 17 0.027838783 
633 164 7 10 0.027838783 
288 207 9 10 0.027838783 
351 323 12 17 0.027838778 
119 122 89 123 0.026434705 
639 331 5 7 0.02558696 
410 217 13 17 0.02558696 
601 307 7 9 0.02558696 
413 236 14 18 0.02558696 
842 41 6 8 0.02558696 
348 215 8 12 0.02558696 
846 132 32 44 0.025519116 
340 464 44 58 0.025519116 
415 289 26 34 0.025519116 
127 111 48 73 0.025519116 
548 354 29 33 0.025519116 
837 193 47 74 0.025519116 
0 237 21 28 0.025519116 
850 85 13 16 0.02351288 
670 183 13 16 0.02351288 
660 150 7 8 0.02351288 
674 179 12 16 0.02351288 
500 178 10 11 0.02351288 
618 256 10 12 0.02351288 
485 270 20 23 0.02351288 
11 323 7 8 0.02351288 
612 339 12 16 0.02351288 
573 235 12 18 0.02351288 
38 247 7 10 0.02351288 
264 250 6 9 0.02351288 
-2 328 54 86 0.023349825 
177 38 56 71 0.023349825 
146 139 42 66 0.023349825 
95 104 58 69 0.023349825 
707 183 27 27 0.023349825 
22 253 24 28 0.023349825 
986 233 20 26 0.023349825 
0 239 11 17 0.0216032 
980 224 14 15 0.021603195 
414 194 18 20 0.021603195 
0 129 6 9 0.021603195 
509 93 16 21 0.021603195 
20 147 8 10 0.021603195 
548 249 9 12 0.021603195 
19 318 14 17 0.021603195 
628 327 13 16 0.021603195 
643 234 9 11 0.021603195 
983 249 13 16 0.021603195 
983 256 12 16 0.021603195 
300 245 14 18 0.021603195 
954 244 13 17 0.021603195 
2 189 44 46 0.021360904 
421 299 28 35 0.021360898 
469 265 51 60 0.021360898 
462 244 37 41 0.021360898 
404 242 25 29 0.021360898 
154 130 37 40 0.021360898 
814 380 134 158 0.020159906 
784 256 107 153 0.0201599 
