50_Celebration_Or_Party_houseparty_50_173
57
763 235 32 35 0.9980222 
322 421 27 32 0.9918936 
409 276 25 30 0.9907611 
711 300 24 28 0.9295877 
578 165 47 57 0.57339305 
255 226 16 20 0.32618442 
859 293 16 21 0.25964084 
342 453 16 21 0.23101977 
278 466 32 45 0.20072202 
374 366 16 22 0.16552669 
367 226 425 500 0.15747637 
245 222 44 54 0.14435306 
296 448 32 44 0.11222498 
765 327 11 13 0.11144165 
874 333 18 23 0.09770138 
707 349 13 16 0.08857166 
405 401 15 20 0.08370074 
763 229 15 23 0.071475096 
941 505 12 17 0.060314532 
410 369 10 15 0.05744679 
835 102 193 292 0.053891763 
176 427 16 19 0.05124066 
222 465 12 16 0.05046959 
376 405 10 14 0.044182368 
437 261 16 18 0.041810736 
990 461 15 19 0.040862605 
428 261 21 27 0.036664497 
504 348 26 29 0.03604285 
768 377 13 17 0.03530476 
395 279 38 47 0.0347641 
999 413 13 17 0.034378987 
670 404 12 16 0.033516906 
385 646 31 33 0.031910483 
707 338 16 18 0.030036442 
714 330 17 19 0.028894365 
740 322 13 17 0.028236983 
320 415 43 57 0.027971119 
732 348 13 17 0.026679397 
717 328 25 31 0.026415056 
990 238 15 23 0.02608806 
750 324 12 15 0.025966985 
329 431 27 35 0.025480725 
305 447 17 23 0.024834603 
757 330 13 15 0.024621386 
773 353 14 17 0.023913747 
248 204 29 28 0.023275226 
304 433 32 44 0.023142025 
750 374 12 15 0.022750212 
716 347 13 17 0.022283915 
734 323 13 19 0.022076009 
766 340 12 16 0.021891974 
178 421 25 32 0.021722438 
705 344 22 27 0.021692641 
771 342 13 16 0.020720553 
399 278 18 23 0.020603502 
469 227 14 16 0.020465357 
377 296 40 51 0.020391338 
