50_Celebration_Or_Party_birthdayparty_50_18
79
232 375 26 33 0.99757963 
847 376 28 34 0.9969981 
334 365 24 30 0.9918516 
134 404 25 35 0.9895975 
612 343 22 30 0.9824239 
806 347 22 27 0.97677773 
764 400 19 31 0.9687335 
641 337 20 27 0.9617132 
544 352 21 26 0.94752336 
718 334 19 26 0.9431592 
664 397 20 31 0.78455836 
468 356 16 23 0.5324584 
928 378 18 21 0.39818364 
395 369 17 24 0.28504145 
379 372 15 18 0.27688363 
812 370 26 30 0.27357906 
531 440 17 18 0.26337102 
630 335 23 30 0.17395443 
681 411 15 18 0.1640473 
456 348 23 30 0.15642214 
675 406 16 21 0.120880105 
636 262 17 22 0.1048943 
462 369 23 29 0.08870624 
121 410 40 44 0.0834233 
380 283 28 35 0.072399154 
538 427 27 32 0.071531765 
702 289 16 19 0.07039532 
866 364 14 19 0.06568174 
557 336 15 19 0.061509147 
397 212 13 18 0.061491214 
534 203 13 15 0.05948144 
276 502 14 18 0.057122342 
318 501 18 21 0.048229583 
799 335 36 44 0.041555382 
779 312 25 29 0.0404603 
623 41 12 15 0.039047327 
794 372 14 18 0.03884161 
285 456 28 32 0.036226932 
955 340 11 15 0.03550087 
770 303 39 47 0.035020523 
235 362 27 35 0.034527678 
529 203 25 31 0.033954296 
877 365 12 16 0.033814266 
919 368 22 28 0.033257764 
274 497 25 27 0.03297419 
596 230 28 31 0.032703985 
775 408 18 21 0.030386345 
498 382 16 22 0.030233292 
533 391 13 18 0.030134583 
550 425 25 32 0.030053757 
778 303 17 20 0.029735815 
518 434 28 31 0.029397296 
303 494 25 28 0.029060623 
538 213 28 32 0.02865559 
291 500 26 31 0.027895201 
803 426 16 18 0.027794618 
612 301 27 32 0.027751898 
534 463 14 19 0.027482832 
512 417 25 33 0.025885407 
572 204 28 28 0.025797058 
940 333 27 32 0.024771629 
549 368 27 32 0.024089001 
338 358 18 23 0.02392711 
805 360 27 33 0.02384966 
474 348 14 23 0.023589551 
918 361 12 17 0.022469994 
635 390 19 21 0.022339731 
754 405 23 29 0.022199618 
278 462 15 23 0.022053419 
547 341 22 29 0.02172623 
539 376 25 31 0.021726098 
763 412 28 29 0.021199252 
215 411 14 19 0.021167703 
523 475 14 17 0.021136312 
562 332 15 19 0.020640938 
500 449 16 20 0.020305406 
965 342 11 13 0.020291531 
417 422 37 46 0.02023595 
386 196 13 16 0.020072453 
