50_Celebration_Or_Party_houseparty_50_282
31
322 231 41 49 0.99857557 
47 243 46 73 0.9983486 
645 195 52 64 0.9975077 
423 153 38 46 0.9904384 
623 134 30 45 0.9893063 
166 248 45 58 0.9835656 
791 164 63 84 0.85732913 
927 214 53 64 0.7346975 
499 524 19 21 0.38107067 
927 102 37 44 0.3432193 
951 221 39 43 0.28466618 
203 253 31 40 0.086763516 
917 91 32 45 0.051458854 
609 146 36 43 0.050061326 
504 525 27 32 0.04285401 
552 178 12 16 0.04262519 
542 197 13 16 0.035826255 
552 453 28 35 0.03412984 
375 226 18 23 0.03339893 
74 215 30 38 0.03269507 
932 180 66 81 0.03246663 
498 201 31 32 0.031199332 
533 178 10 13 0.03078848 
217 263 18 25 0.030124038 
565 293 15 19 0.027715746 
11 257 31 50 0.02603875 
62 377 106 128 0.025864583 
800 322 32 49 0.024467822 
107 430 60 71 0.022057677 
198 302 51 62 0.021949256 
631 172 50 64 0.021495346 
