50_Celebration_Or_Party_houseparty_50_303
28
485 305 128 177 0.9991271 
722 1509 76 102 0.9934983 
231 1507 75 102 0.992997 
157 448 374 491 0.372257 
683 470 103 142 0.18875185 
887 1609 73 54 0.12096636 
902 1621 77 63 0.05481611 
703 519 65 84 0.048972756 
70 1480 411 498 0.046089213 
240 1164 41 48 0.045857783 
850 1615 31 31 0.040629942 
915 1595 58 48 0.03989015 
193 381 112 129 0.033414975 
916 985 110 231 0.03338431 
706 453 60 90 0.03249456 
244 457 64 57 0.030944455 
270 279 35 48 0.030876262 
527 1069 30 29 0.028548783 
891 1639 69 65 0.027734831 
734 528 59 78 0.027275402 
684 475 208 255 0.025954654 
166 662 445 498 0.024286084 
228 1958 19 25 0.02400541 
417 1582 27 35 0.023313185 
906 1878 56 66 0.022676062 
228 351 395 428 0.02234681 
198 444 135 102 0.021629889 
343 1960 16 19 0.02066946 
