50_Celebration_Or_Party_birthdayparty_50_134
194
854 284 30 35 0.99840814 
11 335 21 27 0.8712999 
616 311 9 11 0.86845505 
83 354 14 19 0.5348959 
551 314 13 15 0.52014166 
559 344 13 17 0.45510042 
798 302 10 12 0.44430038 
540 349 11 14 0.3328574 
581 317 10 12 0.32920712 
883 357 114 155 0.3139119 
650 303 10 12 0.29029766 
597 332 10 14 0.2694926 
497 334 8 10 0.26254624 
503 335 9 10 0.24418847 
578 311 10 12 0.20939377 
598 351 10 14 0.20474032 
423 341 8 10 0.19718368 
485 321 7 10 0.1926585 
804 353 22 29 0.1795389 
547 321 14 17 0.17934231 
572 528 14 17 0.17835408 
760 303 11 13 0.16058093 
609 347 9 14 0.156808 
743 304 10 12 0.14572373 
479 332 11 12 0.14315316 
481 324 10 12 0.13761191 
724 295 10 12 0.12961507 
442 350 8 9 0.1289218 
446 350 8 10 0.128025 
640 308 9 12 0.12179382 
490 575 44 51 0.11546533 
543 330 11 13 0.11504402 
448 344 8 10 0.111801796 
928 336 19 24 0.11176278 
576 323 11 14 0.10806939 
434 364 9 11 0.09936655 
509 341 8 11 0.09928258 
430 343 8 11 0.098997906 
566 521 24 28 0.0967813 
509 336 7 10 0.09456408 
422 338 7 9 0.0884534 
574 519 11 12 0.08552736 
529 334 8 11 0.08185975 
738 308 10 12 0.07816993 
548 331 13 15 0.07738851 
873 312 22 31 0.076081984 
552 341 13 15 0.07530787 
504 338 10 13 0.072089024 
450 567 52 61 0.071965635 
894 336 24 31 0.06844585 
453 344 8 9 0.06820661 
486 332 10 14 0.06623796 
558 509 8 10 0.06394584 
589 554 55 74 0.063856855 
736 303 9 11 0.0612373 
592 354 14 15 0.0608305 
806 310 10 13 0.06076756 
578 525 13 16 0.059100006 
471 336 10 12 0.058898695 
440 344 7 9 0.057216372 
628 348 12 16 0.056580164 
417 351 8 11 0.05494208 
555 321 12 16 0.05428848 
574 342 10 14 0.05414344 
550 592 36 37 0.05398407 
807 315 10 14 0.05367773 
86 371 12 15 0.053177364 
631 391 27 32 0.05304639 
923 315 12 14 0.05273448 
419 341 7 11 0.052179135 
422 348 9 11 0.051654227 
749 304 10 12 0.051512294 
119 415 10 13 0.04935102 
486 341 10 13 0.048710894 
792 304 11 15 0.04689819 
541 342 13 16 0.046741463 
587 638 16 21 0.046657864 
387 366 10 14 0.04643104 
591 326 10 14 0.0461659 
409 368 7 10 0.045416765 
611 341 11 16 0.04513219 
567 536 12 16 0.045131408 
88 361 15 17 0.04439543 
707 301 11 12 0.04294493 
0 345 12 18 0.04162725 
631 354 11 14 0.041245487 
478 341 11 14 0.040844593 
476 506 11 13 0.040680345 
554 509 8 10 0.040603004 
721 332 13 18 0.040001336 
601 502 8 10 0.039996635 
22 369 14 21 0.03997675 
553 505 8 9 0.03977422 
606 326 10 15 0.039732773 
596 516 12 13 0.039429966 
384 350 8 10 0.03939709 
397 537 96 115 0.03896278 
652 316 12 15 0.038479704 
803 339 14 18 0.038190447 
446 356 9 10 0.03817349 
503 349 11 14 0.037850432 
599 311 10 12 0.037809126 
547 545 89 103 0.037790496 
484 346 13 16 0.03751799 
24 337 13 20 0.03723972 
494 338 11 14 0.03622089 
555 509 44 61 0.03618602 
562 525 10 14 0.035813306 
528 339 10 13 0.03550608 
438 359 10 12 0.035420556 
568 511 8 10 0.035396904 
612 329 13 17 0.035283048 
929 332 30 39 0.035009924 
509 349 11 14 0.03487853 
442 336 8 10 0.034331642 
775 322 13 17 0.033951767 
477 345 15 17 0.033663865 
550 346 12 16 0.03350401 
621 316 10 12 0.03290541 
407 373 7 10 0.03279968 
581 348 10 14 0.032559495 
534 566 58 66 0.032527458 
534 333 10 13 0.032061722 
504 562 54 64 0.031923264 
614 305 16 23 0.031887162 
817 361 13 19 0.031315107 
634 308 9 10 0.030906303 
516 390 10 12 0.030839048 
646 296 18 24 0.030809646 
219 118 63 75 0.03061949 
910 335 24 28 0.030523516 
579 629 27 34 0.030448452 
534 342 12 15 0.030445784 
446 337 8 10 0.030267451 
873 293 16 23 0.030252025 
606 535 12 14 0.029958583 
446 366 8 9 0.029909171 
567 324 12 15 0.029702088 
559 505 8 9 0.029249856 
593 512 9 11 0.028515961 
771 362 11 15 0.028252551 
586 578 14 18 0.028119879 
556 335 12 15 0.02804684 
142 389 14 17 0.027408822 
429 349 9 10 0.027298987 
615 356 9 12 0.027231112 
881 316 24 31 0.02713784 
798 358 18 22 0.027039284 
508 354 13 16 0.026979595 
85 346 21 28 0.0267645 
793 297 18 22 0.026472619 
644 335 11 12 0.0264325 
799 346 14 17 0.026340013 
414 365 9 12 0.025772458 
112 412 10 13 0.0256527 
750 316 11 15 0.025483621 
400 375 9 10 0.02522305 
116 388 13 16 0.025074998 
629 325 10 13 0.024967855 
750 324 15 18 0.024795614 
464 357 9 11 0.024775961 
494 349 10 13 0.024652451 
42 403 15 20 0.02437841 
630 321 8 10 0.024141625 
597 509 11 13 0.02387779 
447 374 8 12 0.023637917 
465 340 8 12 0.023047654 
463 563 12 15 0.022765275 
446 496 11 15 0.02261461 
756 378 21 28 0.022371482 
718 328 11 14 0.022324547 
639 339 11 15 0.02228526 
578 517 26 32 0.021649253 
573 512 9 10 0.021608768 
4 334 18 24 0.021534927 
550 526 10 12 0.021517832 
595 358 15 18 0.021517776 
472 348 10 13 0.021397134 
517 349 10 13 0.021327624 
593 564 33 39 0.021220926 
605 355 10 13 0.021211464 
93 405 9 12 0.021119835 
917 317 24 28 0.021045528 
487 366 9 11 0.02094178 
567 504 8 11 0.02093453 
548 354 13 16 0.020872207 
452 348 10 12 0.020720836 
426 564 53 70 0.020598568 
576 314 18 23 0.020551534 
400 366 9 12 0.020363692 
726 309 9 12 0.020198269 
544 525 9 12 0.020174142 
610 311 8 11 0.020161023 
915 305 23 27 0.020024115 
