50_Celebration_Or_Party_birthdayparty_50_374
27
590 286 67 82 0.99687046 
730 307 67 88 0.9963642 
433 335 59 70 0.99559104 
264 315 64 92 0.99541926 
129 340 78 89 0.9775441 
879 127 87 108 0.8576144 
284 30 59 65 0.055204432 
861 635 14 18 0.05468729 
910 581 13 16 0.046498265 
483 653 46 36 0.040646628 
884 172 11 15 0.037818298 
94 312 30 56 0.032978967 
325 310 44 62 0.03228903 
-3 381 44 65 0.030800205 
898 517 31 36 0.030510819 
567 267 49 63 0.029821532 
933 573 13 18 0.029392669 
875 590 14 15 0.02626125 
424 310 56 74 0.024902381 
874 165 27 35 0.024221051 
749 601 42 54 0.023344267 
402 311 35 48 0.021845227 
557 254 14 18 0.021284938 
857 88 91 122 0.02069998 
390 328 43 58 0.020425715 
491 610 58 52 0.020365689 
878 615 27 32 0.02017887 
