21_Festival_Festival_21_585
313
22 237 12 15 0.8972024 
119 331 25 31 0.88114965 
16 302 16 18 0.8263381 
582 525 51 79 0.7815747 
836 548 79 95 0.6941424 
51 234 9 11 0.6271395 
290 242 14 17 0.6271395 
130 205 7 9 0.6271395 
93 199 7 8 0.60666233 
214 291 14 17 0.60666233 
54 354 21 24 0.5227497 
112 284 16 21 0.5216516 
32 209 9 10 0.5 
201 317 14 19 0.47834834 
7 208 9 11 0.45677772 
437 344 35 41 0.45459446 
67 230 8 10 0.43536806 
174 191 7 8 0.43536806 
355 109 61 83 0.43212515 
25 259 14 16 0.4141967 
182 338 17 24 0.3933377 
263 232 9 11 0.3728605 
197 195 7 9 0.3728605 
28 184 6 8 0.3728605 
707 166 126 227 0.3436022 
208 459 16 18 0.33330244 
417 395 7 9 0.31433135 
175 230 9 11 0.31433135 
50 207 9 11 0.31433135 
567 53 36 34 0.28687313 
198 245 11 14 0.27822798 
254 341 14 20 0.26116365 
826 443 59 85 0.2511021 
324 529 9 12 0.24479094 
267 263 11 14 0.24479094 
258 314 12 16 0.22912635 
308 323 16 19 0.2141799 
245 409 21 25 0.2032784 
56 314 16 21 0.19995552 
154 195 7 9 0.16157512 
231 250 13 16 0.16157512 
100 213 8 9 0.16157512 
743 -1 239 260 0.15916686 
20 327 17 20 0.15017675 
229 500 12 15 0.15017675 
115 200 6 8 0.15017675 
35 197 8 9 0.13944872 
74 203 7 9 0.13944872 
0 393 11 25 0.13944872 
159 242 8 9 0.13944872 
841 503 112 164 0.13594593 
131 282 13 16 0.1293704 
76 221 8 8 0.12937039 
333 60 34 41 0.12872264 
251 310 13 16 0.11991897 
95 229 9 10 0.11991897 
504 493 12 15 0.11991897 
683 333 239 280 0.115646794 
127 304 13 18 0.111069925 
819 395 51 59 0.109639935 
217 432 14 14 0.102797605 
219 240 12 16 0.102797605 
91 491 51 62 0.10106142 
71 550 61 75 0.10106142 
565 556 6 7 0.09507551 
126 462 14 20 0.09507551 
237 393 9 11 0.09507551 
469 496 8 9 0.09507551 
247 275 15 19 0.09507551 
468 578 11 14 0.08787667 
92 258 14 17 0.08787667 
555 54 60 59 0.08567618 
694 120 116 172 0.08285364 
45 287 14 18 0.08117401 
227 504 9 12 0.08117401 
477 533 6 7 0.08117401 
809 416 101 131 0.076092646 
204 444 11 14 0.074940585 
145 470 29 32 0.07244435 
18 354 20 22 0.07244435 
60 259 12 15 0.069149815 
0 345 11 21 0.0691498 
207 187 6 7 0.0691498 
449 520 8 11 0.0691498 
274 522 8 9 0.0691498 
310 522 5 6 0.06377564 
481 486 5 7 0.06377564 
253 511 9 11 0.06377564 
308 277 19 24 0.06377564 
246 241 13 17 0.06377564 
50 291 13 16 0.06377564 
488 356 13 20 0.05879275 
110 237 12 15 0.05879275 
498 522 7 10 0.05879275 
636 61 215 267 0.05874174 
74 283 21 22 0.056098126 
183 596 73 57 0.056098126 
375 388 6 8 0.054176662 
442 541 11 15 0.054176662 
535 600 5 6 0.054176662 
500 568 6 8 0.054176662 
310 526 6 8 0.054176662 
170 575 114 94 0.053832818 
149 491 57 59 0.051466707 
365 521 11 14 0.04990379 
292 533 9 10 0.04990379 
256 339 10 12 0.04990379 
475 183 6 8 0.04990379 
203 462 12 15 0.04990379 
235 498 9 11 0.049903784 
118 221 8 10 0.049903784 
29 350 194 238 0.04931264 
461 118 109 185 0.04931264 
74 566 34 41 0.047198545 
563 558 7 8 0.04595155 
165 215 8 9 0.04595155 
550 584 8 10 0.045951538 
261 254 8 11 0.045951538 
809 417 191 248 0.045153897 
725 197 206 260 0.045153886 
91 518 28 36 0.04326818 
19 359 7 9 0.04229837 
232 185 6 7 0.04229837 
209 379 12 16 0.04229837 
288 243 10 12 0.04229837 
500 183 7 9 0.04229837 
271 300 7 9 0.04229837 
341 522 9 10 0.04229837 
554 531 5 6 0.04229837 
123 539 89 122 0.04133062 
93 520 90 120 0.04133061 
508 456 20 27 0.039651502 
627 388 25 27 0.039651494 
560 47 28 34 0.039651494 
311 434 31 26 0.039651494 
84 513 47 58 0.039651494 
121 162 8 9 0.038923774 
122 158 6 7 0.038923774 
482 559 7 8 0.038923774 
562 551 6 7 0.038923774 
142 201 7 8 0.038923774 
462 510 9 10 0.038923774 
1 281 12 21 0.038923774 
0 274 6 9 0.038923774 
106 323 28 33 0.036325645 
211 430 23 27 0.036325645 
95 252 24 27 0.036325645 
126 315 23 30 0.036325645 
194 320 16 18 0.035808332 
79 570 17 21 0.035808332 
482 547 6 8 0.035808332 
268 538 8 10 0.035808332 
546 576 6 7 0.035808332 
552 267 15 21 0.035808332 
415 561 16 19 0.035808332 
291 534 14 17 0.035808332 
83 212 8 10 0.035808332 
76 240 13 15 0.035808332 
58 279 13 17 0.035808332 
399 396 4 5 0.035808332 
76 171 6 8 0.035808332 
91 163 6 7 0.035808332 
258 22 232 292 0.034593605 
370 472 26 29 0.033269096 
269 612 27 28 0.033269096 
714 115 75 85 0.033269096 
142 316 22 29 0.033269096 
164 495 34 37 0.033269096 
137 306 21 25 0.033269096 
224 240 12 16 0.03293372 
215 490 7 10 0.032933712 
254 490 15 17 0.032933712 
108 255 7 8 0.032933712 
559 547 6 8 0.032933712 
255 365 11 17 0.032933712 
101 256 14 16 0.032933712 
462 277 209 248 0.03163486 
495 365 222 252 0.03163486 
125 476 55 58 0.030461604 
817 407 63 89 0.030461596 
431 320 60 64 0.030461596 
58 262 20 23 0.030461596 
136 477 31 35 0.030461596 
104 499 31 39 0.030461596 
141 261 13 15 0.030282615 
274 252 9 10 0.030282615 
18 475 19 24 0.030282615 
412 394 7 9 0.030282615 
182 257 9 10 0.030282615 
128 179 5 6 0.030282615 
109 212 6 9 0.030282615 
147 470 17 21 0.030282615 
126 308 9 12 0.030282615 
72 224 11 13 0.030282615 
48 222 9 10 0.030282615 
41 292 9 12 0.030282615 
55 425 121 146 0.028921604 
197 619 37 28 0.027884193 
409 396 5 7 0.027838783 
21 463 14 17 0.027838783 
232 240 8 10 0.027838783 
477 197 6 8 0.027838783 
76 159 6 7 0.027838783 
191 195 7 9 0.027838783 
78 237 8 9 0.027838783 
494 537 14 19 0.027838783 
541 551 6 7 0.027838783 
533 505 6 7 0.027838778 
158 243 13 16 0.027838778 
195 247 8 11 0.027838778 
594 520 16 21 0.027838778 
262 257 12 15 0.027838778 
179 183 7 8 0.027838778 
288 529 8 9 0.027838778 
272 524 12 16 0.027838778 
545 511 7 9 0.027838778 
877 359 130 169 0.026434705 
60 232 11 14 0.02558696 
541 525 6 7 0.02558696 
380 472 15 16 0.02558696 
371 525 8 9 0.02558696 
248 519 8 10 0.02558696 
448 511 13 16 0.02558696 
198 465 12 15 0.02558696 
552 557 6 8 0.02558696 
350 498 9 9 0.02558696 
630 360 8 10 0.02558696 
255 416 12 13 0.02558696 
164 180 6 8 0.02558696 
282 618 17 21 0.02558696 
530 518 8 10 0.02558696 
254 191 5 7 0.02558696 
452 495 11 13 0.02558696 
271 345 7 9 0.02558696 
389 394 8 8 0.02558696 
409 550 23 27 0.025519116 
677 498 54 66 0.025519116 
82 548 29 37 0.025519116 
105 311 47 54 0.025519116 
118 489 32 44 0.025519116 
794 445 73 99 0.025519116 
87 531 27 32 0.025519116 
743 85 69 63 0.025519116 
577 475 95 117 0.024156325 
770 264 232 275 0.024156325 
393 30 183 248 0.024156325 
502 65 281 284 0.024156325 
197 210 9 11 0.02351288 
548 546 6 7 0.02351288 
249 515 13 17 0.02351288 
440 525 6 8 0.02351288 
193 343 13 17 0.02351288 
453 510 7 8 0.02351288 
517 509 8 10 0.02351288 
204 247 8 11 0.02351288 
239 248 9 12 0.02351288 
89 528 18 21 0.02351288 
345 505 6 8 0.02351288 
131 301 14 17 0.02351288 
313 225 12 14 0.02351288 
46 230 12 16 0.02351288 
636 416 16 20 0.02351288 
81 215 10 13 0.02351288 
235 244 9 11 0.02351288 
630 386 15 20 0.02351288 
600 522 61 70 0.023349825 
47 352 40 47 0.023349825 
252 600 53 52 0.023349825 
101 262 23 26 0.023349825 
277 473 57 66 0.023349825 
766 491 106 155 0.022069868 
548 492 90 115 0.022069868 
843 21 153 146 0.022069868 
685 460 7 10 0.0216032 
152 189 6 7 0.0216032 
341 518 8 8 0.0216032 
298 244 10 11 0.021603195 
323 526 7 10 0.021603195 
72 279 15 19 0.021603195 
52 285 9 12 0.021603195 
64 279 15 19 0.021603195 
79 288 9 12 0.021603195 
241 227 13 15 0.021603195 
477 484 5 7 0.021603195 
149 195 7 8 0.021603195 
720 138 15 19 0.021603195 
368 501 7 8 0.021603195 
182 495 13 17 0.021603195 
90 215 7 9 0.021603195 
183 196 6 8 0.021603195 
162 182 6 7 0.021603195 
269 184 4 5 0.021603195 
480 490 7 9 0.021603195 
558 572 5 7 0.021603195 
557 559 5 7 0.021603195 
557 544 10 13 0.021603195 
544 547 6 8 0.021603195 
309 543 6 7 0.021603195 
473 479 6 8 0.021603195 
203 451 16 21 0.021603195 
690 460 15 18 0.021603195 
518 439 12 14 0.021603195 
210 435 15 17 0.021603195 
396 397 6 7 0.021603195 
830 378 29 36 0.021360898 
120 281 19 21 0.021360898 
324 432 32 28 0.021360898 
64 267 45 46 0.021360898 
104 626 29 29 0.021360898 
542 73 65 75 0.021360898 
287 523 23 26 0.021360898 
353 62 29 35 0.021360898 
447 156 212 245 0.0201599 
