21_Festival_Festival_21_664
62
615 207 203 500 0.99261475 
279 160 188 451 0.991905 
464 539 57 131 0.9334414 
185 176 215 530 0.9171464 
158 576 242 605 0.8144974 
86 149 232 579 0.71599656 
880 333 74 150 0.6941424 
13 137 200 546 0.6135702 
360 638 215 570 0.5 
708 183 186 515 0.19988176 
222 777 215 562 0.18550259 
45 203 123 316 0.17193554 
27 274 74 133 0.15056497 
435 829 200 500 0.14717786 
560 194 170 444 0.13594593 
495 920 197 530 0.13594593 
14 834 194 515 0.1065206 
492 183 106 356 0.09015675 
258 606 235 538 0.09015675 
51 591 232 605 0.090156734 
532 561 75 175 0.07880669 
614 567 46 127 0.056098126 
49 246 85 170 0.056098126 
448 494 97 218 0.053832818 
533 388 197 451 0.053832814 
484 320 76 205 0.051466707 
89 412 246 546 0.04931264 
19 856 117 335 0.04931264 
719 577 239 596 0.045153897 
620 533 28 75 0.04326818 
453 564 32 85 0.04326818 
566 590 64 143 0.039651502 
34 376 197 492 0.03781825 
449 503 51 148 0.036325652 
11 306 62 143 0.036325652 
41 300 32 68 0.036325652 
477 96 200 530 0.034593605 
864 593 124 335 0.034593593 
451 272 51 145 0.033269096 
409 482 225 538 0.03163486 
781 237 130 350 0.03163486 
776 836 269 623 0.03163486 
470 291 30 95 0.030461604 
413 595 34 83 0.030461604 
420 400 98 228 0.028921604 
737 41 25 60 0.027884193 
593 127 49 158 0.027884193 
610 512 45 133 0.027884185 
139 635 172 394 0.026434705 
95 11 64 138 0.025519116 
404 244 111 307 0.022069868 
632 583 69 161 0.021360898 
424 560 48 120 0.021360898 
54 305 44 82 0.021360898 
502 217 71 191 0.021360898 
609 514 29 83 0.021360898 
171 336 302 632 0.020159906 
577 836 228 562 0.020159906 
490 495 107 302 0.0201599 
575 1010 132 345 0.0201599 
700 -15 95 228 0.0201599 
583 23 117 285 0.0201599 
