21_Festival_Festival_21_275
306
967 330 15 19 0.9980531 
256 265 31 55 0.98046196 
920 352 7 9 0.91882604 
686 230 10 12 0.9121234 
999 346 15 18 0.8384248 
882 344 7 9 0.8263381 
751 229 8 11 0.8000445 
860 344 7 10 0.7388364 
312 297 57 73 0.6941424 
687 106 9 10 0.5432222 
569 341 22 24 0.5216516 
903 348 8 9 0.5216516 
516 323 13 23 0.4141967 
868 347 8 10 0.3728605 
706 241 7 9 0.29596066 
740 337 11 14 0.29596066 
621 335 22 22 0.29596066 
810 188 15 22 0.22912635 
525 329 20 29 0.21842524 
788 99 8 10 0.19995552 
90 48 197 253 0.19988178 
408 183 206 246 0.18550259 
707 308 6 8 0.16157512 
197 359 34 48 0.15056497 
757 12 60 62 0.15056497 
10 193 50 79 0.15056497 
922 346 8 9 0.15017675 
863 343 9 12 0.15017675 
900 347 7 9 0.15017675 
709 54 9 11 0.15017675 
841 90 12 15 0.15017675 
706 335 15 16 0.13944872 
335 294 35 48 0.13928533 
738 216 6 7 0.12937039 
184 439 74 73 0.12872262 
242 480 218 316 0.1254451 
950 346 7 8 0.11991897 
729 309 8 9 0.111069925 
712 333 15 17 0.111069925 
840 73 14 22 0.10279763 
824 87 8 10 0.10279763 
537 316 8 10 0.09507551 
893 344 5 7 0.09507551 
345 142 42 69 0.09308395 
808 96 9 10 0.08787667 
351 287 54 60 0.08567618 
511 313 26 33 0.08567618 
457 335 23 28 0.07880669 
113 131 119 149 0.076092646 
710 92 7 10 0.074940585 
766 113 7 10 0.07494057 
211 455 70 68 0.072444364 
733 91 13 16 0.069149815 
643 258 6 8 0.0691498 
735 338 7 10 0.0691498 
132 213 23 34 0.06655857 
653 473 242 242 0.064067975 
927 347 6 7 0.06377564 
822 128 7 9 0.06377564 
139 202 70 76 0.06111947 
195 455 35 37 0.06111947 
886 335 5 6 0.05879275 
851 346 6 8 0.05879275 
729 240 7 8 0.05879275 
310 314 7 10 0.05879275 
385 -25 218 289 0.05874174 
595 283 22 31 0.056098126 
956 232 6 8 0.054176662 
570 395 257 294 0.053832814 
561 339 20 24 0.04990379 
873 335 5 6 0.04990379 
701 321 12 15 0.049903784 
-6 329 178 246 0.04931264 
567 308 30 32 0.047198545 
543 300 28 33 0.047198545 
232 279 33 44 0.047198545 
711 255 5 6 0.04595155 
750 104 7 8 0.04595155 
724 258 5 6 0.04595155 
314 342 8 11 0.04595155 
741 87 6 7 0.04595155 
522 327 15 22 0.04595155 
717 301 8 10 0.045951538 
944 354 7 9 0.045951538 
312 338 15 19 0.045951538 
711 113 8 11 0.045951538 
447 238 123 142 0.045153897 
563 325 30 35 0.04326818 
473 398 36 48 0.04326818 
272 267 45 67 0.04326818 
534 335 9 11 0.04229837 
718 329 9 14 0.04229837 
960 393 17 20 0.04229837 
675 458 9 14 0.04229837 
648 437 6 7 0.04229837 
493 387 215 265 0.04133062 
536 475 126 132 0.04133061 
648 139 225 294 0.04133061 
396 101 69 94 0.039651502 
373 136 54 70 0.039651502 
454 264 26 34 0.039651494 
870 154 6 9 0.038923774 
882 334 6 7 0.038923774 
920 343 8 10 0.038923774 
686 110 8 10 0.038923774 
697 237 6 8 0.038923774 
949 350 8 10 0.038923774 
890 335 5 6 0.038923774 
736 258 6 7 0.038923774 
874 360 6 8 0.038923774 
732 94 7 9 0.038923774 
740 237 6 7 0.038923774 
733 216 6 7 0.038923774 
743 288 5 7 0.038923774 
868 121 5 7 0.038923774 
746 338 8 10 0.038923774 
832 392 4 5 0.038923774 
795 20 235 232 0.03781825 
71 46 119 167 0.03781825 
173 462 191 285 0.03781825 
73 59 68 83 0.036325652 
622 381 28 33 0.036325645 
226 231 30 41 0.036325645 
468 342 15 18 0.035808332 
733 258 6 7 0.035808332 
877 344 10 13 0.035808332 
729 258 5 6 0.035808332 
871 336 5 6 0.035808332 
771 198 8 10 0.035808332 
928 357 6 8 0.035808332 
877 334 6 7 0.035808332 
671 37 7 9 0.035808332 
296 250 100 125 0.034593593 
379 282 32 39 0.033269096 
517 317 40 51 0.033269096 
62 233 48 69 0.033269096 
583 280 26 30 0.033269096 
118 206 27 40 0.033269096 
354 260 67 70 0.033269096 
997 346 9 12 0.03293372 
866 118 5 7 0.03293372 
806 98 13 17 0.03293372 
945 344 8 10 0.03293372 
774 273 7 8 0.03293372 
763 402 6 9 0.03293372 
702 326 14 19 0.032933712 
720 241 6 7 0.032933712 
740 331 8 9 0.032933712 
891 305 4 5 0.032933712 
929 212 6 8 0.032933712 
904 339 5 6 0.032933712 
737 237 6 8 0.032933712 
732 87 5 6 0.032933712 
807 87 5 6 0.032933712 
296 51 13 18 0.032933712 
706 304 11 14 0.032933712 
895 346 6 8 0.032933712 
423 430 197 242 0.03163486 
367 156 29 50 0.030461596 
547 300 46 47 0.030461596 
610 372 45 53 0.030461596 
382 132 6 8 0.030282615 
895 306 4 5 0.030282615 
834 352 6 8 0.030282615 
660 151 6 8 0.030282615 
919 340 8 9 0.030282615 
709 320 8 11 0.030282615 
943 346 12 14 0.030282615 
890 340 6 7 0.030282615 
915 339 6 8 0.030282615 
912 339 6 7 0.030282615 
681 271 8 9 0.030282615 
1002 343 11 13 0.030282615 
702 305 8 10 0.030282615 
698 336 13 17 0.030282615 
674 38 29 32 0.027884193 
582 305 29 33 0.027884193 
587 23 73 60 0.027884193 
125 203 44 58 0.027884193 
348 10 62 76 0.027884185 
112 131 73 91 0.027884185 
805 198 8 11 0.027838783 
962 333 9 11 0.027838783 
731 243 6 8 0.027838783 
742 285 4 5 0.027838783 
726 367 12 15 0.027838783 
763 262 5 6 0.027838783 
763 268 5 6 0.027838783 
911 348 6 9 0.027838783 
863 341 7 8 0.027838783 
723 433 9 12 0.027838783 
402 141 7 9 0.027838783 
856 105 6 6 0.027838783 
704 218 6 8 0.027838783 
844 379 5 7 0.027838778 
723 240 6 7 0.027838778 
74 103 17 20 0.027838778 
174 418 104 151 0.02643471 
871 1 130 170 0.026434705 
284 129 222 294 0.026434705 
354 59 194 277 0.026434705 
912 343 6 8 0.02558696 
736 88 7 7 0.02558696 
655 97 6 9 0.02558696 
845 124 8 8 0.02558696 
807 194 9 13 0.02558696 
877 233 4 5 0.02558696 
704 360 15 19 0.02558696 
898 345 6 8 0.02558696 
770 192 13 16 0.02558696 
903 359 6 7 0.02558696 
728 238 12 14 0.02558696 
692 198 9 11 0.02558696 
715 254 5 6 0.02558696 
1005 349 10 12 0.02558696 
928 332 7 9 0.02558696 
788 258 7 10 0.02558696 
724 262 6 7 0.02558696 
644 109 5 6 0.02558696 
812 93 8 9 0.02558696 
749 111 7 9 0.02558696 
898 339 5 7 0.02558696 
868 339 7 8 0.02558696 
724 200 7 8 0.02558696 
374 141 28 39 0.025519116 
125 341 32 38 0.025519116 
791 59 50 60 0.025519116 
804 96 23 29 0.025519116 
18 312 65 58 0.025519116 
244 278 35 54 0.025519116 
602 290 26 34 0.025519116 
728 263 6 7 0.02351288 
739 92 7 8 0.02351288 
885 340 7 8 0.02351288 
916 348 8 10 0.02351288 
680 267 13 15 0.02351288 
1016 408 6 9 0.02351288 
396 139 5 7 0.02351288 
704 271 7 9 0.02351288 
818 162 5 7 0.02351288 
722 328 13 19 0.02351288 
477 351 7 10 0.02351288 
647 117 7 9 0.02351288 
622 288 6 7 0.02351288 
441 278 8 12 0.02351288 
428 321 7 10 0.02351288 
826 359 6 7 0.02351288 
894 336 5 6 0.02351288 
938 343 6 8 0.02351288 
789 310 6 8 0.02351288 
725 126 6 8 0.02351288 
822 336 5 7 0.02351288 
407 140 5 6 0.02351288 
856 209 11 16 0.02351288 
425 215 58 76 0.023349825 
117 191 27 38 0.023349825 
387 145 65 82 0.023349825 
737 329 20 23 0.023349825 
653 366 24 28 0.023349825 
502 -4 257 222 0.022069868 
292 342 218 294 0.022069868 
643 224 7 10 0.0216032 
743 343 9 12 0.0216032 
591 301 22 25 0.021603195 
421 144 5 6 0.021603195 
940 348 8 10 0.021603195 
902 355 7 9 0.021603195 
840 407 5 7 0.021603195 
709 311 9 10 0.021603195 
863 310 5 7 0.021603195 
706 459 9 11 0.021603195 
566 317 16 22 0.021603195 
744 238 6 7 0.021603195 
713 320 9 11 0.021603195 
664 255 5 6 0.021603195 
916 342 7 10 0.021603195 
701 44 8 9 0.021603195 
731 112 7 9 0.021603195 
678 41 17 21 0.021603195 
712 42 6 7 0.021603195 
793 99 7 9 0.021603195 
723 235 12 15 0.021603195 
827 108 7 9 0.021603195 
747 98 11 14 0.021603195 
706 105 5 7 0.021603195 
871 344 8 10 0.021603195 
848 345 6 7 0.021603195 
765 343 6 7 0.021603195 
894 340 6 8 0.021603195 
651 168 5 6 0.021603195 
566 276 25 31 0.021360904 
307 321 34 46 0.021360898 
529 306 26 33 0.021360898 
233 233 48 68 0.021360898 
815 58 28 36 0.021360898 
115 178 47 62 0.021360898 
95 70 78 86 0.021360898 
574 286 27 35 0.021360898 
502 389 32 33 0.021360898 
318 416 51 80 0.021360898 
285 282 52 74 0.021360898 
615 279 26 35 0.021360898 
534 279 32 36 0.021360898 
205 276 23 39 0.021360898 
528 256 28 32 0.021360898 
-56 433 197 257 0.0201599 
