21_Festival_Festival_21_660
91
421 332 232 502 0.99997103 
525 312 203 495 0.6769414 
317 5 25 49 0.1753677 
666 338 191 453 0.1065206 
942 724 76 201 0.10106142 
619 7 15 29 0.069149815 
845 374 16 35 0.054176662 
656 384 116 327 0.053832814 
178 795 218 495 0.04931264 
393 285 28 65 0.047198545 
76 121 7 17 0.045951538 
772 380 212 473 0.045153886 
42 155 31 73 0.04326818 
771 316 57 129 0.04326818 
427 106 61 129 0.04326818 
99 195 34 73 0.04326818 
700 60 6 13 0.04229837 
112 668 15 32 0.04229837 
732 84 222 557 0.04133061 
342 397 209 421 0.04133061 
157 655 26 63 0.039651502 
34 201 57 125 0.039651494 
-5 809 180 453 0.03781825 
733 414 60 148 0.036325652 
746 487 32 73 0.036325652 
728 482 56 129 0.036325652 
51 579 8 17 0.035808332 
700 277 82 109 0.033269096 
387 234 51 113 0.033269096 
360 343 49 141 0.033269096 
409 131 55 141 0.033269096 
362 215 5 14 0.03293372 
1014 377 7 18 0.03293372 
34 582 16 31 0.032933712 
755 541 27 67 0.030461596 
185 975 52 123 0.030461596 
366 217 6 14 0.030282615 
200 337 13 31 0.030282615 
121 667 7 16 0.030282615 
901 991 74 182 0.027884193 
0 109 5 15 0.027838783 
947 426 6 13 0.027838783 
833 401 17 31 0.027838783 
374 126 15 31 0.027838783 
216 348 6 16 0.02558696 
137 619 18 37 0.02558696 
933 423 5 11 0.02558696 
821 463 13 30 0.02558696 
71 115 6 16 0.02558696 
5 108 6 15 0.02558696 
99 640 14 29 0.02558696 
87 604 6 13 0.02558696 
677 46 7 15 0.02558696 
271 70 55 123 0.025519116 
396 212 31 62 0.025519116 
-18 384 106 223 0.024156325 
402 52 107 230 0.024156325 
630 51 106 210 0.024156325 
145 600 18 41 0.02351288 
207 613 5 11 0.02351288 
371 148 15 34 0.02351288 
1012 345 8 18 0.02351288 
792 323 8 17 0.02351288 
117 663 12 29 0.02351288 
19 124 14 34 0.02351288 
52 715 16 35 0.02351288 
15 610 6 14 0.02351288 
14 389 14 32 0.02351288 
772 423 27 62 0.023349825 
401 190 50 119 0.023349825 
199 388 117 243 0.022069868 
118 251 104 226 0.022069868 
710 301 116 291 0.022069868 
881 729 7 15 0.021603195 
753 511 19 39 0.021603195 
397 20 7 15 0.021603195 
968 378 6 13 0.021603195 
510 51 8 16 0.021603195 
987 356 6 15 0.021603195 
99 366 8 17 0.021603195 
396 116 18 41 0.021603195 
343 136 10 22 0.021603195 
447 145 5 13 0.021603195 
0 219 15 38 0.021603195 
676 82 28 63 0.021360898 
0 524 22 54 0.021360898 
31 78 50 115 0.021360898 
292 159 30 68 0.021360898 
84 154 56 121 0.021360898 
794 370 126 299 0.0201599 
833 1028 107 236 0.0201599 
