21_Festival_Festival_21_943
276
738 189 8 13 0.9540484 
354 179 9 13 0.8972024 
67 192 12 15 0.8384248 
293 186 14 19 0.8135483 
113 195 10 14 0.78582007 
169 194 7 10 0.77087367 
708 188 14 20 0.7708736 
102 179 10 14 0.7217721 
832 193 9 13 0.7217721 
805 187 11 16 0.7040394 
762 185 8 12 0.60666233 
155 199 8 10 0.5216516 
190 196 9 12 0.5216516 
263 197 7 10 0.45677772 
551 183 8 11 0.43536806 
891 179 11 17 0.35282937 
564 185 5 7 0.35282937 
211 193 9 11 0.33330244 
939 198 6 8 0.29596066 
881 177 7 15 0.27822798 
305 172 7 11 0.27822798 
693 223 8 12 0.26116365 
421 191 5 7 0.2141799 
227 187 7 11 0.2141799 
79 174 6 9 0.2141799 
397 311 54 82 0.2032784 
572 194 7 9 0.19995552 
84 188 7 12 0.1864517 
87 192 7 11 0.18645167 
369 457 100 200 0.18550259 
252 189 7 10 0.17366187 
496 193 6 8 0.17366187 
279 184 13 17 0.16157512 
184 188 8 10 0.16157512 
160 201 8 10 0.15017675 
543 190 7 11 0.13944872 
390 188 5 8 0.13944872 
186 193 8 11 0.13944872 
495 190 6 8 0.13944872 
518 185 6 9 0.13944872 
288 185 12 19 0.1293704 
387 186 6 8 0.11991897 
327 197 6 10 0.111069925 
131 194 6 10 0.111069925 
344 186 5 7 0.111069925 
400 204 7 8 0.111069925 
516 186 5 8 0.102797605 
192 189 8 10 0.09507551 
555 185 6 9 0.09507551 
131 191 5 7 0.09507551 
895 335 18 28 0.09507551 
229 245 6 9 0.09507551 
152 194 7 10 0.08787667 
546 183 11 15 0.08787667 
943 231 7 10 0.08117401 
163 200 6 9 0.08117401 
240 203 8 11 0.08117401 
296 196 10 13 0.08117401 
522 185 6 8 0.08117401 
506 472 62 86 0.07880669 
399 218 7 11 0.074940585 
759 186 7 12 0.074940585 
90 194 7 10 0.074940585 
323 195 6 10 0.074940585 
396 349 58 83 0.07244435 
928 234 9 12 0.069149815 
67 199 8 13 0.069149815 
237 188 6 10 0.0691498 
525 196 5 7 0.0691498 
488 188 6 9 0.0691498 
628 217 25 39 0.06655858 
368 630 30 56 0.06655857 
794 23 253 307 0.064067975 
883 180 9 15 0.06377564 
279 192 13 19 0.06377564 
810 189 9 12 0.06377564 
87 185 7 10 0.06377564 
176 289 23 34 0.06111947 
829 198 9 13 0.05879275 
638 221 13 19 0.05879275 
592 433 16 19 0.05879275 
866 301 35 29 0.056098126 
261 188 12 16 0.054176662 
251 186 6 9 0.054176662 
217 189 10 16 0.054176662 
238 222 6 10 0.054176662 
80 193 7 11 0.054176662 
565 187 6 9 0.04990379 
260 199 7 10 0.04990379 
257 189 8 11 0.04990379 
755 188 5 9 0.04990379 
62 188 8 13 0.04990379 
186 185 12 15 0.04990379 
838 192 7 10 0.049903784 
214 190 8 11 0.049903784 
862 406 25 28 0.047198545 
748 336 62 65 0.047198545 
238 174 8 10 0.04595155 
703 541 18 23 0.04595155 
403 218 7 10 0.04595155 
663 218 28 34 0.04326818 
145 193 6 9 0.04229837 
400 200 7 9 0.04229837 
128 190 5 7 0.04229837 
57 188 8 12 0.04229837 
746 204 6 9 0.04229837 
277 184 8 12 0.04229837 
396 199 6 9 0.04229837 
148 193 6 9 0.04229837 
748 189 7 10 0.04229837 
212 370 29 43 0.039651494 
107 251 16 21 0.038923774 
977 234 5 8 0.038923774 
237 183 6 11 0.038923774 
209 189 8 11 0.038923774 
243 322 16 28 0.038923774 
518 199 5 7 0.038923774 
866 207 7 10 0.038923774 
125 459 232 289 0.03781825 
169 276 25 35 0.036325652 
221 388 29 41 0.036325652 
875 187 11 16 0.035808332 
84 233 10 19 0.035808332 
621 222 7 10 0.035808332 
76 171 11 17 0.035808332 
716 192 9 12 0.035808332 
420 190 10 17 0.035808332 
690 219 7 11 0.035808332 
309 188 5 9 0.035808332 
874 191 6 10 0.035808332 
768 187 7 11 0.035808332 
71 189 10 13 0.035808332 
568 65 215 325 0.034593593 
846 257 27 33 0.033269096 
617 212 23 37 0.033269096 
743 192 7 11 0.03293372 
978 211 4 6 0.03293372 
811 196 8 11 0.03293372 
523 188 5 8 0.032933712 
231 185 7 12 0.032933712 
134 190 5 8 0.032933712 
148 197 7 11 0.032933712 
133 195 8 11 0.032933712 
689 224 8 12 0.032933712 
251 241 12 21 0.032933712 
100 185 12 18 0.032933712 
193 199 8 12 0.032933712 
393 502 111 206 0.03163486 
718 241 55 80 0.030461604 
614 205 38 63 0.030461596 
358 179 7 11 0.030282615 
536 180 5 7 0.030282615 
225 181 6 9 0.030282615 
707 194 8 13 0.030282615 
117 190 7 10 0.030282615 
208 197 8 11 0.030282615 
197 198 7 10 0.030282615 
842 193 6 10 0.030282615 
107 176 8 11 0.030282615 
238 213 6 8 0.030282615 
341 189 6 8 0.030282615 
304 187 9 13 0.030282615 
328 191 5 7 0.030282615 
685 223 7 11 0.030282615 
867 213 8 11 0.030282615 
317 194 8 11 0.030282615 
740 184 11 15 0.030282615 
616 225 12 18 0.030282615 
16 495 232 277 0.028921604 
670 537 257 307 0.028921604 
343 364 212 302 0.028921604 
280 358 61 82 0.027884193 
565 218 10 13 0.027838783 
935 213 7 10 0.027838783 
978 219 5 8 0.027838783 
541 185 7 10 0.027838783 
224 175 7 9 0.027838783 
748 193 7 10 0.027838783 
997 202 7 10 0.027838783 
113 180 5 8 0.027838783 
250 245 7 11 0.027838783 
929 251 7 10 0.027838783 
54 177 8 11 0.027838783 
878 175 7 13 0.027838783 
384 187 6 8 0.027838778 
544 176 6 8 0.027838778 
113 176 6 8 0.027838778 
468 257 19 24 0.027838778 
869 193 6 9 0.027838778 
648 197 11 16 0.027838778 
315 190 6 8 0.027838778 
544 180 7 10 0.027838778 
96 192 7 11 0.027838778 
733 192 8 11 0.027838778 
566 193 7 10 0.027838778 
402 207 7 9 0.027838778 
194 99 191 257 0.026434705 
638 228 8 11 0.02558696 
892 218 14 22 0.02558696 
924 234 8 12 0.02558696 
492 193 11 16 0.02558696 
83 196 7 10 0.02558696 
724 198 7 11 0.02558696 
440 377 4 5 0.02558696 
407 219 6 8 0.02558696 
877 180 8 14 0.02558696 
121 189 6 8 0.02558696 
561 182 10 13 0.02558696 
387 184 10 14 0.02558696 
528 185 5 8 0.02558696 
802 192 7 11 0.02558696 
424 157 7 9 0.02558696 
519 195 6 8 0.02558696 
802 245 23 31 0.025519116 
528 191 5 7 0.02351288 
399 193 7 10 0.02351288 
728 194 7 11 0.02351288 
55 191 12 18 0.02351288 
241 219 8 11 0.02351288 
234 170 12 18 0.02351288 
400 214 7 11 0.02351288 
979 212 5 8 0.02351288 
353 176 8 11 0.02351288 
640 218 8 11 0.02351288 
703 216 7 10 0.02351288 
938 237 13 18 0.02351288 
731 255 7 11 0.02351288 
220 186 7 10 0.02351288 
114 184 6 9 0.02351288 
666 225 15 20 0.02351288 
804 193 8 13 0.02351288 
96 184 11 18 0.02351288 
794 238 14 22 0.02351288 
489 185 11 14 0.02351288 
212 340 30 32 0.023349825 
479 305 28 36 0.023349825 
323 192 5 8 0.0216032 
282 179 10 14 0.0216032 
705 310 7 10 0.021603195 
913 289 18 22 0.021603195 
117 186 6 8 0.021603195 
135 201 7 11 0.021603195 
223 324 15 24 0.021603195 
639 227 17 27 0.021603195 
52 183 12 20 0.021603195 
733 506 17 23 0.021603195 
496 196 6 9 0.021603195 
233 181 6 10 0.021603195 
189 181 8 11 0.021603195 
954 238 5 7 0.021603195 
303 172 11 17 0.021603195 
331 190 5 7 0.021603195 
935 198 6 9 0.021603195 
865 194 5 8 0.021603195 
1000 222 7 10 0.021603195 
569 185 7 10 0.021603195 
671 220 13 19 0.021603195 
245 218 5 8 0.021603195 
646 212 15 21 0.021603195 
794 222 6 8 0.021603195 
945 224 5 8 0.021603195 
847 190 6 8 0.021603195 
106 230 14 17 0.021603195 
143 198 7 10 0.021603195 
822 195 7 9 0.021603195 
587 189 13 16 0.021603195 
577 193 7 10 0.021603195 
391 191 6 10 0.021603195 
864 191 5 7 0.021603195 
636 195 6 9 0.021603195 
395 189 6 8 0.021603195 
864 205 11 16 0.021603195 
593 200 16 23 0.021603195 
671 213 47 62 0.021360904 
641 214 46 64 0.021360898 
910 273 23 31 0.021360898 
