21_Festival_Festival_21_601
58
871 336 16 23 0.9970004 
512 365 17 23 0.97839683 
933 318 22 30 0.96706635 
18 330 14 19 0.96107626 
644 350 16 23 0.96107626 
404 349 23 31 0.9439019 
305 332 25 31 0.9439019 
768 333 21 26 0.64717066 
523 257 30 38 0.5900683 
442 361 206 269 0.5 
419 519 68 100 0.32552502 
651 719 74 52 0.30585763 
410 462 128 183 0.26558137 
748 323 35 31 0.1753677 
640 322 10 14 0.11991897 
787 227 8 10 0.111069925 
763 33 121 153 0.1065206 
710 -7 197 281 0.09803478 
663 307 15 20 0.08787667 
745 327 52 55 0.08567618 
-34 141 269 345 0.06984133 
313 267 10 11 0.06377564 
637 692 68 67 0.06111947 
308 259 17 20 0.04990379 
576 334 28 39 0.047198545 
721 358 26 40 0.047198545 
518 240 54 59 0.04326818 
641 324 13 20 0.04229837 
281 151 249 277 0.03781825 
303 242 20 30 0.036325652 
765 206 53 65 0.036325645 
504 223 50 68 0.036325645 
645 393 203 293 0.034593605 
792 408 132 188 0.034593593 
122 12 253 269 0.034593593 
807 59 24 34 0.033269096 
535 255 22 24 0.032933712 
538 701 70 70 0.027884193 
734 338 55 74 0.027884193 
434 359 5 8 0.027838778 
306 236 6 8 0.027838778 
395 403 14 17 0.027838778 
780 -39 235 325 0.02643471 
862 239 186 325 0.026434705 
663 308 9 12 0.02558696 
392 409 14 18 0.02558696 
398 402 8 10 0.02558696 
732 314 46 51 0.025519116 
644 239 206 298 0.024156325 
487 444 225 277 0.024156325 
150 376 253 311 0.024156325 
499 402 10 12 0.021603195 
786 229 14 16 0.021603195 
496 393 15 17 0.021603195 
769 236 31 32 0.021360898 
717 328 43 64 0.021360898 
789 59 31 41 0.021360898 
930 369 91 212 0.0201599 
