21_Festival_Festival_21_562
97
608 121 50 60 0.99891996 
688 264 194 269 0.56891036 
160 128 62 79 0.45459446 
357 282 24 27 0.4099317 
398 277 30 37 0.32552502 
946 357 47 60 0.23436876 
27 225 253 330 0.2150812 
810 312 200 273 0.18550259 
669 172 14 16 0.17366187 
338 213 212 273 0.15916684 
259 172 94 132 0.12544508 
355 290 17 18 0.111069925 
48 238 25 37 0.09308395 
693 24 109 151 0.09015675 
132 77 97 147 0.076092646 
366 275 25 33 0.07244435 
453 143 104 151 0.06984133 
460 26 203 273 0.06984132 
342 505 86 111 0.06984132 
49 223 65 75 0.06655858 
171 90 30 39 0.06655858 
430 181 209 253 0.064067975 
161 93 51 71 0.06111947 
155 196 191 242 0.05874174 
311 171 73 115 0.056098126 
776 356 123 172 0.04931264 
200 29 212 277 0.045153886 
926 197 68 66 0.04326818 
485 143 8 11 0.04229837 
787 373 8 12 0.04229837 
508 561 249 215 0.04133061 
923 348 60 85 0.039651502 
962 346 45 61 0.039651502 
689 39 62 74 0.039651494 
681 2 194 239 0.03781825 
177 135 13 17 0.035808332 
888 420 6 8 0.035808332 
350 296 16 18 0.035808332 
1 508 215 273 0.034593593 
381 316 119 155 0.034593593 
386 273 26 34 0.033269096 
345 271 43 46 0.033269096 
530 299 14 22 0.03293372 
486 126 7 9 0.032933712 
741 322 126 163 0.03163486 
675 626 85 54 0.030461604 
574 389 79 102 0.030461596 
961 208 59 66 0.030461596 
382 278 50 62 0.030461596 
463 365 8 10 0.030282615 
821 393 11 15 0.030282615 
455 360 6 8 0.030282615 
267 343 14 17 0.030282615 
295 126 117 191 0.028921604 
56 570 123 138 0.028921604 
650 194 32 34 0.027884193 
170 71 53 67 0.027884193 
763 300 74 80 0.027884193 
911 233 59 49 0.027884185 
392 278 8 10 0.027838783 
240 253 206 277 0.02643471 
509 578 124 134 0.026434705 
290 371 116 165 0.026434705 
847 419 11 14 0.02558696 
391 274 14 17 0.02558696 
1001 339 21 41 0.025519116 
160 291 32 40 0.025519116 
106 382 74 110 0.025519116 
674 37 48 71 0.025519116 
0 45 68 99 0.025519116 
864 440 209 269 0.024156325 
306 19 218 265 0.024156325 
893 157 106 144 0.024156325 
33 32 172 235 0.024156325 
99 326 228 326 0.024156325 
352 294 9 10 0.02351288 
379 278 17 22 0.02351288 
638 518 63 53 0.023349825 
826 425 55 69 0.023349825 
-1 469 70 69 0.023349825 
690 485 18 17 0.021603195 
498 317 6 8 0.021603195 
90 155 15 21 0.021603195 
887 417 6 8 0.021603195 
334 217 63 79 0.021360904 
923 244 35 30 0.021360904 
769 372 54 80 0.021360904 
665 168 23 26 0.021360904 
373 541 53 69 0.021360898 
660 526 62 55 0.021360898 
664 590 69 83 0.021360898 
930 254 56 59 0.021360898 
699 51 35 45 0.021360898 
163 130 26 38 0.021360893 
119 255 116 165 0.0201599 
213 35 123 165 0.0201599 
628 568 126 153 0.0201599 
