52_Photographers_photographertakingphoto_52_315
29
691 89 99 137 0.9997558 
164 165 97 130 0.99963737 
474 162 61 81 0.9988356 
237 120 56 79 0.97617596 
631 199 9 12 0.39315796 
1 231 25 45 0.3164524 
218 141 73 107 0.28407094 
288 186 18 24 0.17448264 
569 217 33 41 0.17406549 
609 197 14 18 0.12868614 
572 192 11 11 0.109622754 
582 191 10 12 0.10071906 
273 177 26 35 0.09079046 
567 194 13 16 0.08312055 
414 142 46 72 0.082755126 
17 424 23 37 0.06723757 
259 154 33 49 0.047609407 
7 236 43 56 0.036962375 
564 194 22 27 0.034537148 
647 182 10 12 0.029064916 
623 197 13 16 0.029036246 
584 223 25 37 0.027004074 
562 204 31 37 0.026684018 
635 244 14 18 0.025428293 
561 196 12 16 0.02440133 
551 216 47 63 0.024373494 
633 201 12 15 0.021269128 
646 185 15 17 0.020414485 
646 189 22 26 0.020177746 
