52_Photographers_taketouristphotos_52_159
61
586 793 34 46 0.99845195 
441 793 35 46 0.9976376 
289 790 37 46 0.997431 
746 771 35 48 0.99459547 
321 703 8 9 0.15244716 
302 897 31 38 0.099892415 
339 699 32 33 0.097754486 
305 54 431 542 0.09492868 
251 163 103 122 0.08950545 
179 924 34 38 0.069905795 
309 881 26 32 0.06933792 
455 204 98 101 0.066266745 
766 203 82 96 0.06172949 
456 905 34 40 0.054100282 
743 697 45 57 0.053119775 
171 378 17 24 0.050629705 
785 744 44 56 0.045004424 
325 763 14 17 0.042371076 
766 709 30 43 0.042181153 
295 932 29 31 0.040010538 
751 721 14 16 0.03964081 
510 1008 42 64 0.038856115 
178 907 28 36 0.03863913 
290 893 34 33 0.035032924 
766 753 42 57 0.03360954 
507 925 27 39 0.032026123 
315 702 8 11 0.029889429 
458 883 44 52 0.028882284 
448 759 11 13 0.02886979 
217 918 23 33 0.028623613 
498 743 43 48 0.027948879 
780 695 14 17 0.02758271 
574 218 67 68 0.027471265 
188 231 12 15 0.027185054 
669 893 27 36 0.027106363 
255 851 33 40 0.026277814 
350 987 14 17 0.026205193 
356 738 26 32 0.0260206 
352 705 17 19 0.025392974 
296 911 34 45 0.02518343 
766 669 11 13 0.025086474 
154 217 58 64 0.024899812 
375 751 26 34 0.024733521 
276 892 33 34 0.024040595 
426 887 44 52 0.023979908 
569 862 55 60 0.023960294 
8 1064 7 9 0.023642365 
1012 1006 11 16 0.022447508 
363 752 16 20 0.022269562 
420 755 12 14 0.02203178 
764 716 51 67 0.022011003 
613 765 10 12 0.021786766 
359 750 35 43 0.021707816 
727 706 43 58 0.021466935 
799 701 14 17 0.020929748 
449 762 15 19 0.02086592 
343 709 13 15 0.020835744 
445 563 103 107 0.020724306 
606 761 15 16 0.020571198 
50 1250 34 35 0.020567648 
192 925 40 49 0.020463822 
