52_Photographers_photographertakingphoto_52_219
46
708 433 38 43 0.997566 
420 397 38 46 0.9968335 
661 282 45 57 0.99511766 
564 355 39 50 0.99482155 
766 225 43 56 0.9940333 
186 280 42 56 0.99227726 
302 349 39 52 0.9902028 
863 523 12 16 0.098087214 
878 522 13 14 0.08967104 
318 270 28 43 0.058980934 
49 501 7 9 0.058490045 
866 516 14 17 0.05488206 
887 168 8 10 0.05392121 
990 510 11 13 0.0496733 
733 293 27 33 0.045843992 
732 304 17 21 0.044440836 
870 517 25 25 0.042443343 
101 259 11 13 0.033959974 
551 166 7 9 0.03370319 
774 443 11 12 0.03056548 
318 87 8 10 0.029517492 
547 388 11 15 0.02836015 
934 524 10 12 0.027925763 
76 196 10 13 0.025897034 
294 63 9 11 0.025749002 
456 234 39 59 0.02567036 
1009 345 7 10 0.025163492 
47 519 7 9 0.024451144 
540 505 27 32 0.024303151 
72 522 24 30 0.024156028 
890 525 13 13 0.023717921 
984 512 12 12 0.023601973 
0 519 7 11 0.023534086 
672 142 9 9 0.023486977 
809 660 11 11 0.02326708 
973 536 8 10 0.022868529 
40 502 8 10 0.022787416 
149 151 9 10 0.022659834 
495 141 9 11 0.022435762 
41 520 6 9 0.022322923 
882 152 7 9 0.022063578 
881 160 8 9 0.022022722 
57 495 7 10 0.0208971 
310 69 8 10 0.020846028 
783 441 10 11 0.020623062 
69 510 8 10 0.020355891 
