52_Photographers_taketouristphotos_52_123
101
740 270 114 129 0.9997259 
221 129 117 150 0.99956185 
644 211 55 100 0.98692745 
957 428 31 34 0.7707668 
984 289 9 11 0.14870541 
140 134 83 129 0.080709316 
943 309 9 12 0.08031963 
904 579 9 13 0.076702 
951 295 8 10 0.074943595 
899 1096 13 18 0.07366062 
856 282 46 74 0.06875675 
978 866 12 16 0.06703748 
900 557 11 13 0.06545862 
947 890 13 15 0.062488936 
991 311 9 11 0.061531287 
981 60 9 12 0.061198168 
997 155 13 17 0.056568895 
982 359 12 15 0.054516632 
947 123 11 14 0.05395701 
982 316 8 11 0.0538112 
937 304 8 10 0.05368873 
544 655 461 588 0.052221794 
911 579 12 15 0.050835095 
592 199 44 63 0.05059 
918 580 10 13 0.048356142 
951 288 7 10 0.047788527 
944 438 8 11 0.045864448 
943 360 9 11 0.043759644 
939 995 14 17 0.04300345 
976 312 8 11 0.04253947 
983 311 9 12 0.042269964 
968 437 18 21 0.042204827 
938 308 9 12 0.04204251 
903 358 10 13 0.04193962 
921 309 9 12 0.041417796 
937 980 9 11 0.03972658 
977 316 10 11 0.039632313 
967 295 7 9 0.037033033 
987 362 12 15 0.03609907 
985 224 9 12 0.034616943 
909 334 7 10 0.033941347 
977 287 8 10 0.03375827 
968 309 8 11 0.033354975 
979 920 15 20 0.033101633 
925 912 11 15 0.032810766 
963 554 13 16 0.032507133 
968 288 7 9 0.032222696 
588 294 16 19 0.032181244 
966 360 9 11 0.03209914 
925 904 9 12 0.031616148 
594 290 17 19 0.030796358 
984 597 12 14 0.030400032 
924 518 13 17 0.029756252 
588 286 34 37 0.029733645 
892 599 9 11 0.028964538 
937 295 8 10 0.028522467 
926 287 9 11 0.02812342 
804 284 68 85 0.027634418 
911 318 8 11 0.027373439 
921 288 9 10 0.02710307 
120 882 394 545 0.026899882 
944 295 7 9 0.026854064 
355 259 374 507 0.026102878 
916 990 10 12 0.025169037 
909 228 10 15 0.024940172 
935 288 8 10 0.024501994 
908 524 10 14 0.023778578 
937 359 9 11 0.023717565 
945 338 11 14 0.023410942 
983 298 10 14 0.023386344 
902 416 51 61 0.023139825 
658 217 84 113 0.02313599 
322 1369 35 33 0.023059065 
382 641 354 495 0.023056047 
951 317 9 10 0.022982545 
947 382 28 31 0.022795655 
934 437 10 12 0.022747109 
974 463 14 18 0.02262445 
990 592 9 12 0.02260575 
921 357 10 12 0.022229 
967 327 8 10 0.02220221 
603 200 19 26 0.022106 
925 303 8 10 0.021980204 
975 358 13 16 0.021661628 
919 174 11 12 0.021557951 
876 495 10 11 0.021482116 
904 310 8 11 0.021341145 
0 1402 23 40 0.021163534 
945 289 7 9 0.02114173 
961 358 9 11 0.021112487 
171 139 102 132 0.02099289 
976 293 9 10 0.020969843 
921 343 10 13 0.020917727 
922 349 9 13 0.020747293 
959 296 7 9 0.020572333 
823 263 80 119 0.02048979 
920 305 9 10 0.020334166 
975 327 8 10 0.020256981 
958 319 9 10 0.020188373 
903 295 8 10 0.020047933 
977 1115 13 18 0.020020928 
