52_Photographers_taketouristphotos_52_328
677
240 140 149 198 0.99829584 
899 651 12 15 0.28364044 
902 605 16 18 0.2656873 
819 575 14 18 0.22354014 
989 621 12 15 0.21156234 
607 475 10 13 0.19783705 
920 524 12 14 0.17168757 
910 697 15 17 0.16591018 
703 470 9 10 0.16375586 
970 526 10 11 0.15002239 
781 470 8 10 0.14687501 
885 619 12 14 0.14298594 
659 518 12 15 0.14175442 
923 605 13 16 0.1407433 
30 680 16 21 0.1383308 
687 494 9 12 0.13694678 
962 638 12 15 0.1325831 
744 495 9 12 0.12991199 
703 495 10 11 0.12561554 
980 643 13 15 0.12271788 
689 464 7 9 0.12187319 
749 495 9 11 0.118441716 
725 657 12 14 0.11834578 
679 478 9 11 0.10908121 
903 562 14 15 0.10817661 
941 584 13 17 0.10631103 
927 729 13 18 0.10544953 
909 464 9 11 0.10502968 
885 572 11 14 0.104850836 
967 619 13 15 0.09840096 
916 549 13 14 0.09815857 
941 596 14 15 0.09598787 
1 667 17 20 0.09526738 
655 480 9 10 0.0950377 
781 656 15 18 0.09362945 
719 511 11 14 0.09158423 
812 608 13 15 0.089936994 
907 588 12 13 0.08956543 
765 520 11 12 0.08944918 
692 507 10 12 0.0893077 
965 666 11 14 0.08750955 
701 520 10 12 0.086913936 
785 650 15 18 0.086237974 
740 522 13 14 0.08611768 
894 645 13 16 0.085517704 
672 507 10 13 0.08200736 
779 547 13 15 0.08147687 
799 663 14 18 0.08060852 
679 503 9 11 0.07958074 
924 519 11 13 0.07812379 
903 597 15 16 0.07742836 
769 502 9 11 0.07709855 
671 494 9 11 0.07665187 
678 472 9 11 0.07621644 
721 456 9 10 0.07611088 
939 532 12 13 0.07575776 
648 496 8 11 0.07556928 
509 564 13 15 0.075380005 
791 508 10 11 0.07451478 
760 432 8 10 0.073801085 
734 564 10 12 0.07350907 
939 561 14 15 0.07294189 
1000 547 11 13 0.07232647 
661 447 8 10 0.07132448 
687 501 11 14 0.07046989 
711 446 8 10 0.070215665 
734 492 11 13 0.069743305 
772 596 11 13 0.06973152 
624 456 8 11 0.06967631 
985 627 13 16 0.069417916 
884 636 15 19 0.06870462 
623 479 12 14 0.06848673 
698 432 8 9 0.06775327 
751 595 13 16 0.06682191 
818 470 7 10 0.06659106 
990 716 8 11 0.06651718 
991 655 12 15 0.06641602 
627 483 12 14 0.066411875 
631 456 9 11 0.06357452 
778 464 8 10 0.06337475 
759 487 9 11 0.06334222 
806 611 13 14 0.06323194 
977 573 16 17 0.063189425 
920 610 13 17 0.06303683 
783 635 15 17 0.0626509 
881 432 7 9 0.062302537 
658 454 8 10 0.06226996 
816 463 8 10 0.062165674 
753 486 8 11 0.06213783 
761 470 9 10 0.061565142 
768 494 9 11 0.06113389 
491 612 13 15 0.06072575 
592 461 10 12 0.060528394 
590 469 9 11 0.060506884 
742 471 9 10 0.060442038 
760 519 11 13 0.060154427 
678 453 9 10 0.05990333 
764 541 10 13 0.059879243 
990 614 11 15 0.059671335 
960 536 9 12 0.059112925 
943 500 11 12 0.05852908 
852 618 14 17 0.058394343 
861 621 10 14 0.057847697 
733 487 11 13 0.057297524 
756 571 12 14 0.05657283 
572 501 13 15 0.056090724 
935 511 9 11 0.056033257 
768 454 9 11 0.055624828 
750 572 13 15 0.05533018 
673 470 9 11 0.055206634 
568 500 10 12 0.055182204 
793 465 8 10 0.055084802 
896 415 8 10 0.05506133 
858 588 14 16 0.054845195 
786 644 15 17 0.054841608 
694 495 9 11 0.05474743 
793 487 8 9 0.054721415 
794 494 8 11 0.05442979 
648 518 11 15 0.05436702 
761 465 8 9 0.05415919 
696 470 8 10 0.05387625 
704 499 10 12 0.05360963 
602 471 9 11 0.05346771 
941 528 11 12 0.053381424 
708 470 9 11 0.053342145 
15 642 11 14 0.05309691 
909 582 13 15 0.05201807 
662 463 9 11 0.051787052 
680 494 9 11 0.051706173 
516 564 13 15 0.051584627 
734 509 11 12 0.051434085 
951 518 11 12 0.05135531 
571 495 11 13 0.050875597 
966 533 11 12 0.050759997 
728 470 9 11 0.050355405 
636 519 13 16 0.050306864 
943 684 13 14 0.050246116 
537 654 16 21 0.05012844 
690 628 14 16 0.04996169 
632 511 9 11 0.049659364 
696 524 10 11 0.049551614 
687 469 8 10 0.049329516 
785 455 8 9 0.049124762 
872 594 13 16 0.049107425 
606 504 10 11 0.0490789 
779 666 15 18 0.0490473 
776 544 12 13 0.049028903 
935 582 13 16 0.04901246 
719 658 11 14 0.048935372 
65 667 15 17 0.04880842 
736 518 12 15 0.048808232 
601 476 10 12 0.048664406 
829 591 14 18 0.048568673 
909 448 9 10 0.048483953 
783 502 9 12 0.047991905 
648 508 11 14 0.047643792 
971 476 11 13 0.0469383 
681 485 9 11 0.046918772 
839 479 10 13 0.046693683 
792 502 10 13 0.046692323 
896 438 8 10 0.0466644 
816 478 10 11 0.046599537 
782 464 8 10 0.04658913 
685 488 9 10 0.046186503 
597 520 11 13 0.046181228 
964 540 12 13 0.04616649 
582 486 9 11 0.046132088 
22 706 13 17 0.045877397 
711 478 8 10 0.045853853 
896 612 12 16 0.045720015 
953 541 9 13 0.04560996 
734 431 8 9 0.045442432 
662 495 10 11 0.04536144 
661 480 8 10 0.04526978 
507 570 15 17 0.04526762 
639 485 10 11 0.04526631 
991 531 11 13 0.045260526 
645 460 9 11 0.04504522 
964 570 13 15 0.044980288 
750 525 9 12 0.044861034 
594 438 8 10 0.044828508 
760 533 11 13 0.044822287 
735 470 8 10 0.044819135 
712 440 8 11 0.044740073 
1012 714 10 16 0.044739027 
928 438 9 10 0.044633534 
760 620 11 13 0.044630013 
907 556 14 16 0.04460969 
752 479 8 10 0.044455435 
875 635 16 21 0.044387437 
676 527 13 15 0.044329118 
623 439 8 10 0.044188958 
766 565 12 15 0.04418082 
654 502 9 11 0.04412323 
487 625 14 18 0.043932833 
989 527 11 13 0.043813232 
728 439 9 10 0.043794323 
891 677 14 17 0.043449152 
639 460 10 12 0.042941518 
710 501 8 11 0.04285019 
611 477 10 13 0.042734638 
671 488 9 11 0.0426241 
720 494 9 11 0.04256553 
615 454 8 11 0.04255547 
934 630 12 15 0.04245352 
968 431 7 9 0.042369433 
739 532 13 16 0.04234734 
905 467 9 11 0.042125437 
937 539 11 14 0.042038847 
766 488 9 11 0.041926153 
791 556 12 15 0.041901704 
807 455 7 9 0.041898258 
674 453 8 10 0.041897185 
887 567 12 14 0.041827872 
36 721 16 20 0.04149196 
697 454 8 10 0.041402165 
828 621 12 14 0.04133561 
672 464 8 9 0.041197143 
860 580 13 15 0.0410317 
785 507 9 13 0.041019026 
821 478 10 11 0.040979274 
545 616 14 17 0.04067825 
875 589 13 15 0.040505733 
863 557 12 15 0.040496618 
694 463 8 11 0.040361013 
928 432 9 10 0.040329326 
914 415 8 9 0.04029722 
870 439 8 9 0.039934278 
696 477 8 11 0.039915487 
999 707 11 16 0.039745238 
674 447 8 10 0.039571095 
918 415 9 11 0.03952513 
727 445 9 11 0.03924726 
608 507 11 14 0.03906995 
627 681 15 18 0.038824875 
796 509 10 11 0.038776416 
948 582 11 14 0.038767047 
646 455 9 11 0.038684335 
765 621 13 15 0.038682632 
724 514 11 14 0.038636126 
605 495 9 11 0.03861187 
883 626 15 19 0.038574025 
758 479 9 11 0.038217254 
1006 526 10 12 0.03783581 
671 533 10 13 0.037824612 
782 494 8 10 0.037823662 
661 532 12 15 0.03782047 
935 423 8 10 0.037676055 
27 652 13 15 0.037468012 
884 738 14 15 0.037438598 
685 479 9 10 0.037374876 
750 500 9 12 0.03730364 
973 565 14 16 0.037284605 
684 667 13 15 0.0372735 
624 686 12 15 0.03713344 
639 469 9 12 0.037070855 
959 661 13 15 0.037059758 
900 525 11 13 0.036942217 
727 462 9 11 0.03680223 
847 519 10 12 0.036689598 
628 501 10 11 0.036687206 
981 635 15 18 0.036547877 
877 603 14 16 0.036492962 
848 439 8 9 0.036349937 
703 454 8 10 0.036305293 
990 595 12 15 0.036183402 
735 464 9 10 0.036148652 
567 439 9 11 0.036082547 
803 570 14 19 0.035907265 
679 463 8 10 0.035869904 
751 446 8 10 0.035713494 
935 516 9 11 0.03571333 
637 510 11 13 0.035693426 
783 525 11 13 0.03567932 
753 589 15 18 0.035562966 
846 612 13 14 0.035558473 
819 514 13 17 0.035535485 
772 621 12 14 0.035459347 
852 603 14 16 0.035419248 
731 589 12 15 0.035337493 
727 493 9 12 0.03523287 
773 501 10 12 0.035008248 
893 564 12 14 0.034918744 
833 470 9 12 0.034915227 
972 519 10 12 0.034879938 
869 664 15 20 0.034808002 
882 438 7 9 0.034745373 
924 619 13 15 0.03468068 
831 463 8 9 0.03461426 
673 432 7 8 0.03461179 
949 495 9 10 0.03452961 
639 478 10 13 0.03435263 
704 476 9 11 0.03417196 
800 455 7 10 0.034131944 
648 485 8 11 0.03406721 
855 594 15 17 0.03392803 
678 432 8 8 0.033898976 
951 667 12 15 0.03375947 
663 469 8 10 0.033750314 
929 446 9 11 0.033542667 
870 633 14 20 0.033529084 
628 493 11 13 0.033349827 
941 509 10 12 0.03333376 
798 534 11 14 0.033309735 
758 504 9 11 0.033206213 
844 580 11 15 0.03314465 
769 448 9 11 0.033125523 
528 642 13 15 0.03307828 
848 523 11 13 0.03295286 
714 614 12 14 0.032831762 
735 446 9 11 0.03277397 
697 437 9 11 0.032701522 
744 596 12 14 0.032670043 
830 440 8 9 0.032657586 
675 637 13 15 0.032622542 
590 478 9 12 0.032558773 
591 455 10 12 0.03253403 
903 584 11 14 0.032521546 
765 589 12 15 0.03247212 
609 455 8 11 0.032471098 
951 626 10 13 0.032372776 
959 595 13 15 0.032281395 
696 448 8 9 0.032219518 
656 462 9 11 0.032087136 
951 414 8 9 0.03208528 
943 462 11 13 0.031967577 
565 472 8 10 0.031947713 
788 550 12 15 0.0319078 
934 493 10 12 0.031850725 
843 657 16 19 0.031813923 
799 469 8 10 0.0317624 
902 432 8 9 0.031743508 
582 491 10 13 0.03166748 
997 611 13 15 0.03160263 
595 541 15 18 0.031502396 
822 463 10 10 0.031444646 
798 517 10 12 0.031318728 
597 461 9 11 0.031311333 
963 678 12 14 0.031263053 
591 518 11 14 0.03125394 
929 487 9 11 0.031231865 
790 619 11 14 0.03111084 
939 547 14 15 0.031103594 
710 516 11 14 0.031085381 
654 495 9 11 0.031004054 
841 430 8 9 0.030998595 
896 433 8 10 0.030925717 
999 595 13 17 0.030912576 
797 463 8 11 0.030884435 
982 610 13 15 0.030862158 
735 454 9 10 0.030814487 
670 515 11 14 0.030741438 
980 565 12 15 0.030691952 
614 485 9 12 0.030636167 
920 406 9 9 0.03058261 
526 609 12 15 0.03056287 
748 541 11 15 0.030537875 
576 462 8 9 0.030481812 
711 510 11 13 0.03043917 
744 476 9 10 0.030402701 
915 564 13 15 0.030366963 
796 715 12 15 0.03034148 
743 447 8 9 0.030323803 
878 610 14 17 0.030292075 
757 614 13 14 0.030166602 
774 447 8 10 0.030164745 
744 423 8 10 0.030130392 
1002 540 13 16 0.030090135 
727 487 10 12 0.03005054 
905 571 10 12 0.030021094 
845 606 12 14 0.03001663 
808 463 8 10 0.02998414 
751 439 8 10 0.029853793 
887 447 8 10 0.029790709 
525 564 16 19 0.029782694 
838 581 12 15 0.029770106 
964 626 14 17 0.029678954 
748 548 11 14 0.029669575 
925 554 12 15 0.029630149 
950 524 10 12 0.029629981 
831 613 12 14 0.029568437 
981 660 13 15 0.029565683 
919 618 12 15 0.029554656 
885 432 8 9 0.029515704 
912 492 10 12 0.029443767 
718 478 8 10 0.029429374 
655 522 12 13 0.029397814 
766 463 8 10 0.02935193 
940 572 14 16 0.029344618 
935 439 8 10 0.029318541 
821 471 9 11 0.029309003 
823 456 8 10 0.02917761 
846 563 12 16 0.029162845 
991 557 10 13 0.029103043 
916 579 13 15 0.029089544 
901 415 8 10 0.029070344 
645 470 10 11 0.028924672 
951 486 9 11 0.028858675 
895 556 12 15 0.028843867 
824 572 15 18 0.02882544 
646 479 10 12 0.028810458 
825 446 8 10 0.028776629 
608 483 9 12 0.028721692 
655 470 9 11 0.028670939 
709 659 11 15 0.02856347 
860 614 12 15 0.0285257 
800 439 8 9 0.028417556 
913 423 8 8 0.028354967 
896 420 9 10 0.028274782 
641 500 9 12 0.028238075 
687 424 8 9 0.028187227 
826 439 8 10 0.028180758 
972 531 10 12 0.028179942 
492 675 11 14 0.028104808 
911 502 10 13 0.028076297 
793 480 9 10 0.027961519 
855 475 10 11 0.027947115 
782 486 9 12 0.027939102 
841 424 8 10 0.027909137 
935 447 9 9 0.027848927 
783 606 12 14 0.02775568 
926 582 11 14 0.027728735 
742 653 10 13 0.027500957 
723 669 13 16 0.027406069 
686 447 8 10 0.027401373 
979 651 14 16 0.027281044 
901 530 11 14 0.027278362 
899 615 14 18 0.02721993 
972 612 13 15 0.027152298 
848 432 7 9 0.027135707 
714 431 8 9 0.027100118 
765 432 9 10 0.027051538 
918 658 16 18 0.026967585 
676 664 16 20 0.026953368 
617 733 24 29 0.026905237 
490 619 15 19 0.026850123 
608 430 8 10 0.026844827 
807 448 8 9 0.026843673 
855 432 8 9 0.026834987 
674 439 7 9 0.026819367 
788 577 14 18 0.026785199 
942 456 10 11 0.026741771 
936 527 10 12 0.02671131 
836 612 13 15 0.026678978 
667 628 16 19 0.026653705 
886 439 9 10 0.026637705 
599 486 10 11 0.02663067 
909 572 13 14 0.026604656 
772 518 10 12 0.026583197 
915 573 13 15 0.026543614 
839 455 8 10 0.02650088 
674 477 8 11 0.026463697 
846 571 12 14 0.026462175 
918 422 7 8 0.026408045 
921 401 8 9 0.026398754 
980 587 14 16 0.026369283 
780 477 10 11 0.026361447 
920 456 8 10 0.026295684 
676 517 12 14 0.026250333 
897 409 8 10 0.026232464 
894 655 15 19 0.026179034 
974 439 9 11 0.026154924 
720 487 9 11 0.026126277 
896 586 11 15 0.026122365 
760 492 9 11 0.026065271 
798 626 14 17 0.026035005 
927 454 8 10 0.02603022 
774 494 9 11 0.02595257 
798 619 13 14 0.025887083 
703 488 10 11 0.025829138 
900 517 11 13 0.025754863 
648 447 8 10 0.025747815 
984 531 10 14 0.025745604 
923 530 12 14 0.025725923 
562 502 9 10 0.02571891 
929 492 10 12 0.02566019 
702 439 9 10 0.02565108 
559 476 9 11 0.025648199 
952 534 9 12 0.025635965 
934 431 8 9 0.02555696 
793 430 9 10 0.025502948 
662 486 9 11 0.025491465 
899 548 13 15 0.02545128 
1013 662 10 14 0.02541784 
939 628 13 16 0.02537222 
973 542 10 13 0.025265079 
795 636 13 15 0.025264636 
952 440 9 9 0.025214529 
790 533 12 14 0.025212081 
614 492 10 12 0.025205892 
864 432 7 9 0.025181685 
1014 612 10 13 0.025164971 
960 682 12 14 0.025163561 
935 639 15 20 0.025129488 
552 478 10 12 0.025104886 
806 479 9 11 0.025066564 
756 581 13 15 0.025034517 
830 657 15 17 0.024957236 
709 463 9 11 0.024943268 
718 532 12 16 0.02487997 
920 462 8 11 0.024806244 
998 603 15 18 0.024783002 
608 446 9 11 0.024753308 
927 509 11 13 0.024714164 
740 565 10 13 0.02470795 
836 588 14 17 0.024637546 
809 501 9 12 0.02459948 
863 455 9 11 0.024527023 
631 470 10 11 0.024514928 
686 525 10 12 0.024505343 
780 618 13 15 0.024484495 
767 437 8 10 0.024475828 
486 605 14 17 0.024458893 
996 659 10 14 0.024409367 
672 525 10 14 0.02429265 
733 596 11 12 0.024289643 
909 543 13 15 0.024282547 
892 487 10 12 0.024234906 
885 556 11 14 0.024194075 
744 602 12 15 0.024191385 
867 620 13 16 0.0241542 
648 439 8 9 0.02413174 
942 517 10 12 0.02397174 
638 446 9 10 0.023934437 
990 563 10 13 0.02390865 
831 445 8 10 0.023902379 
632 446 9 10 0.02385636 
701 578 14 15 0.023850221 
764 580 13 16 0.023839766 
765 547 11 14 0.02380324 
837 471 10 12 0.023799319 
781 552 13 17 0.023796305 
23 681 14 19 0.023757568 
51 599 17 17 0.023749884 
577 531 13 15 0.023732726 
742 463 8 11 0.02368925 
710 485 9 11 0.023679668 
397 279 77 58 0.023635635 
751 453 9 10 0.023617087 
959 572 12 14 0.023612736 
592 446 9 11 0.023608547 
909 509 10 12 0.023539651 
27 708 22 26 0.023514936 
702 509 11 13 0.023512486 
648 423 8 10 0.023473365 
858 601 14 18 0.023429615 
662 502 9 11 0.023413228 
816 456 7 9 0.023392739 
881 557 10 12 0.023386057 
933 622 11 14 0.023305297 
623 445 9 11 0.023274833 
2 620 13 17 0.023274226 
525 636 14 16 0.023270305 
683 641 13 16 0.023255339 
575 548 13 16 0.02323199 
863 635 12 19 0.023195518 
733 439 9 10 0.023132304 
675 617 14 17 0.023080176 
580 508 12 14 0.02307994 
743 573 12 16 0.023073124 
621 510 10 11 0.023069605 
799 479 10 11 0.023044353 
1016 502 8 13 0.023039186 
752 620 10 12 0.022969116 
709 495 9 11 0.02295951 
866 672 16 19 0.0229274 
818 605 13 16 0.02291177 
927 416 8 9 0.022909658 
968 511 9 11 0.022908479 
804 565 12 15 0.022902397 
832 392 8 9 0.022844803 
891 691 14 17 0.02284434 
927 627 13 15 0.022783028 
725 646 14 17 0.022771483 
782 531 13 14 0.022738991 
855 439 8 8 0.022704156 
575 613 10 13 0.022667907 
527 463 10 11 0.02265465 
649 431 8 9 0.02259145 
606 516 10 13 0.022558048 
823 626 12 15 0.022546738 
704 447 8 9 0.022503663 
334 227 131 128 0.022480821 
596 534 14 17 0.022441965 
598 502 10 11 0.022427024 
733 675 12 14 0.022410056 
687 518 9 12 0.02240916 
687 539 12 14 0.02239852 
783 449 8 9 0.022384437 
953 445 9 10 0.022339225 
752 432 8 10 0.022337757 
720 471 8 11 0.02233352 
734 478 10 11 0.022281792 
922 549 12 15 0.022274021 
726 581 12 16 0.022265056 
783 518 11 13 0.022221772 
607 406 8 10 0.02221992 
699 634 14 18 0.022218728 
832 456 8 9 0.022034012 
598 456 8 11 0.022007626 
930 423 8 8 0.022005372 
731 549 13 15 0.022003165 
615 430 8 10 0.021996897 
873 400 8 8 0.02189058 
965 605 11 14 0.021832457 
584 461 8 10 0.02181627 
687 617 13 18 0.021813272 
894 617 12 16 0.021796782 
815 431 8 9 0.021777743 
984 519 9 11 0.021762433 
678 439 8 9 0.021736542 
663 423 8 10 0.021722523 
870 423 8 10 0.021713158 
871 432 7 9 0.021648917 
975 660 13 17 0.021632755 
887 398 8 10 0.02159861 
961 422 9 10 0.02158558 
959 446 8 10 0.021546453 
647 547 12 14 0.021544695 
806 440 8 9 0.021536272 
840 438 8 10 0.021518586 
975 606 11 15 0.021512983 
857 447 8 9 0.02147284 
987 643 14 16 0.021458201 
949 463 8 11 0.021447998 
790 539 13 15 0.021392541 
567 488 10 12 0.021389827 
946 727 15 18 0.02119787 
983 429 8 10 0.021171626 
591 486 9 10 0.021159178 
770 570 12 15 0.021137167 
711 454 9 10 0.021133758 
662 440 8 10 0.021119988 
833 478 9 11 0.02111831 
815 439 8 10 0.021105401 
992 551 11 13 0.021087036 
740 508 12 14 0.02106607 
809 422 8 10 0.021021243 
835 536 15 17 0.02100157 
735 500 11 13 0.020983225 
561 494 9 12 0.020964174 
592 432 10 11 0.020960266 
823 643 11 16 0.020942837 
880 616 22 24 0.020929653 
815 720 13 16 0.020929478 
568 506 12 14 0.020909298 
745 441 8 9 0.02088283 
759 627 13 16 0.020862088 
1003 557 13 15 0.02083477 
616 439 8 9 0.020813525 
579 615 12 14 0.02078203 
983 717 13 14 0.02077242 
992 512 8 10 0.020718385 
719 503 10 11 0.02060233 
789 662 20 24 0.020601196 
615 448 8 10 0.020566102 
831 416 7 9 0.020534875 
718 431 9 10 0.020492276 
751 398 8 10 0.020491133 
772 533 11 13 0.02042924 
986 619 21 24 0.02038377 
958 620 12 16 0.020342158 
577 455 7 10 0.020295495 
574 487 10 12 0.02028826 
900 542 12 14 0.020244315 
825 416 8 8 0.020207226 
928 503 10 12 0.02018423 
962 588 13 16 0.020178145 
983 454 9 10 0.020155871 
668 603 14 16 0.020133208 
750 472 8 10 0.020121114 
957 509 11 14 0.02010536 
922 652 14 18 0.02009738 
869 571 12 15 0.020073509 
584 454 8 11 0.020027708 
765 508 13 14 0.020014375 
608 439 8 10 0.020004256 
