52_Photographers_photographertakingphoto_52_479
26
199 285 124 151 0.9999161 
291 96 118 138 0.99974877 
371 290 111 146 0.99903286 
349 566 108 140 0.99873894 
521 209 137 167 0.9976164 
937 255 25 30 0.36157754 
901 248 29 36 0.34736675 
975 257 25 32 0.32712308 
859 298 64 73 0.19840051 
868 269 31 35 0.14538926 
862 273 51 63 0.08376523 
933 243 25 30 0.078077205 
877 276 33 36 0.07176924 
404 242 143 188 0.0626378 
883 258 29 32 0.04679633 
916 252 27 33 0.042223 
974 250 18 20 0.042027574 
849 278 103 115 0.04012984 
894 262 28 35 0.03847436 
894 311 14 15 0.03687093 
873 266 21 22 0.033363134 
835 309 68 77 0.03217708 
205 484 88 67 0.029596042 
888 280 19 23 0.029472137 
948 250 39 47 0.020678129 
459 213 152 201 0.020443061 
