3_Riot_Riot_3_123
79
588 465 70 81 0.91511434 
318 395 19 22 0.42493668 
126 151 374 370 0.2572178 
989 278 10 12 0.253084 
893 352 46 53 0.23639213 
943 232 8 10 0.140625 
360 242 135 162 0.1182287 
1002 315 13 18 0.10651366 
927 261 9 11 0.106298156 
892 353 26 39 0.101414144 
918 522 57 67 0.09634843 
960 264 7 9 0.07505045 
905 127 9 13 0.074155584 
914 247 8 10 0.07150022 
897 230 10 12 0.07108053 
288 205 231 251 0.063233964 
511 367 22 32 0.06308525 
943 271 9 11 0.062140964 
591 481 41 45 0.061626982 
999 301 12 16 0.06090238 
1000 308 12 16 0.060461476 
659 466 55 66 0.05985171 
997 306 21 29 0.055652235 
542 476 53 70 0.055354267 
502 61 94 122 0.0547372 
617 459 63 77 0.050671544 
944 263 7 10 0.050522678 
266 6 353 493 0.046653785 
873 33 26 32 0.046100955 
568 475 57 69 0.046027422 
128 425 17 21 0.039009698 
989 273 9 11 0.039003506 
621 481 34 36 0.037862603 
174 312 133 121 0.037199102 
895 356 14 20 0.03694702 
935 248 7 9 0.03645482 
920 264 8 10 0.03628174 
953 287 9 13 0.03556546 
634 488 18 19 0.035299737 
986 262 8 9 0.034961373 
839 595 41 45 0.034866754 
806 627 94 132 0.03414572 
262 522 65 64 0.034125656 
693 465 50 65 0.032614853 
834 641 55 87 0.032202527 
918 252 9 11 0.031682547 
983 281 11 15 0.031270564 
222 389 49 36 0.031243796 
80 203 249 297 0.03102899 
273 432 25 38 0.030522222 
954 213 8 11 0.030024128 
910 417 12 16 0.029617697 
925 229 8 11 0.029065823 
674 134 215 279 0.028446153 
816 198 95 125 0.028366543 
51 441 202 231 0.027335772 
886 367 27 36 0.027205458 
101 173 35 37 0.02664614 
911 278 10 12 0.026175193 
520 375 17 22 0.025394857 
599 449 101 123 0.025291715 
489 289 27 38 0.025066933 
902 130 13 18 0.024436353 
993 319 25 35 0.02432872 
981 355 12 18 0.024199072 
913 264 8 10 0.023678314 
980 292 39 57 0.023666268 
922 224 8 11 0.023314217 
876 338 82 97 0.023091339 
847 145 84 120 0.022727882 
103 423 51 61 0.021678893 
734 126 27 41 0.021458415 
960 110 46 72 0.021384891 
950 238 6 9 0.02129847 
886 376 16 21 0.020832416 
332 422 24 31 0.020448653 
998 294 12 16 0.020396 
945 256 9 11 0.020122219 
781 532 16 20 0.020115202 
