3_Riot_Riot_3_958
120
135 3 29 34 0.99969006 
234 9 29 37 0.9992749 
52 22 29 35 0.9985598 
372 33 24 31 0.9967159 
568 112 53 64 0.9954509 
520 45 27 34 0.9936062 
108 30 28 35 0.9902991 
14 9 35 44 0.9867329 
923 75 24 31 0.9844311 
865 20 35 42 0.9835014 
69 3 27 32 0.9792433 
401 23 37 51 0.97449434 
665 56 22 26 0.9585993 
775 39 29 36 0.95621115 
709 30 23 31 0.94832146 
336 36 21 28 0.9296068 
314 38 17 24 0.8936648 
951 58 26 35 0.861131 
207 27 23 27 0.8332916 
497 33 20 25 0.81841844 
176 28 21 29 0.6063492 
307 0 15 18 0.41353112 
971 18 16 21 0.36478865 
823 44 26 31 0.2955789 
288 37 17 21 0.27815488 
962 57 26 31 0.27589482 
459 34 20 33 0.23993786 
870 61 24 30 0.21530429 
606 45 16 20 0.19938634 
771 46 17 24 0.18493956 
186 21 16 19 0.17400725 
395 20 27 36 0.17136525 
486 48 14 19 0.16839527 
771 119 27 35 0.16785347 
-3 24 14 24 0.1485649 
588 118 57 69 0.13375561 
187 46 16 21 0.12259416 
489 38 22 29 0.09811062 
191 26 22 29 0.09744562 
960 14 22 27 0.094698794 
297 115 24 26 0.08190598 
502 37 26 34 0.081338994 
2 15 25 35 0.073182896 
300 31 19 26 0.07146207 
579 51 18 21 0.065174766 
965 17 28 35 0.063210696 
756 63 24 33 0.06262982 
716 14 27 32 0.055672277 
306 24 20 29 0.054912973 
977 21 16 21 0.05468233 
637 56 11 13 0.054030024 
757 66 16 18 0.051018458 
1013 51 10 16 0.0496718 
646 62 11 14 0.04823347 
357 121 48 50 0.048001055 
307 5 20 26 0.047129124 
937 62 27 35 0.04654052 
383 27 36 49 0.046243213 
559 81 43 59 0.046228964 
259 2 16 19 0.04584535 
904 56 41 55 0.045220286 
108 0 22 24 0.044698294 
464 277 25 34 0.04343091 
861 31 42 57 0.043185983 
629 56 23 26 0.040200733 
739 0 14 12 0.040098935 
475 42 19 27 0.039301544 
955 35 37 47 0.038175713 
227 0 15 13 0.035822038 
812 1 24 25 0.03368936 
702 247 102 128 0.033531237 
564 -1 17 17 0.03283474 
765 47 28 39 0.032208823 
573 54 17 23 0.03162775 
675 210 56 72 0.030459879 
422 33 30 34 0.030112036 
196 -1 16 15 0.030033655 
654 64 13 18 0.03001956 
280 68 11 15 0.029769484 
748 7 22 26 0.028910454 
1000 59 23 33 0.028787645 
764 54 16 23 0.028575564 
612 46 23 27 0.028514026 
954 51 17 24 0.027802505 
729 0 22 18 0.027212167 
740 8 14 18 0.026498511 
675 49 23 29 0.026275825 
975 59 16 20 0.026107745 
482 262 31 36 0.025748199 
841 28 39 52 0.025646979 
312 0 14 13 0.025549123 
1004 49 20 30 0.024751648 
750 54 10 14 0.024671273 
610 39 14 17 0.024651054 
322 0 22 24 0.024555342 
283 66 24 27 0.024325578 
263 382 198 258 0.023972075 
782 46 33 39 0.023816125 
641 0 25 29 0.023289977 
330 516 73 72 0.023256684 
438 40 26 34 0.022969637 
638 58 23 28 0.022515016 
718 3 29 28 0.022371542 
495 43 23 33 0.022195464 
474 283 14 21 0.022060188 
476 271 28 35 0.021949053 
744 81 29 38 0.021833137 
955 3 23 28 0.021428151 
962 6 14 16 0.021372259 
701 37 24 33 0.021361608 
-104 6 436 465 0.021221882 
749 57 23 30 0.02120508 
644 55 10 13 0.021145854 
874 42 43 58 0.021010602 
262 64 17 20 0.020822138 
502 323 42 40 0.020688836 
557 69 29 49 0.020437354 
700 24 24 32 0.020435574 
485 247 37 35 0.020418597 
825 59 22 24 0.020302707 
