3_Riot_Riot_3_186
29
209 27 66 76 0.9893357 
386 50 43 51 0.9884566 
790 142 17 21 0.71588504 
544 41 39 53 0.5873268 
611 -1 38 26 0.34071338 
167 158 14 20 0.2662818 
217 321 53 62 0.14325109 
332 25 42 50 0.11313506 
355 19 31 41 0.08645618 
757 116 13 16 0.07045769 
404 0 28 24 0.065625206 
627 50 94 110 0.06052612 
315 99 43 54 0.05726508 
664 54 91 122 0.047236618 
315 40 51 60 0.040707897 
349 1 36 36 0.039768487 
393 313 90 106 0.039601605 
784 144 15 21 0.038195856 
349 46 41 51 0.037328154 
553 22 49 60 0.037127603 
758 108 23 31 0.031533387 
335 235 51 56 0.02696273 
609 -1 59 60 0.02609102 
500 190 27 35 0.02410781 
746 95 48 64 0.023111027 
657 88 31 35 0.022852477 
568 12 53 59 0.022747524 
699 101 91 114 0.022234045 
577 20 31 35 0.020935746 
