3_Riot_Riot_3_542
425
172 259 19 26 0.98038566 
198 334 28 34 0.9779573 
228 255 18 23 0.96331006 
453 397 24 38 0.9623737 
102 255 18 21 0.9513046 
895 266 15 18 0.85742927 
139 256 20 23 0.8491111 
309 271 17 21 0.8406839 
767 260 13 17 0.76496613 
74 267 21 25 0.7185961 
398 248 8 11 0.68191993 
298 252 14 17 0.6679615 
805 273 12 16 0.644593 
940 264 21 26 0.641268 
788 260 13 16 0.58845 
420 270 10 14 0.56800514 
297 215 8 10 0.550718 
343 259 11 14 0.52144766 
438 248 10 13 0.49428242 
418 249 10 11 0.48544434 
695 273 14 18 0.47837582 
458 261 13 15 0.47524512 
628 267 14 17 0.4666776 
124 256 13 17 0.42791864 
365 260 11 15 0.42654797 
478 248 10 12 0.39988598 
359 266 13 17 0.38997602 
215 215 10 13 0.36283663 
232 290 26 28 0.34525204 
327 241 11 14 0.33916593 
827 261 13 16 0.32040733 
179 191 11 13 0.25265077 
119 281 12 16 0.25100273 
576 253 12 16 0.24665384 
562 243 13 16 0.24219754 
669 255 11 15 0.23979953 
211 247 14 19 0.23586507 
441 284 12 15 0.2298702 
372 260 10 13 0.22410634 
417 386 30 34 0.21553084 
613 258 11 14 0.20044841 
722 256 13 17 0.19988973 
399 275 11 13 0.19790308 
280 261 12 15 0.1966198 
394 246 9 12 0.19488186 
456 247 12 14 0.18851697 
743 271 10 13 0.18189065 
593 260 10 12 0.18116115 
847 244 13 16 0.17469695 
896 247 10 13 0.17086294 
346 231 8 11 0.16683501 
992 249 14 18 0.16399682 
351 238 10 12 0.1610054 
795 259 11 13 0.1610001 
760 258 13 16 0.15579014 
458 253 13 15 0.15541576 
509 252 11 13 0.15466693 
661 235 12 14 0.15401812 
267 280 12 17 0.15103082 
625 228 9 11 0.15049757 
560 250 11 13 0.14907408 
960 246 12 15 0.14156143 
416 310 13 17 0.14080307 
637 231 10 12 0.1406452 
312 245 10 14 0.14041117 
931 323 15 19 0.14014241 
684 256 13 16 0.13977943 
350 230 10 12 0.13756154 
324 231 9 11 0.13695204 
316 253 11 13 0.13422145 
252 265 15 17 0.1327582 
645 256 10 13 0.12477001 
358 224 10 12 0.1233114 
841 268 16 20 0.1225955 
863 227 10 12 0.12178256 
382 239 8 11 0.12153388 
894 251 14 17 0.12096437 
474 250 11 14 0.11566377 
860 250 14 18 0.114942245 
329 215 9 11 0.11383506 
766 293 15 20 0.11247877 
4 201 32 35 0.111902624 
615 240 11 13 0.11111765 
408 263 9 11 0.110327125 
353 243 10 13 0.10925207 
313 220 10 12 0.10683793 
932 319 24 30 0.10668672 
872 245 12 17 0.10632387 
281 225 10 12 0.10606868 
326 220 11 13 0.10305825 
66 271 23 29 0.10257939 
311 240 10 12 0.10112047 
655 273 13 15 0.10056316 
264 246 10 15 0.10007218 
255 211 10 11 0.099888764 
206 243 15 19 0.098148964 
219 270 16 21 0.09797658 
722 236 15 18 0.09556467 
593 223 9 12 0.09348903 
655 244 12 14 0.093030505 
392 239 8 10 0.09202827 
393 231 8 9 0.089607984 
827 273 15 18 0.08806842 
317 245 10 13 0.08790435 
59 285 14 20 0.08649158 
316 259 12 15 0.08587971 
631 230 10 13 0.08587308 
814 295 11 15 0.08291069 
0 266 13 22 0.08283613 
853 248 14 18 0.082571924 
134 214 10 12 0.08223106 
961 142 10 13 0.08204441 
478 275 15 17 0.082032844 
593 251 13 17 0.08183181 
622 237 10 13 0.08144043 
809 236 9 11 0.08085633 
815 254 10 13 0.079222076 
279 205 9 13 0.07876825 
406 268 12 15 0.07734299 
421 293 13 16 0.07675336 
574 245 11 15 0.07655008 
318 222 10 12 0.07626255 
661 271 11 14 0.0757622 
270 234 12 16 0.074764326 
609 253 11 15 0.07403501 
284 228 9 12 0.0739831 
619 242 11 14 0.072922125 
638 260 13 16 0.07227413 
1004 264 17 20 0.07169708 
740 287 16 19 0.07168069 
574 238 9 13 0.07004156 
543 273 13 15 0.069471985 
405 379 30 33 0.069348656 
360 256 12 15 0.06903435 
248 207 11 14 0.06897174 
693 252 12 15 0.06876968 
844 298 14 18 0.06865629 
276 238 432 460 0.06785461 
701 251 13 16 0.06720098 
1 259 23 35 0.067147315 
572 362 19 20 0.06710165 
377 239 9 11 0.065838486 
708 257 13 17 0.06545881 
241 188 9 12 0.065098636 
394 251 10 13 0.06435103 
935 254 12 15 0.06387309 
563 231 13 15 0.063300066 
952 315 26 32 0.061901458 
833 239 8 11 0.06128886 
478 269 13 15 0.061124623 
421 263 11 14 0.059990294 
85 304 16 20 0.05949697 
349 404 92 98 0.05915683 
308 249 14 17 0.059143238 
838 244 11 13 0.058728967 
264 228 12 15 0.058362715 
503 247 11 13 0.058161832 
337 259 12 15 0.05782421 
542 255 12 15 0.057810027 
356 487 32 29 0.057452116 
320 272 15 21 0.057021175 
112 253 19 23 0.056388967 
397 241 9 10 0.05632078 
484 267 14 15 0.055226635 
397 285 11 14 0.054855373 
621 257 19 23 0.05419538 
800 270 11 14 0.054159507 
951 142 24 28 0.053435314 
549 227 9 12 0.052947953 
15 185 12 14 0.05270713 
115 306 13 18 0.05195024 
837 240 9 12 0.05178047 
443 391 28 37 0.051764123 
287 253 12 16 0.051275596 
422 288 11 13 0.050751034 
376 245 9 11 0.05041934 
478 258 13 16 0.050316207 
290 300 17 21 0.049792703 
460 313 13 19 0.04948005 
852 241 11 14 0.049281463 
264 235 12 15 0.048970927 
670 275 12 17 0.04875118 
142 185 11 14 0.048478138 
378 281 13 18 0.048314426 
244 260 15 19 0.048191167 
320 206 8 10 0.047030978 
606 244 10 14 0.046788737 
242 233 15 19 0.046553962 
393 269 11 14 0.046307154 
548 260 12 14 0.046117507 
747 253 14 17 0.04552839 
444 247 9 12 0.0454209 
296 210 8 11 0.045402236 
393 287 10 14 0.045225598 
159 232 14 18 0.045187738 
267 243 13 17 0.044825446 
629 221 11 13 0.04473501 
596 243 13 18 0.044571843 
495 238 8 11 0.044265974 
654 251 10 14 0.04423085 
656 237 13 15 0.044195242 
679 254 12 16 0.043751247 
352 225 11 12 0.043407984 
61 286 22 28 0.043399896 
940 323 31 35 0.043382633 
688 255 21 25 0.043055087 
742 300 14 17 0.043043498 
416 299 14 18 0.042987976 
596 269 10 13 0.042577673 
308 257 15 19 0.042030416 
947 255 23 29 0.041952703 
772 256 11 15 0.041700225 
746 276 12 14 0.04166691 
301 269 17 21 0.04139327 
25 306 53 56 0.0413032 
719 332 8 11 0.04129587 
399 222 8 11 0.041024167 
579 245 12 15 0.04048818 
199 187 10 12 0.040128738 
646 266 12 16 0.04012596 
665 254 10 13 0.039952032 
618 285 12 16 0.03978626 
502 260 10 12 0.03956314 
139 206 10 13 0.03953779 
744 244 11 13 0.039483514 
997 288 20 28 0.03941177 
445 251 10 15 0.0388922 
227 347 28 34 0.038836986 
496 286 12 15 0.038600963 
67 305 14 17 0.038596988 
633 264 15 18 0.038574092 
596 237 11 15 0.038523342 
835 260 15 17 0.038476564 
433 250 12 14 0.038303725 
359 289 13 17 0.03829819 
981 279 21 30 0.038007364 
405 247 9 10 0.037875634 
982 261 10 14 0.03764884 
482 245 12 13 0.037075635 
375 275 13 17 0.037050225 
841 255 20 25 0.03636831 
819 254 13 16 0.03618712 
366 222 8 10 0.036037996 
596 228 10 13 0.036011536 
453 419 32 37 0.035464942 
789 295 11 14 0.034831848 
558 234 20 24 0.034746505 
276 262 19 26 0.034736514 
486 239 11 12 0.03467012 
414 262 11 14 0.034409903 
697 256 20 25 0.03417959 
447 239 8 11 0.034100574 
430 453 44 57 0.034013495 
214 209 10 13 0.033983164 
375 222 8 10 0.033886675 
494 324 297 271 0.03387314 
72 300 22 26 0.03375472 
348 254 11 16 0.03345509 
286 206 8 11 0.033446066 
772 271 13 16 0.03338368 
252 243 14 17 0.03337903 
212 238 12 17 0.033021234 
798 283 13 16 0.03298479 
201 242 12 16 0.032704454 
707 245 12 16 0.03253633 
581 237 11 14 0.032357957 
646 235 10 13 0.03167222 
846 228 10 12 0.031401277 
405 391 33 41 0.031314835 
608 269 10 13 0.03129382 
317 215 9 11 0.031286832 
497 246 9 12 0.031192493 
44 225 12 16 0.031162528 
281 200 8 11 0.031085715 
1003 269 21 30 0.031000888 
320 199 9 11 0.030816427 
469 247 20 24 0.030741982 
533 261 11 14 0.030670056 
590 235 13 17 0.030653263 
645 228 11 13 0.030652551 
660 284 14 17 0.030567551 
660 242 11 14 0.030475078 
259 272 17 24 0.030370919 
575 284 10 12 0.030256713 
336 253 11 14 0.030253215 
867 255 15 22 0.030231876 
440 441 27 35 0.029791832 
258 212 12 14 0.029373722 
391 261 10 12 0.029297594 
327 208 8 10 0.029072244 
415 244 17 22 0.029024096 
795 293 13 16 0.029013213 
407 221 9 10 0.028821282 
112 283 12 16 0.028810177 
491 267 11 13 0.028593872 
700 282 13 16 0.028561823 
376 231 8 10 0.028537622 
960 304 22 30 0.02847921 
382 244 9 11 0.028457446 
895 241 10 12 0.028429206 
399 259 10 13 0.02834706 
392 420 85 104 0.028290523 
580 267 11 13 0.028203964 
240 230 12 17 0.028201409 
351 265 13 17 0.028095955 
849 253 20 26 0.0280906 
73 181 14 16 0.02808209 
995 283 16 21 0.027917795 
995 254 21 24 0.027886605 
285 199 8 11 0.027810019 
658 291 15 18 0.027792478 
333 220 10 12 0.027661745 
276 243 13 17 0.027622214 
636 222 11 13 0.027567573 
833 243 11 14 0.027557641 
244 268 24 27 0.027438944 
614 264 12 16 0.027398353 
245 222 11 14 0.027282132 
934 273 14 18 0.027280577 
352 216 8 9 0.027215507 
839 251 12 16 0.027047448 
998 382 25 47 0.027028507 
789 274 12 15 0.026886255 
957 239 14 16 0.026809378 
218 279 16 21 0.026742958 
258 260 12 16 0.026634187 
669 248 10 12 0.026530573 
276 665 29 36 0.02640662 
623 273 13 16 0.026246376 
397 231 8 10 0.026065331 
807 254 9 12 0.026002701 
630 215 10 13 0.025955465 
927 275 13 17 0.02583522 
415 266 18 22 0.025358744 
668 251 19 24 0.02532658 
610 253 21 26 0.025251936 
364 286 12 16 0.025174424 
372 267 12 16 0.02515208 
639 247 11 13 0.024935905 
395 242 17 23 0.024866259 
407 240 9 10 0.02463868 
499 238 12 14 0.024608932 
264 267 18 25 0.024553007 
81 261 15 20 0.024527434 
343 224 9 12 0.024483874 
295 265 13 19 0.024354948 
383 221 9 11 0.02426728 
394 433 16 19 0.024211349 
259 207 11 12 0.02415655 
737 269 11 14 0.024091495 
343 246 10 12 0.024067728 
443 444 17 20 0.023964968 
706 291 13 14 0.02390597 
742 259 13 16 0.02385093 
539 302 15 17 0.023816878 
568 241 20 24 0.023713758 
471 269 12 15 0.023667226 
249 277 22 28 0.023658676 
809 268 14 16 0.023621611 
261 221 12 16 0.023525244 
614 279 10 13 0.023523703 
447 646 31 33 0.02345866 
131 217 13 16 0.023446789 
837 239 20 26 0.02343976 
348 290 14 18 0.023401259 
554 363 47 48 0.023389066 
273 206 10 13 0.023353577 
997 273 16 21 0.023345767 
784 257 12 14 0.023326313 
569 366 27 31 0.023323605 
784 264 12 16 0.02324068 
542 248 10 13 0.023152854 
956 249 22 29 0.023017226 
647 274 13 15 0.022882663 
251 249 16 21 0.02286935 
250 291 16 21 0.022801695 
859 263 16 21 0.022710089 
5 205 43 55 0.022658188 
494 517 37 37 0.02251475 
929 253 11 15 0.022302616 
652 259 12 15 0.02228562 
888 259 13 19 0.022235371 
659 333 14 15 0.022199593 
876 207 13 16 0.022185251 
568 284 11 13 0.022132253 
581 286 10 12 0.022124417 
286 247 11 14 0.022108514 
471 258 13 16 0.022054346 
1001 407 22 38 0.02204542 
270 223 10 13 0.022034219 
454 242 20 23 0.022008825 
742 262 21 25 0.021982515 
354 289 21 28 0.021893067 
347 284 13 16 0.021844087 
576 212 10 13 0.021745218 
540 257 22 26 0.021701697 
414 240 10 11 0.021699563 
260 286 16 22 0.021620708 
684 265 15 18 0.021612024 
284 254 18 24 0.021534543 
528 261 11 14 0.02147781 
851 264 16 21 0.02145301 
1001 297 21 34 0.021373443 
812 237 9 12 0.021283759 
387 423 34 38 0.021218527 
789 252 20 24 0.021121498 
966 296 22 30 0.021067215 
933 251 23 29 0.021056324 
639 250 20 25 0.020961432 
63 276 13 18 0.020848209 
812 254 19 24 0.02084125 
731 242 13 16 0.020746088 
450 290 14 16 0.020681776 
406 255 9 11 0.020617679 
348 303 24 32 0.020565812 
300 352 22 30 0.020561164 
814 247 10 14 0.020544419 
374 290 12 15 0.020330055 
862 235 11 15 0.020322468 
951 243 11 14 0.020249803 
832 271 24 28 0.020186847 
707 265 13 16 0.02016487 
936 265 16 20 0.020131912 
625 216 10 12 0.020049049 
351 275 12 14 0.02000829 
