3_Riot_Riot_3_790
108
206 275 26 32 0.9969959 
812 269 19 23 0.9853895 
785 250 17 23 0.97914267 
928 272 15 19 0.94014674 
244 253 18 23 0.93785053 
484 261 10 15 0.8723571 
986 275 16 19 0.860253 
259 239 16 20 0.72971374 
429 272 15 17 0.6888024 
217 250 17 20 0.6719623 
325 260 15 19 0.6331996 
348 418 41 40 0.5738064 
284 286 18 21 0.48530397 
515 264 14 17 0.3781144 
431 289 12 14 0.2774785 
509 281 16 21 0.20826219 
853 263 15 19 0.19188857 
984 252 22 28 0.15412618 
448 286 11 15 0.14941527 
835 264 15 20 0.1445622 
243 351 15 21 0.1270371 
400 286 10 13 0.12249898 
843 262 17 21 0.118775025 
510 300 16 20 0.10909094 
424 496 36 58 0.107701786 
406 286 9 12 0.08892013 
962 309 14 18 0.08637463 
531 282 12 16 0.08502522 
824 265 19 25 0.08223746 
310 291 12 19 0.07667965 
204 257 17 20 0.07654624 
513 253 11 13 0.06749901 
428 278 19 24 0.067458905 
1012 252 11 18 0.06512511 
984 255 13 16 0.06031887 
984 319 25 27 0.06004417 
425 275 12 15 0.058809433 
775 245 12 15 0.05805885 
434 340 12 16 0.05532782 
709 269 8 10 0.05334127 
585 264 10 12 0.051832072 
413 291 10 14 0.048955504 
616 264 10 12 0.047000863 
380 260 14 18 0.045913648 
521 278 21 26 0.045476437 
993 250 17 21 0.045441892 
764 261 15 18 0.043760408 
861 298 12 15 0.04357304 
391 285 8 12 0.043046642 
479 255 12 15 0.04297864 
451 290 11 15 0.04098243 
982 270 14 20 0.040955007 
544 270 10 12 0.040691815 
385 285 9 12 0.039892334 
518 248 10 12 0.037519094 
372 259 16 20 0.03746677 
776 253 20 26 0.036575977 
914 282 16 19 0.036548413 
1001 248 20 26 0.03555805 
246 346 24 30 0.03537558 
538 333 12 17 0.034913264 
384 279 10 12 0.03439561 
226 256 15 18 0.03401072 
536 327 12 14 0.031987287 
878 308 12 16 0.030272368 
550 269 10 13 0.029958557 
956 333 13 16 0.028920949 
569 512 24 31 0.028483441 
434 333 14 16 0.027979216 
236 272 22 30 0.02762021 
727 278 9 11 0.027388286 
368 422 37 49 0.027376361 
940 297 16 19 0.027061753 
433 347 11 13 0.027047798 
139 330 31 36 0.02678924 
512 273 17 21 0.02664359 
181 326 24 30 0.025782209 
513 287 17 21 0.025714748 
751 261 11 15 0.025709532 
502 270 11 15 0.024917072 
601 239 10 13 0.024835285 
999 281 21 28 0.024834394 
218 275 23 31 0.02450442 
793 221 10 14 0.024485884 
918 289 14 18 0.024341919 
523 267 12 14 0.024261193 
258 271 14 21 0.024234645 
126 363 11 15 0.02420608 
815 307 15 18 0.024180863 
477 277 14 18 0.0241041 
491 260 11 14 0.023107668 
947 294 13 17 0.022826364 
619 266 11 12 0.022788268 
894 270 12 15 0.02267061 
534 270 11 14 0.02256706 
402 255 15 19 0.022487067 
430 263 13 15 0.02240257 
410 616 18 19 0.0222331 
270 290 14 18 0.022218471 
502 275 14 20 0.021997318 
492 283 14 21 0.021542937 
1005 323 13 17 0.020897124 
992 281 16 17 0.020890797 
470 299 11 13 0.02074952 
407 290 11 14 0.020701732 
251 279 15 22 0.02054463 
501 261 11 14 0.020401359 
333 310 13 17 0.020301603 
