3_Riot_Riot_3_522
66
116 162 27 32 0.99648106 
413 152 13 17 0.9797064 
407 209 35 40 0.95268655 
490 153 19 22 0.8970233 
628 210 31 35 0.82026756 
216 208 22 31 0.69947886 
885 198 28 33 0.46830225 
181 197 29 33 0.38068438 
439 154 14 19 0.35266384 
3 149 22 34 0.3017066 
460 152 10 13 0.23522782 
478 147 10 13 0.17106196 
456 153 11 15 0.1527156 
203 205 26 32 0.14276834 
378 170 19 23 0.11980317 
270 173 10 13 0.096623264 
227 213 23 29 0.09555056 
720 230 10 13 0.082394265 
265 201 17 21 0.080401555 
223 136 7 9 0.07744282 
461 179 10 12 0.064410366 
446 152 11 15 0.064116426 
618 205 29 36 0.054383036 
504 232 41 52 0.05027539 
713 96 9 12 0.04687829 
236 214 25 31 0.04556462 
470 149 11 13 0.04439207 
486 151 15 19 0.04352842 
515 157 14 18 0.043189052 
672 94 10 12 0.042570002 
476 142 21 26 0.042267498 
730 153 17 18 0.041978635 
198 344 53 38 0.04088741 
690 215 17 20 0.038381167 
193 186 19 25 0.037515603 
479 189 11 14 0.036958255 
648 215 18 23 0.03607484 
532 265 14 21 0.03464768 
254 209 23 33 0.03327707 
540 180 15 20 0.032849364 
507 154 12 17 0.032794554 
479 153 13 16 0.03231111 
607 316 54 57 0.030643206 
467 155 12 15 0.030101893 
157 77 16 20 0.028724818 
420 180 15 17 0.028126445 
372 154 15 17 0.027653584 
405 180 44 57 0.027621778 
454 150 20 22 0.027293243 
992 364 32 47 0.02703812 
503 222 30 37 0.026425254 
365 155 15 17 0.026125636 
453 161 12 16 0.025733862 
461 162 12 14 0.024950316 
206 219 28 37 0.024693737 
431 153 15 19 0.024412645 
467 171 43 52 0.02378628 
515 213 15 18 0.023364106 
217 141 10 13 0.02314728 
519 223 28 36 0.022645742 
221 138 10 14 0.022297198 
204 156 12 17 0.022089621 
677 214 26 28 0.021778952 
539 413 20 22 0.02125117 
379 176 26 33 0.020872254 
451 167 22 26 0.020420037 
