3_Riot_Riot_3_521
31
871 177 138 177 0.9997392 
548 183 123 149 0.99950767 
268 194 64 80 0.9990766 
156 229 68 79 0.99734265 
48 229 70 82 0.9883343 
380 240 78 103 0.98809063 
484 317 52 67 0.42684537 
724 548 112 116 0.2491655 
509 332 38 45 0.19600289 
600 233 130 143 0.08434274 
714 482 114 132 0.066976294 
460 490 16 22 0.06415129 
703 442 102 128 0.06218505 
814 555 57 79 0.054441255 
780 547 83 113 0.051232874 
546 471 51 65 0.049828798 
73 258 48 51 0.048408296 
725 481 66 74 0.04725594 
469 289 51 75 0.039810766 
563 406 29 39 0.03584901 
670 394 170 256 0.032308023 
1013 46 8 12 0.031625703 
478 506 11 15 0.02702947 
467 494 16 21 0.025573637 
455 572 33 42 0.024502369 
376 603 13 17 0.023620564 
605 418 13 17 0.023154069 
100 214 54 69 0.022954548 
1011 636 14 24 0.021327382 
317 174 47 64 0.021238012 
22 597 12 16 0.020232681 
