55_Sports_Coach_Trainer_sportcoaching_55_305
30
441 125 48 75 0.9990138 
606 92 39 57 0.9964803 
220 51 48 71 0.9949414 
736 363 206 285 0.21508123 
746 201 246 377 0.17193556 
335 441 265 377 0.15916684 
253 41 142 246 0.13594593 
561 355 116 218 0.12544508 
-82 340 235 340 0.09015675 
144 479 218 293 0.08285364 
594 293 222 281 0.06984133 
372 177 126 200 0.05874174 
422 337 209 307 0.04931264 
766 39 209 298 0.045153897 
-55 148 225 325 0.03781825 
187 394 51 75 0.036325652 
557 -36 215 311 0.034593593 
-52 -3 222 281 0.028921604 
299 418 20 32 0.027884193 
266 33 71 102 0.027884193 
594 367 65 104 0.027884193 
392 -8 225 321 0.026434705 
259 173 13 16 0.02351288 
200 415 29 44 0.023349825 
343 277 51 97 0.023349825 
871 307 136 261 0.022069868 
270 297 228 316 0.022069868 
220 23 79 126 0.0201599 
642 2 132 186 0.0201599 
389 486 103 183 0.0201599 
