55_Sports_Coach_Trainer_sportcoaching_55_365
57
656 121 67 82 0.9975521 
261 168 53 81 0.99678564 
792 157 60 73 0.99678564 
467 225 64 75 0.9964803 
793 237 58 85 0.99129593 
219 184 57 69 0.9143238 
512 352 44 50 0.56787485 
615 283 200 154 0.24794048 
402 5 52 63 0.2032784 
297 10 69 88 0.188928 
287 305 232 210 0.18550259 
399 164 58 64 0.09308395 
622 300 33 28 0.09308393 
332 91 71 74 0.07880669 
525 342 53 57 0.06655858 
785 188 85 100 0.064067975 
813 229 78 100 0.064067975 
819 295 188 184 0.064067975 
778 131 55 68 0.06111947 
579 0 7 5 0.054176662 
480 342 68 64 0.047198545 
759 229 70 85 0.047198545 
299 169 55 71 0.04326818 
491 470 68 43 0.04326818 
737 142 82 92 0.04133062 
665 308 103 105 0.04133061 
849 258 50 66 0.039651502 
208 168 48 68 0.039651502 
701 7 98 102 0.034593593 
630 289 52 45 0.033269096 
301 36 103 118 0.03163486 
405 12 31 39 0.030461596 
321 14 56 56 0.030461596 
606 291 130 103 0.028921604 
668 26 30 29 0.027884193 
905 334 83 51 0.027884193 
534 362 33 36 0.027884185 
354 15 14 13 0.027838783 
888 131 95 115 0.026434705 
617 304 13 12 0.02558696 
523 56 8 8 0.02558696 
530 103 12 13 0.02558696 
874 10 5 5 0.02558696 
339 145 57 61 0.025519116 
897 354 97 58 0.025519116 
181 295 55 52 0.025519116 
130 136 60 60 0.025519116 
345 78 67 56 0.025519116 
619 283 29 23 0.025519116 
145 367 104 96 0.024156325 
402 25 14 16 0.02351288 
153 152 29 31 0.021360904 
667 21 52 50 0.021360904 
837 307 70 55 0.021360904 
178 377 65 52 0.021360898 
357 87 32 34 0.021360893 
365 8 93 99 0.0201599 
