55_Sports_Coach_Trainer_sportcoaching_55_773
71
325 91 55 71 0.9996376 
384 81 46 71 0.99870443 
467 114 48 67 0.9982981 
632 81 55 76 0.99813616 
325 202 43 75 0.9953797 
-1 135 39 76 0.9933628 
637 149 43 74 0.99204755 
989 89 36 79 0.9821322 
813 142 37 57 0.9143238 
712 73 27 53 0.73138905 
396 406 222 298 0.5 
807 101 51 73 0.38809907 
590 466 47 53 0.36670664 
347 82 54 73 0.32552502 
153 157 47 66 0.32552502 
53 124 186 281 0.32305852 
407 80 49 75 0.23436876 
547 278 86 144 0.2311026 
612 226 200 265 0.19988178 
527 290 50 76 0.1753677 
853 664 13 16 0.16157512 
44 586 71 94 0.13928533 
346 296 53 97 0.109639935 
673 415 111 183 0.1065206 
739 68 46 61 0.10106142 
350 207 44 69 0.09308393 
337 159 212 253 0.09015675 
35 521 123 188 0.09015675 
617 207 26 41 0.07880669 
742 287 225 289 0.076092646 
646 138 57 70 0.07244435 
28 245 116 175 0.064067975 
556 201 59 106 0.06111947 
320 319 62 88 0.06111947 
119 191 203 253 0.05874174 
824 129 57 64 0.056098126 
636 343 209 294 0.053832814 
584 318 65 104 0.051466707 
198 140 25 38 0.051466707 
647 101 65 64 0.051466707 
324 340 235 307 0.04931264 
450 97 50 74 0.04326818 
516 195 89 138 0.04133061 
626 171 43 66 0.039651502 
741 536 60 102 0.039651494 
224 274 188 257 0.03781825 
334 260 114 183 0.03781825 
719 83 32 53 0.036325652 
429 88 37 51 0.036325645 
608 200 27 40 0.036325645 
786 5 29 36 0.030461604 
190 158 29 42 0.027884193 
296 200 47 73 0.027884193 
309 226 63 82 0.027884193 
503 409 206 269 0.02643471 
-20 432 209 307 0.026434705 
216 423 186 265 0.026434705 
888 670 15 13 0.02558696 
201 181 26 43 0.025519116 
595 329 34 48 0.025519116 
677 9 209 269 0.024156325 
301 273 95 153 0.024156325 
816 128 19 25 0.02351288 
849 646 8 12 0.02351288 
579 218 50 71 0.023349825 
873 491 70 85 0.023349825 
785 94 83 125 0.022069868 
231 481 18 25 0.021603195 
859 644 8 10 0.021603195 
862 529 43 40 0.021360904 
695 161 28 49 0.021360898 
