55_Sports_Coach_Trainer_sportcoaching_55_620
29
470 148 46 50 0.99678564 
506 124 31 34 0.2511021 
410 293 222 225 0.15916684 
448 99 43 49 0.08567616 
466 106 36 32 0.06655858 
376 244 225 175 0.064067975 
308 42 35 35 0.056098126 
443 104 29 36 0.056098126 
730 182 67 63 0.051466707 
511 309 215 212 0.04931264 
-18 277 265 232 0.04931264 
160 285 186 206 0.045153886 
311 -18 178 180 0.04133061 
449 156 51 57 0.039651502 
470 121 35 36 0.039651502 
290 309 242 212 0.03781825 
695 291 222 209 0.03781825 
484 135 42 50 0.036325652 
655 85 13 14 0.030282615 
506 139 31 38 0.027884193 
432 290 8 8 0.027838783 
729 80 7 7 0.02351288 
686 -1 222 200 0.022069868 
780 163 222 203 0.022069868 
192 84 107 130 0.022069868 
300 85 63 70 0.021360898 
445 270 79 76 0.021360898 
731 392 253 206 0.020159906 
788 305 215 209 0.020159906 
