55_Sports_Coach_Trainer_sportcoaching_55_774
115
443 173 26 27 0.99931467 
844 62 61 76 0.99891996 
472 198 32 34 0.9982981 
791 279 67 76 0.9979589 
600 146 30 32 0.9979589 
752 124 60 73 0.99614596 
514 296 46 47 0.9957801 
657 102 27 29 0.9949414 
124 262 44 51 0.98859274 
420 43 14 12 0.9458233 
419 107 19 18 0.91882604 
327 82 21 19 0.9069161 
346 101 18 19 0.88008106 
409 15 11 11 0.880081 
371 24 16 14 0.8263381 
486 174 21 21 0.79672164 
382 8 14 15 0.7388364 
384 4 11 12 0.5858033 
487 129 15 15 0.5 
331 0 9 7 0.43536806 
344 4 11 10 0.43536806 
363 186 23 21 0.43212515 
381 75 15 17 0.22912635 
450 -1 15 12 0.2141799 
674 -20 200 213 0.19988178 
688 2 121 137 0.19988178 
673 12 9 8 0.1864517 
396 212 15 13 0.16157512 
425 -23 222 216 0.12544508 
639 0 13 11 0.111069925 
468 11 8 7 0.102797605 
477 186 26 28 0.10106142 
454 164 21 19 0.09308393 
445 128 15 13 0.08787667 
431 0 13 9 0.08787667 
409 97 23 23 0.08567616 
420 0 8 6 0.074940585 
111 344 46 44 0.072444364 
721 10 64 58 0.07244435 
356 170 26 26 0.07244435 
474 123 7 7 0.0691498 
428 19 9 8 0.0691498 
403 90 22 20 0.06111947 
372 181 17 15 0.05879275 
617 329 8 8 0.05879275 
390 75 27 25 0.056098126 
356 18 13 12 0.054176662 
355 30 9 8 0.04595155 
652 7 5 5 0.04595155 
366 198 18 15 0.045951538 
449 11 7 6 0.045951538 
343 9 11 12 0.04229837 
408 54 13 12 0.04229837 
17 16 98 100 0.04133061 
379 25 11 13 0.038923774 
413 181 10 11 0.038923774 
433 362 86 52 0.036325652 
668 11 78 91 0.036325652 
399 59 50 44 0.036325645 
395 51 5 5 0.035808332 
375 48 12 12 0.035808332 
445 12 12 10 0.035808332 
382 2 9 8 0.035808332 
368 19 15 15 0.035808332 
418 0 7 5 0.035808332 
380 22 9 9 0.032933712 
323 107 11 12 0.030282615 
388 8 14 14 0.030282615 
328 99 5 5 0.030282615 
488 135 9 9 0.030282607 
344 174 26 26 0.027884185 
483 174 8 8 0.027838783 
399 212 10 8 0.027838783 
339 13 13 14 0.027838783 
797 300 7 7 0.027838778 
566 -1 191 201 0.02643471 
760 69 85 93 0.026434705 
922 105 93 92 0.026434705 
336 78 17 14 0.02558696 
412 77 7 6 0.02558696 
354 23 13 12 0.02558696 
360 17 8 7 0.02558696 
882 141 15 13 0.02558696 
473 1 28 18 0.025519116 
357 175 38 35 0.025519116 
711 76 95 121 0.024156325 
818 333 212 161 0.024156325 
853 214 212 173 0.024156325 
405 88 15 13 0.02351288 
441 15 14 11 0.02351288 
338 0 8 7 0.02351288 
380 183 10 9 0.02351288 
424 13 14 13 0.02351288 
374 41 6 6 0.02351288 
408 9 9 8 0.02351288 
394 77 43 37 0.023349825 
401 69 27 25 0.023349825 
464 184 25 25 0.023349825 
485 120 27 22 0.023349825 
422 400 71 44 0.023349825 
92 -9 269 213 0.022069868 
343 69 15 15 0.021603195 
384 25 7 8 0.021603195 
377 0 7 5 0.021603195 
483 172 14 14 0.021603195 
408 90 8 7 0.021603195 
436 0 15 10 0.021603195 
7 140 60 64 0.021360898 
327 103 21 20 0.021360898 
321 86 23 20 0.021360898 
877 13 53 45 0.021360898 
321 125 24 28 0.021360898 
528 277 28 27 0.021360893 
9 6 225 207 0.0201599 
278 329 311 179 0.0201599 
