55_Sports_Coach_Trainer_sportcoaching_55_325
27
349 90 298 321 0.999757 
319 244 277 285 0.8408331 
255 140 281 321 0.8144974 
268 7 253 312 0.52310073 
349 -5 265 257 0.45389685 
128 -90 218 229 0.21508123 
484 112 218 261 0.18550259 
451 275 191 243 0.14717786 
582 -20 200 236 0.14717786 
357 312 151 191 0.14717786 
222 -52 215 261 0.05874174 
609 76 225 273 0.053832818 
326 388 222 239 0.053832814 
92 150 29 31 0.04326818 
66 -42 212 222 0.04133061 
252 425 218 261 0.04133061 
615 234 222 254 0.03781825 
157 258 203 219 0.034593593 
212 122 209 225 0.03163486 
726 512 107 109 0.03163486 
71 -3 55 50 0.030461596 
663 269 116 149 0.026434705 
776 -22 212 243 0.026434705 
196 -13 134 128 0.026434705 
116 83 27 29 0.025519116 
819 31 29 30 0.023349825 
813 489 215 197 0.022069868 
