55_Sports_Coach_Trainer_sportcoaching_55_122
239
872 392 34 49 0.9992494 
19 251 29 37 0.99844605 
60 373 32 42 0.9982981 
345 287 26 34 0.9977647 
725 372 37 46 0.99678564 
812 273 30 36 0.9964803 
966 219 35 41 0.9953797 
866 304 28 36 0.9949414 
23 217 28 34 0.99047405 
35 170 30 36 0.98957527 
560 297 32 38 0.9863452 
102 277 33 39 0.9821322 
457 310 27 28 0.96367437 
182 282 27 30 0.96034855 
737 277 25 30 0.9439019 
259 273 26 32 0.9275556 
630 267 25 31 0.89036 
360 247 20 26 0.87062967 
528 291 22 29 0.87062967 
465 231 19 23 0.8384248 
668 303 25 29 0.79672164 
698 283 22 27 0.6541731 
831 199 28 38 0.5 
389 267 27 33 0.45459446 
932 310 51 94 0.38809907 
434 275 19 29 0.3728605 
123 273 21 28 0.33330244 
619 178 15 20 0.33330244 
604 262 22 27 0.30585766 
246 -15 235 274 0.24794048 
744 242 18 22 0.22912635 
328 183 13 18 0.19995552 
227 204 13 18 0.18645167 
235 412 183 236 0.18550259 
171 269 24 29 0.1753677 
244 258 21 25 0.1753677 
502 236 15 18 0.16157512 
710 543 28 33 0.13928533 
224 476 128 149 0.13594593 
359 210 7 9 0.12937039 
399 202 7 11 0.11991897 
382 268 22 27 0.111069925 
740 404 206 247 0.1065206 
313 215 13 17 0.10279763 
628 239 13 17 0.10279763 
751 330 15 20 0.10279763 
334 475 8 9 0.102797605 
919 529 35 41 0.10106142 
568 352 215 274 0.09803478 
318 208 12 15 0.09507551 
523 262 21 23 0.09507551 
616 265 24 31 0.09308395 
777 303 28 42 0.09308393 
772 271 26 33 0.09308393 
451 237 183 247 0.09015675 
879 163 16 19 0.08787667 
401 270 23 29 0.08567618 
338 271 23 28 0.08567616 
588 201 14 18 0.08117401 
712 175 13 19 0.08117401 
211 187 6 8 0.08117401 
557 487 14 17 0.08117401 
549 306 28 37 0.07880669 
271 271 22 28 0.07880669 
765 370 25 29 0.072444364 
287 269 18 24 0.072444364 
110 264 40 48 0.07244435 
863 238 27 36 0.06655858 
679 253 21 25 0.06655858 
834 258 23 28 0.06655858 
495 -19 261 299 0.064067975 
701 277 13 18 0.06377564 
666 247 21 26 0.06111947 
357 453 70 106 0.06111947 
174 179 14 20 0.05879275 
711 346 18 24 0.05879275 
61 167 13 17 0.05879275 
315 441 117 168 0.05874174 
728 185 23 26 0.056098126 
655 250 20 25 0.056098126 
594 301 22 29 0.056098126 
322 476 7 10 0.054176662 
418 214 26 34 0.051466707 
468 488 25 31 0.051466707 
948 229 15 19 0.04990379 
678 278 13 17 0.04990379 
335 180 6 7 0.04990379 
750 525 37 38 0.047198545 
831 199 17 22 0.04595155 
331 179 8 9 0.045951538 
340 258 18 23 0.045951538 
325 218 13 15 0.045951538 
422 219 15 19 0.045951538 
319 204 8 10 0.045951538 
217 464 8 10 0.045951538 
272 183 5 7 0.045951538 
849 248 25 34 0.04326818 
369 257 40 46 0.04326818 
653 290 28 34 0.04326818 
495 289 17 22 0.04229837 
528 194 13 17 0.04229837 
702 178 13 17 0.04229837 
428 278 16 22 0.04229837 
807 453 17 23 0.04229837 
864 222 42 57 0.039651494 
317 258 16 26 0.038923774 
102 284 21 24 0.038923774 
-13 320 228 266 0.03781825 
196 520 14 18 0.035808332 
312 213 8 11 0.035808332 
488 240 7 10 0.035808332 
254 476 8 10 0.035808332 
458 323 17 19 0.035808332 
381 201 7 9 0.035808332 
529 507 95 121 0.034593593 
81 247 25 32 0.033269096 
786 527 27 33 0.033269096 
736 516 57 71 0.033269096 
711 529 44 55 0.033269096 
461 481 46 57 0.033269096 
943 213 48 56 0.033269096 
365 256 26 33 0.033269096 
638 281 28 30 0.033269096 
364 475 10 11 0.03293372 
475 498 14 21 0.032933712 
374 200 7 9 0.032933712 
621 178 9 11 0.032933712 
600 196 7 9 0.032933712 
135 323 212 278 0.03163486 
410 203 45 55 0.030461596 
468 268 20 25 0.030461596 
657 288 41 49 0.030461596 
359 282 27 33 0.030461596 
873 295 25 32 0.030461596 
304 183 6 9 0.030282615 
547 180 15 16 0.030282615 
398 461 13 15 0.030282615 
558 240 8 10 0.030282615 
386 289 19 24 0.030282615 
320 201 13 17 0.030282615 
555 486 9 12 0.030282615 
622 454 46 65 0.027884193 
295 261 22 27 0.027884193 
822 245 39 48 0.027884185 
424 150 16 24 0.027838783 
718 174 8 13 0.027838783 
181 178 8 10 0.027838783 
748 249 17 23 0.027838783 
173 554 16 18 0.027838778 
403 316 14 20 0.027838778 
388 207 6 8 0.027838778 
364 210 6 8 0.027838778 
371 200 12 15 0.02558696 
287 198 11 13 0.02558696 
330 195 10 12 0.02558696 
371 205 7 8 0.02558696 
556 176 6 8 0.02558696 
479 279 9 11 0.02558696 
668 276 12 17 0.02558696 
611 276 9 11 0.02558696 
318 296 16 22 0.02558696 
706 173 8 10 0.02558696 
249 261 10 12 0.02558696 
558 493 13 20 0.02558696 
463 233 10 12 0.02558696 
286 212 13 18 0.02558696 
710 174 8 10 0.02558696 
565 180 7 9 0.02558696 
328 179 5 7 0.02558696 
556 179 13 16 0.02558696 
873 281 24 28 0.025519116 
404 543 62 69 0.025519116 
278 36 49 65 0.025519116 
698 203 23 29 0.025519116 
306 58 28 34 0.025519116 
846 233 44 56 0.025519116 
579 196 20 27 0.025519116 
-2 357 53 78 0.025519116 
169 262 40 49 0.025519116 
174 306 35 50 0.025519116 
906 523 52 74 0.025519116 
247 43 128 154 0.024156325 
617 182 9 12 0.02351288 
137 194 17 23 0.02351288 
831 252 18 20 0.02351288 
307 213 13 18 0.02351288 
528 191 6 9 0.02351288 
533 186 12 19 0.02351288 
168 183 14 19 0.02351288 
224 198 6 7 0.02351288 
421 279 15 21 0.02351288 
387 204 6 8 0.02351288 
1013 347 10 22 0.02351288 
333 183 7 10 0.02351288 
180 184 13 17 0.02351288 
825 184 9 11 0.02351288 
537 476 11 15 0.02351288 
374 195 13 17 0.02351288 
870 323 19 21 0.02351288 
705 174 14 18 0.02351288 
768 276 43 60 0.023349825 
164 283 25 30 0.023349825 
677 294 26 33 0.023349825 
722 178 20 25 0.023349825 
625 465 25 45 0.023349825 
404 215 25 35 0.023349825 
804 286 28 34 0.023349825 
92 216 22 26 0.023349825 
761 312 27 35 0.023349825 
270 515 15 20 0.021603195 
448 248 14 15 0.021603195 
173 266 17 20 0.021603195 
370 210 8 10 0.021603195 
806 177 6 8 0.021603195 
783 199 8 10 0.021603195 
321 217 10 11 0.021603195 
377 201 8 10 0.021603195 
174 199 7 9 0.021603195 
504 183 14 20 0.021603195 
288 195 7 8 0.021603195 
243 194 7 9 0.021603195 
742 329 18 21 0.021603195 
263 292 17 19 0.021603195 
838 486 17 23 0.021603195 
618 175 6 8 0.021603195 
841 267 13 18 0.021603195 
775 502 49 61 0.021360904 
840 564 62 56 0.021360904 
186 234 25 31 0.021360904 
501 294 20 24 0.021360904 
692 171 21 23 0.021360898 
946 262 27 33 0.021360898 
831 526 59 59 0.021360898 
641 245 22 27 0.021360898 
313 268 20 27 0.021360898 
157 269 23 30 0.021360898 
989 222 26 36 0.021360898 
455 493 25 32 0.021360898 
739 263 26 33 0.021360898 
