55_Sports_Coach_Trainer_sportcoaching_55_569
66
172 84 80 77 0.9967733 
250 258 43 46 0.99129593 
887 36 65 61 0.98751885 
325 42 67 68 0.98598576 
584 20 30 28 0.9388805 
898 205 61 48 0.9069161 
725 192 74 75 0.8144974 
57 246 31 24 0.76563126 
555 254 63 42 0.5 
405 165 209 141 0.24794048 
375 248 28 25 0.21842524 
100 241 31 25 0.2032784 
868 182 109 76 0.18550259 
753 58 50 39 0.16258557 
176 142 222 156 0.14717786 
295 143 212 152 0.12544508 
117 85 90 75 0.12544508 
479 -1 36 15 0.07880669 
78 241 40 30 0.07880669 
363 210 209 154 0.06984132 
44 305 14 10 0.0691498 
219 248 62 54 0.06655858 
38 243 40 32 0.06655857 
507 210 197 131 0.05874174 
334 23 25 13 0.051466707 
401 -14 180 127 0.04931264 
307 58 239 171 0.04931264 
175 308 23 15 0.047198545 
78 231 8 5 0.04229837 
381 21 235 156 0.04133061 
746 109 232 156 0.04133061 
40 253 15 13 0.038923774 
172 326 14 12 0.038923774 
677 231 265 122 0.034593605 
901 22 100 76 0.034593593 
382 101 228 147 0.034593593 
721 74 5 3 0.03293372 
633 65 6 4 0.032933712 
34 297 23 14 0.030461596 
748 252 23 17 0.030461596 
125 232 6 4 0.030282615 
10 300 8 5 0.030282615 
516 83 265 166 0.028921604 
184 77 52 50 0.027884193 
134 301 55 38 0.027884185 
198 77 29 23 0.027884185 
696 10 33 28 0.027884185 
97 234 4 2 0.02558696 
160 249 4 3 0.02558696 
585 86 24 18 0.025519116 
649 15 88 71 0.025519116 
923 10 53 35 0.025519116 
543 245 116 83 0.024156325 
462 36 121 96 0.024156325 
528 223 126 62 0.024156325 
370 246 47 39 0.023349825 
743 226 53 43 0.023349825 
34 255 12 10 0.021603195 
169 269 7 6 0.021603195 
144 233 6 4 0.021603195 
12 253 6 4 0.021603195 
926 172 69 45 0.021360898 
750 64 29 28 0.021360898 
480 49 65 51 0.021360898 
8 316 45 36 0.021360898 
44 100 109 89 0.0201599 
