55_Sports_Coach_Trainer_sportcoaching_55_708
39
722 263 62 85 0.9997242 
385 272 51 68 0.9996979 
214 228 53 76 0.9995652 
544 246 54 78 0.99952376 
252 126 22 31 0.83741444 
143 333 200 281 0.5461031 
871 449 212 293 0.3436022 
-3 395 101 167 0.19988178 
278 294 215 316 0.19988178 
502 18 246 366 0.15916686 
1002 451 11 18 0.1293704 
269 -55 218 330 0.09803478 
547 519 68 75 0.09308393 
89 232 67 75 0.072444364 
567 16 149 203 0.064067975 
299 521 188 316 0.05874174 
552 183 18 28 0.045951538 
398 494 206 345 0.045153897 
200 459 232 366 0.045153897 
781 147 197 285 0.045153897 
932 413 31 32 0.04326818 
544 415 232 321 0.03781825 
0 557 103 209 0.028921604 
741 510 24 31 0.027884193 
936 433 18 26 0.027838783 
629 266 209 293 0.02643471 
634 38 246 377 0.02643471 
496 33 87 153 0.026434705 
329 408 140 191 0.026434705 
892 679 14 18 0.02558696 
736 -17 200 253 0.024156325 
452 459 235 302 0.024156325 
298 604 116 170 0.024156325 
977 448 14 21 0.02351288 
343 373 212 277 0.022069868 
12 -32 186 285 0.022069868 
211 9 194 321 0.0201599 
120 -12 215 307 0.0201599 
7 464 106 191 0.0201599 
