55_Sports_Coach_Trainer_sportcoaching_55_770
70
619 20 55 55 0.9977647 
576 148 82 59 0.34582695 
413 295 18 15 0.24479094 
414 290 29 23 0.188928 
361 179 225 147 0.18550259 
-49 88 246 183 0.18550259 
87 127 232 183 0.14717786 
408 281 47 38 0.12872264 
678 157 253 203 0.115646794 
351 282 27 20 0.109639935 
461 295 206 145 0.09803478 
564 150 121 98 0.08285364 
494 359 56 43 0.07880669 
670 23 289 175 0.076092646 
656 40 82 81 0.076092646 
659 313 57 67 0.07244435 
394 209 277 189 0.064067975 
516 156 34 25 0.04326818 
99 301 22 19 0.04326818 
416 119 56 55 0.039651502 
793 315 24 20 0.039651494 
79 356 10 9 0.038923774 
763 139 222 163 0.03781825 
596 155 44 32 0.036325652 
148 312 15 13 0.035808332 
905 324 119 98 0.034593605 
66 199 65 44 0.033269096 
417 162 134 114 0.03163486 
730 160 128 142 0.03163486 
505 166 128 73 0.03163486 
11 27 126 104 0.03163486 
285 4 29 21 0.030461596 
834 111 80 56 0.030461596 
60 151 29 22 0.030461596 
767 355 5 4 0.030282615 
660 273 180 168 0.028921604 
117 50 29 25 0.027884193 
212 98 60 49 0.027884193 
21 290 25 23 0.027884193 
242 41 23 19 0.027884193 
272 8 55 43 0.027884193 
318 13 68 57 0.027884185 
373 285 6 5 0.027838783 
639 290 93 104 0.026434705 
500 135 183 165 0.026434705 
772 306 9 7 0.02558696 
344 329 16 12 0.02558696 
438 436 5 4 0.02558696 
450 326 14 15 0.02558696 
415 296 9 8 0.02558696 
427 160 27 23 0.025519116 
773 277 64 57 0.025519116 
420 24 57 46 0.025519116 
438 217 99 64 0.025519116 
654 270 61 61 0.025519116 
577 346 7 6 0.02351288 
367 289 18 14 0.02351288 
4 345 6 5 0.02351288 
242 92 75 65 0.023349825 
683 74 65 52 0.023349825 
112 30 50 40 0.023349825 
341 272 42 35 0.023349825 
151 48 197 173 0.022069868 
5 276 41 40 0.021360904 
508 366 36 25 0.021360904 
792 325 24 20 0.021360898 
432 48 36 27 0.021360898 
92 136 32 24 0.021360898 
206 89 235 175 0.020159906 
-4 324 111 87 0.0201599 
