55_Sports_Coach_Trainer_sportcoaching_55_208
22
411 75 277 270 0.99998176 
331 133 253 263 0.6769414 
408 63 180 179 0.6135702 
426 96 91 83 0.56787485 
309 328 232 214 0.2840034 
353 132 132 184 0.05874174 
832 304 200 204 0.05874174 
623 308 235 217 0.04931264 
515 47 209 223 0.04133061 
349 135 64 104 0.039651494 
769 367 70 70 0.039651494 
349 238 281 274 0.03781825 
3 1 119 139 0.03781825 
603 127 249 248 0.03781825 
-39 49 228 227 0.034593593 
-2 148 107 166 0.034593593 
604 136 57 60 0.033269096 
576 6 232 217 0.024156325 
253 184 232 266 0.022069868 
-34 211 215 227 0.022069868 
736 134 242 240 0.022069868 
-1 -3 76 99 0.021360904 
