55_Sports_Coach_Trainer_sportcoaching_55_516
81
504 190 28 35 0.99984026 
320 210 28 35 0.9998084 
574 133 33 46 0.9996692 
380 212 29 36 0.9996376 
772 207 28 35 0.9996376 
826 190 32 41 0.9995652 
775 358 52 66 0.99952376 
688 367 48 61 0.99952376 
444 192 31 40 0.99931467 
665 197 29 35 0.9991779 
255 211 26 35 0.9990996 
471 321 46 57 0.99891996 
253 316 46 58 0.99870443 
587 336 44 58 0.9982981 
115 298 43 55 0.99813616 
374 321 43 54 0.9973194 
740 208 25 35 0.9933628 
800 262 228 285 0.4310897 
793 72 212 289 0.28400344 
815 458 170 219 0.2311026 
697 286 11 17 0.22912638 
431 6 114 149 0.19988178 
440 14 71 91 0.13928533 
89 -23 239 285 0.13594593 
445 297 29 30 0.12872264 
770 308 30 33 0.118850335 
175 239 28 35 0.109639935 
159 392 119 180 0.1065206 
268 495 15 22 0.10279763 
468 486 49 58 0.10106142 
391 -3 209 250 0.09015675 
918 8 93 126 0.08285364 
689 338 30 35 0.07880669 
184 1 235 277 0.06984133 
305 5 212 219 0.06984133 
854 410 121 188 0.06984132 
746 317 30 38 0.06655858 
182 331 178 246 0.05874174 
260 333 197 246 0.04931264 
48 378 191 257 0.04931264 
680 343 42 63 0.047198545 
614 505 29 35 0.039651494 
867 322 25 29 0.039651494 
675 341 29 39 0.039651494 
722 340 25 33 0.039651494 
846 91 119 183 0.03781825 
184 340 50 73 0.036325652 
721 210 25 33 0.036325652 
864 508 70 102 0.036325652 
175 382 57 82 0.036325652 
757 311 32 37 0.036325652 
737 319 25 34 0.036325645 
702 339 30 33 0.033269096 
893 412 17 27 0.032933712 
568 353 19 28 0.032933712 
300 448 117 149 0.03163486 
342 330 24 33 0.030461596 
780 33 85 123 0.030461596 
845 340 7 9 0.030282615 
149 332 98 175 0.028921604 
117 294 178 257 0.028921604 
765 333 50 75 0.027884193 
802 313 25 29 0.027884193 
735 336 25 35 0.027884193 
211 470 225 253 0.02643471 
-7 241 191 269 0.026434705 
665 -1 228 250 0.026434705 
681 44 8 11 0.02558696 
573 347 28 41 0.025519116 
206 352 35 48 0.025519116 
198 404 30 50 0.025519116 
356 469 59 62 0.025519116 
754 217 18 27 0.02351288 
234 234 22 30 0.023349825 
654 339 31 46 0.023349825 
408 500 90 128 0.022069868 
841 316 142 178 0.022069868 
826 307 17 22 0.021603195 
55 405 16 22 0.021603195 
688 288 22 26 0.021360898 
446 495 57 66 0.021360898 
