55_Sports_Coach_Trainer_sportcoaching_55_218
191
723 73 58 51 0.98366195 
105 236 7 6 0.755209 
649 204 48 36 0.71312684 
721 72 121 106 0.59142894 
736 121 106 125 0.3864298 
685 265 29 21 0.268611 
509 52 12 9 0.19995552 
687 87 197 145 0.17193554 
823 114 206 158 0.15916684 
253 318 54 38 0.15056497 
905 84 12 10 0.13944872 
533 296 188 158 0.115646794 
145 249 19 16 0.109639935 
861 306 57 43 0.10106142 
130 301 50 45 0.10106142 
751 68 56 49 0.10106142 
861 255 95 89 0.09803478 
641 360 14 11 0.08787667 
896 273 51 40 0.08567618 
190 307 25 23 0.08567618 
248 105 97 87 0.08285364 
728 67 36 39 0.07244435 
620 213 197 158 0.06984133 
594 83 94 95 0.06984132 
847 297 119 87 0.064067975 
267 209 6 4 0.06377564 
501 49 6 5 0.06377564 
170 214 232 130 0.053832814 
798 277 194 136 0.053832814 
492 37 6 5 0.04990379 
161 152 6 5 0.04990379 
500 59 6 5 0.04990379 
92 125 7 7 0.049903784 
687 55 95 84 0.04931264 
886 244 69 59 0.047198545 
184 298 46 34 0.047198545 
900 84 19 16 0.047198545 
883 283 50 44 0.047198545 
41 194 21 16 0.047198545 
246 236 7 5 0.04595155 
121 235 14 14 0.04595155 
252 210 7 5 0.045951538 
404 239 191 163 0.045153886 
153 250 21 17 0.04326818 
751 148 67 70 0.04326818 
888 12 54 45 0.04326818 
833 43 64 48 0.04326818 
512 49 9 6 0.04229837 
520 60 8 6 0.04229837 
903 32 7 5 0.04229837 
41 35 17 13 0.04229837 
850 183 112 93 0.04133061 
152 305 42 37 0.039651502 
150 227 6 4 0.038923774 
481 170 4 3 0.038923774 
345 127 5 4 0.038923774 
1010 58 5 4 0.038923774 
450 140 197 149 0.03781825 
770 56 31 28 0.036325652 
840 271 50 40 0.036325645 
243 233 25 18 0.036325645 
97 77 4 3 0.035808332 
203 208 4 3 0.035808332 
261 214 14 11 0.035808332 
960 71 6 4 0.035808332 
111 103 12 12 0.035808332 
94 124 8 8 0.035808332 
481 43 7 5 0.035808332 
105 17 116 111 0.034593605 
873 325 61 40 0.033269096 
146 230 9 6 0.03293372 
136 213 6 5 0.03293372 
244 234 13 10 0.03293372 
178 212 6 6 0.03293372 
113 272 14 11 0.03293372 
1006 73 7 5 0.032933712 
143 231 8 6 0.032933712 
233 214 6 4 0.032933712 
115 197 15 13 0.032933712 
88 263 197 140 0.03163486 
441 168 119 89 0.03163486 
453 265 114 97 0.03163486 
169 253 21 18 0.030461604 
641 214 49 40 0.030461604 
185 315 44 35 0.030461604 
844 313 53 42 0.030461596 
283 317 60 36 0.030461596 
320 191 24 20 0.030461596 
832 59 31 22 0.030461596 
395 159 67 53 0.030461596 
505 49 8 5 0.030282615 
481 43 12 8 0.030282615 
841 57 13 10 0.030282615 
148 228 8 6 0.030282615 
903 87 9 8 0.030282615 
138 125 9 7 0.030282615 
572 59 5 4 0.030282615 
-1 291 222 156 0.028921604 
139 253 21 17 0.027884193 
906 22 33 27 0.027884193 
67 202 21 16 0.027884185 
891 331 71 53 0.027884185 
772 68 34 29 0.027884185 
131 235 12 11 0.027838783 
514 66 7 6 0.027838783 
0 218 12 12 0.027838783 
187 238 7 6 0.027838783 
147 210 5 4 0.027838783 
61 162 11 10 0.027838783 
322 190 15 12 0.027838783 
150 245 15 12 0.027838783 
493 44 6 4 0.027838778 
489 113 5 3 0.027838778 
153 209 4 3 0.027838778 
1010 134 4 3 0.027838778 
515 56 12 8 0.027838778 
595 332 128 89 0.026434705 
242 -2 93 90 0.026434705 
619 63 104 91 0.026434705 
198 197 103 87 0.026434705 
846 55 7 5 0.02558696 
881 71 5 4 0.02558696 
461 53 4 3 0.02558696 
507 55 7 6 0.02558696 
578 25 5 4 0.02558696 
314 142 12 9 0.02558696 
102 138 6 4 0.02558696 
487 38 11 9 0.02558696 
470 39 6 5 0.02558696 
613 110 5 3 0.02558696 
155 220 5 4 0.02558696 
144 209 5 4 0.02558696 
503 74 6 5 0.02558696 
168 234 7 5 0.02558696 
137 235 12 10 0.02558696 
435 0 4 2 0.02558696 
250 325 32 23 0.025519116 
624 198 46 43 0.025519116 
886 310 38 26 0.025519116 
749 112 186 156 0.02415633 
544 328 123 90 0.024156325 
340 -15 203 178 0.024156325 
123 51 203 151 0.024156325 
572 66 178 147 0.024156325 
706 221 117 103 0.024156325 
165 224 5 4 0.02351288 
178 185 4 3 0.02351288 
89 187 14 11 0.02351288 
468 181 4 2 0.02351288 
230 215 5 4 0.02351288 
1013 59 6 4 0.02351288 
157 226 7 5 0.02351288 
101 237 9 7 0.02351288 
57 24 8 7 0.02351288 
81 43 6 4 0.02351288 
897 339 18 14 0.02351288 
57 161 8 7 0.02351288 
105 85 6 5 0.02351288 
640 186 53 36 0.023349825 
865 228 76 61 0.023349825 
504 50 20 15 0.023349825 
268 323 34 23 0.023349825 
335 203 34 25 0.023349825 
226 242 29 22 0.023349825 
800 262 107 93 0.022069868 
508 289 106 103 0.022069868 
789 35 97 71 0.022069868 
95 128 9 7 0.0216032 
278 201 4 3 0.021603195 
-1 299 11 10 0.021603195 
262 210 9 5 0.021603195 
204 121 5 3 0.021603195 
994 88 11 9 0.021603195 
852 22 5 3 0.021603195 
470 35 7 5 0.021603195 
489 115 5 3 0.021603195 
108 234 11 10 0.021603195 
533 114 5 4 0.021603195 
490 36 5 4 0.021603195 
579 123 5 4 0.021603195 
503 72 5 3 0.021603195 
637 198 31 24 0.021360904 
225 310 50 36 0.021360904 
658 395 22 14 0.021360898 
909 81 26 22 0.021360898 
880 295 31 27 0.021360898 
199 220 51 39 0.021360898 
172 303 38 34 0.021360893 
233 302 111 68 0.0201599 
592 270 232 186 0.0201599 
865 49 107 81 0.0201599 
