43_Row_Boat_Canoe_43_438
34
423 349 21 30 0.98936903 
758 349 22 27 0.52081287 
723 397 36 36 0.21761435 
938 103 10 12 0.112699 
380 183 9 12 0.105516896 
392 262 10 13 0.09132578 
594 166 9 11 0.074196525 
747 348 18 24 0.07312408 
991 112 9 11 0.058627833 
456 200 9 11 0.055993155 
1014 165 9 15 0.047506716 
906 173 11 14 0.040995877 
795 45 36 41 0.034784347 
382 252 8 11 0.034186646 
936 174 10 12 0.03341462 
455 401 14 16 0.02922367 
391 191 12 15 0.028501585 
933 118 10 12 0.028489266 
471 287 10 11 0.028464014 
375 208 8 11 0.027942726 
991 82 13 16 0.0274418 
431 200 9 11 0.023713304 
594 161 8 10 0.02332504 
415 297 9 10 0.023323305 
942 97 8 10 0.022606544 
613 198 9 11 0.02228804 
940 205 10 11 0.022125278 
449 207 8 10 0.021665169 
441 215 10 12 0.021302605 
1000 110 9 12 0.021164907 
768 354 18 23 0.021037327 
372 303 11 13 0.021012211 
413 216 8 10 0.02070816 
392 257 9 11 0.020352583 
