43_Row_Boat_Canoe_43_251
30
460 245 21 27 0.91701126 
623 275 13 16 0.45023215 
600 180 18 23 0.36661255 
579 238 13 16 0.19983305 
573 243 15 17 0.11511331 
566 244 15 19 0.10090299 
552 233 12 18 0.0788582 
621 311 14 16 0.07777874 
592 216 8 11 0.05423974 
611 252 14 16 0.053305697 
609 183 16 20 0.04650228 
454 284 11 14 0.046211556 
546 277 16 18 0.04368241 
461 367 15 19 0.040252153 
626 270 13 16 0.040220715 
467 410 12 14 0.03973146 
592 220 10 12 0.037934158 
472 248 17 21 0.03556167 
413 294 13 14 0.02976384 
554 234 21 26 0.026690323 
558 259 14 18 0.025795395 
620 189 12 16 0.02566946 
590 253 10 13 0.024251804 
574 230 13 15 0.02254678 
446 338 16 18 0.022290373 
597 261 10 12 0.022114437 
598 174 15 18 0.021883652 
86 336 21 33 0.021718238 
636 260 11 13 0.020194365 
501 268 11 14 0.020046799 
