43_Row_Boat_Canoe_43_757
33
517 198 47 59 0.99603796 
482 35 16 20 0.47449115 
617 56 18 20 0.3947074 
994 233 27 49 0.22463971 
462 35 15 19 0.12832528 
513 51 17 22 0.115705624 
531 78 15 20 0.11569053 
557 139 13 15 0.0976033 
736 417 12 16 0.06612507 
486 145 20 29 0.054419138 
455 172 28 36 0.052736666 
453 3 23 25 0.052354686 
348 144 17 20 0.049458016 
539 7 14 20 0.044306345 
552 41 13 17 0.043167703 
511 46 13 17 0.04047927 
196 312 14 19 0.040002108 
359 75 15 19 0.035655886 
976 294 41 55 0.033512756 
931 345 44 52 0.029919961 
498 84 17 20 0.028036809 
465 34 22 24 0.027001698 
406 91 15 20 0.026566261 
386 26 16 19 0.02622882 
1005 214 20 34 0.025935879 
435 426 49 57 0.024715787 
487 112 26 33 0.023585271 
443 177 37 49 0.022283444 
378 34 25 31 0.022112265 
386 298 31 29 0.02182305 
482 44 17 20 0.021621203 
427 17 23 28 0.02107004 
492 88 18 21 0.020070586 
