43_Row_Boat_Canoe_43_784
69
401 425 19 24 0.97959316 
208 469 24 27 0.9718142 
222 431 25 29 0.9451856 
351 458 26 31 0.93181574 
658 443 19 22 0.55254215 
140 495 16 18 0.2736585 
434 474 13 17 0.24260546 
248 500 18 21 0.19487387 
593 127 456 552 0.11220498 
653 470 11 14 0.11214911 
19 565 38 39 0.10328081 
337 360 19 22 0.09156076 
666 434 18 22 0.08022027 
390 473 13 18 0.07827338 
216 475 22 29 0.069646224 
405 461 16 18 0.06804362 
-4 560 34 43 0.06141722 
389 459 11 15 0.05316728 
186 461 14 17 0.052112594 
429 480 17 20 0.050274983 
600 417 11 14 0.047075752 
318 281 10 11 0.046821967 
183 466 14 19 0.046455853 
637 469 13 15 0.045732077 
238 504 24 29 0.045454513 
353 288 14 19 0.045325212 
646 471 12 15 0.043039825 
146 503 16 20 0.0403974 
180 508 15 20 0.039740343 
404 447 15 18 0.039407857 
152 517 29 42 0.035675664 
186 472 16 21 0.03372483 
370 464 16 22 0.031762924 
673 430 17 20 0.030933091 
31 528 39 48 0.028986787 
381 459 13 17 0.028951766 
152 503 24 31 0.028883917 
158 493 13 18 0.028832054 
674 447 15 21 0.028068615 
620 421 13 16 0.027848413 
167 506 27 33 0.027659304 
381 473 14 20 0.026861055 
7 549 36 43 0.02600478 
312 285 10 11 0.025526974 
459 159 28 32 0.02543351 
427 489 15 18 0.024969121 
420 421 12 16 0.024230493 
258 493 12 17 0.024132015 
67 272 16 20 0.024092345 
677 457 13 17 0.02397105 
427 500 13 18 0.023688588 
157 484 12 15 0.02358216 
1 533 10 15 0.023345888 
543 349 228 249 0.023222664 
633 468 12 13 0.022769118 
355 362 17 20 0.022095572 
421 483 17 19 0.0220637 
409 450 15 18 0.02200803 
149 485 12 15 0.02183336 
149 512 14 19 0.02179216 
639 485 10 12 0.021758871 
663 477 11 12 0.021716492 
668 470 11 12 0.021278283 
30 552 34 40 0.021254174 
1 575 22 39 0.020867616 
433 426 13 18 0.020763377 
-90 288 449 486 0.020243645 
357 470 26 30 0.020088738 
0 538 11 20 0.020034852 
