43_Row_Boat_Rowboat_43_758
18
514 298 34 42 0.9947784 
362 197 15 17 0.6878561 
361 198 26 24 0.054565366 
356 188 53 47 0.037439205 
369 188 17 20 0.034249663 
772 390 12 15 0.032679614 
386 225 36 40 0.029404229 
377 195 18 19 0.028566869 
402 251 16 19 0.025297401 
371 217 37 33 0.023979248 
354 226 37 36 0.023465214 
419 209 13 17 0.022555253 
414 205 14 17 0.021208059 
383 209 35 33 0.021189608 
322 308 126 159 0.021058494 
624 70 9 13 0.020618686 
371 183 13 14 0.020264683 
573 226 475 481 0.020054609 
