6_Funeral_Funeral_6_252
118
662 137 122 157 0.9998006 
353 180 113 145 0.99971193 
23 272 61 73 0.9992545 
806 214 60 81 0.99907815 
924 251 52 64 0.9987822 
161 244 60 70 0.9983229 
876 204 53 67 0.99768424 
52 199 52 69 0.9970732 
979 285 44 69 0.9901648 
38 132 43 60 0.9817733 
99 159 40 53 0.97928005 
0 129 40 63 0.9628284 
176 149 42 51 0.95454323 
206 189 43 54 0.93127 
540 177 42 55 0.91068816 
981 211 41 60 0.8660403 
19 132 43 60 0.8045241 
231 235 44 61 0.7648229 
724 290 70 87 0.70980376 
895 176 38 48 0.39650315 
978 1116 18 20 0.23895162 
30 1222 26 30 0.23496182 
946 997 16 20 0.18791331 
964 1018 12 15 0.17787676 
740 209 60 79 0.15091807 
939 965 14 16 0.13343951 
873 663 37 47 0.11347558 
759 231 38 44 0.10611541 
957 961 10 14 0.09540081 
212 1141 20 28 0.089392416 
214 208 51 66 0.08736465 
934 969 14 18 0.0840532 
838 213 53 66 0.08384524 
694 225 97 119 0.07860967 
468 903 19 25 0.072921254 
926 983 16 21 0.07227415 
932 950 9 12 0.06669309 
55 1264 25 31 0.06664152 
962 268 47 71 0.06579714 
553 178 58 77 0.06496058 
1001 971 18 31 0.06286943 
931 977 15 19 0.062310014 
604 2 51 47 0.058818616 
949 960 15 17 0.058352754 
30 1233 30 36 0.057997912 
895 951 11 13 0.053595044 
1014 891 8 14 0.050960183 
860 1200 59 74 0.04965696 
1 184 22 33 0.047271904 
741 267 62 84 0.046833757 
965 228 45 58 0.046196293 
270 1108 17 20 0.04539457 
937 976 15 18 0.042917497 
1006 917 11 16 0.042883404 
60 1262 16 19 0.041972592 
237 1133 27 31 0.04187973 
929 986 22 27 0.040985923 
468 174 48 62 0.04081216 
987 548 40 68 0.040690858 
941 226 43 62 0.04018487 
938 1243 40 62 0.038757816 
482 185 16 19 0.038111918 
581 182 54 82 0.037555557 
767 235 51 70 0.03649068 
168 1102 28 32 0.036239017 
477 184 27 37 0.036053393 
974 240 50 71 0.035390474 
901 941 10 13 0.03453497 
407 197 95 122 0.03409547 
965 940 10 12 0.033289574 
249 1174 54 68 0.032761607 
139 1134 47 58 0.031802822 
312 981 132 106 0.0312723 
950 209 40 55 0.02998568 
911 958 10 13 0.029756568 
329 1001 78 61 0.029226484 
933 991 26 31 0.028866408 
666 1070 48 53 0.02847752 
21 1214 43 48 0.028354723 
281 1102 26 29 0.027940307 
948 991 14 16 0.027754128 
910 1201 16 19 0.02764346 
875 820 10 13 0.02755494 
898 956 12 15 0.027334737 
876 815 9 12 0.027062207 
588 174 87 114 0.026990635 
253 973 224 167 0.026918367 
418 321 186 311 0.026589468 
910 879 9 11 0.026563067 
928 954 12 14 0.026193626 
899 219 52 65 0.025822086 
890 948 23 29 0.025475858 
876 238 46 61 0.025298264 
228 1138 23 32 0.024708627 
186 754 399 406 0.024692353 
873 817 9 12 0.024419183 
900 950 11 13 0.024137871 
19 1230 28 37 0.024106646 
962 963 10 13 0.023998424 
1009 971 14 22 0.023995608 
730 727 69 72 0.023851674 
483 219 192 223 0.023407253 
1012 914 11 18 0.023323935 
227 1129 44 54 0.022958815 
213 1022 30 34 0.022898776 
869 260 32 43 0.021818938 
443 154 83 111 0.021449715 
67 147 45 61 0.021436611 
31 1242 45 54 0.02142386 
2 1233 24 34 0.02115362 
702 1082 66 60 0.020802133 
888 1017 48 61 0.02079831 
222 1015 10 12 0.020772368 
908 884 10 12 0.02071438 
889 739 24 35 0.02041226 
1000 921 12 15 0.020193728 
936 215 33 40 0.020173475 
67 1209 41 58 0.020003138 
