6_Funeral_Funeral_6_160
87
831 122 53 72 0.99922144 
871 246 66 95 0.9976803 
897 97 61 85 0.9973869 
781 209 49 72 0.9971187 
157 220 62 86 0.9959383 
202 177 67 92 0.9954295 
610 375 39 53 0.9925166 
363 304 45 59 0.99115974 
745 170 47 68 0.9903813 
719 157 36 49 0.98696935 
360 221 32 47 0.98608357 
24 223 65 110 0.9835841 
45 67 50 107 0.9480202 
275 196 44 68 0.8697891 
-1 143 53 116 0.67097926 
297 183 36 58 0.6707338 
176 200 68 94 0.64974487 
862 206 57 80 0.44454306 
120 475 87 62 0.3293315 
722 206 27 45 0.2409324 
90 189 47 58 0.15584666 
60 110 33 61 0.14466234 
142 182 29 33 0.13824572 
270 443 42 49 0.11269697 
501 465 18 20 0.09583488 
728 179 47 72 0.0851055 
895 225 61 84 0.078717805 
266 788 168 227 0.07390337 
997 88 24 60 0.07202393 
111 183 45 55 0.067146726 
66 212 60 87 0.06597467 
116 925 106 138 0.06452331 
549 278 33 40 0.061610684 
253 176 57 81 0.0613086 
130 179 50 57 0.061236195 
522 407 14 18 0.059026472 
14 90 59 120 0.05712608 
311 197 32 46 0.05686413 
6 173 66 130 0.05546373 
131 943 441 531 0.05105474 
381 1298 412 463 0.047401007 
264 208 37 55 0.047302287 
979 816 44 75 0.04282646 
326 351 29 41 0.041767314 
174 475 68 57 0.04036792 
322 232 27 42 0.040252373 
396 262 13 18 0.039808508 
290 1232 51 66 0.03785156 
981 106 41 81 0.033626195 
913 203 52 71 0.033092607 
264 459 36 42 0.03207678 
276 1218 97 119 0.030715136 
204 809 32 47 0.03050286 
288 245 29 35 0.030117987 
294 446 33 38 0.029514408 
43 182 55 77 0.029202873 
323 203 39 56 0.028592248 
536 235 14 17 0.02833374 
665 638 384 512 0.028287271 
388 254 22 31 0.026491273 
686 336 24 37 0.026071405 
1002 74 20 43 0.02591104 
84 437 92 102 0.024732843 
347 674 351 417 0.024635477 
997 183 28 44 0.023670819 
511 400 29 37 0.023630261 
134 175 27 30 0.02351092 
322 207 16 25 0.022591265 
335 214 39 57 0.02247807 
764 170 56 74 0.022430293 
162 191 16 20 0.022377718 
160 192 57 74 0.022193147 
184 243 43 57 0.022131244 
679 306 24 34 0.021957211 
298 1234 19 20 0.021850126 
146 196 20 25 0.02179325 
863 167 57 81 0.021589266 
139 191 19 22 0.021523364 
470 1162 110 128 0.021342004 
154 727 383 457 0.021203456 
560 261 36 42 0.021161119 
680 693 43 44 0.020856675 
261 174 30 42 0.020707378 
731 164 38 53 0.020695247 
437 400 122 143 0.020186992 
314 240 26 41 0.020092024 
728 216 34 53 0.02000203 
