6_Funeral_Funeral_6_572
33
499 339 30 38 0.9997054 
654 340 31 39 0.99948883 
610 300 34 42 0.99944955 
339 322 28 37 0.9994018 
795 291 32 40 0.99935013 
286 344 28 35 0.9992368 
553 295 31 38 0.999201 
415 343 31 35 0.9991559 
228 356 29 34 0.9991326 
546 352 30 38 0.9990889 
354 368 29 35 0.99886924 
738 315 33 42 0.99853134 
163 363 26 34 0.9980001 
396 537 12 15 0.09910174 
981 569 12 14 0.05489042 
1005 565 11 15 0.046556387 
917 566 8 10 0.043621205 
896 549 10 11 0.03679511 
912 520 10 12 0.036117993 
977 568 10 13 0.033070497 
879 598 10 12 0.029724289 
425 582 8 10 0.028804537 
796 567 12 15 0.0282759 
1014 570 9 13 0.027484655 
343 396 13 16 0.026993949 
1007 619 11 13 0.02603528 
958 568 8 10 0.025696319 
864 597 8 10 0.022902591 
988 566 10 13 0.022642186 
984 535 9 11 0.021330848 
200 288 394 475 0.021009032 
960 539 12 15 0.020609401 
470 508 15 18 0.020607816 
