6_Funeral_Funeral_6_676
51
731 36 30 40 0.99812764 
853 43 33 45 0.9927492 
501 253 30 41 0.98636913 
556 144 52 65 0.9846495 
608 254 54 72 0.975843 
549 218 34 41 0.89316124 
670 178 37 51 0.87671703 
308 258 28 33 0.7408567 
912 232 42 52 0.5912563 
652 49 28 37 0.37238738 
67 346 50 61 0.11821008 
435 150 64 66 0.08107889 
985 -2 34 37 0.077724904 
922 6 19 21 0.071430095 
132 119 411 460 0.069471985 
319 261 30 33 0.06519801 
930 0 18 19 0.063805364 
741 200 41 53 0.05206924 
596 253 92 113 0.051575027 
939 1 14 14 0.04477782 
4 -13 439 468 0.04313703 
842 145 70 76 0.041771572 
504 233 42 52 0.04109622 
943 188 25 30 0.040489122 
594 79 382 521 0.038093146 
706 154 24 34 0.036901787 
145 343 46 60 0.03579214 
876 1 25 26 0.03483066 
980 1 19 19 0.03257786 
325 293 16 18 0.031935144 
687 179 29 43 0.031769596 
947 3 13 15 0.031725876 
322 251 18 22 0.0302261 
465 181 16 17 0.026712812 
791 39 23 30 0.02659656 
697 171 27 39 0.026214883 
330 116 12 15 0.026025789 
330 298 13 17 0.024832048 
344 126 29 36 0.024742573 
132 276 246 238 0.023963595 
329 274 26 27 0.023264522 
-42 131 399 499 0.023240695 
321 126 56 53 0.023116384 
330 248 27 33 0.022455946 
110 330 13 15 0.021889567 
939 0 22 23 0.021245329 
248 294 10 12 0.021206368 
600 223 52 76 0.020804727 
711 137 29 44 0.020741273 
337 264 26 32 0.020067947 
627 258 67 71 0.020030199 
