6_Funeral_Funeral_6_140
78
81 90 61 85 0.9941811 
636 191 76 93 0.9483953 
499 216 57 65 0.9432186 
774 15 13 16 0.8354683 
881 48 21 27 0.71997225 
44 488 144 181 0.46723226 
701 536 21 27 0.4634807 
720 232 73 84 0.32858238 
765 38 24 32 0.30180293 
1013 44 9 14 0.2825217 
824 43 24 29 0.14737979 
437 48 382 458 0.104758084 
756 15 41 53 0.0924297 
751 105 190 268 0.08635959 
723 512 14 18 0.08086017 
859 199 48 58 0.072734825 
978 73 15 19 0.068330266 
238 127 45 53 0.06745785 
485 429 92 109 0.06164663 
715 476 12 14 0.055512324 
737 596 29 31 0.054173164 
848 1 32 24 0.05318541 
287 518 44 58 0.05204913 
934 80 22 30 0.041823488 
353 510 10 12 0.038254738 
856 205 33 37 0.037571944 
923 403 17 19 0.037316967 
675 214 88 103 0.03671774 
10 428 45 56 0.035296064 
531 445 12 15 0.034055658 
102 269 37 39 0.033851113 
571 69 55 62 0.033649463 
563 30 67 56 0.031918447 
244 118 35 39 0.031358495 
815 151 9 12 0.031314373 
430 511 8 10 0.030490806 
368 536 8 10 0.029512329 
816 173 116 153 0.029253256 
787 532 28 33 0.027649883 
985 72 16 18 0.027380537 
392 519 7 8 0.027289864 
729 597 11 15 0.026961207 
917 0 12 12 0.026830705 
669 597 12 15 0.026687881 
1012 95 12 19 0.026463931 
69 473 15 17 0.026045438 
309 502 8 9 0.026043292 
382 160 9 12 0.025912443 
812 555 13 17 0.025786893 
727 495 12 16 0.025603086 
400 521 8 8 0.025268484 
394 535 7 10 0.024957433 
540 103 47 56 0.02465 
329 480 8 9 0.024601309 
894 536 8 10 0.024236426 
717 555 12 14 0.024131903 
888 469 9 11 0.023781866 
885 2 16 19 0.023091199 
713 544 15 20 0.022391487 
332 533 31 43 0.022316212 
731 602 17 22 0.022275353 
134 280 65 64 0.022154387 
406 521 7 9 0.021686496 
383 542 8 10 0.021675643 
720 495 23 30 0.021658033 
807 555 12 17 0.02152174 
311 480 8 9 0.021308478 
318 531 12 15 0.0210862 
655 29 329 409 0.020977171 
496 117 199 275 0.020873867 
844 131 29 33 0.020761555 
576 48 62 62 0.020729456 
947 69 13 16 0.020645352 
932 91 29 35 0.020548118 
795 552 13 17 0.020463679 
797 530 15 19 0.020447724 
832 -2 51 44 0.0201944 
780 147 16 19 0.020053396 
