44_Aerobics_Aerobics_44_433
37
134 326 81 115 0.9987953 
657 266 79 109 0.9957908 
469 271 45 57 0.99567115 
168 200 24 41 0.99219716 
974 182 22 27 0.755712 
720 226 26 33 0.27955922 
973 158 11 14 0.10265939 
590 228 25 32 0.09821513 
984 149 12 14 0.096877545 
243 157 11 14 0.0892635 
1000 157 11 14 0.089082785 
140 224 25 33 0.06783586 
148 213 28 39 0.066853814 
807 85 8 11 0.063931525 
798 108 15 21 0.06003653 
974 151 11 13 0.05862919 
1003 152 17 20 0.055280983 
982 154 12 15 0.048007183 
802 208 33 40 0.047962546 
919 111 11 16 0.04090031 
988 153 12 16 0.040269207 
-1 0 42 56 0.03973424 
583 236 42 53 0.037935212 
797 183 15 17 0.03770754 
142 227 14 20 0.03659381 
699 223 53 68 0.032053176 
803 104 21 27 0.027672304 
239 149 14 17 0.026873643 
1013 226 12 17 0.026401289 
664 95 10 13 0.026362145 
727 44 9 11 0.02560849 
982 150 21 25 0.02207173 
594 178 13 16 0.021979967 
684 237 65 92 0.021912007 
549 443 16 17 0.021627134 
695 38 12 15 0.02004859 
761 143 9 11 0.020005276 
