44_Aerobics_Aerobics_44_216
64
727 64 24 35 0.9871895 
150 382 22 32 0.88456064 
794 79 15 19 0.877142 
338 252 29 37 0.8136849 
588 138 31 34 0.6527365 
235 392 13 16 0.60723877 
201 378 21 31 0.25942105 
581 135 24 34 0.2542278 
81 474 15 19 0.16143711 
753 16 101 90 0.1241079 
161 392 22 28 0.111139745 
836 18 17 21 0.105836004 
734 75 29 35 0.09277154 
827 21 27 38 0.091484345 
575 13 431 517 0.08950631 
165 398 26 30 0.07981995 
767 61 10 14 0.076834954 
388 208 474 447 0.06930045 
212 380 22 29 0.06674113 
227 411 12 17 0.060794484 
75 465 23 33 0.05771804 
325 340 14 14 0.056593664 
772 37 58 62 0.056366008 
717 54 43 54 0.055468302 
355 220 29 41 0.047552336 
333 239 25 43 0.047392428 
315 363 12 15 0.047335263 
727 60 15 24 0.046974514 
179 432 43 53 0.045999087 
232 396 23 30 0.04342089 
796 43 44 45 0.04248046 
345 243 42 43 0.037064776 
411 187 18 24 0.036706407 
759 64 23 30 0.035384517 
263 145 395 468 0.035316594 
566 165 22 31 0.031580515 
8 253 351 434 0.031558406 
218 392 15 20 0.029846223 
364 221 44 49 0.029672088 
0 337 19 28 0.028518703 
242 409 17 22 0.027435036 
792 65 26 29 0.02733285 
2 373 31 39 0.027073674 
365 242 45 47 0.0266812 
221 405 22 28 0.026520513 
195 367 23 33 0.026439458 
678 131 15 20 0.026276618 
256 358 30 34 0.026271844 
58 450 43 53 0.02571388 
241 394 12 16 0.025562404 
13 337 31 36 0.023726434 
373 204 33 38 0.023675349 
576 147 29 36 0.023341347 
400 192 29 33 0.023265427 
192 380 21 29 0.023009954 
177 427 27 37 0.022995217 
38 456 55 68 0.022922754 
170 410 28 35 0.022094758 
650 123 15 20 0.02166407 
196 363 17 22 0.021327663 
204 497 218 238 0.021150729 
323 332 25 29 0.020851575 
827 42 191 255 0.020529725 
235 415 17 21 0.020049723 
