44_Aerobics_Aerobics_44_332
131
427 305 29 35 0.9981341 
547 304 15 22 0.9836097 
748 305 15 20 0.9768571 
124 300 14 19 0.96348464 
180 306 22 26 0.9548558 
22 293 13 17 0.9380815 
75 300 10 13 0.91286135 
832 302 17 23 0.883501 
700 308 24 28 0.87485385 
986 303 14 16 0.8559088 
655 298 12 16 0.84448177 
393 299 16 21 0.82747394 
208 298 14 20 0.8143595 
533 285 12 15 0.80649376 
869 302 11 14 0.78136194 
300 306 11 14 0.69843173 
769 295 9 13 0.66192454 
238 290 16 19 0.6056735 
384 304 15 19 0.38023037 
49 310 9 11 0.29630452 
312 299 10 14 0.2880306 
36 335 10 12 0.28382814 
333 291 8 11 0.20733118 
670 302 11 13 0.13570233 
76 325 10 12 0.12032293 
644 326 10 14 0.116489165 
934 301 10 12 0.11326185 
940 323 12 16 0.11002791 
525 301 12 16 0.10419069 
329 289 9 12 0.10155401 
71 324 10 12 0.09651281 
232 290 14 18 0.093864605 
263 317 10 14 0.0930014 
933 296 9 11 0.07974519 
268 317 12 16 0.07613324 
648 295 10 13 0.07187913 
901 325 13 16 0.07145877 
565 361 12 16 0.06902478 
861 357 9 12 0.06792356 
274 344 9 11 0.06642802 
934 317 13 17 0.063812986 
66 323 10 12 0.062357906 
941 301 10 13 0.059866376 
866 294 10 12 0.058866613 
49 305 9 11 0.058621265 
-1 300 7 12 0.056722663 
535 306 14 18 0.054111823 
712 310 17 22 0.05351748 
47 313 12 16 0.053184275 
174 307 18 20 0.05282619 
314 293 12 14 0.049968027 
642 296 8 11 0.049927436 
928 318 11 15 0.048716463 
889 326 10 13 0.04616946 
646 319 11 14 0.04590337 
169 306 13 19 0.04497013 
675 302 10 14 0.04401544 
325 327 10 11 0.04234021 
488 334 23 30 0.042136796 
148 310 12 15 0.041221477 
538 290 13 17 0.04088534 
143 315 13 17 0.039144937 
192 299 18 26 0.039045673 
783 318 9 12 0.038965166 
930 300 9 11 0.038893975 
54 305 8 10 0.038635064 
297 262 9 11 0.038627632 
822 306 15 19 0.03816252 
700 300 19 24 0.035821386 
333 317 11 14 0.034981083 
780 349 13 17 0.034457147 
942 296 10 12 0.03441233 
947 324 11 15 0.03400983 
262 312 10 13 0.03368525 
754 302 11 16 0.033352084 
894 325 12 16 0.032996293 
862 287 9 12 0.032604314 
695 311 16 22 0.031998377 
88 323 9 12 0.031695027 
259 363 13 16 0.031495515 
527 291 13 16 0.031468373 
452 292 12 18 0.031129662 
994 326 14 17 0.030999992 
588 291 12 17 0.030723797 
769 372 10 13 0.03045236 
257 318 11 14 0.030428758 
48 322 10 12 0.030324679 
317 308 9 12 0.030067785 
946 389 9 12 0.029879926 
71 295 17 22 0.02948002 
343 316 10 15 0.029318707 
577 309 10 13 0.028690398 
88 310 9 12 0.028145654 
61 343 9 10 0.02766035 
585 286 10 13 0.027135702 
149 277 13 16 0.026927993 
284 286 10 12 0.02561849 
92 317 12 13 0.02553567 
103 310 11 15 0.025248041 
628 293 11 15 0.025202611 
775 318 10 12 0.025015242 
899 267 11 13 0.024933893 
349 315 12 17 0.024619767 
571 359 11 14 0.024590058 
774 324 9 12 0.02449482 
934 306 13 17 0.024460427 
767 290 16 21 0.024206998 
17 287 10 13 0.023954278 
710 292 24 31 0.023943476 
101 368 9 12 0.023881396 
93 311 10 13 0.02350481 
856 350 11 16 0.0233292 
958 356 10 14 0.023111377 
377 306 12 18 0.022887899 
255 322 11 15 0.022871157 
328 341 8 11 0.02271758 
838 298 13 17 0.02218193 
994 301 11 16 0.022168403 
518 294 11 17 0.022040166 
856 287 9 12 0.021676013 
72 304 11 14 0.021629615 
640 317 11 16 0.021383481 
318 286 11 14 0.021187779 
880 270 10 12 0.021056963 
693 301 14 19 0.0209981 
311 306 10 13 0.020964283 
947 299 11 16 0.020889968 
149 269 11 13 0.020886332 
781 340 11 16 0.020767288 
666 490 19 23 0.020609315 
270 358 11 14 0.020318624 
