45_Balloonist_Balloonist_45_518
75
434 357 61 69 0.9996376 
410 99 75 95 0.9990138 
627 182 51 62 0.99844605 
982 158 38 43 0.9975521 
500 77 83 97 0.9949414 
796 177 29 35 0.94853324 
228 27 47 64 0.9388805 
828 59 14 18 0.6856687 
436 85 79 91 0.5461031 
785 186 28 32 0.36670664 
1 42 43 58 0.36670664 
520 467 28 33 0.32552502 
241 50 54 61 0.268611 
47 181 70 101 0.188928 
797 170 47 52 0.109639935 
679 -16 186 217 0.09803478 
215 23 212 251 0.09803478 
383 82 28 29 0.07880669 
435 214 269 223 0.076092646 
779 155 13 13 0.074940585 
771 186 30 31 0.06655858 
398 32 34 25 0.06655857 
759 255 64 68 0.051466707 
366 85 34 27 0.051466707 
768 188 50 49 0.047198545 
849 22 136 164 0.045153897 
432 8 63 61 0.04326818 
397 14 55 48 0.04326818 
835 60 11 12 0.04229837 
281 5 225 214 0.04133061 
237 52 94 122 0.04133061 
506 476 34 35 0.039651502 
108 152 67 71 0.039651494 
365 27 64 45 0.039651494 
393 79 31 35 0.039651494 
34 31 175 193 0.03781825 
756 140 235 240 0.03781825 
62 58 53 61 0.036325652 
16 55 64 67 0.036325652 
545 23 68 52 0.036325645 
359 66 15 24 0.035808332 
863 146 103 145 0.034593605 
514 -29 228 230 0.034593593 
139 200 215 214 0.034593593 
874 157 73 78 0.033269096 
383 37 38 26 0.033269096 
787 274 34 27 0.033269096 
608 171 98 125 0.03163486 
774 153 25 23 0.030461604 
384 49 51 43 0.030461596 
72 160 119 133 0.028921604 
1 332 225 230 0.028921604 
207 17 55 67 0.027884193 
85 80 29 35 0.027884193 
813 383 58 59 0.027884193 
877 85 62 80 0.027884193 
459 24 52 57 0.027884185 
396 62 48 47 0.027884185 
102 179 15 15 0.027838783 
39 43 63 64 0.025519116 
817 350 61 61 0.025519116 
6 348 62 67 0.025519116 
208 23 82 97 0.024156325 
833 62 18 18 0.02351288 
819 84 71 83 0.023349825 
469 3 61 51 0.023349825 
375 74 26 26 0.023349825 
264 57 51 61 0.023349825 
360 78 26 27 0.021360898 
696 299 51 71 0.021360898 
208 257 203 201 0.020159906 
39 180 218 207 0.020159906 
496 306 186 207 0.0201599 
822 304 215 217 0.0201599 
352 68 97 120 0.0201599 
