45_Balloonist_Balloonist_45_939
30
396 84 188 239 0.9994417 
603 408 209 290 0.4310897 
668 503 132 170 0.3436022 
767 408 215 269 0.21508123 
330 153 218 261 0.1254451 
264 10 249 285 0.115646794 
356 245 249 285 0.09803478 
509 337 253 294 0.09015675 
490 188 232 250 0.08285364 
589 267 232 273 0.06984132 
575 -2 128 165 0.064067975 
603 359 130 160 0.064067975 
416 344 203 261 0.064067975 
782 500 130 153 0.064067975 
495 -25 197 246 0.064067975 
674 587 73 72 0.056098126 
741 534 104 119 0.053832818 
565 0 206 257 0.053832818 
887 40 57 67 0.051466707 
208 205 293 307 0.04931264 
105 153 249 265 0.04931264 
539 93 191 257 0.045153886 
39 243 253 261 0.03781825 
114 466 228 261 0.034593605 
470 286 197 246 0.02643471 
821 174 225 281 0.026434705 
452 521 55 70 0.023349825 
728 301 235 265 0.022069868 
584 153 64 76 0.021360898 
158 32 232 243 0.020159906 
