45_Balloonist_Balloonist_45_508
51
546 223 74 107 0.9998084 
716 365 75 100 0.99979013 
281 221 78 99 0.9996692 
478 271 60 82 0.9994287 
660 272 62 82 0.99931467 
439 530 132 180 0.7520595 
832 76 200 281 0.6769414 
436 509 67 57 0.5454055 
511 344 63 83 0.34582695 
673 55 71 70 0.2511021 
772 412 191 265 0.19988178 
298 462 39 43 0.09308393 
502 599 67 97 0.07880669 
746 52 215 246 0.064067975 
195 369 34 34 0.06111947 
460 562 61 109 0.06111947 
625 489 218 340 0.05874174 
424 443 206 325 0.05874174 
635 47 85 88 0.056098126 
299 572 75 109 0.056098126 
444 380 29 39 0.051466707 
704 218 228 302 0.04931264 
162 346 18 24 0.045951538 
522 430 246 350 0.045153897 
134 147 28 33 0.04326818 
212 319 15 20 0.04229837 
701 88 82 72 0.036325652 
181 363 62 57 0.036325652 
469 588 29 46 0.030461604 
327 38 65 82 0.030461596 
670 541 130 221 0.028921604 
398 71 31 37 0.027884193 
209 329 23 30 0.027884193 
258 467 183 261 0.026434705 
428 503 103 132 0.026434705 
195 322 15 20 0.02558696 
158 358 19 21 0.02558696 
488 539 136 194 0.024156325 
335 435 194 302 0.024156325 
781 110 132 144 0.024156325 
703 24 59 67 0.023349825 
193 335 47 62 0.023349825 
555 377 31 44 0.023349825 
192 518 222 307 0.022069868 
457 432 103 183 0.022069868 
210 309 14 18 0.021603195 
892 614 24 26 0.021603195 
837 162 76 88 0.021360904 
432 376 52 65 0.021360898 
708 58 35 37 0.021360898 
-80 432 253 361 0.0201599 
