38_Tennis_Tennis_38_240
53
729 158 175 235 0.99705744 
161 364 128 140 0.6563978 
854 280 158 174 0.43108967 
782 221 178 221 0.26558137 
570 36 218 280 0.24794048 
528 137 194 252 0.18550259 
326 497 114 153 0.12544508 
773 36 215 272 0.1065206 
632 373 257 284 0.09803478 
584 150 22 27 0.08567618 
210 391 83 81 0.07880669 
646 248 249 297 0.076092646 
702 190 34 43 0.072444364 
166 419 63 74 0.07244435 
627 168 25 35 0.06655858 
276 54 52 74 0.06655857 
665 198 24 32 0.06655857 
650 138 175 242 0.064067975 
768 395 126 122 0.058741733 
234 604 89 53 0.056098126 
233 211 67 83 0.056098126 
109 331 222 208 0.053832818 
649 100 67 78 0.04326818 
522 244 235 284 0.03781825 
175 563 112 114 0.03781825 
775 427 97 59 0.036325652 
1 555 80 104 0.033269096 
475 60 235 235 0.03163486 
781 440 175 242 0.028921604 
872 309 83 91 0.027884193 
384 32 58 83 0.027884185 
292 107 26 32 0.027884185 
709 316 261 182 0.02643471 
424 293 206 260 0.026434705 
225 429 225 224 0.026434705 
236 172 111 148 0.026434705 
191 256 123 150 0.026434705 
266 121 30 39 0.025519116 
263 272 200 238 0.024156325 
249 35 90 112 0.024156325 
507 345 116 167 0.024156325 
319 308 225 256 0.024156325 
617 85 123 188 0.024156325 
473 20 103 140 0.024156325 
832 481 104 150 0.024156325 
173 362 79 86 0.023349825 
482 31 29 41 0.023349825 
836 379 186 256 0.022069868 
101 2 6 7 0.021603195 
174 258 24 26 0.021360898 
672 188 43 57 0.021360898 
108 607 80 53 0.021360898 
659 12 57 67 0.021360898 
