38_Tennis_Tennis_38_497
50
608 939 155 453 0.95866936 
381 146 47 94 0.8712774 
683 632 249 655 0.69682413 
34 820 269 627 0.5 
783 565 212 591 0.4768992 
746 192 235 533 0.3647484 
418 150 29 72 0.23436876 
689 -45 239 525 0.2150812 
528 -61 239 533 0.2150812 
583 608 228 541 0.18550259 
521 639 23 63 0.1753677 
49 108 321 665 0.17193556 
733 871 246 557 0.15916686 
-45 388 228 582 0.15916684 
84 -35 232 565 0.14717786 
331 886 239 599 0.14717786 
448 8 212 549 0.115646794 
442 818 269 655 0.1065206 
575 652 20 61 0.10106142 
-15 603 178 591 0.09015675 
631 912 253 599 0.08285364 
606 22 265 627 0.06984133 
-43 5 265 541 0.06984133 
431 161 15 47 0.05879275 
388 273 126 287 0.05874174 
-22 911 212 617 0.05874174 
556 659 25 68 0.047198545 
515 623 40 102 0.04326818 
520 634 16 45 0.04229837 
385 1043 149 342 0.04133062 
-12 427 101 414 0.04133061 
320 712 265 488 0.03781825 
585 645 17 49 0.032933712 
-11 18 119 396 0.03163486 
196 18 151 385 0.03163486 
373 162 33 74 0.030461604 
422 748 91 162 0.030461596 
445 61 140 322 0.028921604 
518 684 55 106 0.027884193 
635 1056 92 228 0.027884193 
513 33 165 327 0.026434705 
128 723 73 123 0.025519116 
553 786 79 117 0.025519116 
632 -12 149 374 0.024156325 
231 1018 257 533 0.024156325 
547 665 20 53 0.02351288 
730 771 146 433 0.022069868 
548 681 29 72 0.021360898 
479 94 92 186 0.021360898 
533 670 28 73 0.021360898 
