38_Tennis_Tennis_38_323
46
305 84 97 159 0.9964618 
238 484 218 415 0.8745549 
25 99 215 433 0.73441863 
145 126 136 230 0.52310073 
394 -20 142 240 0.4085711 
360 517 180 380 0.3864298 
2 632 40 109 0.32552502 
645 580 235 347 0.2311026 
549 -22 138 230 0.2311026 
110 56 218 374 0.115646794 
382 -111 265 397 0.076092646 
142 479 222 453 0.06984133 
549 793 74 87 0.06655857 
5 2 59 138 0.06111947 
685 -6 86 118 0.056098126 
364 618 58 100 0.056098126 
37 31 64 105 0.056098126 
375 574 68 125 0.047198545 
419 533 235 385 0.045153886 
351 958 83 83 0.04326818 
221 183 29 42 0.04326818 
216 127 119 198 0.04133062 
112 11 123 223 0.04133061 
403 562 69 133 0.039651502 
51 105 58 133 0.039651502 
5 226 172 427 0.03781825 
602 385 25 51 0.036325652 
650 374 27 58 0.036325652 
541 620 242 353 0.034593593 
736 372 27 51 0.033269096 
70 111 75 145 0.030461596 
441 355 61 93 0.030461596 
773 106 225 421 0.028921604 
434 505 76 125 0.027884185 
496 440 46 95 0.027884185 
151 155 232 502 0.024156325 
437 235 194 385 0.024156325 
461 28 153 173 0.024156325 
60 -35 197 380 0.024156325 
512 -75 261 332 0.024156325 
358 644 37 64 0.023349825 
181 198 83 131 0.023349825 
659 364 29 58 0.023349825 
343 633 59 103 0.021360898 
75 53 61 93 0.021360898 
764 655 232 323 0.0201599 
