38_Tennis_Tennis_38_692
42
479 222 50 76 0.99870443 
227 344 43 62 0.9863452 
363 165 49 71 0.6941424 
775 496 18 25 0.56463194 
687 146 209 316 0.1254451 
818 423 146 197 0.12544508 
535 114 269 325 0.12544508 
305 307 218 281 0.115646794 
380 162 32 42 0.109639935 
572 -3 218 285 0.1065206 
454 162 12 16 0.102797605 
415 178 25 35 0.10106142 
212 352 257 316 0.09015675 
269 633 47 74 0.07880669 
659 357 123 238 0.076092646 
718 594 73 72 0.07244435 
780 390 222 330 0.05874174 
660 -14 246 316 0.053832814 
664 206 64 69 0.047198545 
871 203 109 183 0.04133062 
366 286 95 153 0.04133061 
834 226 100 177 0.03781825 
302 458 52 65 0.036325645 
240 457 140 167 0.034593593 
806 73 203 298 0.034593593 
388 177 52 72 0.033269096 
419 188 16 19 0.032933712 
393 176 32 44 0.030461604 
459 548 209 273 0.028921604 
65 113 228 277 0.028921604 
748 484 104 136 0.028921604 
5 391 239 316 0.028921604 
412 161 48 58 0.027884193 
921 457 83 137 0.027884193 
403 265 82 95 0.027884185 
254 79 63 71 0.025519116 
433 170 34 41 0.025519116 
801 462 98 134 0.022069868 
219 333 38 54 0.021360904 
447 216 83 117 0.0201599 
346 199 121 158 0.0201599 
347 147 81 114 0.0201599 
