38_Tennis_Tennis_38_420
21
642 47 49 73 0.9975521 
674 324 68 92 0.28687313 
-37 443 257 281 0.24794048 
222 53 28 34 0.08567618 
540 141 65 78 0.08567618 
376 74 25 38 0.033269096 
421 146 40 34 0.033269096 
773 226 36 36 0.033269096 
690 34 27 29 0.030461596 
884 61 32 34 0.030461596 
697 595 8 11 0.030282615 
137 141 28 31 0.027884193 
137 443 32 37 0.027884193 
100 105 27 31 0.025519116 
626 434 172 254 0.024156325 
682 458 239 246 0.024156325 
495 106 101 123 0.024156325 
687 297 93 134 0.022069868 
913 552 30 36 0.021360898 
767 30 34 40 0.021360898 
499 202 239 281 0.0201599 
