38_Tennis_Tennis_38_717
40
313 542 265 624 0.95866936 
547 602 206 547 0.9171464 
307 922 232 589 0.89347935 
632 574 222 563 0.88435316 
422 594 253 589 0.8001182 
223 480 232 624 0.7688974 
399 363 225 615 0.7688974 
842 536 90 290 0.47689918 
659 986 222 597 0.30317584 
272 700 222 615 0.30317584 
614 365 194 555 0.30317584 
148 388 222 624 0.2150812 
568 952 228 555 0.2150812 
499 326 246 672 0.076092646 
-22 568 203 555 0.06984133 
712 907 293 756 0.064067975 
968 1287 63 155 0.056098126 
147 974 249 589 0.053832818 
288 347 225 580 0.053832814 
-70 801 222 523 0.04931264 
408 975 209 539 0.045153886 
712 462 163 493 0.03781825 
784 529 106 351 0.034593605 
-8 881 107 419 0.03163486 
560 895 149 395 0.028921604 
684 18 257 589 0.028921604 
281 117 116 254 0.028921604 
782 581 253 682 0.028921604 
37 21 54 152 0.027884185 
362 236 4 11 0.027838783 
376 243 4 12 0.027838778 
501 1184 124 321 0.026434705 
378 244 4 12 0.02558696 
57 490 197 531 0.02415633 
-36 289 183 515 0.024156325 
358 252 4 11 0.02351288 
469 162 4 11 0.02351288 
477 1123 61 152 0.023349825 
371 206 4 12 0.021603195 
528 1297 89 169 0.021360898 
