30_Surgeons_Surgeons_30_115
25
315 278 63 79 0.9927834 
844 256 93 149 0.9891418 
474 318 67 69 0.986453 
200 278 53 62 0.972007 
571 202 60 66 0.9706537 
80 250 43 57 0.900727 
594 207 68 63 0.15494551 
164 170 56 74 0.09137443 
135 139 96 124 0.085256435 
916 279 98 137 0.052815463 
627 205 64 58 0.05241932 
99 262 33 38 0.047308777 
826 199 105 145 0.043345142 
221 268 53 72 0.042560805 
185 244 12 14 0.03761551 
625 233 46 48 0.033993818 
114 168 58 74 0.031763315 
128 187 30 44 0.03013584 
179 185 29 42 0.027478551 
499 37 357 488 0.025218198 
391 285 24 39 0.024315152 
96 134 93 126 0.023543734 
196 292 36 38 0.02287718 
112 271 20 24 0.020799436 
834 330 12 15 0.020080747 
