11_Meeting_Meeting_11_Meeting_Meeting_11_633
147
712 349 136 223 0.9994417 
194 437 138 213 0.998934 
470 192 183 291 0.99731666 
353 294 242 357 0.96540636 
725 432 253 414 0.52310073 
950 71 12 19 0.5216516 
85 478 246 352 0.4085711 
353 182 186 318 0.3864298 
556 213 194 322 0.3647484 
268 248 186 318 0.26558137 
390 504 218 322 0.24794048 
26 651 124 258 0.13594593 
62 256 225 337 0.1065206 
747 514 142 216 0.1065206 
524 69 134 171 0.09803478 
962 56 13 22 0.08787667 
71 368 6 9 0.08787667 
750 177 22 45 0.08567618 
212 203 27 42 0.07244435 
932 755 17 27 0.069149815 
962 355 6 10 0.0691498 
955 63 13 20 0.0691498 
89 753 79 63 0.06655858 
72 349 7 12 0.05879275 
1002 75 12 19 0.05879275 
69 423 6 10 0.054176662 
220 195 6 9 0.054176662 
973 452 5 9 0.054176662 
150 460 126 216 0.053832818 
953 368 25 36 0.051466707 
42 525 8 12 0.04990379 
1011 754 4 7 0.04990379 
469 14 232 295 0.04931264 
66 743 155 118 0.04931264 
680 114 27 66 0.047198545 
35 590 8 13 0.04595155 
921 2 8 11 0.04595155 
946 0 8 12 0.04595155 
948 330 51 81 0.04326818 
223 212 13 21 0.04229837 
1013 383 6 10 0.04229837 
946 17 7 10 0.04229837 
827 702 111 189 0.04133062 
367 57 114 145 0.04133061 
262 114 232 342 0.04133061 
602 374 215 322 0.04133061 
199 531 222 352 0.04133061 
986 343 27 42 0.039651494 
950 459 5 8 0.038923774 
936 574 6 9 0.038923774 
316 207 130 233 0.03781825 
217 192 6 8 0.035808332 
275 225 6 9 0.035808332 
697 677 22 26 0.035808332 
88 325 5 7 0.035808332 
995 822 6 10 0.035808332 
1000 585 5 8 0.035808332 
296 394 194 318 0.034593593 
281 291 126 176 0.034593593 
0 368 5 9 0.03293372 
915 19 8 12 0.03293372 
907 10 8 12 0.03293372 
958 153 6 12 0.032933712 
1014 389 7 12 0.032933712 
920 1 13 18 0.032933712 
980 69 7 12 0.032933712 
926 286 91 154 0.03163486 
596 702 75 137 0.030461604 
196 208 28 45 0.030461596 
227 209 28 43 0.030461596 
655 798 22 32 0.030282615 
274 253 5 8 0.030282615 
988 162 6 10 0.030282615 
980 427 5 9 0.030282615 
942 478 5 9 0.030282615 
35 510 8 12 0.030282615 
318 257 34 45 0.027884193 
189 192 47 74 0.027884185 
698 786 12 19 0.027838783 
944 733 11 16 0.027838783 
206 201 8 12 0.027838783 
1013 379 6 9 0.027838783 
929 12 7 12 0.027838783 
2 513 8 13 0.027838778 
958 382 14 19 0.027838778 
913 84 5 9 0.027838778 
435 590 134 207 0.026434705 
978 200 14 22 0.02558696 
271 250 6 10 0.02558696 
285 219 5 7 0.02558696 
943 130 6 9 0.02558696 
994 747 6 9 0.02558696 
974 65 8 14 0.02558696 
401 52 5 8 0.02558696 
951 614 5 8 0.02558696 
958 469 5 7 0.02558696 
961 69 8 15 0.02558696 
1007 392 6 8 0.02558696 
209 186 4 7 0.02558696 
962 350 11 18 0.02558696 
161 317 25 36 0.025519116 
969 310 54 79 0.025519116 
290 545 222 374 0.02415633 
2 403 6 13 0.02351288 
97 339 5 7 0.02351288 
969 58 9 15 0.02351288 
941 112 13 21 0.02351288 
936 605 6 10 0.02351288 
715 820 20 26 0.02351288 
38 290 7 11 0.02351288 
937 524 7 10 0.02351288 
89 380 6 10 0.02351288 
214 244 5 8 0.02351288 
204 201 6 10 0.02351288 
1006 574 6 10 0.02351288 
155 306 24 37 0.023349825 
757 97 32 45 0.023349825 
155 294 53 73 0.023349825 
187 289 67 84 0.023349825 
539 508 215 291 0.022069868 
580 556 117 192 0.022069868 
181 320 206 299 0.022069868 
91 263 130 181 0.022069868 
696 57 101 159 0.022069868 
205 191 5 8 0.021603195 
1 420 6 11 0.021603195 
949 731 6 10 0.021603195 
105 341 5 7 0.021603195 
166 317 6 10 0.021603195 
204 196 5 9 0.021603195 
403 52 6 8 0.021603195 
959 55 8 14 0.021603195 
945 75 10 15 0.021603195 
1008 170 14 28 0.021603195 
964 433 4 7 0.021603195 
994 724 6 9 0.021603195 
39 523 12 21 0.021603195 
973 449 5 7 0.021603195 
964 438 4 7 0.021603195 
952 342 26 39 0.021360904 
990 315 31 45 0.021360904 
229 226 29 42 0.021360898 
984 124 19 33 0.021360898 
745 158 39 70 0.021360898 
670 817 24 36 0.021360898 
974 347 27 45 0.021360898 
211 207 52 74 0.021360898 
