11_Meeting_Meeting_11_Meeting_Meeting_11_339
88
278 140 31 46 0.9991779 
458 122 24 33 0.9973194 
616 123 27 43 0.9964803 
887 247 85 122 0.9964618 
163 149 40 52 0.99204755 
670 145 38 57 0.98751885 
721 185 30 63 0.9850627 
139 213 28 49 0.82463235 
101 224 37 48 0.61190087 
324 256 212 253 0.59142894 
774 265 70 57 0.5900683 
117 215 40 53 0.38809907 
440 340 203 288 0.3436022 
963 0 54 69 0.30585763 
39 201 26 46 0.28687313 
276 330 242 288 0.28400344 
153 348 281 371 0.18550259 
633 279 32 44 0.1753677 
25 140 14 21 0.1293704 
87 -6 63 64 0.12872262 
53 292 215 256 0.12544508 
694 154 38 58 0.109639935 
416 310 128 167 0.1065206 
715 166 31 55 0.10106142 
431 223 21 26 0.09308393 
61 172 32 41 0.08567618 
452 264 163 242 0.08285364 
445 147 12 15 0.0691498 
439 139 209 276 0.064067975 
12 197 46 60 0.06111947 
127 339 134 157 0.05874174 
582 409 14 17 0.054176662 
68 431 239 288 0.053832818 
87 -11 97 117 0.053832818 
780 554 85 80 0.051466707 
684 36 30 39 0.047198545 
50 183 43 59 0.047198545 
808 500 69 55 0.047198545 
52 212 16 30 0.045951538 
-6 360 39 63 0.04326818 
666 541 75 83 0.04326818 
751 24 124 174 0.04133062 
823 245 80 106 0.04133062 
118 348 212 242 0.03781825 
476 379 123 188 0.03781825 
738 7 68 79 0.036325652 
429 209 8 10 0.035808332 
526 236 13 15 0.035808332 
530 240 8 8 0.035808332 
397 209 7 8 0.035808332 
441 226 111 193 0.034593593 
32 192 25 37 0.033269096 
75 177 43 60 0.033269096 
90 196 43 59 0.033269096 
509 224 186 268 0.03163486 
955 539 69 87 0.030461596 
350 254 112 191 0.028921604 
753 42 209 288 0.028921604 
454 -5 225 315 0.028921604 
140 384 78 90 0.027884185 
432 212 8 11 0.027838783 
428 210 15 20 0.027838778 
509 413 261 218 0.026434705 
635 133 18 23 0.02558696 
630 237 8 9 0.02558696 
37 195 13 23 0.02558696 
513 255 4 5 0.02558696 
798 217 58 78 0.025519116 
936 492 73 106 0.025519116 
613 550 146 104 0.024156325 
41 206 101 104 0.024156325 
396 365 162 188 0.024156325 
728 334 18 21 0.02351288 
558 312 12 15 0.02351288 
376 339 9 11 0.02351288 
869 22 80 104 0.023349825 
795 510 63 71 0.023349825 
706 190 32 48 0.023349825 
780 190 24 35 0.023349825 
5 215 29 41 0.023349825 
731 -3 107 130 0.022069868 
525 240 6 7 0.021603195 
936 312 7 9 0.021603195 
964 212 62 72 0.021360904 
476 167 25 30 0.021360898 
435 207 21 28 0.021360898 
267 274 24 31 0.021360898 
798 579 116 121 0.0201599 
