11_Meeting_Meeting_11_Meeting_Meeting_11_189
232
807 141 34 63 0.98957527 
19 362 9 11 0.9881053 
194 385 29 37 0.97665024 
64 365 19 24 0.9577016 
97 381 18 27 0.9458233 
327 379 11 15 0.92505944 
254 365 9 11 0.88008106 
160 372 14 16 0.87062967 
424 368 13 15 0.86055124 
374 357 7 9 0.7217721 
398 392 13 20 0.7217721 
336 366 9 11 0.66669756 
761 247 183 269 0.65639776 
497 362 8 10 0.56463194 
107 366 9 11 0.5432222 
418 358 7 9 0.5 
33 358 9 10 0.5 
139 364 6 8 0.43536806 
375 388 215 265 0.3864298 
709 21 215 285 0.30317584 
288 350 7 10 0.27822798 
453 419 68 82 0.2511021 
216 359 5 6 0.24479094 
274 374 12 14 0.22912638 
73 356 7 8 0.19995552 
46 359 8 9 0.19995552 
305 392 7 8 0.19995552 
257 360 7 8 0.1864517 
0 364 12 17 0.17366186 
423 23 218 281 0.17193556 
394 363 8 10 0.16157512 
294 353 7 10 0.15017675 
179 24 130 130 0.14717786 
127 394 8 9 0.1293704 
462 393 12 15 0.1293704 
448 426 128 140 0.1254451 
364 418 13 18 0.11991897 
23 352 7 9 0.102797605 
111 365 7 9 0.102797605 
440 453 59 73 0.10106142 
393 366 11 15 0.09507551 
389 393 16 20 0.09507551 
383 395 14 19 0.09507551 
271 375 7 9 0.09507551 
332 47 228 277 0.09015675 
300 354 6 7 0.08787667 
146 455 32 45 0.08567616 
53 381 8 11 0.08117401 
6 378 8 9 0.08117401 
170 345 5 7 0.074940585 
159 369 9 12 0.074940585 
223 63 235 307 0.06984133 
797 233 109 178 0.06984132 
-1 369 7 13 0.069149815 
72 358 12 16 0.069149815 
230 362 4 6 0.06377564 
297 404 10 14 0.06377564 
147 370 6 8 0.06377564 
397 373 7 9 0.06377564 
141 469 31 48 0.06111947 
444 468 35 48 0.06111947 
408 373 9 10 0.05879275 
172 346 6 8 0.05879275 
419 360 11 14 0.05879275 
5 364 9 13 0.05879275 
156 371 8 10 0.05879275 
458 426 32 44 0.056098126 
143 368 7 9 0.054176662 
236 358 5 5 0.054176662 
31 345 8 10 0.054176662 
402 433 26 31 0.051466707 
466 385 8 9 0.04990379 
166 360 8 9 0.04990379 
179 366 5 7 0.04990379 
230 365 5 6 0.04990379 
391 361 7 9 0.049903784 
155 349 8 9 0.049903784 
626 15 203 273 0.04931264 
222 371 6 7 0.04595155 
164 343 5 7 0.04595155 
5 370 9 12 0.045951538 
226 355 4 4 0.04229837 
225 361 5 6 0.04229837 
422 425 6 7 0.04229837 
283 375 7 10 0.04229837 
420 368 9 11 0.04229837 
288 339 5 6 0.04229837 
238 365 5 6 0.04229837 
155 345 7 9 0.04229837 
160 417 218 265 0.04133061 
548 270 200 289 0.04133061 
-62 50 222 285 0.04133061 
804 156 51 68 0.039651494 
56 378 9 12 0.038923774 
448 395 14 16 0.038923774 
169 357 6 8 0.038923774 
288 345 6 8 0.038923774 
500 366 7 9 0.038923774 
136 394 6 8 0.038923774 
402 388 12 19 0.038923774 
152 372 6 8 0.038923774 
162 340 6 6 0.038923774 
750 309 114 180 0.03781825 
537 -8 203 285 0.03781825 
269 511 23 27 0.036325645 
274 483 51 60 0.036325645 
285 348 7 10 0.035808332 
4 380 7 9 0.035808332 
59 372 16 21 0.035808332 
258 392 12 15 0.035808332 
408 425 7 9 0.035808332 
486 416 5 7 0.035808332 
296 351 11 13 0.035808332 
308 393 6 8 0.035808332 
27 354 11 13 0.035808332 
382 398 9 12 0.035808332 
437 367 7 9 0.035808332 
1 360 10 12 0.035808332 
514 369 7 9 0.035808332 
548 383 6 8 0.035808332 
218 360 6 8 0.035808332 
159 -20 203 239 0.034593605 
768 -38 218 281 0.034593593 
493 357 5 7 0.032933712 
238 369 6 8 0.032933712 
263 364 6 9 0.032933712 
466 389 9 10 0.032933712 
404 373 11 14 0.032933712 
28 347 8 9 0.032933712 
289 365 6 8 0.032933712 
391 393 8 12 0.032933712 
593 304 134 165 0.03163486 
245 486 29 37 0.030461604 
92 371 8 10 0.030282615 
262 361 6 8 0.030282615 
245 366 6 8 0.030282615 
304 396 8 10 0.030282615 
413 359 6 9 0.030282615 
234 375 5 7 0.030282615 
120 418 12 18 0.030282615 
328 386 15 21 0.030282615 
37 374 14 16 0.030282615 
263 518 13 18 0.030282615 
241 366 7 8 0.030282615 
844 310 228 285 0.028921604 
450 440 35 46 0.027884185 
276 383 8 10 0.027838783 
18 402 9 10 0.027838783 
104 414 7 11 0.027838783 
442 387 7 8 0.027838783 
237 361 5 6 0.027838783 
234 362 5 6 0.027838783 
9 380 8 10 0.027838783 
410 438 14 20 0.027838783 
391 385 15 21 0.027838778 
480 379 6 8 0.027838778 
548 379 5 6 0.027838778 
251 357 6 7 0.027838778 
32 371 13 15 0.027838778 
160 354 8 10 0.02558696 
254 358 8 8 0.02558696 
370 390 6 8 0.02558696 
227 395 7 8 0.02558696 
229 357 4 5 0.02558696 
197 374 6 8 0.02558696 
237 373 6 8 0.02558696 
433 480 15 20 0.02558696 
173 356 5 7 0.02558696 
170 342 5 6 0.02558696 
32 376 7 9 0.02558696 
268 373 7 10 0.02558696 
154 452 22 27 0.02558696 
76 366 13 19 0.02558696 
207 384 16 24 0.02558696 
215 362 7 9 0.02558696 
117 365 6 8 0.02558696 
106 362 7 9 0.02558696 
136 367 8 9 0.02558696 
39 357 10 13 0.02558696 
125 397 12 17 0.02558696 
314 381 7 10 0.02558696 
129 463 54 76 0.025519116 
263 491 138 153 0.024156325 
317 381 8 12 0.02351288 
27 385 7 9 0.02351288 
287 373 7 10 0.02351288 
471 416 7 9 0.02351288 
400 397 17 22 0.02351288 
332 397 8 11 0.02351288 
172 373 6 8 0.02351288 
395 393 9 12 0.02351288 
105 382 14 21 0.02351288 
445 392 13 15 0.02351288 
285 354 7 9 0.02351288 
263 522 7 10 0.02351288 
428 384 9 10 0.02351288 
3 376 8 10 0.02351288 
258 390 8 11 0.02351288 
380 387 14 22 0.02351288 
398 390 9 12 0.02351288 
395 410 46 53 0.023349825 
401 419 28 33 0.023349825 
277 499 29 35 0.023349825 
266 520 7 10 0.0216032 
144 371 7 9 0.021603195 
518 365 6 7 0.021603195 
81 388 13 18 0.021603195 
286 337 4 6 0.021603195 
523 374 5 6 0.021603195 
324 382 8 12 0.021603195 
380 380 12 18 0.021603195 
229 368 6 8 0.021603195 
332 377 8 11 0.021603195 
258 443 18 19 0.021603195 
170 351 6 8 0.021603195 
99 410 13 19 0.021603195 
220 357 5 6 0.021603195 
281 352 6 10 0.021603195 
497 358 6 7 0.021603195 
163 352 6 8 0.021603195 
164 347 6 8 0.021603195 
335 357 6 7 0.021603195 
353 440 8 10 0.021603195 
504 384 8 9 0.021603195 
370 395 6 7 0.021603195 
439 388 13 16 0.021603195 
330 395 13 19 0.021603195 
212 390 13 20 0.021603195 
468 412 13 17 0.021603195 
496 414 8 9 0.021603195 
403 421 13 15 0.021603195 
71 3 212 215 0.0201599 
