11_Meeting_Meeting_11_Meeting_Meeting_11_529
92
665 454 73 96 0.9996031 
842 406 79 94 0.9994784 
826 314 53 73 0.99931467 
9 309 54 74 0.9990996 
538 350 63 80 0.99844605 
633 282 49 64 0.99844605 
66 231 32 37 0.9975521 
13 249 48 63 0.99678564 
353 391 49 74 0.993937 
457 281 46 57 0.99129593 
174 305 41 52 0.99129593 
421 124 36 44 0.98046196 
729 295 27 35 0.9667309 
409 43 212 289 0.864054 
586 87 235 321 0.4310897 
801 134 197 289 0.3436022 
676 38 242 345 0.3436022 
7 268 57 85 0.30585763 
79 245 124 172 0.30317584 
96 1 242 345 0.28400344 
130 300 186 246 0.28400344 
269 45 225 289 0.2840034 
776 288 26 35 0.268611 
300 43 73 97 0.21842523 
526 272 39 68 0.188928 
44 197 212 285 0.115646794 
56 426 111 140 0.115646794 
614 -15 194 269 0.08285364 
244 433 73 108 0.07880669 
202 128 222 277 0.076092646 
231 310 30 42 0.07244435 
566 35 112 165 0.06984133 
928 531 86 165 0.06984133 
5 16 222 316 0.06984133 
516 5 225 298 0.06984132 
272 384 25 34 0.06655858 
520 282 28 51 0.06655858 
282 289 25 33 0.06655858 
249 381 51 60 0.06111947 
49 38 56 64 0.06111947 
539 265 24 39 0.06111947 
669 21 112 153 0.05874174 
117 297 61 85 0.056098126 
222 300 52 74 0.056098126 
280 31 112 175 0.053832818 
121 434 235 281 0.053832814 
508 553 95 140 0.053832814 
350 418 65 85 0.051466707 
687 38 71 78 0.051466707 
521 467 21 34 0.051466707 
211 1 200 277 0.04931264 
54 358 194 246 0.04931264 
148 178 188 257 0.04931264 
433 120 44 59 0.047198545 
146 337 31 37 0.047198545 
370 310 54 60 0.047198545 
542 265 13 24 0.045951538 
494 275 41 60 0.039651502 
150 319 50 60 0.039651502 
453 541 58 64 0.039651494 
501 558 61 85 0.036325645 
151 297 15 20 0.035808332 
341 358 86 106 0.034593605 
479 505 175 222 0.034593605 
219 231 132 170 0.034593593 
762 282 46 60 0.033269096 
820 414 67 79 0.033269096 
856 215 123 175 0.03163486 
793 -12 235 340 0.03163486 
214 304 27 37 0.030461604 
677 282 28 39 0.030461604 
230 295 30 34 0.030461596 
125 284 33 36 0.027884185 
41 603 68 79 0.027884185 
145 275 123 178 0.02643471 
275 428 71 92 0.025519116 
511 460 50 67 0.025519116 
29 566 64 57 0.025519116 
320 403 47 66 0.025519116 
826 315 90 117 0.024156325 
50 298 23 23 0.02351288 
474 547 55 73 0.023349825 
763 294 28 37 0.023349825 
223 285 29 35 0.023349825 
356 453 39 49 0.023349825 
18 286 94 107 0.022069868 
229 289 12 17 0.021603195 
216 275 53 67 0.021360904 
239 398 63 74 0.021360898 
532 254 46 67 0.021360898 
433 26 138 197 0.0201599 
856 480 170 215 0.0201599 
