11_Meeting_Meeting_11_Meeting_Meeting_11_468
65
578 233 38 46 0.9977647 
166 173 51 87 0.99614596 
843 120 51 95 0.993937 
294 230 45 66 0.9933628 
-1 399 249 284 0.8408331 
778 324 203 249 0.26558137 
103 464 212 238 0.24794048 
262 450 175 253 0.2311026 
264 327 24 35 0.2032784 
539 156 232 301 0.18550259 
349 346 285 329 0.14717786 
794 360 114 148 0.14717786 
683 532 30 46 0.13928533 
491 460 194 253 0.090156734 
34 277 101 191 0.08285364 
701 354 212 297 0.08285364 
840 405 172 268 0.06984132 
156 503 123 155 0.06984132 
763 1 218 256 0.064067975 
958 543 10 13 0.06377564 
684 526 65 76 0.06111947 
412 436 132 155 0.05874174 
33 228 232 280 0.05874174 
541 426 36 41 0.056098126 
287 337 55 69 0.051466707 
50 289 67 106 0.051466707 
464 444 69 74 0.051466707 
937 470 89 174 0.04931264 
309 329 62 80 0.047198545 
104 0 15 17 0.04595155 
689 482 117 167 0.045153897 
636 42 235 297 0.045153886 
531 409 58 65 0.04326818 
727 367 51 57 0.04326818 
784 378 62 65 0.039651494 
623 382 218 221 0.03781825 
141 167 93 124 0.03781825 
910 93 100 150 0.03781825 
338 454 46 65 0.033269096 
141 176 27 42 0.033269096 
270 333 49 65 0.033269096 
247 319 235 272 0.03163486 
146 170 48 72 0.030461604 
942 125 26 49 0.030461596 
521 359 30 34 0.030461596 
302 178 212 256 0.028921604 
529 -2 239 260 0.028921604 
808 402 67 80 0.027884193 
508 420 59 61 0.027884185 
624 470 197 256 0.026434705 
489 380 121 142 0.026434705 
851 414 79 94 0.025519116 
701 569 74 84 0.025519116 
68 504 61 75 0.025519116 
488 453 31 36 0.025519116 
827 586 126 115 0.024156325 
529 358 20 20 0.02351288 
641 337 61 52 0.023349825 
644 358 136 157 0.022069868 
112 4 8 11 0.021603195 
846 83 68 97 0.021360898 
828 39 107 160 0.0201599 
757 405 138 155 0.0201599 
869 114 89 126 0.0201599 
150 260 249 276 0.0201599 
