11_Meeting_Meeting_11_Meeting_Meeting_11_663
136
241 218 51 66 0.99952376 
57 509 17 19 0.99080336 
130 480 12 17 0.99080336 
38 506 12 15 0.98462796 
100 478 12 17 0.97441304 
127 293 242 276 0.9621817 
30 525 12 17 0.90492445 
80 509 11 13 0.8384248 
1 536 13 17 0.7388364 
80 480 11 15 0.5858033 
439 -36 242 268 0.52310073 
13 116 222 272 0.4085711 
20 283 242 306 0.3864298 
507 144 209 231 0.32305852 
0 504 7 9 0.29596066 
481 355 269 280 0.26558137 
110 497 16 16 0.24479094 
996 268 7 8 0.24479094 
15 512 9 10 0.2141799 
959 338 7 8 0.19995552 
1010 267 7 8 0.19995552 
570 293 235 285 0.17193554 
330 1 285 276 0.15916686 
660 45 222 264 0.15916686 
663 351 265 289 0.14717786 
926 346 12 13 0.1293704 
943 346 8 9 0.1293704 
973 271 7 8 0.1293704 
234 294 191 225 0.1065206 
145 -17 228 249 0.09803478 
51 495 9 10 0.09507551 
216 -40 273 320 0.09015675 
57 479 7 9 0.08787667 
399 130 242 272 0.08285364 
987 266 7 8 0.08117401 
100 510 16 18 0.07494057 
217 352 28 25 0.07244435 
934 346 13 14 0.0691498 
913 465 25 30 0.06655858 
1006 266 8 9 0.06377564 
923 336 7 8 0.05879275 
886 324 5 6 0.05879275 
869 309 5 6 0.05879275 
65 487 13 14 0.05879275 
61 479 6 7 0.05879275 
754 104 302 320 0.05874174 
85 508 13 16 0.054176662 
54 498 12 13 0.04990379 
80 478 8 9 0.049903784 
780 340 218 264 0.04931264 
966 281 20 25 0.047198545 
139 183 7 9 0.04229837 
13 513 13 17 0.04229837 
925 353 7 9 0.04229837 
51 483 10 10 0.04229837 
546 -2 146 165 0.04133062 
131 478 21 24 0.039651502 
994 291 12 16 0.038923774 
925 348 8 9 0.038923774 
55 502 13 15 0.038923774 
109 516 7 8 0.038923774 
986 264 12 13 0.038923774 
908 331 6 6 0.038923774 
591 26 197 246 0.03781825 
265 364 289 285 0.03781825 
37 488 9 10 0.035808332 
5 512 12 14 0.035808332 
190 182 7 8 0.035808332 
128 517 11 17 0.035808332 
978 271 6 7 0.035808332 
0 483 5 6 0.035808332 
2 491 13 15 0.035808332 
920 338 7 8 0.035808332 
265 105 307 325 0.034593605 
114 309 116 160 0.034593593 
998 263 13 14 0.03293372 
5 489 7 8 0.032933712 
91 511 7 9 0.032933712 
29 481 7 8 0.030282615 
191 180 6 7 0.030282615 
105 503 14 19 0.030282615 
940 347 15 15 0.030282615 
10 514 10 11 0.030282615 
0 510 11 15 0.030282615 
61 503 14 17 0.030282615 
1005 279 7 9 0.030282615 
148 53 6 6 0.030282615 
914 342 8 9 0.030282615 
49 488 12 13 0.030282615 
229 355 29 29 0.027884193 
984 268 7 8 0.027838783 
105 516 12 15 0.027838783 
8 495 12 13 0.027838783 
958 352 6 7 0.027838783 
139 54 6 7 0.027838783 
964 294 13 16 0.027838783 
921 334 5 6 0.027838783 
868 342 8 9 0.027838778 
59 494 15 17 0.027838778 
966 297 7 9 0.027838778 
931 276 8 10 0.027838778 
440 257 257 293 0.02643471 
55 13 257 306 0.026434705 
1 501 8 9 0.02558696 
971 286 6 9 0.02558696 
72 482 13 15 0.02558696 
11 485 15 16 0.02558696 
987 338 12 14 0.02558696 
104 516 9 9 0.02558696 
923 474 16 18 0.02558696 
7 499 7 8 0.02351288 
194 180 6 7 0.02351288 
13 497 8 9 0.02351288 
991 265 7 8 0.02351288 
974 354 8 8 0.02351288 
106 535 9 10 0.02351288 
981 268 6 7 0.02351288 
947 347 8 9 0.02351288 
916 332 6 7 0.02351288 
923 343 8 9 0.02351288 
880 332 7 7 0.02351288 
2 485 8 8 0.02351288 
955 349 6 7 0.02351288 
817 401 126 153 0.022069868 
414 48 149 185 0.022069868 
55 494 8 9 0.021603195 
136 483 9 12 0.021603195 
966 344 6 6 0.021603195 
967 347 6 6 0.021603195 
913 350 11 13 0.021603195 
54 476 5 6 0.021603195 
211 184 12 12 0.021603195 
193 54 5 6 0.021603195 
975 286 7 11 0.021603195 
1007 268 13 17 0.021603195 
784 21 6 8 0.021603195 
