11_Meeting_Meeting_11_Meeting_Meeting_11_639
108
719 46 59 79 0.9990996 
911 104 74 92 0.99844605 
551 59 73 92 0.9979589 
313 78 79 104 0.99614596 
52 121 100 96 0.9943938 
416 411 225 217 0.65639776 
114 396 178 196 0.4768992 
864 1 7 8 0.45677772 
436 281 215 214 0.2150812 
81 -30 191 214 0.2150812 
492 331 123 100 0.18550259 
792 357 212 244 0.17193554 
977 37 6 6 0.16157512 
974 11 8 8 0.15017675 
966 13 6 7 0.15017675 
955 40 5 6 0.1293704 
762 399 14 16 0.12937039 
744 173 91 120 0.115646794 
269 379 69 44 0.109639935 
997 25 8 10 0.10279763 
781 28 5 5 0.102797605 
315 49 69 86 0.10106142 
957 15 6 7 0.09507551 
712 340 209 227 0.09015675 
-10 490 116 115 0.09015675 
947 36 5 5 0.08787667 
366 98 212 217 0.08285364 
174 367 183 196 0.08285364 
34 116 56 71 0.07880669 
952 63 6 7 0.07494057 
261 330 27 30 0.06655858 
23 108 40 65 0.06655857 
344 367 49 61 0.06655857 
955 61 6 7 0.06377564 
18 296 57 64 0.06111947 
815 193 68 95 0.06111947 
962 43 5 6 0.05879275 
958 41 6 6 0.054176662 
-38 465 175 196 0.053832818 
796 27 4 4 0.04990379 
721 15 253 287 0.04931264 
262 382 41 28 0.047198545 
132 442 95 115 0.047198545 
75 19 6 6 0.04595155 
994 44 7 8 0.04595155 
919 28 7 7 0.045951538 
759 252 197 230 0.04133062 
751 436 46 45 0.036325652 
573 168 26 32 0.036325652 
19 133 25 40 0.036325652 
963 9 6 7 0.035808332 
906 0 8 7 0.035808332 
608 76 239 244 0.034593593 
42 439 194 223 0.034593593 
509 382 209 263 0.034593593 
104 340 80 86 0.033269096 
912 67 7 7 0.032933712 
157 17 6 7 0.032933712 
4 68 80 122 0.03163486 
260 313 53 57 0.030461604 
170 17 4 4 0.030282615 
4 13 7 7 0.030282615 
939 48 7 8 0.030282615 
156 4 128 139 0.028921604 
255 337 57 56 0.027884193 
120 393 49 51 0.027884185 
962 6 6 6 0.027838783 
0 24 4 6 0.027838783 
992 7 5 5 0.027838783 
913 41 7 8 0.027838783 
956 58 5 6 0.027838783 
741 304 8 8 0.027838778 
951 65 6 7 0.027838778 
753 395 114 143 0.026434705 
14 130 97 105 0.026434705 
207 355 89 122 0.026434705 
1010 0 13 13 0.02558696 
36 21 6 7 0.02558696 
853 1 13 15 0.02558696 
909 9 7 7 0.02558696 
907 5 8 7 0.02558696 
126 264 61 59 0.025519116 
0 153 50 54 0.025519116 
329 51 41 40 0.025519116 
824 279 112 159 0.024156325 
963 14 6 7 0.02351288 
2 12 12 13 0.02351288 
855 1 7 8 0.02351288 
922 28 6 6 0.02351288 
88 20 4 4 0.02351288 
40 -1 18 14 0.02351288 
134 25 6 7 0.02351288 
746 307 26 27 0.023349825 
19 261 101 111 0.022069868 
268 342 101 99 0.022069868 
873 56 14 16 0.021603195 
801 8 6 6 0.021603195 
966 56 7 7 0.021603195 
0 0 5 5 0.021603195 
964 8 10 11 0.021603195 
990 6 5 5 0.021603195 
851 0 6 6 0.021603195 
852 1 6 7 0.021603195 
42 25 5 5 0.021603195 
697 297 23 26 0.021360898 
244 396 57 72 0.021360898 
247 377 61 55 0.021360898 
-29 214 188 187 0.020159906 
