29_Students_Schoolkids_Students_Schoolkids_29_21
78
464 157 103 127 0.99991536 
741 197 126 171 0.9998714 
317 94 54 72 0.9992556 
616 58 51 66 0.9982736 
945 62 57 68 0.99729913 
209 106 52 64 0.99700385 
76 143 64 85 0.99614835 
880 13 36 48 0.99413353 
769 62 54 70 0.9933595 
11 71 27 35 0.99327254 
454 60 44 57 0.9903902 
73 61 36 46 0.98877585 
437 33 32 43 0.9838127 
729 34 36 50 0.98257774 
583 14 26 34 0.9823407 
112 53 40 51 0.9809926 
157 82 44 62 0.98010546 
992 29 31 44 0.9790551 
469 24 25 30 0.9734501 
926 36 40 52 0.9697305 
580 50 35 50 0.94694394 
406 51 24 32 0.9409325 
506 48 30 37 0.93720037 
664 27 27 39 0.92825574 
808 22 29 34 0.9264562 
518 95 52 64 0.5468993 
593 49 45 62 0.29322055 
370 76 32 43 0.26550612 
455 29 29 32 0.2629309 
736 23 31 41 0.25644782 
704 523 26 36 0.2521814 
149 65 27 33 0.14933003 
540 105 48 65 0.14282231 
1 119 13 20 0.14220409 
897 90 35 52 0.11733217 
493 52 33 46 0.09313649 
133 73 43 55 0.08276131 
427 43 26 35 0.08272198 
385 79 26 36 0.07892379 
501 63 44 60 0.06978501 
448 36 42 54 0.06942886 
48 158 48 69 0.06861289 
438 0 27 27 0.055016737 
57 125 48 70 0.04936751 
981 37 43 60 0.048450276 
788 -1 30 28 0.043069784 
998 101 27 40 0.04301487 
882 94 34 54 0.041968677 
541 79 46 60 0.041508652 
569 63 39 58 0.039543886 
478 67 49 61 0.0338821 
802 -1 21 15 0.033600643 
749 118 49 62 0.03174092 
745 17 21 25 0.02958528 
438 11 28 32 0.029513763 
874 -1 29 29 0.028907748 
423 64 27 41 0.028605886 
509 86 46 51 0.028046645 
609 120 34 45 0.026775267 
940 33 37 42 0.026367145 
581 29 31 43 0.026061216 
844 137 43 59 0.02554196 
656 57 35 53 0.024870342 
180 89 33 45 0.024690973 
741 104 43 53 0.024523731 
623 390 49 80 0.023789883 
627 280 94 113 0.023772381 
483 0 18 15 0.022877233 
970 224 48 67 0.022236962 
905 97 44 60 0.022145472 
416 78 30 39 0.022076938 
71 173 33 53 0.021222202 
787 33 47 56 0.020908752 
674 46 30 49 0.020797044 
696 50 26 35 0.020465346 
442 1 17 14 0.020343114 
914 75 41 59 0.020336788 
246 0 53 67 0.020175446 
