29_Students_Schoolkids_Students_Schoolkids_29_494
128
786 127 30 38 0.9971226 
294 320 58 69 0.99419266 
354 246 48 53 0.9930796 
717 129 29 46 0.98745245 
282 27 44 52 0.97626126 
464 157 29 33 0.97591406 
542 148 25 31 0.95816267 
438 161 23 27 0.91585 
352 159 22 33 0.8709092 
383 167 33 36 0.8671057 
863 139 28 33 0.7221822 
908 141 26 27 0.6887771 
826 135 19 23 0.6865695 
653 137 26 37 0.49280787 
610 194 28 45 0.48099077 
670 152 34 34 0.36709052 
286 571 53 47 0.31032062 
530 204 18 23 0.27584803 
551 246 26 30 0.18251778 
549 158 22 32 0.16659267 
893 137 14 24 0.16503495 
674 240 34 40 0.16239482 
804 131 29 32 0.16133952 
529 141 23 30 0.14949818 
41 146 84 102 0.13815321 
369 171 52 56 0.13486923 
510 161 14 18 0.13313955 
406 158 27 36 0.12843512 
881 133 21 30 0.12671505 
896 134 21 29 0.12366207 
471 244 32 37 0.121444464 
761 121 26 38 0.12007616 
682 128 42 47 0.10181349 
183 627 57 77 0.094456755 
480 272 29 35 0.0920895 
688 344 61 73 0.088668086 
616 137 21 31 0.08053118 
200 341 52 66 0.07734958 
387 292 37 53 0.07511118 
583 200 38 48 0.0735673 
565 170 24 29 0.07352602 
622 148 23 29 0.07036168 
1 366 36 67 0.06880058 
523 144 16 23 0.068319194 
642 133 23 32 0.056793246 
261 296 42 55 0.055545952 
526 305 13 15 0.054703753 
557 166 22 31 0.050252683 
507 639 38 34 0.048697334 
386 198 43 52 0.04548367 
667 129 38 42 0.045410194 
428 162 18 24 0.045227945 
914 130 23 30 0.044713646 
53 126 65 78 0.04397622 
661 167 41 50 0.043075606 
92 422 46 53 0.04273639 
249 218 31 38 0.040825676 
586 249 28 36 0.039900344 
705 113 56 59 0.039425425 
617 204 35 40 0.038663656 
828 499 15 20 0.038298782 
183 329 45 62 0.03793643 
567 240 38 41 0.037929907 
440 151 34 43 0.03741145 
467 252 20 27 0.0373431 
421 165 17 25 0.036483835 
357 150 44 54 0.03603594 
883 218 13 14 0.035479512 
431 195 13 17 0.035440184 
513 151 20 27 0.034520946 
769 126 36 46 0.03436093 
598 136 24 29 0.031949 
547 241 19 27 0.031366523 
508 174 17 21 0.03131449 
164 303 47 61 0.03113387 
491 163 14 20 0.030901618 
362 391 33 41 0.030561816 
884 204 49 57 0.029969664 
594 184 15 21 0.029710105 
575 215 40 47 0.029069202 
555 151 27 33 0.028881162 
278 564 42 39 0.028087456 
606 202 15 25 0.027979208 
860 143 21 22 0.027952764 
912 152 26 29 0.027497634 
816 138 28 31 0.02742528 
667 222 32 47 0.026509305 
629 133 24 30 0.026381453 
567 155 26 34 0.026353238 
462 165 18 23 0.026332963 
228 673 11 14 0.02623266 
588 209 16 20 0.025391553 
677 183 31 35 0.025188353 
579 165 28 32 0.025180105 
318 231 392 479 0.024981584 
221 349 55 67 0.024778577 
486 245 30 35 0.02477851 
526 159 13 18 0.024757361 
173 310 28 38 0.024674939 
156 587 97 136 0.02456417 
905 119 29 33 0.023532484 
409 153 18 25 0.02348031 
642 129 16 22 0.023163674 
64 89 95 155 0.0231628 
518 201 13 17 0.02249222 
352 202 57 67 0.022415856 
572 175 28 30 0.022413325 
603 263 16 21 0.022248168 
541 225 31 38 0.02218143 
874 129 17 24 0.022043519 
506 282 27 32 0.022031827 
615 133 14 20 0.02183045 
462 237 28 36 0.021724068 
532 154 15 21 0.021545017 
677 190 18 22 0.021469418 
522 153 21 30 0.021424325 
542 141 16 23 0.02141564 
681 115 37 40 0.02139391 
386 247 26 36 0.02136365 
511 294 27 28 0.021087624 
498 152 21 30 0.020938728 
737 143 31 36 0.020764884 
570 182 17 21 0.0206069 
800 78 8 11 0.020533983 
651 144 40 46 0.020410221 
80 134 57 88 0.020326888 
474 144 27 36 0.0202982 
888 124 24 34 0.020172134 
