4_Dancing_Dancing_4_41
85
130 376 15 20 0.9910025 
601 113 48 61 0.98247164 
21 402 21 25 0.95372725 
58 363 14 18 0.9208343 
229 370 13 17 0.88912576 
198 395 14 17 0.81986856 
257 389 14 17 0.77732265 
38 381 17 23 0.7526639 
175 370 15 20 0.7056412 
546 103 40 68 0.6666223 
96 400 21 27 0.560143 
150 399 17 21 0.4960253 
103 353 14 17 0.3367545 
474 96 45 67 0.19929591 
212 445 12 15 0.19242561 
202 390 13 16 0.17637351 
557 93 27 50 0.16303012 
476 125 32 52 0.14269778 
143 343 10 13 0.12639433 
526 111 36 58 0.114898704 
109 373 12 16 0.10727451 
533 82 45 59 0.09485486 
174 341 11 13 0.07862032 
309 323 10 13 0.07464091 
222 391 15 18 0.06934943 
228 388 13 18 0.06743729 
180 395 10 14 0.066519514 
231 440 10 13 0.056875654 
133 401 12 16 0.05584278 
87 402 15 17 0.05329117 
312 361 10 14 0.05274658 
191 331 10 12 0.052246958 
116 371 12 17 0.04696683 
120 397 13 16 0.0457669 
187 414 12 14 0.04370078 
98 437 17 22 0.04358728 
651 103 17 22 0.042043645 
218 443 13 16 0.041856915 
118 451 12 17 0.04126891 
85 409 14 18 0.041099954 
148 388 16 18 0.040646985 
235 390 11 14 0.038008038 
79 421 13 15 0.037642628 
305 378 8 9 0.03667364 
204 383 11 14 0.035523597 
105 377 12 16 0.034311395 
346 267 15 19 0.034286503 
614 112 70 68 0.0336334 
4 421 12 16 0.03254397 
-4 -14 455 479 0.032104954 
142 481 17 22 0.031773385 
36 375 16 18 0.030052263 
242 418 16 19 0.028088668 
47 408 15 21 0.027848193 
215 390 12 15 0.027018689 
491 76 53 62 0.026903506 
67 370 13 17 0.026539072 
89 312 8 11 0.026402643 
83 358 12 16 0.025916783 
210 139 14 17 0.025643414 
511 71 55 55 0.02560258 
576 196 42 55 0.02512248 
668 122 40 41 0.024972301 
816 538 37 32 0.024934236 
5 427 13 15 0.024261465 
42 391 13 17 0.024246033 
519 136 41 60 0.024074119 
260 445 14 14 0.02404391 
339 374 15 15 0.023824567 
108 362 12 16 0.023536494 
565 115 32 52 0.023395287 
453 275 54 60 0.022983076 
620 146 38 46 0.02285899 
358 165 34 34 0.02278105 
197 326 9 12 0.022645647 
198 426 13 18 0.022048853 
150 317 9 13 0.021949863 
142 401 13 18 0.02150783 
219 426 13 17 0.02133256 
602 105 28 46 0.020973394 
566 195 25 43 0.020853197 
58 386 15 18 0.020680558 
53 385 13 17 0.020277014 
146 346 11 14 0.020160936 
232 420 11 15 0.020091305 
