4_Dancing_Dancing_4_228
21
445 115 42 55 0.996908 
848 39 46 62 0.9930583 
611 101 43 55 0.96202433 
274 158 39 53 0.93814474 
575 145 26 42 0.17330468 
805 93 11 14 0.060271543 
569 363 47 65 0.04364092 
779 93 11 14 0.03771326 
799 94 13 15 0.03454417 
802 141 41 61 0.03290966 
792 93 10 13 0.030566672 
1000 175 11 14 0.027861608 
646 113 25 35 0.02683906 
551 115 12 14 0.026420293 
1006 174 12 14 0.026049014 
320 463 9 11 0.023623297 
1013 173 11 16 0.023534246 
821 161 16 22 0.023393676 
171 313 46 50 0.02269362 
811 92 11 15 0.020393336 
324 189 343 435 0.020030282 
