4_Dancing_Dancing_4_769
19
404 126 41 58 0.9886734 
462 234 43 55 0.98130465 
910 151 23 33 0.9769782 
799 178 26 34 0.81933755 
123 66 16 22 0.19148195 
0 52 9 13 0.061942406 
1002 177 23 42 0.04051355 
379 270 458 421 0.037954096 
59 119 11 14 0.035220135 
450 304 27 34 0.029867224 
520 253 42 52 0.029712526 
842 372 12 16 0.027670149 
77 25 15 18 0.02761827 
762 538 68 61 0.027327672 
886 283 27 36 0.026706802 
80 148 11 13 0.026617337 
177 46 23 35 0.02556129 
6 29 10 13 0.021192614 
643 342 43 57 0.020689834 
