26_Soldier_Drilling_Soldiers_Drilling_26_85
82
59 352 30 41 0.99964046 
598 397 31 34 0.99862885 
217 360 28 33 0.996872 
-1 598 30 52 0.9901416 
385 381 10 13 0.90608126 
232 636 24 38 0.30259722 
383 619 31 38 0.30208978 
189 419 10 13 0.1520408 
487 1064 42 36 0.09807663 
246 395 12 15 0.094576225 
489 416 9 12 0.09200663 
329 384 7 10 0.09006898 
327 389 8 9 0.08418395 
264 423 13 15 0.081873305 
69 457 26 28 0.076096244 
862 817 38 48 0.070644416 
362 406 9 12 0.06978613 
264 647 29 33 0.06640735 
436 1043 23 30 0.06350374 
275 636 22 38 0.05881857 
240 411 11 15 0.058598075 
452 1193 65 49 0.053044945 
792 15 177 267 0.048223276 
238 396 17 20 0.0480582 
370 392 7 10 0.044026174 
765 333 21 29 0.04321825 
263 405 10 13 0.043115195 
364 609 43 49 0.04196961 
374 397 10 12 0.041810762 
248 436 11 13 0.041786138 
221 639 26 41 0.03981673 
493 415 7 10 0.03928061 
382 375 17 22 0.039054573 
226 402 15 20 0.037135594 
335 389 8 11 0.03675294 
480 408 6 8 0.034752127 
6 1100 59 68 0.03366392 
252 401 13 17 0.033497434 
322 390 8 10 0.033127457 
598 622 31 39 0.032885656 
907 800 25 32 0.031937618 
382 621 52 56 0.031721 
372 591 32 39 0.030934587 
417 392 7 9 0.030791868 
184 429 10 11 0.029710844 
859 438 12 15 0.029636735 
332 383 9 12 0.029321987 
312 411 10 15 0.029145014 
351 393 7 9 0.029012742 
268 432 12 15 0.02841321 
401 398 8 10 0.027667286 
182 438 10 12 0.027607419 
985 891 39 44 0.027142728 
427 1194 52 49 0.026356606 
479 431 7 10 0.026330244 
408 406 8 10 0.026281022 
405 1031 413 490 0.025071416 
194 406 9 11 0.024628397 
351 397 7 10 0.0245899 
388 385 10 13 0.024476921 
936 771 93 129 0.024095947 
142 561 204 244 0.023887048 
374 390 9 12 0.0236202 
261 727 42 42 0.02350448 
489 391 7 10 0.023315791 
431 390 7 9 0.023190744 
399 391 8 11 0.023028169 
343 392 8 9 0.02254495 
449 425 7 9 0.02242155 
263 411 10 12 0.022383831 
-1 1084 45 64 0.022316149 
627 301 12 15 0.021720087 
473 408 7 9 0.021503149 
368 397 8 11 0.021307588 
381 397 10 12 0.021247907 
241 649 36 33 0.02120814 
571 667 27 28 0.020962015 
806 367 11 14 0.020919122 
226 417 14 16 0.020723348 
687 328 19 28 0.020580754 
254 803 40 46 0.020531278 
861 431 10 12 0.020520527 
