26_Soldier_Drilling_Soldiers_Drilling_26_236
26
600 175 110 112 0.99904114 
476 203 43 75 0.9881691 
980 238 41 59 0.964213 
366 376 90 77 0.94674903 
704 137 88 135 0.34480855 
550 235 28 37 0.25865573 
536 220 39 61 0.15586366 
659 147 100 141 0.10648825 
51 672 198 287 0.09595022 
0 422 48 69 0.052663896 
163 292 12 16 0.049236204 
520 209 36 65 0.034210388 
510 395 108 165 0.030610725 
186 365 32 30 0.029750919 
8 7 8 12 0.026416382 
588 85 123 140 0.02627152 
440 713 111 135 0.02433122 
115 612 462 496 0.02395356 
764 820 100 125 0.02356164 
550 248 17 21 0.022212796 
-22 331 186 248 0.02153955 
5 23 7 9 0.021250064 
328 386 69 79 0.020879157 
385 405 51 43 0.020786194 
446 355 51 64 0.020710126 
467 351 46 59 0.020346226 
