26_Soldier_Drilling_Soldiers_Drilling_26_204
375
371 260 26 31 0.9621227 
438 197 24 29 0.95672417 
451 140 17 23 0.9126482 
599 119 11 14 0.6107433 
893 356 15 21 0.5547281 
902 176 14 18 0.54833996 
943 171 12 17 0.5433289 
500 106 13 15 0.53657883 
954 275 16 23 0.5266002 
712 122 13 18 0.49700898 
912 117 11 13 0.42306828 
867 314 30 37 0.41727346 
810 371 14 17 0.36928898 
659 112 13 16 0.34617215 
1014 125 8 14 0.34015837 
987 162 12 16 0.32309842 
941 115 10 13 0.32021353 
705 226 17 22 0.31133026 
904 207 16 21 0.30536968 
994 189 12 15 0.29910204 
685 172 14 19 0.29082027 
835 189 24 28 0.290431 
893 271 16 21 0.27724874 
805 217 25 30 0.2690285 
1003 242 14 19 0.26305673 
733 305 15 17 0.24275582 
621 157 12 17 0.24028733 
742 109 13 17 0.23721345 
949 335 17 23 0.23552223 
989 122 11 14 0.23437102 
860 283 27 29 0.23290907 
967 211 10 15 0.22582655 
667 240 17 23 0.2133796 
194 80 9 12 0.21256304 
730 132 13 16 0.20794244 
923 230 17 21 0.20331663 
691 169 16 19 0.1993823 
844 282 14 19 0.19297367 
730 324 14 18 0.18992436 
637 168 13 17 0.18909752 
946 258 15 21 0.18546458 
676 171 14 19 0.1815059 
772 271 13 19 0.17836186 
984 204 16 18 0.17726086 
583 86 10 12 0.17547554 
477 135 12 16 0.16680482 
1009 179 12 15 0.16651288 
987 211 15 17 0.16612074 
774 310 21 26 0.16102543 
852 278 21 27 0.15458786 
969 198 11 13 0.14664343 
649 167 9 13 0.14589499 
858 123 10 13 0.14507364 
966 117 8 12 0.13939737 
887 150 11 15 0.13853551 
734 275 14 17 0.13646546 
628 78 9 11 0.1346156 
700 193 13 17 0.12633947 
976 112 9 12 0.12442793 
970 149 14 17 0.12433261 
853 325 26 30 0.12340936 
849 191 14 20 0.12147674 
823 303 24 30 0.11861242 
835 136 13 15 0.11603822 
686 208 14 19 0.11373348 
985 124 11 13 0.10779377 
822 137 12 15 0.105339445 
973 127 11 13 0.103871085 
927 111 9 11 0.103025526 
996 212 13 18 0.102664694 
715 127 14 19 0.10095767 
240 70 7 10 0.10016197 
1011 301 14 23 0.09431377 
923 215 21 27 0.09264022 
651 178 14 18 0.08739579 
861 119 11 14 0.086027354 
937 116 9 12 0.085809454 
672 96 9 10 0.0846193 
701 93 9 12 0.084549055 
896 198 20 28 0.08409602 
678 138 13 17 0.08390814 
732 313 16 20 0.08279632 
910 206 20 27 0.081550345 
842 331 23 29 0.08054063 
793 216 23 33 0.07817932 
983 158 12 16 0.07798849 
947 166 14 18 0.07769283 
984 118 11 13 0.07526669 
948 117 10 12 0.07465029 
732 91 9 12 0.0738038 
895 128 8 10 0.071297124 
946 175 14 17 0.070405126 
631 170 13 17 0.06965086 
752 307 11 15 0.06953698 
796 270 14 20 0.06936642 
894 185 19 26 0.06890353 
782 213 22 31 0.06884528 
853 180 12 18 0.068514675 
583 155 12 16 0.06842263 
670 170 14 18 0.06825553 
662 123 11 16 0.06690003 
648 83 10 12 0.066468306 
826 131 21 25 0.06582307 
881 148 11 15 0.06570026 
606 107 11 15 0.06448966 
734 108 12 16 0.06429374 
575 101 10 13 0.06399913 
699 164 15 19 0.062995374 
711 180 12 17 0.06298488 
836 339 22 29 0.06286232 
712 279 11 14 0.059750624 
650 170 13 18 0.059504785 
862 297 30 38 0.058922064 
723 166 18 21 0.058834568 
695 189 14 17 0.05875163 
667 115 12 15 0.05823235 
961 118 11 13 0.0580261 
685 123 12 14 0.057801846 
861 178 15 21 0.056671284 
770 109 16 19 0.05645698 
1011 148 11 15 0.05597578 
640 188 12 15 0.055206127 
702 112 9 13 0.05513375 
867 172 13 16 0.05416926 
645 186 13 16 0.05401807 
650 146 14 18 0.0539523 
988 195 16 18 0.053149257 
797 404 17 20 0.053110372 
727 301 13 16 0.052581612 
677 292 13 16 0.051250286 
588 86 9 13 0.05045354 
741 285 13 15 0.050093897 
895 117 9 11 0.04996975 
786 313 16 21 0.04918986 
830 296 23 31 0.048324093 
831 312 23 33 0.04729657 
579 83 10 13 0.04726809 
689 95 9 11 0.047119007 
790 218 36 49 0.04673331 
867 277 16 21 0.046724405 
845 134 10 14 0.046613492 
833 175 27 33 0.04629443 
750 133 14 17 0.045892157 
678 126 11 14 0.045448408 
971 204 14 18 0.045300312 
623 170 12 16 0.04471858 
695 95 10 12 0.04369935 
843 164 14 18 0.04345399 
896 131 9 12 0.043350883 
995 204 14 18 0.043017816 
878 133 9 11 0.042669702 
677 95 8 10 0.04241657 
741 391 15 20 0.042339206 
831 110 10 12 0.042302735 
493 80 9 11 0.041940525 
645 121 12 15 0.041847464 
380 263 31 32 0.041678578 
595 117 11 14 0.041485105 
915 405 18 19 0.041195255 
995 183 12 14 0.041111175 
704 88 8 10 0.040667456 
934 134 11 14 0.040654697 
854 132 11 13 0.0405166 
942 189 13 16 0.040035132 
917 111 11 13 0.03988713 
837 164 23 29 0.039777007 
836 286 22 29 0.03927441 
670 124 11 15 0.039066117 
660 170 14 19 0.03896312 
954 259 15 22 0.038865715 
888 111 8 11 0.038848568 
677 209 16 20 0.03879907 
616 160 13 17 0.03861233 
758 161 20 35 0.037780564 
894 256 23 32 0.03773663 
615 191 10 13 0.03772283 
649 158 9 13 0.037699446 
798 307 14 18 0.037601024 
704 188 19 27 0.037361223 
852 172 12 18 0.037169773 
772 263 22 32 0.03711178 
717 169 16 21 0.036808044 
583 140 15 18 0.036805615 
746 382 22 29 0.036730137 
980 111 9 12 0.036627226 
699 252 15 20 0.036400456 
753 98 22 28 0.036331452 
817 139 11 15 0.036318626 
948 342 25 31 0.036282506 
721 125 20 24 0.035881344 
1003 210 15 19 0.035871737 
683 132 14 17 0.03574908 
780 226 22 32 0.03524361 
766 313 16 19 0.035227776 
683 248 16 22 0.035188843 
830 115 10 12 0.034918707 
715 185 15 18 0.034715503 
939 202 15 18 0.03460022 
222 115 11 14 0.034525596 
820 298 17 22 0.034396634 
696 110 10 13 0.03427537 
612 148 14 17 0.03420181 
637 120 11 13 0.034062687 
866 95 8 11 0.033894982 
864 113 9 11 0.03378818 
829 192 19 22 0.03345773 
855 139 9 12 0.033282623 
694 195 21 28 0.03327069 
691 123 12 14 0.033135522 
1006 142 13 15 0.03304777 
919 382 36 43 0.033039663 
666 95 8 11 0.033018004 
895 110 9 12 0.03299514 
886 144 11 14 0.03285222 
648 142 12 15 0.032759435 
675 247 14 20 0.03234336 
844 297 13 20 0.03228834 
461 136 19 25 0.032039024 
924 204 15 19 0.0315659 
621 138 13 15 0.031333666 
629 277 11 13 0.031244503 
633 120 10 12 0.031025412 
969 113 9 13 0.030977774 
747 292 11 13 0.030938562 
587 134 13 16 0.03082769 
886 133 10 12 0.030537127 
569 120 9 12 0.030416396 
692 249 14 20 0.030244628 
613 142 12 15 0.030145843 
1007 130 12 15 0.030012405 
887 95 9 10 0.029968483 
688 321 14 19 0.029566571 
779 178 25 29 0.029223178 
695 207 22 28 0.029190844 
705 122 12 16 0.029104954 
912 150 9 12 0.02906802 
894 103 10 11 0.028931238 
884 273 24 30 0.028813448 
873 132 9 12 0.028761744 
844 178 15 20 0.028592361 
638 158 11 15 0.02857614 
968 126 10 12 0.028493032 
456 146 18 24 0.02833825 
995 124 11 13 0.02816785 
786 264 23 30 0.028119875 
901 132 10 12 0.028095627 
927 134 9 13 0.02797415 
968 159 19 25 0.027863441 
911 156 9 10 0.027605768 
897 351 22 29 0.027432326 
887 102 9 11 0.027344517 
707 171 13 19 0.027321031 
749 314 12 17 0.027251564 
754 379 23 28 0.027222274 
822 160 12 15 0.027101621 
702 112 20 24 0.027052574 
794 313 15 20 0.027021695 
851 163 14 18 0.027017117 
936 124 11 12 0.02696391 
485 101 9 13 0.02677323 
846 325 15 23 0.026642835 
970 139 16 19 0.02663876 
684 290 12 16 0.026634272 
485 108 10 12 0.02656684 
981 214 16 18 0.026445312 
672 88 8 10 0.02643814 
366 181 15 18 0.026395274 
854 153 14 16 0.026328495 
846 157 21 29 0.02630724 
664 226 24 33 0.026292793 
729 106 12 16 0.02621546 
898 245 25 31 0.02618448 
703 210 24 31 0.026112303 
599 112 11 15 0.026067251 
931 203 15 19 0.02605225 
743 106 21 26 0.025887486 
839 266 25 33 0.025681945 
880 143 10 14 0.025678817 
870 126 9 13 0.025602514 
593 123 12 14 0.025379186 
710 110 10 14 0.025199788 
764 171 22 30 0.025077203 
580 61 98 123 0.024490548 
655 104 9 11 0.024464969 
1005 377 15 17 0.024461897 
691 141 12 15 0.024415847 
483 135 11 15 0.024387317 
487 68 9 11 0.024183817 
651 77 10 13 0.024181306 
840 405 24 24 0.024156667 
861 153 13 17 0.02415601 
882 147 20 24 0.024122737 
867 156 11 14 0.024036298 
639 77 11 13 0.023995917 
604 172 12 14 0.023953604 
938 373 25 32 0.02388102 
624 81 11 14 0.023856627 
965 244 11 16 0.023809304 
728 277 11 14 0.023806011 
922 301 24 28 0.023765676 
889 116 8 10 0.023746267 
803 237 29 36 0.023497807 
579 36 12 15 0.023316707 
606 163 13 16 0.023295948 
756 311 14 19 0.023265589 
694 116 11 14 0.02317673 
630 187 11 15 0.023137506 
727 86 12 15 0.023088757 
968 194 19 23 0.023067545 
948 320 22 32 0.02303463 
917 215 16 23 0.02291139 
1011 228 12 18 0.022863694 
643 257 15 19 0.02280006 
929 115 9 12 0.022730296 
1002 281 22 32 0.0226665 
746 185 24 32 0.022617947 
852 297 14 19 0.022580065 
722 327 22 28 0.0225124 
690 89 7 9 0.022496413 
848 297 26 34 0.022478256 
884 344 24 31 0.022333164 
646 108 11 14 0.022305334 
513 62 10 12 0.022254104 
867 117 10 14 0.022234507 
973 241 16 20 0.022233274 
876 172 12 16 0.022118788 
686 199 12 14 0.022109006 
855 117 18 24 0.02208156 
719 325 12 17 0.02207173 
933 195 14 16 0.021997675 
901 168 14 16 0.021974668 
606 154 14 18 0.0219679 
654 229 24 29 0.021829702 
944 266 21 30 0.021802943 
961 147 12 16 0.021785978 
927 229 24 28 0.02175467 
574 125 9 12 0.021752512 
393 256 26 34 0.021686617 
815 307 23 33 0.021686066 
826 163 15 19 0.021596001 
813 147 11 13 0.02155228 
489 65 9 11 0.021396197 
885 194 24 32 0.02136993 
851 145 22 27 0.021342598 
717 91 10 13 0.021291742 
780 240 27 37 0.021153104 
648 151 20 24 0.021143254 
919 224 15 23 0.021139555 
611 102 14 16 0.021094944 
912 143 8 11 0.021020269 
814 297 15 20 0.02082548 
694 174 19 24 0.020812904 
926 197 12 16 0.020740483 
999 134 11 13 0.020738864 
692 290 13 17 0.020674547 
846 311 26 33 0.020647692 
248 63 9 10 0.020600272 
1004 227 15 18 0.020578902 
984 228 23 30 0.020534784 
679 120 21 24 0.020508187 
772 257 16 21 0.020481765 
677 101 9 11 0.020463152 
597 83 12 15 0.020427449 
886 358 25 32 0.02039631 
191 91 11 13 0.020278985 
835 394 42 42 0.020206941 
905 182 15 19 0.02020555 
953 170 14 17 0.020204036 
655 121 13 18 0.020140816 
899 166 26 29 0.020111553 
714 192 16 21 0.020094844 
621 164 21 27 0.02005409 
736 129 21 24 0.02003307 
716 82 12 15 0.020014413 
1009 236 14 20 0.020000344 
