26_Soldier_Drilling_Soldiers_Drilling_26_619
99
460 213 30 39 0.99471277 
816 245 25 26 0.9757981 
648 444 54 63 0.5566281 
212 151 14 18 0.34840578 
766 298 25 27 0.3161905 
677 315 14 19 0.2948333 
375 247 26 31 0.25270286 
114 252 22 26 0.20451157 
755 306 27 29 0.20015553 
132 253 16 21 0.19586529 
56 241 24 28 0.18826248 
893 373 15 18 0.16864322 
67 242 15 21 0.13753425 
363 241 42 53 0.11610962 
5 230 22 33 0.088548645 
190 409 11 12 0.08600156 
982 101 14 16 0.07333569 
718 362 10 14 0.066607684 
260 512 10 12 0.06454777 
289 496 8 10 0.062306877 
564 102 14 17 0.05818971 
636 241 12 15 0.053671684 
755 300 19 20 0.050660603 
864 310 10 11 0.04755566 
296 496 8 11 0.04638645 
937 358 19 21 0.044743195 
724 352 24 31 0.043489385 
110 250 15 20 0.042838484 
411 335 18 22 0.04129552 
116 247 15 18 0.040681764 
999 89 12 17 0.040228203 
170 127 24 29 0.039839294 
239 505 9 10 0.03869387 
831 249 18 20 0.03844802 
775 382 24 31 0.038152456 
750 315 28 35 0.03770229 
599 149 14 16 0.037525054 
505 31 11 14 0.037174225 
708 245 13 17 0.036847908 
301 500 8 9 0.035981454 
702 249 13 16 0.035426904 
771 284 15 16 0.034895286 
615 118 14 16 0.034872517 
279 521 9 10 0.03469091 
588 107 12 14 0.034527738 
215 528 10 13 0.03383008 
981 88 23 30 0.033621404 
195 123 13 15 0.03344065 
926 395 13 16 0.033197075 
25 184 184 275 0.032377824 
698 326 24 29 0.031835917 
327 510 9 11 0.031050857 
104 252 12 18 0.028898872 
111 275 11 14 0.028789986 
689 97 460 483 0.028126033 
289 501 9 10 0.028068941 
445 212 26 33 0.027903972 
328 486 8 10 0.027758848 
272 503 9 10 0.027629739 
-29 83 332 452 0.027443022 
277 502 8 10 0.027399706 
901 335 15 16 0.027123885 
141 410 13 12 0.02690862 
256 503 8 9 0.026537076 
805 247 16 19 0.025936833 
812 347 17 19 0.025522614 
971 375 30 35 0.02550898 
858 338 18 19 0.025420066 
62 199 21 27 0.025349118 
182 303 23 28 0.02534086 
848 372 11 12 0.025328333 
965 370 14 18 0.025304925 
272 484 9 11 0.025276767 
197 156 12 16 0.025242377 
202 437 9 10 0.02459979 
982 69 11 14 0.024531199 
187 148 12 17 0.024254365 
959 425 12 15 0.024115406 
111 267 13 17 0.023985712 
157 440 10 12 0.023907473 
280 495 8 10 0.023641363 
768 322 34 39 0.023390844 
206 138 23 28 0.023355458 
271 528 9 10 0.02304989 
965 370 25 32 0.022841342 
240 464 9 10 0.022615323 
294 479 7 10 0.02251474 
289 144 25 31 0.022168024 
961 356 24 30 0.021851564 
953 431 26 38 0.021442968 
417 -5 417 563 0.021345155 
494 48 14 15 0.021304617 
278 510 7 9 0.021003837 
966 319 9 12 0.020853553 
775 302 26 28 0.02080858 
233 520 8 11 0.020376747 
245 527 11 13 0.02029632 
418 333 13 17 0.02016663 
846 366 11 12 0.020090334 
