26_Soldier_Drilling_Soldiers_Drilling_26_610
24
590 55 55 67 0.99793625 
275 153 348 394 0.25282696 
55 23 193 175 0.16170807 
846 218 29 35 0.1367329 
127 -5 195 199 0.080481134 
74 247 31 39 0.07614107 
424 175 361 408 0.07590203 
296 237 37 43 0.07578238 
210 33 117 133 0.06609156 
60 295 24 30 0.062395837 
368 32 110 144 0.060841918 
584 -76 421 436 0.0512016 
544 60 40 55 0.045875877 
941 147 81 169 0.04482552 
656 63 52 57 0.040369947 
356 175 32 34 0.03997453 
876 186 16 20 0.027679566 
-2 11 188 259 0.025320107 
456 115 27 32 0.024815727 
477 48 30 42 0.02427979 
516 53 377 412 0.023724092 
560 32 50 60 0.021344868 
844 209 51 55 0.02095538 
892 146 13 15 0.020451646 
