14_Traffic_Traffic_14_380
162
925 279 68 97 0.9949414 
540 191 33 48 0.9927347 
715 222 53 75 0.99047405 
772 119 12 21 0.989082 
0 151 17 25 0.989082 
649 196 29 39 0.9863452 
43 163 29 35 0.98366195 
300 227 75 100 0.9721158 
118 163 19 27 0.96706635 
191 157 21 29 0.86055124 
642 504 206 265 0.6563978 
454 156 13 23 0.60666233 
496 185 18 25 0.5 
484 164 9 13 0.47834834 
992 150 13 18 0.4141967 
986 228 40 74 0.36670664 
399 190 31 51 0.34582692 
236 205 25 39 0.30585766 
717 467 36 55 0.30585763 
407 181 24 38 0.23436876 
1006 148 10 17 0.22912638 
220 164 17 23 0.22912635 
687 547 28 50 0.21842523 
397 173 23 44 0.188928 
186 343 111 215 0.18550259 
638 343 15 24 0.17366187 
562 259 109 162 0.15916684 
471 288 17 21 0.13944872 
593 467 17 23 0.13944872 
605 463 57 70 0.13928533 
592 295 65 95 0.13928533 
530 172 22 31 0.13928533 
800 210 45 74 0.12872262 
889 252 93 142 0.1065206 
893 198 53 72 0.10106142 
677 542 59 63 0.09308395 
989 152 20 30 0.08567618 
844 129 24 37 0.07880669 
697 155 11 20 0.07494057 
418 178 22 35 0.072444364 
467 470 31 48 0.06655858 
465 460 56 69 0.06655857 
529 168 40 57 0.06111947 
496 197 19 24 0.05879275 
393 570 112 140 0.05874174 
380 164 45 69 0.056098126 
225 167 22 27 0.056098126 
998 150 10 15 0.054176662 
123 137 6 8 0.054176662 
663 529 48 72 0.051466707 
945 257 59 80 0.051466707 
458 188 14 20 0.049903784 
618 480 37 42 0.047198545 
429 313 61 83 0.047198545 
466 156 12 21 0.04595155 
432 150 6 9 0.04595155 
107 154 14 20 0.045951538 
1010 149 13 24 0.045951538 
496 196 11 15 0.045951538 
103 296 90 126 0.045153897 
740 405 232 330 0.045153886 
370 537 209 218 0.045153886 
387 165 25 40 0.04326818 
608 314 37 53 0.04326818 
556 152 27 33 0.04326818 
773 25 25 38 0.04326818 
985 118 11 16 0.04229837 
419 143 9 12 0.04229837 
116 126 7 10 0.04229837 
631 346 16 23 0.04229837 
75 133 5 7 0.04229836 
479 160 18 27 0.039651502 
110 150 23 34 0.039651494 
692 512 58 70 0.039651494 
126 229 9 11 0.038923774 
1012 97 11 22 0.038923774 
498 173 18 27 0.038923774 
395 157 23 34 0.036325652 
116 254 188 269 0.034593605 
214 230 98 162 0.034593605 
416 369 215 261 0.034593593 
734 326 61 111 0.033269096 
515 173 23 34 0.033269096 
413 190 34 47 0.033269096 
816 214 29 44 0.033269096 
420 283 6 9 0.03293372 
262 163 8 12 0.032933712 
989 150 7 13 0.032933712 
222 169 10 14 0.032933712 
914 290 103 155 0.03163486 
321 192 81 126 0.03163486 
595 461 27 29 0.030461604 
625 330 25 41 0.030461604 
105 142 22 30 0.030461596 
533 168 15 23 0.030282615 
718 581 183 167 0.028921604 
899 352 116 170 0.028921604 
852 234 87 167 0.028921604 
490 468 55 55 0.027884193 
591 451 59 57 0.027884193 
466 278 28 39 0.027884185 
23 166 49 67 0.027884185 
659 450 8 10 0.027838783 
190 166 9 14 0.027838783 
428 147 12 16 0.027838783 
762 125 6 10 0.027838783 
522 483 16 17 0.027838783 
765 151 7 10 0.027838783 
442 148 6 8 0.027838778 
459 192 8 12 0.027838778 
421 144 13 18 0.027838778 
261 201 91 128 0.026434705 
331 133 6 9 0.02558696 
226 184 18 23 0.02558696 
447 158 13 21 0.02558696 
539 196 19 26 0.02558696 
767 116 13 20 0.02558696 
528 208 18 27 0.02558696 
847 120 43 62 0.025519116 
632 315 27 41 0.025519116 
400 167 41 59 0.025519116 
488 166 20 29 0.025519116 
283 238 53 82 0.025519116 
362 188 56 79 0.025519116 
809 124 200 298 0.024156325 
604 454 8 12 0.02351288 
170 299 18 24 0.02351288 
478 213 7 10 0.02351288 
469 222 7 11 0.02351288 
438 182 7 12 0.02351288 
250 119 4 6 0.02351288 
733 137 13 18 0.02351288 
68 136 15 21 0.02351288 
714 138 6 9 0.02351288 
390 148 14 18 0.02351288 
543 38 26 41 0.023349825 
618 153 31 41 0.023349825 
694 538 70 83 0.023349825 
696 156 22 31 0.023349825 
723 534 41 40 0.023349825 
641 169 46 63 0.023349825 
906 229 67 107 0.023349825 
548 172 32 48 0.023349825 
11 312 117 149 0.022069868 
501 183 9 14 0.021603195 
821 208 18 25 0.021603195 
299 0 8 11 0.021603195 
980 150 12 18 0.021603195 
451 155 8 13 0.021603195 
109 140 12 18 0.021603195 
75 137 6 9 0.021603195 
473 159 12 20 0.021603195 
517 25 57 71 0.021360904 
222 185 46 59 0.021360904 
573 455 50 59 0.021360904 
718 557 82 104 0.021360898 
505 698 57 72 0.021360898 
523 155 27 35 0.021360898 
700 237 33 47 0.021360898 
625 442 31 31 0.021360898 
717 198 215 298 0.0201599 
230 380 257 242 0.0201599 
