14_Traffic_Traffic_14_644
68
523 157 15 21 0.99862266 
643 164 15 19 0.99672973 
336 105 14 18 0.99401796 
407 155 15 20 0.99401796 
653 99 14 18 0.99080336 
588 386 20 26 0.98859274 
440 34 13 17 0.98015445 
353 26 12 15 0.91882604 
805 150 16 19 0.87062967 
789 146 9 10 0.60666233 
474 86 11 14 0.5858033 
60 238 215 289 0.5461031 
764 85 200 281 0.28400344 
473 150 180 242 0.2311026 
628 380 119 228 0.2150812 
484 202 9 11 0.2141799 
220 484 103 172 0.15916686 
742 181 293 269 0.115646794 
37 128 206 298 0.1065206 
624 239 9 10 0.08787667 
446 -52 197 246 0.08285364 
699 -6 273 269 0.08285364 
467 177 13 16 0.08117401 
453 73 10 12 0.08117401 
263 491 261 265 0.076092646 
362 1 8 10 0.07494057 
469 88 10 14 0.05879275 
487 162 8 9 0.054176662 
495 176 8 11 0.054176662 
547 235 225 232 0.053832818 
158 257 212 285 0.04931264 
-5 275 138 158 0.04931264 
478 164 6 8 0.04595155 
349 29 12 16 0.045951538 
546 401 269 225 0.045153897 
470 83 9 13 0.04229837 
247 467 22 26 0.039651494 
81 355 239 232 0.034593593 
86 24 10 13 0.032933712 
667 132 78 106 0.030461596 
568 556 51 85 0.030461596 
450 147 9 11 0.030282615 
573 470 7 10 0.030282615 
108 236 128 186 0.028921604 
521 -2 130 130 0.028921604 
201 434 188 269 0.028921604 
349 35 7 9 0.027838783 
384 0 5 5 0.027838778 
498 161 6 8 0.027838778 
336 -33 209 257 0.026434705 
805 153 9 11 0.02558696 
460 91 11 13 0.02558696 
815 150 8 11 0.02558696 
816 144 7 9 0.02558696 
181 10 56 88 0.025519116 
618 130 21 33 0.025519116 
132 332 32 35 0.025519116 
-43 233 225 277 0.024156325 
641 102 186 239 0.024156325 
800 147 7 9 0.02351288 
794 143 8 10 0.02351288 
617 204 25 37 0.023349825 
155 9 53 71 0.023349825 
478 275 194 239 0.022069868 
248 459 18 22 0.021603195 
241 494 6 8 0.021603195 
437 37 10 12 0.021603195 
534 548 29 35 0.021360898 
