14_Traffic_Traffic_14_505
68
622 563 69 109 0.9957801 
647 261 19 27 0.99225557 
116 188 16 23 0.99225557 
772 394 107 165 0.65639776 
659 191 7 10 0.12937039 
624 213 9 13 0.10279763 
620 197 9 13 0.08787667 
670 88 76 113 0.07880669 
157 372 107 162 0.064067975 
74 269 12 21 0.06377564 
617 197 7 12 0.06377564 
638 187 7 10 0.05879275 
59 423 103 172 0.05874174 
49 360 49 79 0.056098126 
705 192 13 17 0.054176662 
421 -8 119 144 0.053832814 
776 205 212 285 0.053832814 
92 414 67 102 0.051466707 
303 188 24 33 0.051466707 
668 211 15 22 0.049903784 
436 291 218 321 0.04931264 
161 325 65 95 0.047198545 
116 349 51 63 0.047198545 
853 241 126 180 0.045153897 
66 155 28 42 0.04326818 
614 198 7 11 0.04229837 
864 283 11 17 0.038923774 
153 0 218 302 0.03781825 
102 557 116 191 0.03781825 
326 352 30 38 0.036325652 
654 330 51 75 0.036325645 
700 214 200 316 0.034593605 
195 479 225 289 0.034593593 
776 176 7 10 0.03293372 
16 387 212 316 0.03163486 
359 -44 215 302 0.03163486 
274 332 28 38 0.030461604 
646 45 28 44 0.030461604 
185 38 73 99 0.030461604 
2 236 9 13 0.030282615 
167 242 10 17 0.030282615 
653 556 61 92 0.027884185 
132 187 14 19 0.027838783 
218 228 13 21 0.027838783 
16 214 12 15 0.027838778 
621 206 12 16 0.027838778 
18 221 9 11 0.027838778 
668 191 6 9 0.027838778 
274 286 18 24 0.02558696 
654 201 8 11 0.02558696 
689 191 8 11 0.02558696 
659 187 6 9 0.02558696 
56 378 69 119 0.025519116 
804 21 212 269 0.024156325 
713 378 206 249 0.024156325 
196 318 215 289 0.024156325 
663 215 12 19 0.02351288 
623 195 12 17 0.02351288 
600 196 5 8 0.02351288 
870 281 75 111 0.023349825 
102 388 61 82 0.023349825 
590 425 62 99 0.023349825 
604 198 6 10 0.021603195 
441 149 14 20 0.021603195 
265 262 17 22 0.021603195 
133 358 29 41 0.021360898 
951 299 28 34 0.021360898 
112 164 48 62 0.021360898 
