14_Traffic_Traffic_14_675
113
117 467 232 465 0.9798401 
582 321 107 186 0.97584367 
653 171 232 500 0.7688974 
762 453 239 425 0.7520595 
674 -55 194 395 0.6769414 
-22 381 235 458 0.6352516 
449 672 285 413 0.6135702 
387 -11 183 356 0.5461031 
625 580 200 378 0.5 
797 611 212 445 0.45389685 
241 199 186 401 0.4310897 
176 345 212 445 0.3864298 
500 259 222 351 0.3436022 
151 640 265 493 0.32305852 
2 534 57 150 0.28687313 
115 209 222 479 0.2311026 
846 -21 228 407 0.2150812 
21 756 209 407 0.18550259 
779 295 235 395 0.18550259 
135 59 235 445 0.17193556 
251 570 265 500 0.15916686 
70 -35 235 401 0.15916686 
556 421 235 413 0.13594593 
810 511 30 54 0.12872264 
721 363 209 389 0.1254451 
898 36 134 269 0.115646794 
684 141 29 46 0.109639935 
291 670 149 321 0.1065206 
743 460 67 120 0.10106142 
766 23 197 425 0.09803478 
728 227 46 101 0.09308395 
683 127 23 38 0.09308393 
1 754 89 212 0.09015675 
707 119 140 341 0.09015675 
343 20 119 225 0.08285364 
565 -6 206 373 0.08285364 
723 403 140 229 0.08285364 
358 25 54 122 0.07880669 
663 684 123 232 0.076092646 
358 659 222 351 0.076092646 
427 787 142 257 0.076092646 
606 284 180 341 0.076092646 
513 183 17 33 0.07494057 
727 178 78 160 0.07244435 
667 28 51 98 0.07244435 
406 213 203 395 0.06984133 
694 155 24 44 0.06655857 
344 944 71 108 0.06655857 
142 51 140 239 0.064067975 
700 18 70 147 0.06111947 
903 850 104 126 0.06111947 
785 485 54 99 0.056098126 
295 64 203 356 0.04931264 
668 465 222 413 0.04931264 
960 319 8 16 0.04595155 
653 275 7 13 0.045951538 
924 271 15 29 0.045951538 
354 286 114 277 0.045153897 
310 462 257 356 0.045153897 
150 727 167 294 0.045153886 
758 796 23 45 0.04326818 
5 974 30 56 0.04326818 
116 762 7 14 0.04229837 
377 66 128 212 0.04133062 
465 -47 212 362 0.03781825 
341 0 44 96 0.036325652 
749 786 48 87 0.036325652 
859 537 18 36 0.035808332 
582 22 7 13 0.035808332 
528 155 112 216 0.034593593 
9 369 146 298 0.034593593 
264 440 149 303 0.034593593 
166 492 55 118 0.033269096 
700 146 16 34 0.03293372 
434 679 94 112 0.030461604 
581 166 23 40 0.030461604 
705 191 59 108 0.030461596 
512 520 48 103 0.030461596 
596 0 61 99 0.030461596 
676 269 17 32 0.030282615 
706 621 232 346 0.028921604 
195 191 140 290 0.028921604 
679 169 112 243 0.028921604 
439 807 80 140 0.027884193 
398 405 65 126 0.027884185 
574 188 109 250 0.026434705 
876 489 19 34 0.02558696 
1013 265 7 16 0.02558696 
980 204 8 15 0.02558696 
91 747 18 32 0.02558696 
806 506 14 28 0.02558696 
672 87 51 90 0.025519116 
688 132 45 84 0.025519116 
395 285 63 120 0.025519116 
59 610 222 419 0.024156325 
590 36 6 12 0.02351288 
583 18 13 25 0.02351288 
544 386 7 13 0.02351288 
899 270 65 112 0.023349825 
431 833 34 54 0.023349825 
343 10 27 56 0.023349825 
564 212 23 43 0.023349825 
0 487 111 261 0.022069868 
862 780 162 232 0.022069868 
316 204 200 413 0.022069868 
717 268 19 36 0.021603195 
1004 185 13 25 0.021603195 
624 262 6 12 0.021603195 
769 773 51 108 0.021360898 
566 194 22 41 0.021360898 
700 680 79 145 0.021360898 
320 543 140 243 0.0201599 
567 46 119 243 0.0201599 
