14_Traffic_Traffic_14_443
82
511 132 12 14 0.755209 
659 152 13 15 0.6856687 
807 196 126 166 0.45389685 
894 29 31 33 0.28687313 
802 99 197 230 0.28400344 
0 176 15 25 0.2141799 
391 135 10 13 0.2141799 
383 134 12 13 0.13944872 
510 130 9 11 0.13944872 
643 175 225 237 0.12544508 
128 171 178 210 0.1065206 
563 169 11 15 0.09507551 
472 168 11 14 0.09507551 
-36 157 218 259 0.090156734 
79 168 68 89 0.07880669 
421 151 8 10 0.07494057 
914 118 97 141 0.06984132 
386 197 206 244 0.064067975 
516 131 10 11 0.05879275 
645 259 246 287 0.05874174 
2 373 22 29 0.051466707 
751 82 62 82 0.051466707 
496 145 9 9 0.04990379 
604 128 7 9 0.049903784 
512 128 8 9 0.049903784 
149 -17 235 237 0.04931264 
575 149 7 7 0.045951538 
665 155 9 10 0.038923774 
322 -7 228 248 0.03781825 
370 224 32 33 0.036325652 
685 133 7 8 0.035808332 
519 133 9 11 0.035808332 
960 145 59 94 0.033269096 
377 135 10 14 0.032933712 
713 218 111 156 0.03163486 
778 307 253 233 0.03163486 
839 216 209 223 0.028921604 
568 172 7 10 0.027838783 
634 242 13 16 0.027838783 
458 161 7 8 0.027838778 
341 4 114 139 0.026434705 
638 386 222 233 0.026434705 
517 128 7 8 0.02558696 
662 150 8 8 0.02558696 
143 530 14 14 0.02558696 
614 142 12 12 0.02558696 
1003 268 14 16 0.02558696 
114 545 7 8 0.02558696 
54 310 8 9 0.02558696 
574 149 12 13 0.02558696 
379 224 121 152 0.024156325 
642 171 14 16 0.02351288 
145 316 4 4 0.02351288 
83 377 6 7 0.02351288 
132 314 4 5 0.02351288 
72 388 7 7 0.02351288 
63 395 5 5 0.02351288 
97 421 8 9 0.02351288 
649 176 8 9 0.02351288 
665 213 13 14 0.02351288 
636 174 25 35 0.023349825 
705 39 232 248 0.022069868 
41 220 203 217 0.022069868 
472 405 215 214 0.022069868 
412 178 130 164 0.022069868 
472 167 7 9 0.0216032 
570 169 13 16 0.021603195 
75 419 7 7 0.021603195 
568 150 13 13 0.021603195 
473 160 6 7 0.021603195 
124 529 12 13 0.021603195 
58 433 13 15 0.021603195 
697 179 13 14 0.021603195 
153 253 15 18 0.021603195 
96 562 9 9 0.021603195 
269 558 13 14 0.021603195 
152 557 14 16 0.021603195 
861 549 28 25 0.021360898 
624 166 46 62 0.021360898 
528 4 104 127 0.0201599 
330 264 232 259 0.0201599 
163 75 124 152 0.0201599 
