20_Family_Group_Family_Group_20_696
30
265 292 89 117 0.99966025 
111 392 85 107 0.9989876 
638 310 80 109 0.9989704 
556 569 79 91 0.998809 
380 415 84 105 0.99855334 
798 325 79 110 0.99780303 
476 327 81 105 0.99753124 
22 406 34 38 0.19762985 
-65 -91 393 464 0.19591926 
519 949 430 471 0.14049159 
254 863 44 68 0.121719316 
430 771 121 178 0.09994628 
43 -2 234 307 0.073357746 
301 767 125 194 0.05609267 
669 264 375 443 0.05288602 
269 -1 40 33 0.045613162 
666 660 101 122 0.044740565 
955 791 73 129 0.044243325 
238 0 34 27 0.040687006 
380 1040 202 274 0.040166978 
332 1457 33 47 0.024770299 
136 857 36 47 0.024409087 
550 1002 50 53 0.023822643 
405 1285 16 21 0.022255609 
137 835 37 46 0.022003615 
0 603 21 39 0.021967549 
148 318 32 37 0.02195973 
345 752 163 262 0.020616207 
783 426 207 294 0.020377466 
115 654 352 476 0.02000352 
