20_Family_Group_Family_Group_20_1015
59
647 319 94 110 0.9992654 
519 346 83 108 0.998016 
379 280 73 102 0.9898024 
970 228 14 18 0.526431 
425 189 13 16 0.34303358 
222 363 16 22 0.20697738 
783 268 12 15 0.15828454 
1003 276 15 21 0.15090333 
255 388 14 19 0.12662761 
264 340 25 29 0.11728585 
123 341 16 18 0.10357917 
270 378 12 15 0.08415433 
984 284 12 16 0.059092175 
435 200 18 22 0.056844015 
457 20 375 432 0.056782775 
462 324 55 68 0.053043857 
423 188 22 26 0.05266632 
267 463 14 18 0.052230723 
919 231 10 14 0.05202474 
232 367 16 20 0.047806706 
290 262 90 110 0.044382323 
224 363 28 35 0.043376263 
444 195 15 19 0.041639294 
257 433 12 17 0.041234292 
996 408 17 22 0.040771373 
258 379 22 28 0.038424946 
935 299 25 31 0.03666919 
1 260 39 72 0.036606573 
918 235 13 20 0.035824753 
957 256 11 12 0.03526155 
429 301 82 99 0.034561303 
334 263 90 114 0.03344655 
907 205 93 108 0.032325707 
999 189 11 12 0.031942286 
698 212 42 50 0.031899754 
252 414 11 14 0.03145013 
217 342 11 13 0.030223178 
804 289 16 19 0.029807715 
46 506 22 31 0.02859578 
988 253 11 14 0.02710618 
223 228 121 161 0.02569213 
222 374 14 19 0.025139276 
193 391 9 12 0.02489287 
177 423 8 10 0.024818463 
911 233 26 33 0.024337582 
999 336 12 17 0.022936825 
254 419 12 17 0.0229087 
564 77 211 301 0.022836873 
969 239 15 18 0.02252193 
320 265 31 39 0.02234083 
757 388 60 75 0.02206884 
783 268 19 25 0.021840123 
217 341 52 65 0.02160949 
982 233 11 16 0.02123221 
244 377 25 32 0.020946844 
219 347 13 15 0.020916339 
811 288 16 19 0.02088811 
988 244 12 17 0.02043181 
117 275 15 22 0.020167515 
