20_Family_Group_Family_Group_20_109
18
178 33 61 81 0.9993919 
292 157 59 81 0.9991617 
401 91 65 84 0.9968021 
449 162 43 50 0.6283709 
66 607 30 32 0.4028837 
847 419 179 240 0.08889781 
17 635 10 13 0.0656978 
936 474 59 58 0.05743571 
450 177 53 58 0.041456 
464 200 52 60 0.04004054 
5 648 10 13 0.03703727 
976 504 37 30 0.034923244 
954 490 63 58 0.03131643 
19 620 11 14 0.03079003 
887 434 122 135 0.025974885 
431 113 60 77 0.024065074 
551 323 15 17 0.02090734 
624 254 18 21 0.020034185 
