20_Family_Group_Family_Group_20_33
27
699 402 35 43 0.9995004 
470 317 29 38 0.9993051 
455 395 32 44 0.99928856 
744 387 29 37 0.9991793 
327 288 26 34 0.99914896 
86 330 35 44 0.99908745 
437 305 26 35 0.9989586 
661 308 29 35 0.99864894 
359 332 30 36 0.9985598 
217 337 34 40 0.998481 
829 344 33 40 0.9980975 
594 411 35 44 0.9980786 
251 307 33 39 0.99793386 
635 338 26 34 0.997661 
166 297 31 39 0.9974542 
898 334 34 43 0.99708754 
552 375 38 48 0.99697876 
351 447 37 44 0.99693894 
548 341 28 33 0.9963677 
791 406 41 46 0.99629056 
771 345 26 31 0.9956819 
262 402 34 41 0.99120647 
121 297 36 42 0.99038166 
226 323 37 46 0.040697742 
44 379 22 27 0.03593063 
716 554 36 36 0.029956253 
388 370 16 22 0.026547207 
