20_Family_Group_Family_Group_20_672
201
436 155 34 42 0.99911386 
664 143 32 39 0.99899644 
304 143 35 43 0.9986279 
679 867 25 33 0.9985266 
450 1025 29 39 0.9985246 
853 846 28 35 0.99850297 
362 222 32 39 0.99845433 
310 254 34 43 0.99813443 
608 213 34 42 0.9980406 
826 843 25 34 0.998018 
739 888 28 37 0.9980008 
274 290 37 46 0.9978967 
350 1026 29 35 0.99772817 
108 486 37 50 0.9976676 
640 240 33 40 0.99756074 
609 846 25 32 0.9975337 
714 184 30 40 0.99747074 
566 875 30 36 0.9973459 
359 275 40 51 0.9973049 
747 228 36 45 0.99728715 
145 272 32 44 0.9969284 
679 184 27 33 0.9968359 
310 866 28 35 0.99657345 
424 270 37 44 0.9965412 
867 309 42 53 0.995756 
808 900 26 34 0.99564314 
563 270 35 49 0.9956059 
802 285 37 45 0.995561 
254 1023 25 32 0.99545115 
191 223 37 45 0.99518025 
356 847 25 32 0.99500895 
508 204 34 42 0.9949852 
215 304 38 49 0.99484247 
740 1045 25 33 0.9939698 
689 274 40 50 0.99334997 
280 214 34 41 0.9930621 
400 229 32 40 0.9927592 
169 494 35 41 0.9922065 
755 343 42 55 0.9920277 
132 872 24 30 0.99178994 
572 489 40 48 0.9898218 
263 874 27 34 0.9876259 
458 830 23 31 0.98757917 
542 212 23 34 0.9875008 
496 837 27 34 0.98447406 
90 862 25 33 0.9837605 
647 1035 28 35 0.9824264 
429 836 24 31 0.9804166 
109 947 25 33 0.9793189 
205 862 27 33 0.9760048 
100 264 43 52 0.97367305 
236 492 41 46 0.9708574 
395 878 24 29 0.9697715 
472 266 43 50 0.96694607 
307 823 24 29 0.9525559 
735 844 25 32 0.9495162 
370 347 40 47 0.9195944 
682 239 38 44 0.9126397 
775 878 25 32 0.91259444 
586 340 40 52 0.90792835 
231 864 22 29 0.90534365 
819 1043 25 30 0.90130097 
784 871 26 34 0.8193091 
649 851 26 32 0.5796606 
554 827 23 26 0.54173535 
506 941 23 33 0.4842178 
655 320 39 50 0.35725552 
502 923 17 18 0.34382662 
392 946 26 27 0.31076694 
817 1028 29 34 0.2850516 
652 214 24 29 0.28422788 
351 1101 29 31 0.27903447 
449 1105 28 31 0.2536539 
525 209 30 36 0.20181082 
266 1107 16 19 0.17855075 
492 941 27 33 0.16582666 
158 1112 25 29 0.16422582 
837 846 25 33 0.158563 
770 888 20 27 0.13974698 
442 805 17 20 0.13022703 
551 487 22 31 0.12428878 
681 1132 18 20 0.110411435 
417 1157 48 54 0.1096442 
339 357 30 38 0.1059362 
398 285 24 33 0.10576942 
440 986 23 30 0.10562265 
694 396 22 24 0.10260959 
820 1125 17 19 0.102061786 
500 925 24 30 0.10071047 
786 868 18 21 0.09620121 
266 867 17 20 0.08738572 
653 1116 14 17 0.086374864 
128 1132 12 17 0.08275202 
571 945 18 20 0.08080733 
539 884 22 26 0.07713477 
290 592 32 46 0.074668206 
431 905 24 27 0.07304911 
735 1129 14 17 0.072721645 
308 936 16 17 0.06994227 
512 1025 29 31 0.06920876 
618 486 15 18 0.06731359 
291 639 17 19 0.06498278 
709 1146 15 20 0.061703727 
298 883 15 20 0.06149827 
729 1119 22 26 0.06074989 
547 906 15 18 0.057431813 
213 934 14 16 0.05627093 
515 899 21 25 0.055556297 
131 391 17 20 0.054946844 
865 429 12 17 0.05484554 
531 613 31 35 0.052686848 
528 1048 429 469 0.050463732 
163 1034 26 29 0.049200896 
507 912 23 26 0.048415028 
614 472 24 30 0.047849253 
649 1110 23 28 0.04763215 
481 399 19 20 0.046724096 
492 1012 25 32 0.045713186 
656 474 17 19 0.04511386 
727 1130 24 28 0.04285921 
577 602 25 26 0.04207405 
502 1016 29 36 0.04161233 
572 1187 25 31 0.041360095 
839 1002 13 16 0.04131159 
442 1122 33 34 0.039733358 
494 1028 25 30 0.036211483 
727 1142 14 17 0.035945773 
336 1100 45 51 0.035567652 
283 628 27 31 0.03449387 
653 844 19 22 0.034199227 
669 1133 26 29 0.03387757 
544 229 18 23 0.03305408 
518 825 15 20 0.0324404 
540 828 21 29 0.032296892 
551 881 24 32 0.031546388 
449 808 16 19 0.03109192 
824 1051 26 32 0.030494569 
739 1135 17 19 0.02944013 
385 957 32 34 0.029345483 
157 1137 16 19 0.028546087 
255 1043 25 30 0.028353274 
545 618 31 34 0.028219607 
580 199 16 21 0.027801568 
746 1131 15 18 0.027797734 
502 852 19 25 0.027565528 
563 931 25 30 0.027371705 
690 1135 13 19 0.027369188 
663 801 11 12 0.027326254 
724 1115 18 21 0.027278703 
356 355 34 41 0.027185496 
359 423 12 14 0.026980694 
560 833 23 29 0.026446346 
525 893 23 28 0.02615837 
292 270 40 51 0.026057798 
720 1139 23 27 0.02560571 
601 908 29 32 0.02553997 
434 811 22 25 0.025415234 
671 940 16 17 0.025355011 
240 1170 17 22 0.024932949 
492 903 15 17 0.024868008 
516 939 16 24 0.024594964 
213 947 27 30 0.024403801 
545 897 17 20 0.024338737 
524 989 15 20 0.024172446 
266 1095 24 27 0.024103414 
57 522 27 37 0.023892542 
556 843 17 22 0.023001958 
701 1152 16 19 0.022951955 
663 1116 28 32 0.022942094 
894 1000 16 24 0.022550384 
591 365 30 36 0.022442205 
570 834 14 19 0.02233225 
166 476 31 40 0.022108434 
530 1018 13 17 0.02200572 
444 796 17 20 0.021986978 
542 403 13 18 0.021852657 
156 1127 19 22 0.021841858 
202 413 42 56 0.021785345 
662 858 25 33 0.02175446 
261 932 14 18 0.0217534 
625 215 28 35 0.02150393 
522 821 14 18 0.021472054 
640 474 27 30 0.021420373 
444 1143 30 32 0.021388225 
194 1037 22 29 0.021376591 
556 943 51 58 0.021346059 
411 244 42 54 0.021150026 
276 590 33 43 0.021125514 
219 1127 17 20 0.021085693 
236 164 28 34 0.020996694 
717 1057 16 21 0.020876728 
460 820 15 18 0.020801727 
494 910 23 26 0.020767972 
629 812 23 26 0.020643624 
165 456 25 35 0.020615764 
197 949 12 15 0.020569203 
443 380 93 113 0.020493574 
411 792 16 18 0.020478347 
407 277 27 36 0.020349618 
824 1018 27 33 0.020252272 
406 799 22 25 0.020066252 
