20_Family_Group_Family_Group_20_835
53
180 266 31 40 0.9990885 
741 267 38 49 0.97334903 
65 329 40 62 0.9438916 
2 277 30 57 0.73455095 
840 304 25 51 0.7072843 
764 283 32 43 0.2804353 
857 113 57 70 0.22608696 
800 119 12 15 0.17007981 
325 112 9 11 0.14608258 
575 413 32 37 0.12835193 
588 423 17 22 0.11578782 
706 333 18 22 0.10806493 
639 422 49 55 0.08089935 
154 309 28 39 0.07994071 
317 125 8 11 0.06396308 
313 120 10 12 0.053976774 
319 116 10 13 0.05380621 
798 82 96 115 0.051966995 
813 347 184 228 0.050282482 
519 408 12 16 0.043396648 
696 341 11 15 0.04203856 
828 381 52 70 0.04157898 
799 166 14 19 0.04127778 
0 328 25 55 0.039927006 
836 289 32 45 0.0371885 
-3 299 40 75 0.037022106 
518 636 9 12 0.036954302 
693 124 11 16 0.036003515 
830 123 11 13 0.035592817 
557 413 41 44 0.03556302 
754 263 37 43 0.033108454 
222 32 14 18 0.032731403 
845 82 89 116 0.030001177 
795 320 35 44 0.029008668 
670 515 55 73 0.027533973 
569 565 10 12 0.027456012 
594 436 52 54 0.027341554 
560 383 56 61 0.027130015 
834 389 90 116 0.02562984 
659 333 12 16 0.025113814 
640 387 46 57 0.023311373 
858 300 45 56 0.023276519 
829 117 10 13 0.02319491 
604 378 12 18 0.023126863 
53 308 66 103 0.022658749 
302 146 30 29 0.022506839 
796 163 25 31 0.02214797 
539 619 10 16 0.020565357 
370 558 16 20 0.020519948 
776 300 19 24 0.020417783 
532 574 10 11 0.020385364 
627 403 50 58 0.020214524 
835 125 10 13 0.020153735 
