20_Family_Group_Family_Group_20_775
22
423 365 211 289 0.9999192 
283 578 207 249 0.9998393 
71 331 32 40 0.9957066 
147 362 27 34 0.98581576 
338 368 24 36 0.93132025 
624 301 39 43 0.90659904 
362 484 205 244 0.48734984 
54 849 310 460 0.2844477 
661 1080 196 296 0.07576657 
575 908 387 533 0.07056841 
152 356 20 22 0.05748691 
850 454 23 24 0.052535888 
81 447 23 30 0.05196439 
212 258 16 17 0.046826616 
213 331 16 21 0.044204187 
224 223 25 30 0.042681858 
676 299 427 494 0.027484007 
833 742 211 289 0.025563847 
243 230 13 17 0.02484655 
97 417 34 40 0.02187971 
214 221 23 29 0.021150405 
668 495 52 84 0.020836128 
