20_Family_Group_Family_Group_20_636
250
621 108 14 19 0.9784111 
886 96 17 21 0.9197474 
714 86 14 18 0.8736874 
949 67 15 20 0.8725963 
734 108 13 17 0.8219574 
190 126 22 29 0.8157655 
775 126 14 23 0.7662756 
273 113 19 23 0.764056 
664 118 13 17 0.74581105 
804 81 14 19 0.7284374 
300 92 13 17 0.6600275 
348 105 12 16 0.5668468 
260 99 15 19 0.54915583 
922 130 40 52 0.5148728 
431 118 13 16 0.4629458 
347 148 24 35 0.4250639 
565 170 14 20 0.4089221 
237 117 12 18 0.3708783 
852 127 16 23 0.36069176 
581 161 16 22 0.35573927 
474 122 15 20 0.34291783 
835 82 14 20 0.33567417 
391 111 10 14 0.29895782 
464 107 11 17 0.2864053 
554 101 10 13 0.2832069 
511 79 8 10 0.18079348 
205 54 10 12 0.16911341 
683 171 17 20 0.16182262 
1004 137 15 20 0.14273179 
511 105 13 16 0.14222337 
613 155 16 19 0.14140144 
911 131 24 40 0.134891 
497 134 31 39 0.13121523 
733 184 16 19 0.12005431 
509 85 9 12 0.11489928 
450 63 8 12 0.10867714 
654 81 11 13 0.10377209 
11 84 11 14 0.097126685 
768 77 12 15 0.096837476 
538 48 8 10 0.0929266 
201 123 16 21 0.09205167 
463 49 8 10 0.09187839 
498 115 12 17 0.090098485 
729 108 12 17 0.084154576 
503 90 10 12 0.08187086 
909 131 15 24 0.081600115 
469 115 13 19 0.07702624 
462 30 9 12 0.0723454 
384 109 10 15 0.07186986 
457 49 8 10 0.07113732 
199 61 13 16 0.069000565 
96 124 9 11 0.062619686 
416 78 10 12 0.060940597 
996 134 25 32 0.05970016 
394 115 11 14 0.05895422 
127 171 11 14 0.057386193 
453 67 9 11 0.056071956 
54 79 7 9 0.05594858 
485 61 8 11 0.054601703 
578 125 12 15 0.054417506 
542 47 8 10 0.05298054 
394 229 26 33 0.05246351 
247 79 8 10 0.051902924 
267 107 18 24 0.050657578 
482 63 8 10 0.050568283 
558 96 10 13 0.050281633 
206 48 11 13 0.05019765 
349 140 16 18 0.04931767 
42 93 9 10 0.048063546 
644 94 11 14 0.046127636 
426 116 12 16 0.045984402 
198 77 13 17 0.045365687 
494 120 15 19 0.04382402 
650 169 15 21 0.04363716 
530 85 8 10 0.04350309 
614 68 9 11 0.043175895 
785 130 17 19 0.04306511 
322 105 16 19 0.042021666 
193 66 10 13 0.041779112 
150 53 11 14 0.04122961 
901 142 14 23 0.040435 
477 123 21 25 0.04038327 
415 72 8 10 0.03936074 
468 104 21 26 0.03837399 
557 105 10 13 0.038207773 
147 61 13 16 0.038040813 
128 119 8 10 0.03761746 
656 121 12 18 0.037286375 
157 48 10 12 0.03708323 
370 107 16 19 0.036893185 
767 121 15 24 0.036625862 
527 48 7 9 0.036571477 
461 7 8 10 0.03643866 
246 58 12 15 0.036421224 
553 84 8 10 0.03505744 
768 74 19 24 0.0343451 
471 47 8 10 0.0343218 
148 247 14 16 0.034193274 
64 88 8 10 0.034120895 
459 109 10 14 0.034113135 
807 83 19 25 0.033695284 
942 107 14 20 0.03355564 
788 121 16 22 0.033183247 
432 69 9 11 0.033171467 
525 132 10 15 0.033148915 
517 71 8 10 0.03310212 
95 105 8 9 0.032934897 
672 38 10 11 0.03289102 
436 109 11 15 0.03284857 
485 86 9 12 0.03247053 
383 135 12 15 0.032381322 
933 73 13 18 0.032346003 
630 52 9 11 0.032305136 
448 140 9 13 0.032232884 
194 117 19 23 0.03170529 
46 87 8 12 0.031645805 
846 123 17 22 0.03147737 
438 101 10 12 0.031300373 
127 134 11 14 0.031214248 
301 103 12 16 0.030855386 
522 48 7 9 0.03081423 
794 128 15 21 0.030767 
528 96 8 10 0.030585898 
203 81 17 21 0.030555401 
573 120 14 16 0.0303165 
480 45 9 12 0.030275712 
694 29 8 11 0.030153003 
143 64 12 15 0.029960081 
464 97 11 14 0.029283639 
121 62 8 10 0.029244902 
440 96 8 10 0.029127643 
306 98 11 15 0.028745512 
507 78 9 12 0.028378192 
210 51 12 14 0.028323915 
381 230 22 30 0.028276013 
281 110 14 18 0.027934942 
619 148 15 18 0.02759729 
448 48 8 11 0.027558535 
457 37 8 9 0.027555387 
853 119 15 20 0.02746627 
172 70 9 11 0.027379535 
433 65 8 10 0.027318643 
115 187 13 17 0.027204016 
655 71 11 13 0.02715614 
61 46 8 11 0.027148442 
764 116 14 20 0.02713486 
710 96 12 17 0.026993688 
517 131 13 18 0.02693883 
822 83 15 19 0.026818944 
480 23 7 10 0.0267874 
415 83 11 13 0.026736159 
439 63 8 11 0.026648344 
512 8 7 9 0.026524281 
853 90 13 17 0.026512815 
613 141 14 17 0.026510783 
101 120 8 10 0.026412163 
726 185 14 20 0.02637217 
566 124 12 14 0.026007256 
381 206 13 16 0.0258318 
470 84 9 11 0.02570377 
497 93 10 12 0.02560186 
96 85 8 10 0.025444139 
406 150 10 12 0.025437294 
720 148 10 14 0.025318984 
63 68 8 10 0.02521808 
510 29 7 10 0.025120333 
894 146 13 18 0.025093172 
389 106 18 23 0.025086008 
944 135 30 44 0.025076816 
94 109 9 10 0.025011806 
842 83 13 20 0.024661086 
919 77 12 16 0.02465469 
10 46 10 13 0.024573477 
422 188 23 29 0.024561077 
541 118 9 11 0.024523454 
193 60 22 27 0.024312362 
931 69 23 29 0.02428614 
486 79 8 10 0.02425295 
472 39 7 9 0.024246318 
262 62 8 11 0.02419326 
122 173 10 14 0.024188267 
295 89 12 16 0.024074903 
463 25 8 11 0.023956282 
809 76 14 21 0.023946352 
510 25 8 10 0.023909165 
362 157 15 23 0.023620212 
190 108 10 12 0.023616515 
726 155 13 16 0.02351497 
515 77 9 11 0.02345401 
983 121 24 37 0.023376524 
536 125 11 14 0.02332158 
247 92 11 15 0.023292225 
629 141 12 14 0.023276005 
514 143 16 23 0.023246134 
481 112 21 26 0.023241004 
903 133 14 19 0.023174662 
414 63 8 9 0.02312718 
103 93 8 10 0.023119254 
279 163 12 15 0.023079041 
446 37 8 10 0.023051772 
560 163 14 21 0.02292928 
399 149 11 14 0.022716487 
496 56 9 11 0.022672772 
544 95 9 11 0.022659613 
71 88 8 9 0.02264729 
331 92 12 15 0.022622386 
689 29 9 12 0.022610856 
789 153 16 20 0.022608455 
811 131 15 20 0.022587601 
962 93 15 18 0.022426827 
498 104 18 26 0.02241503 
615 48 7 9 0.022390647 
720 89 14 18 0.022381948 
437 68 9 12 0.022358865 
528 54 7 8 0.022323756 
412 150 10 13 0.022239728 
239 78 9 11 0.022208262 
396 158 16 19 0.022177085 
513 73 9 11 0.02211382 
647 146 9 13 0.022046186 
1010 133 13 20 0.022013878 
129 243 12 15 0.022008779 
523 144 13 18 0.021997368 
424 72 7 10 0.021927875 
542 112 9 11 0.021785792 
486 56 8 10 0.021701103 
613 155 26 31 0.021693617 
573 71 8 10 0.021693198 
573 247 16 22 0.021567667 
51 78 7 10 0.021566696 
688 52 11 13 0.021484721 
352 101 14 17 0.021398904 
804 129 14 20 0.021342795 
575 168 20 27 0.021325931 
646 164 14 21 0.02125617 
50 71 7 10 0.021213856 
565 94 9 11 0.020765025 
342 139 24 31 0.02066432 
446 32 8 10 0.020641092 
983 117 12 17 0.02057261 
219 98 15 18 0.020568315 
403 154 13 18 0.02048225 
151 156 12 16 0.020413278 
481 39 8 11 0.020411514 
497 14 8 10 0.020358006 
506 145 27 37 0.020269744 
566 154 25 32 0.020226058 
345 71 8 10 0.020207815 
985 128 39 55 0.020091295 
664 46 9 12 0.020080049 
