26_Soldier_Drilling_Soldiers_Drilling_26_31
166
662 197 39 43 0.9975521 
235 189 37 43 0.9973194 
379 176 41 48 0.99047405 
529 211 41 46 0.98366195 
805 158 43 50 0.9821322 
619 418 13 19 0.26116365 
877 381 22 32 0.2032784 
718 167 16 19 0.16157512 
877 96 8 10 0.15017675 
0 441 225 238 0.13594593 
219 55 56 51 0.118850335 
866 184 21 27 0.118850335 
251 293 14 19 0.111069925 
835 382 206 268 0.1065206 
651 571 20 25 0.10279763 
593 428 17 22 0.09507551 
493 286 25 34 0.09308393 
235 101 17 20 0.08787667 
538 607 17 20 0.08787667 
760 390 17 20 0.074940585 
562 224 25 33 0.072444364 
709 5 8 10 0.06377564 
298 227 17 23 0.05879275 
569 2 8 10 0.05879275 
894 86 6 9 0.05879275 
246 79 225 288 0.05874174 
194 190 26 38 0.056098126 
499 48 11 15 0.054176662 
553 44 8 9 0.054176662 
773 49 7 9 0.054176662 
626 98 24 32 0.051466707 
549 136 16 21 0.04990379 
889 124 8 11 0.04990379 
854 91 13 17 0.049903784 
548 27 13 15 0.049903784 
33 73 63 90 0.047198545 
869 138 8 10 0.04595155 
889 107 8 10 0.045951538 
515 37 23 30 0.04326818 
506 215 30 37 0.04326818 
920 20 5 7 0.04229837 
795 104 16 19 0.04229837 
389 12 9 11 0.04229837 
547 2 7 9 0.04229837 
848 168 16 22 0.04229837 
553 14 7 9 0.04229837 
466 222 28 44 0.039651502 
402 42 12 17 0.038923774 
825 105 14 20 0.038923774 
808 188 203 272 0.03781825 
542 26 50 66 0.036325652 
545 26 25 34 0.036325652 
827 251 63 97 0.036325652 
231 122 30 41 0.036325645 
552 53 30 38 0.036325645 
925 19 6 7 0.035808332 
548 42 14 17 0.035808332 
840 139 8 10 0.035808332 
868 84 7 9 0.035808332 
721 356 232 310 0.034593593 
354 182 36 39 0.033269096 
518 278 25 33 0.033269096 
523 163 29 33 0.033269096 
387 112 25 32 0.033269096 
405 140 24 35 0.033269096 
229 88 49 66 0.033269096 
881 14 5 7 0.03293372 
567 24 5 6 0.032933712 
874 193 19 23 0.032933712 
561 60 6 9 0.032933712 
773 134 16 20 0.032933712 
852 62 7 8 0.032933712 
223 461 197 253 0.03163486 
579 422 218 260 0.03163486 
222 182 27 35 0.030461604 
229 105 28 41 0.030461604 
416 92 54 83 0.030461604 
705 193 26 33 0.030461604 
383 97 46 63 0.030461596 
366 438 6 8 0.030282615 
524 12 12 16 0.030282615 
524 34 14 19 0.030282615 
614 50 5 6 0.030282615 
903 199 15 19 0.030282615 
130 27 13 18 0.030282615 
717 24 6 7 0.030282615 
549 14 6 8 0.030282615 
487 178 16 20 0.030282615 
240 103 53 72 0.027884193 
198 107 46 57 0.027884185 
867 377 25 38 0.027884185 
308 411 13 19 0.027838783 
598 42 5 7 0.027838783 
912 15 4 6 0.027838783 
574 130 13 16 0.027838783 
563 15 5 7 0.027838783 
657 290 19 26 0.027838783 
885 198 16 20 0.027838783 
475 80 6 8 0.027838783 
638 16 5 6 0.027838778 
363 359 235 264 0.026434705 
928 17 6 7 0.02558696 
589 12 5 6 0.02558696 
861 184 16 22 0.02558696 
989 166 13 17 0.02558696 
569 146 8 9 0.02558696 
366 25 5 7 0.02558696 
757 50 5 6 0.02558696 
904 20 5 6 0.02558696 
872 11 7 9 0.02558696 
899 10 5 6 0.02558696 
929 7 6 8 0.02558696 
550 32 14 18 0.02558696 
916 32 5 7 0.02558696 
206 187 30 41 0.025519116 
767 191 28 34 0.025519116 
234 666 31 32 0.025519116 
371 606 27 32 0.025519116 
202 34 57 67 0.025519116 
114 285 100 182 0.024156325 
481 379 188 256 0.024156325 
293 47 87 128 0.024156325 
522 16 16 20 0.02351288 
744 24 6 7 0.02351288 
763 24 5 6 0.02351288 
612 138 12 17 0.02351288 
708 166 17 20 0.02351288 
463 387 12 14 0.02351288 
772 32 5 6 0.02351288 
771 47 6 8 0.02351288 
935 47 7 9 0.02351288 
896 10 5 6 0.02351288 
983 16 7 8 0.02351288 
891 53 6 8 0.02351288 
544 40 32 38 0.023349825 
31 27 48 57 0.023349825 
278 182 26 31 0.023349825 
288 512 35 51 0.023349825 
58 534 29 33 0.023349825 
427 62 89 136 0.022069868 
873 93 8 10 0.021603195 
573 5 6 8 0.021603195 
725 169 10 12 0.021603195 
35 205 9 12 0.021603195 
901 235 14 19 0.021603195 
605 49 5 6 0.021603195 
878 99 12 16 0.021603195 
885 106 7 9 0.021603195 
864 82 7 10 0.021603195 
713 6 7 8 0.021603195 
895 6 5 7 0.021603195 
277 239 16 21 0.021603195 
757 47 5 6 0.021603195 
969 169 15 16 0.021603195 
901 32 7 8 0.021603195 
908 23 5 7 0.021603195 
848 113 13 19 0.021603195 
407 289 21 28 0.021603195 
315 385 14 18 0.021603195 
486 396 6 7 0.021603195 
210 0 14 14 0.021603195 
290 53 48 66 0.021360904 
608 191 27 33 0.021360898 
384 603 29 31 0.021360898 
450 396 24 44 0.021360898 
889 190 24 29 0.021360898 
