26_Soldier_Drilling_Soldiers_Drilling_26_9
46
619 213 24 26 0.9927347 
503 221 30 41 0.96034855 
652 265 31 30 0.4099317 
112 30 265 263 0.19988178 
639 208 19 20 0.17366187 
325 340 261 241 0.17193554 
777 111 277 296 0.13594593 
244 256 249 279 0.115646794 
631 113 218 202 0.1065206 
808 -13 232 271 0.08285364 
543 292 253 263 0.064067975 
257 123 235 244 0.05874174 
461 359 35 29 0.056098126 
124 254 235 230 0.053832814 
491 199 55 55 0.047198545 
506 236 20 23 0.045951538 
497 378 209 220 0.045153897 
219 -2 257 237 0.04133061 
642 260 27 29 0.039651494 
350 92 206 230 0.03781825 
732 200 194 214 0.034593593 
660 262 20 22 0.03293372 
798 413 203 196 0.03163486 
517 305 30 26 0.030461604 
812 358 69 71 0.030461596 
510 200 31 31 0.030461596 
602 209 15 19 0.030282615 
0 226 178 230 0.028921604 
417 298 55 70 0.027884193 
602 462 28 34 0.027884193 
507 301 53 43 0.027884185 
672 257 13 16 0.027838778 
430 28 246 259 0.02643471 
676 256 8 10 0.02558696 
682 236 112 139 0.024156325 
658 273 206 214 0.024156325 
632 211 19 22 0.02351288 
324 479 78 62 0.023349825 
449 163 57 65 0.023349825 
839 17 134 161 0.022069868 
539 118 197 224 0.022069868 
452 348 53 51 0.021360904 
522 198 31 28 0.021360904 
587 456 51 53 0.021360898 
658 277 111 148 0.0201599 
14 318 222 234 0.0201599 
