26_Soldier_Drilling_Soldiers_Drilling_26_689
87
332 149 91 129 0.99776876 
246 118 68 81 0.9953797 
629 209 23 27 0.96034855 
241 214 265 239 0.864054 
127 142 58 71 0.4099317 
191 464 128 149 0.4085711 
572 400 249 232 0.3436022 
258 130 80 106 0.32305852 
289 135 101 109 0.28400344 
95 231 206 210 0.26558137 
72 303 32 33 0.23436876 
195 492 67 78 0.1753677 
381 162 69 100 0.1753677 
301 101 15 20 0.17366187 
753 289 253 286 0.17193554 
163 160 22 29 0.12872264 
57 331 249 243 0.115646794 
0 467 80 121 0.1065206 
665 463 136 136 0.1065206 
158 273 249 219 0.1065206 
499 415 212 247 0.09803478 
537 319 130 141 0.09015675 
378 295 191 236 0.08285364 
11 53 209 243 0.076092646 
585 77 188 229 0.06984132 
67 314 21 21 0.0691498 
452 315 136 156 0.064067975 
99 430 197 216 0.064067975 
144 152 30 45 0.06111947 
88 108 112 129 0.05874174 
462 259 62 63 0.056098126 
738 277 12 13 0.054176662 
328 109 35 36 0.051466707 
66 294 28 32 0.051466707 
735 276 9 10 0.04990379 
649 183 265 294 0.04931264 
127 169 70 73 0.047198545 
81 292 30 34 0.047198545 
230 136 64 103 0.047198545 
72 292 12 14 0.045951538 
436 36 203 247 0.045153886 
127 275 126 123 0.045153886 
412 176 57 83 0.04326818 
4 162 71 100 0.04326818 
895 310 8 8 0.04229837 
81 468 121 119 0.04133062 
534 321 206 219 0.04133061 
537 169 194 216 0.03781825 
191 505 36 42 0.036325652 
52 477 67 77 0.036325652 
135 557 37 30 0.036325652 
90 496 69 76 0.036325645 
298 330 79 58 0.033269096 
88 237 25 28 0.033269096 
558 415 19 22 0.032933712 
734 276 6 7 0.032933712 
430 205 51 65 0.030461604 
60 309 46 48 0.030461596 
449 265 15 19 0.030282615 
120 1 228 239 0.028921604 
361 15 73 80 0.027884193 
44 325 48 53 0.027884185 
518 469 44 51 0.027884185 
89 306 18 21 0.027838778 
301 -14 194 229 0.02643471 
909 296 13 14 0.02558696 
533 501 8 9 0.02558696 
551 455 43 53 0.025519116 
456 465 64 65 0.025519116 
53 285 49 52 0.025519116 
635 4 124 131 0.024156325 
273 282 146 121 0.024156325 
619 302 269 286 0.024156325 
89 282 13 15 0.02351288 
424 201 17 16 0.02351288 
739 275 7 8 0.02351288 
911 296 8 8 0.02351288 
426 290 46 51 0.023349825 
132 143 31 46 0.023349825 
169 501 49 59 0.023349825 
486 171 68 71 0.023349825 
427 160 104 119 0.022069868 
454 212 94 106 0.022069868 
411 439 170 204 0.022069868 
448 254 16 19 0.021603195 
450 275 51 57 0.021360898 
219 167 52 70 0.021360898 
