26_Soldier_Drilling_Soldiers_Drilling_26_149
63
470 195 91 119 0.99776876 
235 221 90 117 0.99731666 
761 245 91 109 0.9953797 
420 412 26 34 0.268611 
696 356 48 76 0.2511021 
582 319 37 45 0.1753677 
38 431 33 42 0.12872262 
925 507 10 15 0.11991897 
87 479 140 150 0.08285364 
137 316 232 284 0.06984132 
367 427 242 306 0.06984132 
650 330 27 34 0.06655858 
484 568 33 37 0.06111947 
619 424 56 63 0.06111947 
501 530 57 64 0.056098126 
624 611 71 65 0.056098126 
882 428 49 68 0.051466707 
169 364 9 11 0.049903784 
622 454 25 33 0.047198545 
313 460 15 20 0.04229837 
416 404 45 51 0.039651502 
626 329 24 31 0.039651494 
134 472 26 32 0.036325652 
472 550 58 62 0.033269096 
13 479 78 82 0.033269096 
48 595 73 78 0.033269096 
13 417 183 218 0.03163486 
655 350 242 311 0.03163486 
316 339 197 264 0.03163486 
640 330 24 31 0.030461604 
580 603 83 71 0.030461596 
409 418 29 39 0.030461596 
84 389 7 8 0.030282615 
473 455 17 20 0.030282615 
98 12 239 268 0.028921604 
68 425 215 253 0.028921604 
246 336 178 235 0.028921604 
644 320 47 55 0.027884193 
45 418 51 65 0.027884193 
356 461 30 41 0.027884193 
194 350 24 34 0.027884193 
96 580 65 66 0.027884185 
614 377 28 32 0.027884185 
789 416 14 18 0.027838778 
464 400 235 276 0.02643471 
109 413 47 64 0.025519116 
467 438 26 32 0.025519116 
2 531 53 72 0.025519116 
219 367 130 172 0.024156325 
724 495 24 33 0.023349825 
610 326 31 35 0.023349825 
82 181 29 39 0.023349825 
142 232 32 37 0.023349825 
68 412 51 66 0.023349825 
29 304 215 272 0.022069868 
195 123 228 260 0.022069868 
360 341 16 19 0.021603195 
205 339 7 9 0.021603195 
333 453 9 11 0.021603195 
834 47 28 31 0.021360898 
497 493 67 78 0.021360898 
437 584 51 66 0.021360893 
172 445 144 164 0.020159906 
