26_Soldier_Drilling_Soldiers_Drilling_26_610
83
591 62 55 56 0.9991779 
353 -19 215 244 0.9798401 
419 168 273 283 0.6563978 
846 101 186 240 0.59142894 
293 89 285 266 0.4768992 
-6 31 144 150 0.4310897 
723 12 249 266 0.3436022 
199 252 225 233 0.28400344 
218 19 119 141 0.24794048 
535 19 228 223 0.24794048 
638 63 126 159 0.2150812 
471 259 257 279 0.2150812 
633 241 71 95 0.2032784 
689 134 225 240 0.15916686 
437 112 206 227 0.14717786 
640 35 46 55 0.13928533 
-5 164 94 143 0.1065206 
250 34 76 82 0.10106142 
288 20 162 161 0.09803478 
75 5 225 244 0.09015675 
108 276 212 207 0.09015675 
182 17 63 59 0.08567618 
854 7 58 60 0.08567618 
606 46 86 105 0.08285364 
57 299 27 25 0.072444364 
647 59 209 220 0.06984132 
641 51 73 79 0.06655858 
77 250 28 33 0.06111947 
565 202 277 279 0.05874174 
228 145 253 251 0.053832814 
65 370 54 68 0.051466707 
6 55 76 94 0.047198545 
575 46 15 15 0.04595155 
538 213 116 161 0.045153886 
908 22 54 57 0.04326818 
763 44 65 52 0.039651494 
652 102 15 15 0.038923774 
932 352 82 97 0.036325652 
928 33 31 35 0.036325645 
565 22 29 31 0.036325645 
442 17 218 227 0.034593593 
266 321 191 214 0.034593593 
180 3 218 223 0.034593593 
646 107 25 24 0.033269096 
362 373 188 195 0.03163486 
565 26 43 47 0.030461604 
574 25 18 18 0.030282615 
176 300 15 17 0.030282615 
915 193 12 16 0.030282615 
631 28 26 28 0.027884193 
924 23 29 29 0.027884185 
880 11 51 53 0.027884185 
789 175 14 15 0.027838778 
423 339 203 207 0.02643471 
822 352 232 237 0.02643471 
572 41 26 28 0.025519116 
256 4 38 28 0.025519116 
308 26 67 60 0.025519116 
588 2 30 26 0.025519116 
201 253 31 28 0.025519116 
339 370 104 131 0.024156325 
657 105 9 9 0.02351288 
766 235 26 29 0.023349825 
853 211 63 67 0.023349825 
420 309 56 53 0.023349825 
925 192 27 29 0.023349825 
329 366 51 57 0.023349825 
418 257 73 59 0.023349825 
846 321 93 139 0.022069868 
90 349 123 139 0.022069868 
776 106 149 181 0.022069868 
671 108 13 14 0.021603195 
52 283 51 47 0.021360898 
345 176 54 52 0.021360898 
420 473 71 56 0.021360898 
577 14 27 25 0.021360898 
555 15 29 31 0.021360898 
597 462 253 210 0.020159906 
-22 114 178 227 0.0201599 
923 120 103 164 0.0201599 
20 307 257 240 0.0201599 
891 261 170 214 0.0201599 
393 383 104 115 0.0201599 
