26_Soldier_Drilling_Soldiers_Drilling_26_64
42
456 177 49 68 0.9991779 
662 166 46 65 0.9985812 
48 160 46 63 0.9721158 
586 190 25 33 0.9721158 
539 172 22 31 0.47725022 
518 508 235 307 0.30317584 
622 495 232 311 0.19988176 
366 486 200 321 0.1065206 
369 398 17 24 0.0691498 
738 191 15 32 0.06377564 
685 341 15 21 0.054176662 
588 582 134 162 0.053832814 
191 410 29 39 0.051466707 
558 189 23 34 0.051466707 
551 178 25 35 0.051466707 
-4 280 36 72 0.047198545 
421 270 265 366 0.03781825 
572 195 29 41 0.030461596 
266 181 15 22 0.030282615 
454 747 17 17 0.030282615 
31 453 100 180 0.028921604 
93 503 55 95 0.027884193 
40 168 34 44 0.027884193 
432 602 56 65 0.027884185 
627 625 51 74 0.027884185 
0 303 20 48 0.025519116 
143 461 67 89 0.025519116 
235 146 218 311 0.024156325 
599 193 19 25 0.02351288 
534 176 16 28 0.02351288 
260 180 14 21 0.02351288 
752 190 23 32 0.023349825 
309 203 18 29 0.023349825 
215 241 49 86 0.023349825 
244 486 225 302 0.022069868 
764 183 14 21 0.021603195 
530 160 36 54 0.021360904 
448 614 32 39 0.021360898 
637 638 28 42 0.021360898 
711 353 30 41 0.021360898 
627 28 225 307 0.0201599 
20 491 203 293 0.0201599 
