26_Soldier_Drilling_Soldiers_Drilling_26_1022
70
88 496 17 24 0.77087367 
83 -28 228 336 0.4085711 
32 457 18 27 0.31433135 
268 304 8 10 0.27822798 
186 515 232 270 0.14717786 
259 413 25 42 0.13928533 
695 455 7 11 0.1293704 
300 473 225 299 0.115646794 
648 62 222 327 0.115646794 
284 338 13 18 0.111069925 
81 304 15 26 0.10279763 
747 138 218 308 0.09803478 
69 272 9 14 0.09507551 
483 154 289 299 0.06984133 
711 451 5 7 0.069149815 
720 452 8 12 0.06377564 
643 450 6 8 0.06377564 
728 469 7 12 0.05879275 
644 455 6 8 0.05879275 
205 494 106 192 0.053832814 
688 460 5 8 0.04990379 
89 236 20 32 0.04326818 
255 364 239 317 0.04133062 
189 12 265 327 0.04133061 
249 316 12 16 0.038923774 
16 501 29 34 0.036325645 
653 455 5 8 0.035808332 
290 322 8 10 0.035808332 
55 222 12 19 0.035808332 
160 4 138 219 0.034593593 
153 36 76 97 0.033269096 
246 416 14 21 0.03293372 
54 283 13 19 0.03293372 
309 327 6 9 0.03293372 
353 355 5 8 0.032933712 
624 446 6 9 0.032933712 
695 452 5 7 0.030282615 
831 499 6 9 0.030282615 
170 296 15 23 0.027838783 
683 466 6 9 0.027838783 
607 448 6 8 0.02558696 
105 520 15 21 0.02558696 
263 301 5 8 0.02558696 
284 326 15 19 0.02558696 
669 457 5 7 0.02558696 
690 457 5 8 0.02558696 
707 581 15 21 0.02558696 
40 259 12 18 0.02558696 
29 243 6 10 0.02558696 
230 342 28 41 0.025519116 
247 409 28 37 0.025519116 
406 433 124 213 0.024156325 
21 292 13 19 0.02351288 
771 494 4 6 0.02351288 
682 437 6 8 0.02351288 
190 305 6 9 0.02351288 
342 353 6 9 0.02351288 
118 509 13 16 0.02351288 
276 331 15 22 0.02351288 
256 332 17 22 0.02351288 
843 513 7 11 0.02351288 
733 426 109 158 0.022069868 
118 496 7 10 0.021603195 
85 488 17 23 0.021603195 
49 287 14 21 0.021603195 
54 285 8 11 0.021603195 
79 495 101 135 0.0201599 
373 527 134 195 0.0201599 
12 305 100 156 0.0201599 
58 26 117 149 0.0201599 
