33_Running_Running_33_760
72
436 335 79 142 0.9991779 
626 80 225 489 0.98598576 
306 54 162 323 0.97356534 
711 185 218 461 0.9239074 
167 203 134 267 0.89347935 
55 579 186 403 0.8280645 
222 6 228 489 0.6135702 
771 312 235 447 0.56891036 
95 691 82 163 0.5454055 
330 732 130 314 0.45389688 
583 193 67 128 0.43212515 
94 107 209 503 0.4310897 
584 134 104 211 0.30317584 
558 40 188 454 0.2311026 
543 198 44 106 0.1753677 
427 88 225 403 0.17193556 
336 4 206 489 0.13594593 
579 710 188 422 0.13594593 
621 527 206 422 0.115646794 
361 833 27 63 0.10106142 
528 211 269 575 0.09803478 
524 330 68 135 0.09308393 
6 65 222 496 0.090156734 
196 296 86 157 0.08567618 
328 145 94 218 0.07244435 
706 243 95 177 0.06655857 
527 730 19 46 0.06111947 
299 285 74 163 0.06111947 
779 47 215 518 0.053832818 
130 614 142 291 0.053832814 
157 207 69 130 0.051466707 
608 244 24 47 0.04990379 
380 144 124 271 0.04931264 
0 10 117 283 0.045153897 
484 353 60 130 0.04326818 
557 195 61 124 0.04326818 
407 370 25 61 0.04326818 
476 281 206 434 0.04133061 
660 975 67 120 0.039651494 
539 184 106 193 0.03781825 
158 274 206 369 0.03781825 
531 278 59 120 0.036325652 
170 264 86 152 0.036325645 
86 737 222 386 0.034593593 
252 1052 27 65 0.033269096 
111 881 63 120 0.033269096 
87 950 232 468 0.03163486 
550 218 23 56 0.030282615 
687 448 232 468 0.028921604 
319 789 55 122 0.027884185 
255 883 35 63 0.025519116 
363 707 170 403 0.024156325 
510 915 6 15 0.02351288 
671 170 71 130 0.023349825 
161 675 76 137 0.023349825 
558 734 24 51 0.023349825 
709 848 30 58 0.023349825 
505 245 142 283 0.022069868 
458 626 101 230 0.022069868 
632 796 232 398 0.022069868 
864 440 138 296 0.022069868 
501 724 17 41 0.021603195 
302 815 51 116 0.021360904 
254 490 71 137 0.021360904 
519 372 62 157 0.021360898 
658 277 70 114 0.021360898 
838 395 69 124 0.021360898 
408 356 51 104 0.021360898 
177 778 218 434 0.020159906 
421 752 194 454 0.0201599 
-11 611 109 314 0.0201599 
202 406 134 217 0.0201599 
