33_Running_Running_33_209
77
604 142 104 151 0.9994417 
111 115 178 285 0.88435316 
304 228 203 293 0.8144974 
5 -19 222 345 0.71599656 
505 427 188 298 0.28400344 
248 169 28 37 0.23436876 
-29 285 253 316 0.2150812 
410 -51 212 307 0.18550259 
453 307 123 162 0.17193554 
545 453 73 123 0.16258557 
708 95 239 335 0.14717786 
220 307 209 289 0.13594593 
48 25 114 203 0.12544508 
103 -13 206 298 0.115646794 
406 208 136 276 0.1065206 
219 15 18 24 0.10279763 
168 40 114 200 0.08285364 
336 144 57 80 0.07880669 
777 503 128 249 0.076092646 
69 256 222 281 0.06984133 
372 262 73 121 0.06655858 
767 422 232 355 0.064067975 
223 480 225 298 0.05874174 
491 133 26 35 0.056098126 
64 547 253 307 0.053832818 
351 230 116 197 0.053832814 
167 179 117 170 0.053832814 
360 195 31 41 0.047198545 
686 267 246 372 0.045153897 
98 25 109 170 0.04133062 
803 267 186 277 0.04133061 
580 351 212 335 0.04133061 
832 47 35 48 0.039651494 
417 68 28 50 0.036325652 
261 173 28 39 0.036325645 
267 157 186 269 0.034593605 
520 460 111 194 0.034593593 
347 185 34 44 0.033269096 
791 586 80 117 0.033269096 
279 371 62 88 0.033269096 
479 130 25 33 0.033269096 
425 239 28 37 0.033269096 
801 299 65 106 0.030461604 
343 141 39 49 0.030461596 
93 161 123 200 0.028921604 
72 7 30 32 0.027884193 
880 659 31 42 0.027884193 
198 32 57 78 0.027884185 
78 603 60 79 0.027884185 
341 179 51 76 0.027884185 
413 227 46 62 0.025519116 
833 91 31 42 0.025519116 
417 62 51 74 0.025519116 
249 81 28 44 0.025519116 
935 441 91 170 0.024156325 
282 183 12 19 0.02351288 
101 0 11 13 0.02351288 
187 358 82 111 0.023349825 
403 98 51 67 0.023349825 
411 239 28 37 0.023349825 
420 653 32 40 0.023349825 
267 212 117 165 0.022069868 
3 294 95 188 0.022069868 
685 512 180 277 0.022069868 
866 313 18 24 0.021603195 
44 207 56 104 0.021360904 
130 118 52 75 0.021360904 
339 161 35 48 0.021360898 
800 138 32 41 0.021360898 
419 91 30 49 0.021360898 
409 114 31 41 0.021360898 
319 531 73 95 0.021360898 
340 588 35 47 0.021360898 
868 52 31 44 0.021360898 
363 664 30 39 0.021360898 
487 21 149 194 0.0201599 
364 88 212 298 0.0201599 
