33_Running_Running_33_17
22
474 208 51 69 0.9979589 
819 203 209 227 0.14717786 
911 244 109 164 0.05874174 
161 108 194 244 0.04931264 
11 192 269 211 0.04931264 
534 399 28 30 0.04326818 
-5 303 228 244 0.04133061 
329 231 64 88 0.033269096 
651 336 5 5 0.02558696 
327 296 14 19 0.02558696 
450 99 31 37 0.025519116 
586 37 30 34 0.025519116 
662 334 4 5 0.02351288 
690 329 44 53 0.023349825 
441 18 30 34 0.023349825 
805 280 74 57 0.023349825 
360 245 228 305 0.022069868 
-35 108 215 252 0.022069868 
662 331 4 5 0.021603195 
687 339 5 6 0.021603195 
555 306 4 5 0.021603195 
727 420 249 288 0.020159906 
