33_Running_Running_33_119
87
555 146 48 76 0.9990138 
896 178 50 70 0.99870443 
291 162 44 71 0.99706453 
375 345 24 31 0.7488979 
705 350 15 26 0.09507551 
169 201 103 175 0.09015675 
203 160 7 10 0.07494057 
946 126 22 34 0.06111947 
447 185 191 289 0.05874174 
550 298 249 261 0.045153897 
330 527 20 31 0.04326818 
935 108 5 7 0.04229837 
585 554 119 183 0.04133061 
271 457 58 85 0.039651494 
552 64 9 11 0.038923774 
188 148 218 316 0.03781825 
237 353 18 20 0.035808332 
881 514 95 160 0.034593605 
19 68 246 311 0.034593605 
202 343 197 298 0.034593593 
571 409 100 170 0.034593593 
543 57 23 34 0.033269096 
342 272 49 75 0.033269096 
477 484 5 7 0.03293372 
8 623 6 8 0.03293372 
1 568 5 8 0.03293372 
102 622 4 6 0.032933712 
410 347 17 21 0.032933712 
63 617 4 6 0.032933712 
958 105 6 7 0.030282615 
937 104 5 8 0.030282615 
548 63 14 19 0.030282615 
924 114 6 8 0.027838783 
76 591 4 6 0.027838783 
954 129 5 7 0.027838783 
0 640 5 9 0.027838783 
946 118 5 7 0.027838783 
234 516 4 6 0.027838778 
72 590 4 6 0.027838778 
7 616 5 7 0.027838778 
128 131 178 269 0.026434705 
821 623 116 136 0.026434705 
64 580 5 7 0.02558696 
234 343 20 24 0.02558696 
102 618 4 6 0.02558696 
951 75 5 7 0.02558696 
898 86 6 9 0.02558696 
170 571 5 7 0.02558696 
281 479 35 55 0.025519116 
533 314 26 35 0.025519116 
580 46 26 39 0.025519116 
577 20 51 74 0.025519116 
1 507 121 172 0.024156325 
14 583 6 8 0.02351288 
937 112 5 7 0.02351288 
60 532 5 6 0.02351288 
934 112 5 6 0.02351288 
946 114 5 7 0.02351288 
4 616 5 7 0.02351288 
826 459 6 8 0.02351288 
370 174 5 9 0.02351288 
946 110 5 7 0.02351288 
355 284 31 46 0.023349825 
262 414 60 83 0.023349825 
188 251 54 100 0.023349825 
68 589 4 6 0.021603195 
748 1 7 7 0.021603195 
62 632 5 6 0.021603195 
495 531 3 5 0.021603195 
66 582 5 7 0.021603195 
499 522 4 6 0.021603195 
528 508 4 6 0.021603195 
464 454 5 6 0.021603195 
73 593 4 6 0.021603195 
163 103 17 26 0.021603195 
934 119 4 7 0.021603195 
923 110 10 15 0.021603195 
452 484 4 6 0.021603195 
352 219 13 20 0.021603195 
339 185 8 12 0.021603195 
623 176 6 9 0.021603195 
963 395 55 88 0.021360904 
702 348 25 42 0.021360904 
610 543 75 111 0.021360898 
490 270 119 183 0.0201599 
533 494 209 307 0.0201599 
499 365 206 321 0.0201599 
