33_Running_Running_33_490
25
612 178 69 89 0.9996979 
803 38 170 252 0.78491884 
791 206 257 256 0.5 
475 226 33 25 0.30585766 
712 232 23 25 0.26116365 
868 89 124 166 0.2311026 
728 52 170 230 0.15916684 
884 508 95 137 0.1065206 
892 35 128 174 0.09015675 
747 88 98 152 0.04931264 
891 536 57 81 0.039651502 
816 258 24 30 0.036325652 
352 189 261 241 0.03163486 
477 237 21 19 0.030282615 
489 431 206 248 0.028921604 
908 112 73 96 0.027884193 
325 599 39 29 0.027884193 
715 545 76 96 0.027884193 
470 217 56 41 0.027884185 
709 162 228 267 0.026434705 
876 252 28 31 0.025519116 
617 380 194 244 0.024156325 
264 537 117 99 0.022069868 
829 128 186 230 0.022069868 
899 87 25 29 0.021360904 
