33_Running_Running_33_547
62
116 32 56 67 0.99952376 
744 57 52 67 0.99931467 
454 47 48 64 0.99870443 
528 110 43 60 0.9985812 
251 77 51 63 0.9982981 
621 131 47 56 0.9975521 
366 98 43 59 0.9953797 
224 114 269 335 0.78491884 
199 539 29 35 0.47725022 
251 571 31 35 0.38809907 
208 340 197 277 0.28400344 
734 212 239 345 0.17193556 
450 201 235 294 0.17193554 
936 174 16 18 0.15017675 
105 114 203 261 0.09803478 
6 139 7 9 0.09507551 
638 552 8 10 0.08117401 
839 602 6 8 0.08117401 
971 194 31 46 0.07880669 
83 195 17 21 0.06377564 
407 151 175 261 0.05874174 
559 555 33 30 0.056098126 
10 143 14 18 0.054176662 
725 146 59 88 0.047198545 
936 176 9 12 0.04595155 
931 178 15 19 0.045951538 
814 114 63 91 0.039651502 
540 133 246 311 0.03781825 
182 532 48 58 0.036325652 
21 548 73 101 0.036325652 
630 551 13 14 0.035808332 
243 564 49 63 0.033269096 
622 6 5 7 0.032933712 
672 577 26 27 0.030461604 
993 390 36 79 0.030461596 
5 138 12 15 0.030282615 
850 591 7 7 0.030282615 
638 273 257 307 0.028921604 
16 276 89 144 0.028921604 
573 366 56 74 0.027884193 
117 108 65 102 0.027884193 
730 192 30 45 0.027884193 
310 42 27 31 0.027884185 
463 575 5 7 0.027838783 
624 559 15 18 0.027838783 
838 598 12 14 0.027838778 
709 126 203 253 0.02643471 
31 266 249 298 0.026434705 
2 139 8 10 0.02558696 
646 7 5 6 0.02558696 
991 205 28 41 0.025519116 
312 525 19 22 0.02351288 
942 176 11 11 0.02351288 
621 556 27 28 0.023349825 
661 11 5 6 0.021603195 
259 548 16 20 0.021603195 
626 554 13 14 0.021603195 
836 601 6 7 0.021603195 
17 145 8 10 0.021603195 
687 555 19 21 0.021603195 
933 184 19 23 0.021603195 
932 183 8 11 0.021603195 
