33_Running_Running_33_266
226
612 121 39 53 0.9990996 
-1 164 41 53 0.9985812 
394 132 37 46 0.99844605 
363 256 46 74 0.9979589 
485 248 46 67 0.9979589 
796 91 38 57 0.9979589 
183 171 41 50 0.9977647 
749 216 41 56 0.9973194 
874 195 42 58 0.99678564 
239 220 41 62 0.9957801 
95 258 46 64 0.9927347 
282 204 40 48 0.98957527 
767 268 46 70 0.98859274 
254 156 45 61 0.98751885 
809 201 47 62 0.9863452 
479 149 31 48 0.9863452 
35 166 31 44 0.9850627 
888 130 38 53 0.98046196 
665 194 42 40 0.9721158 
383 217 37 49 0.9695384 
923 104 27 50 0.9334414 
511 167 45 63 0.9143238 
152 148 29 41 0.89036 
994 204 28 50 0.849435 
127 185 32 41 0.7488979 
223 153 26 41 0.6744751 
56 143 32 46 0.56787485 
630 302 35 42 0.56787485 
647 322 39 33 0.5454055 
497 148 40 65 0.47725022 
621 374 203 307 0.4085711 
332 161 29 45 0.36670664 
343 336 218 336 0.3647484 
19 164 34 45 0.32552502 
344 116 23 33 0.30585763 
124 155 31 45 0.28687313 
455 121 15 26 0.26116365 
255 212 41 63 0.2511021 
344 97 7 12 0.24479094 
634 315 58 62 0.21842524 
116 151 26 38 0.21842523 
231 148 40 62 0.21842523 
571 174 30 45 0.1753677 
69 211 34 50 0.1753677 
108 146 22 36 0.1753677 
33 359 194 285 0.17193556 
136 142 24 37 0.16258556 
131 156 40 60 0.15056497 
267 180 45 63 0.15056497 
321 162 23 39 0.12872264 
63 144 43 65 0.12872262 
427 318 36 57 0.109639935 
914 118 43 67 0.109639935 
901 598 8 12 0.10279763 
161 143 19 27 0.09507551 
758 239 46 81 0.09308395 
371 229 41 60 0.09308395 
241 177 46 76 0.09308395 
405 330 51 78 0.09308395 
263 141 32 45 0.09308395 
883 122 31 44 0.09308395 
719 353 200 331 0.09015675 
611 2 13 18 0.08787667 
267 130 25 34 0.08567618 
59 176 46 70 0.08567618 
109 131 25 38 0.08567616 
437 124 8 16 0.081174016 
146 139 23 35 0.07880669 
673 333 58 78 0.07880669 
321 143 23 33 0.072444364 
79 140 28 40 0.072444364 
74 219 40 72 0.072444364 
360 151 25 41 0.072444364 
964 330 56 72 0.07244435 
622 279 53 53 0.07244435 
99 98 15 26 0.069149815 
647 149 23 39 0.06655858 
41 167 40 64 0.06655858 
195 448 59 84 0.06655857 
899 110 36 60 0.06655857 
348 155 27 41 0.06655857 
485 145 21 31 0.06377564 
379 119 13 23 0.06377564 
448 126 18 31 0.06111947 
59 204 30 49 0.06111947 
535 321 52 77 0.06111947 
687 293 68 80 0.06111947 
111 114 26 38 0.06111947 
458 115 13 21 0.05879275 
97 135 40 62 0.056098126 
95 135 23 35 0.056098126 
174 151 30 45 0.056098126 
57 608 8 13 0.054176662 
365 431 123 203 0.053832814 
656 186 32 43 0.051466707 
937 144 46 73 0.051466707 
394 200 44 71 0.051466707 
477 148 19 28 0.04990379 
121 146 16 24 0.04990379 
653 322 58 76 0.047198545 
285 342 26 41 0.047198545 
939 106 27 45 0.047198545 
305 157 27 42 0.047198545 
652 161 23 38 0.047198545 
169 153 20 35 0.04595155 
948 607 7 12 0.045951538 
805 341 209 326 0.045153897 
314 150 39 64 0.04326818 
90 153 29 46 0.04326818 
41 134 34 50 0.04326818 
900 594 7 10 0.04229837 
630 9 8 12 0.04229837 
301 199 24 28 0.04229837 
0 624 6 12 0.04229837 
49 445 14 25 0.04229837 
203 487 32 47 0.039651502 
605 288 54 71 0.039651502 
277 163 38 47 0.039651494 
956 180 29 53 0.039651494 
230 142 28 43 0.039651494 
239 373 54 83 0.039651494 
753 601 23 33 0.039651494 
347 111 14 22 0.038923774 
137 112 8 11 0.038923774 
125 196 17 25 0.038923774 
664 606 8 13 0.038923774 
882 382 32 42 0.036325652 
436 144 22 30 0.035808332 
125 150 9 14 0.035808332 
269 365 183 336 0.034593605 
115 174 27 44 0.033269096 
994 544 28 62 0.033269096 
179 528 49 96 0.033269096 
381 124 8 14 0.03293372 
347 0 13 14 0.03293372 
66 611 7 12 0.03293372 
635 321 20 30 0.03293372 
556 173 32 47 0.030461604 
121 182 51 71 0.030461596 
234 444 32 50 0.030461596 
948 110 17 27 0.030282615 
168 147 9 14 0.030282615 
345 84 5 8 0.030282615 
89 149 17 24 0.030282615 
380 128 18 28 0.030282615 
292 8 6 8 0.030282615 
600 281 97 121 0.028921604 
237 321 107 175 0.028921604 
412 216 27 49 0.027884193 
870 349 57 68 0.027884193 
213 426 63 95 0.027884193 
104 189 24 40 0.027884193 
205 155 29 45 0.027884193 
116 227 48 80 0.027884185 
38 208 47 71 0.027884185 
433 130 17 29 0.027838783 
369 19 5 8 0.027838783 
325 26 6 9 0.027838778 
106 95 8 11 0.027838778 
144 135 15 26 0.027838778 
119 200 12 19 0.027838778 
345 100 8 13 0.027838778 
540 342 203 331 0.02643471 
61 647 13 17 0.02558696 
397 627 5 8 0.02558696 
461 127 9 16 0.02558696 
491 95 15 22 0.02558696 
70 149 21 31 0.02558696 
104 149 14 23 0.02558696 
124 4 4 6 0.02558696 
546 328 32 47 0.025519116 
415 214 40 74 0.025519116 
610 330 61 77 0.025519116 
102 106 44 64 0.025519116 
127 122 26 36 0.025519116 
88 204 29 42 0.025519116 
229 171 33 52 0.025519116 
289 167 43 63 0.025519116 
50 431 109 189 0.024156325 
198 349 180 281 0.024156325 
344 90 8 12 0.02351288 
440 129 9 15 0.02351288 
373 112 15 24 0.02351288 
91 143 8 12 0.02351288 
131 111 6 9 0.02351288 
900 602 13 17 0.02351288 
26 144 28 49 0.023349825 
126 126 43 62 0.023349825 
336 125 24 35 0.023349825 
343 140 26 38 0.023349825 
84 125 24 36 0.023349825 
113 195 28 40 0.023349825 
397 521 57 107 0.023349825 
790 214 55 80 0.023349825 
56 376 27 46 0.023349825 
274 341 46 66 0.023349825 
686 579 146 180 0.022069868 
934 453 97 200 0.022069868 
109 155 8 15 0.0216032 
402 224 19 33 0.021603195 
127 144 19 28 0.021603195 
87 139 14 20 0.021603195 
221 151 18 30 0.021603195 
222 471 8 10 0.021603195 
959 609 7 9 0.021603195 
112 109 18 26 0.021603195 
619 7 6 9 0.021603195 
340 56 5 7 0.021603195 
339 119 16 25 0.021603195 
128 108 15 20 0.021603195 
377 109 7 11 0.021603195 
341 94 7 11 0.021603195 
384 23 6 9 0.021603195 
92 154 9 13 0.021603195 
186 476 58 112 0.021360904 
903 637 25 36 0.021360904 
558 354 31 50 0.021360898 
682 293 36 45 0.021360898 
977 184 37 73 0.021360898 
952 108 24 41 0.021360898 
612 -1 28 35 0.021360898 
123 107 26 35 0.021360898 
356 112 23 35 0.021360898 
380 133 27 43 0.021360898 
784 204 26 40 0.021360898 
491 459 212 277 0.0201599 
