33_Running_Running_33_891
34
428 110 138 209 0.9996793 
462 293 215 285 0.4310897 
855 392 188 285 0.28400344 
334 511 261 289 0.28400344 
350 266 281 242 0.26558137 
555 349 128 175 0.14717786 
287 435 228 298 0.13594593 
157 289 188 281 0.1065206 
887 452 106 160 0.06984132 
618 259 29 30 0.06655858 
946 124 17 22 0.054176662 
257 259 232 277 0.04931264 
998 589 23 49 0.047198545 
765 198 7 10 0.04595155 
694 181 9 12 0.045951538 
844 127 7 10 0.045951538 
544 389 100 100 0.039651502 
971 120 9 12 0.035808332 
687 146 188 269 0.034593605 
305 485 140 191 0.034593593 
944 737 32 32 0.033269096 
756 347 111 155 0.028921604 
796 674 69 97 0.027884185 
795 313 13 17 0.027838783 
752 7 7 10 0.02558696 
45 287 29 41 0.025519116 
988 421 7 10 0.02351288 
745 208 7 10 0.02351288 
987 327 31 42 0.023349825 
762 193 12 17 0.021603195 
837 146 13 17 0.021603195 
986 549 8 11 0.021603195 
850 474 7 10 0.021603195 
250 299 146 186 0.0201599 
