43_Row_Boat_Canoe_43_458
310
792 429 8 11 0.9458233 
639 412 6 9 0.94120723 
747 423 8 11 0.94120723 
709 422 8 11 0.9308502 
686 417 8 10 0.9121234 
885 428 10 15 0.90492445 
848 427 10 15 0.90492445 
729 423 8 11 0.88008106 
613 402 6 9 0.87062967 
662 409 7 10 0.8135483 
818 428 10 13 0.755209 
508 401 6 8 0.7040394 
623 417 7 10 0.66669756 
526 405 6 9 0.5858033 
510 373 6 8 0.56463194 
541 394 6 9 0.5432222 
524 390 6 8 0.5216516 
490 396 5 8 0.5 
580 409 6 9 0.5 
580 400 7 9 0.47834834 
597 401 6 10 0.43536806 
378 342 5 7 0.4141967 
808 40 109 140 0.32305852 
461 397 5 7 0.31433135 
771 428 7 11 0.31433135 
12 304 6 9 0.29596066 
560 396 6 9 0.29596066 
503 386 5 8 0.27822798 
487 381 5 7 0.24479094 
553 399 6 9 0.22912635 
837 443 7 10 0.2141799 
542 406 7 9 0.1864517 
379 373 5 7 0.17366187 
603 415 6 8 0.17366187 
764 468 8 11 0.16157512 
813 242 218 302 0.15916686 
721 437 8 12 0.15017675 
178 282 6 9 0.15017675 
580 404 7 10 0.15017675 
655 418 6 9 0.13944872 
519 416 5 7 0.13944872 
52 262 123 177 0.13594593 
807 478 14 19 0.1293704 
318 340 5 7 0.11991897 
484 412 5 7 0.11991897 
573 410 5 8 0.11991897 
613 431 5 7 0.11991897 
612 416 5 8 0.11991897 
473 397 4 6 0.111069925 
463 401 5 6 0.10279763 
720 434 7 10 0.10279763 
501 418 6 8 0.10279763 
792 467 13 17 0.102797605 
678 430 5 7 0.09507551 
293 334 4 5 0.09507551 
589 411 5 8 0.09507551 
573 421 5 8 0.09507551 
783 442 7 10 0.08787667 
335 345 4 6 0.08787667 
325 335 4 6 0.08787667 
824 473 9 12 0.08117401 
836 446 10 16 0.08117401 
559 411 5 7 0.08117401 
663 425 6 8 0.08117401 
669 453 8 10 0.074940585 
297 195 6 9 0.074940585 
582 420 6 8 0.07494057 
8 305 6 9 0.07494057 
609 440 5 8 0.069149815 
746 463 8 11 0.069149815 
601 412 6 9 0.069149815 
356 349 5 8 0.0691498 
481 391 4 6 0.0691498 
392 377 5 6 0.0691498 
737 443 8 12 0.0691498 
454 372 4 6 0.06377564 
21 293 4 5 0.06377564 
554 393 11 15 0.05879275 
728 465 8 11 0.05879275 
824 474 13 18 0.054176662 
807 441 8 13 0.054176662 
546 433 7 10 0.054176662 
611 434 6 8 0.054176662 
677 433 7 11 0.054176662 
701 435 7 10 0.054176662 
480 388 4 6 0.054176662 
478 386 4 7 0.054176662 
361 340 4 6 0.054176662 
475 397 5 6 0.04990379 
453 405 4 6 0.04990379 
774 451 11 16 0.04990379 
451 393 4 6 0.04990379 
290 334 4 6 0.04990379 
604 420 5 8 0.04990379 
212 311 5 7 0.04990379 
374 350 5 7 0.04990379 
455 403 4 6 0.04990379 
333 345 4 6 0.04990379 
15 301 6 9 0.049903784 
19 303 5 8 0.049903784 
591 420 5 8 0.04595155 
822 476 8 12 0.04595155 
533 422 5 8 0.04595155 
595 446 6 8 0.04595155 
477 378 5 6 0.045951538 
651 428 6 9 0.045951538 
505 382 6 8 0.045951538 
24 293 4 6 0.045951538 
281 355 4 6 0.045951538 
552 150 22 26 0.04326818 
832 229 5 7 0.04229837 
448 393 4 6 0.04229837 
535 401 5 8 0.04229837 
375 373 5 8 0.04229837 
365 356 5 7 0.04229837 
589 414 6 9 0.04229837 
643 430 5 8 0.04229837 
480 383 5 6 0.04229837 
348 190 8 11 0.04229837 
407 377 5 7 0.04229837 
492 399 6 9 0.038923774 
610 420 5 8 0.038923774 
49 293 6 8 0.038923774 
341 344 4 5 0.038923774 
659 419 7 10 0.038923774 
374 377 5 6 0.038923774 
47 292 5 7 0.038923774 
571 423 6 9 0.038923774 
554 428 6 9 0.038923774 
615 148 8 12 0.035808332 
494 382 5 7 0.035808332 
371 352 5 8 0.035808332 
357 345 5 8 0.035808332 
612 443 6 9 0.035808332 
783 464 6 9 0.035808332 
331 359 5 7 0.035808332 
524 409 6 9 0.035808332 
370 340 5 6 0.035808332 
579 420 6 9 0.035808332 
531 411 5 8 0.035808332 
508 376 5 7 0.035808332 
499 397 5 8 0.035808332 
648 421 5 8 0.035808332 
554 409 6 8 0.035808332 
779 442 8 11 0.035808332 
480 378 5 7 0.035808332 
28 293 4 6 0.035808332 
-14 461 117 200 0.034593605 
848 471 11 15 0.03293372 
654 422 7 10 0.03293372 
513 375 6 9 0.03293372 
648 425 6 9 0.03293372 
351 192 8 11 0.03293372 
727 466 14 18 0.03293372 
738 438 8 12 0.03293372 
105 211 8 11 0.032933712 
365 377 4 6 0.032933712 
698 430 6 8 0.032933712 
439 388 3 5 0.032933712 
767 429 7 10 0.032933712 
606 443 5 7 0.032933712 
395 364 5 7 0.032933712 
605 389 4 6 0.032933712 
516 401 4 6 0.032933712 
447 396 4 6 0.032933712 
699 438 8 12 0.032933712 
473 406 5 7 0.032933712 
0 36 149 172 0.03163486 
-86 422 293 246 0.03163486 
635 414 7 9 0.030282615 
493 393 6 8 0.030282615 
414 353 5 6 0.030282615 
494 378 5 6 0.030282615 
468 402 4 6 0.030282615 
653 453 6 9 0.030282615 
624 420 7 11 0.030282615 
446 401 4 7 0.030282615 
289 338 4 6 0.030282615 
828 469 7 10 0.030282615 
316 343 5 7 0.030282615 
470 397 4 6 0.030282615 
484 407 5 7 0.030282615 
455 412 5 6 0.030282615 
322 337 5 8 0.030282615 
550 404 6 9 0.030282615 
501 397 5 8 0.030282615 
695 430 5 8 0.030282615 
11 199 222 273 0.028921604 
639 246 228 298 0.028921604 
773 449 21 27 0.027884193 
527 431 6 8 0.027838783 
786 465 9 11 0.027838783 
501 411 5 7 0.027838783 
622 449 7 9 0.027838783 
588 419 6 9 0.027838783 
468 405 4 6 0.027838783 
476 405 5 7 0.027838783 
591 438 6 10 0.027838783 
381 343 5 7 0.027838783 
477 392 5 7 0.027838783 
503 401 5 7 0.027838783 
444 401 4 6 0.027838783 
286 330 4 6 0.027838783 
619 449 6 9 0.027838783 
214 307 4 6 0.027838783 
359 340 4 6 0.027838778 
614 433 7 10 0.027838778 
726 438 7 12 0.027838778 
680 456 7 10 0.027838778 
626 389 5 7 0.027838778 
758 433 7 9 0.027838778 
689 428 6 9 0.027838778 
342 349 4 6 0.02558696 
473 400 5 7 0.02558696 
731 457 8 10 0.02558696 
805 480 9 12 0.02558696 
561 413 6 9 0.02558696 
648 416 6 8 0.02558696 
553 419 5 8 0.02558696 
536 415 6 9 0.02558696 
576 401 6 8 0.02558696 
551 396 5 8 0.02558696 
18 296 4 6 0.02558696 
538 396 5 8 0.02558696 
510 411 5 8 0.02558696 
629 416 6 9 0.02558696 
652 416 6 10 0.02558696 
625 392 5 8 0.02558696 
567 407 6 9 0.02558696 
553 433 6 9 0.02558696 
339 368 5 7 0.02558696 
531 405 5 8 0.02558696 
417 384 4 6 0.02558696 
622 401 5 8 0.02558696 
794 437 7 11 0.02558696 
876 339 128 191 0.024156325 
17 334 235 285 0.024156325 
277 321 4 5 0.02351288 
463 394 5 8 0.02351288 
0 297 4 6 0.02351288 
4 305 5 8 0.02351288 
216 307 4 6 0.02351288 
624 413 7 9 0.02351288 
820 434 9 12 0.02351288 
464 405 4 6 0.02351288 
458 394 9 13 0.02351288 
487 396 6 7 0.02351288 
485 387 5 7 0.02351288 
712 424 10 14 0.02351288 
772 432 11 16 0.02351288 
485 392 5 7 0.02351288 
638 437 6 10 0.02351288 
319 336 5 7 0.02351288 
516 397 5 7 0.02351288 
798 467 7 11 0.02351288 
367 343 5 7 0.02351288 
643 426 6 9 0.02351288 
769 471 6 9 0.02351288 
433 392 4 6 0.02351288 
595 424 5 8 0.02351288 
491 426 6 8 0.02351288 
368 340 4 6 0.02351288 
638 417 7 10 0.02351288 
537 404 5 8 0.02351288 
498 406 5 7 0.02351288 
646 428 6 9 0.02351288 
495 406 4 6 0.02351288 
817 481 8 11 0.02351288 
277 359 4 6 0.02351288 
654 429 6 9 0.02351288 
569 54 29 42 0.023349825 
702 50 32 41 0.023349825 
790 -9 170 228 0.022069868 
400 373 4 6 0.021603195 
378 346 5 8 0.021603195 
355 352 6 8 0.021603195 
363 354 5 7 0.021603195 
399 393 4 6 0.021603195 
778 461 8 11 0.021603195 
409 352 4 6 0.021603195 
481 396 4 6 0.021603195 
756 457 8 12 0.021603195 
745 457 9 11 0.021603195 
243 326 4 6 0.021603195 
22 329 4 6 0.021603195 
716 432 7 10 0.021603195 
290 331 4 5 0.021603195 
505 390 5 8 0.021603195 
311 330 4 6 0.021603195 
609 448 5 8 0.021603195 
593 449 6 9 0.021603195 
263 349 4 6 0.021603195 
754 442 8 11 0.021603195 
756 437 9 12 0.021603195 
408 382 5 6 0.021603195 
7 300 10 15 0.021603195 
355 194 7 10 0.021603195 
635 435 6 9 0.021603195 
0 301 4 8 0.021603195 
549 409 5 8 0.021603195 
604 423 5 7 0.021603195 
668 424 6 9 0.021603195 
805 446 8 12 0.021603195 
362 343 4 7 0.021603195 
372 377 4 6 0.021603195 
276 362 4 6 0.021603195 
369 356 5 8 0.021603195 
570 401 6 8 0.021603195 
537 152 21 28 0.021360898 
785 89 128 162 0.020159906 
