43_Row_Boat_Rowboat_43_287
21
532 171 32 48 0.9927347 
226 54 114 185 0.30317584 
507 386 239 301 0.2150812 
242 81 73 108 0.13928533 
-13 47 249 338 0.13594593 
-26 307 188 256 0.1065206 
476 6 228 314 0.08285364 
142 6 183 275 0.076092646 
445 275 93 115 0.064067975 
222 0 218 284 0.05874174 
584 118 257 263 0.04133061 
480 292 74 81 0.039651502 
753 28 253 284 0.034593593 
207 461 265 288 0.034593593 
246 198 51 76 0.027884185 
881 471 203 263 0.026434705 
223 78 58 91 0.023349825 
206 153 112 150 0.022069868 
82 522 8 11 0.021603195 
551 177 32 39 0.021360898 
62 455 246 288 0.0201599 
