43_Row_Boat_Canoe_43_93
55
632 250 19 28 0.98997927 
121 35 6 9 0.47834834 
695 325 6 9 0.13944872 
157 30 4 7 0.08787667 
236 593 246 319 0.06984132 
831 450 63 71 0.06655857 
238 35 7 10 0.06377564 
645 349 16 25 0.045951538 
130 28 7 10 0.045951538 
886 407 47 76 0.04326818 
127 30 7 9 0.04229837 
616 288 71 89 0.039651502 
677 52 22 33 0.039651502 
174 19 4 6 0.038923774 
237 25 6 9 0.038923774 
212 133 123 167 0.03781825 
130 23 7 10 0.035808332 
124 34 6 9 0.035808332 
592 355 13 24 0.035808332 
88 54 7 10 0.035808332 
583 385 6 9 0.035808332 
713 172 124 146 0.034593605 
600 368 25 39 0.033269096 
132 33 5 8 0.03293372 
179 28 6 9 0.032933712 
168 34 5 8 0.032933712 
23 100 218 306 0.03163486 
41 -1 124 130 0.03163486 
326 439 45 70 0.030461596 
839 468 39 46 0.030461596 
108 32 6 10 0.030282615 
140 62 277 284 0.028921604 
759 559 68 87 0.027884193 
589 398 27 41 0.027884193 
239 38 8 11 0.027838783 
935 435 6 9 0.027838783 
166 30 5 7 0.027838778 
357 28 16 25 0.02558696 
535 430 235 288 0.024156325 
900 434 4 6 0.02351288 
126 17 6 9 0.02351288 
116 24 6 9 0.02351288 
238 20 5 8 0.02351288 
879 479 8 10 0.02351288 
114 28 5 9 0.02351288 
89 51 123 132 0.022069868 
83 351 222 339 0.022069868 
454 1 6 8 0.021603195 
234 38 6 9 0.021603195 
869 476 5 6 0.021603195 
341 468 6 9 0.021603195 
451 9 5 8 0.021603195 
118 29 6 8 0.021603195 
602 330 60 78 0.021360898 
147 140 123 157 0.0201599 
