43_Row_Boat_Canoe_43_276
27
510 214 23 29 0.993937 
336 249 222 225 0.115646794 
213 249 269 298 0.115646794 
61 291 209 277 0.076092646 
330 548 26 34 0.056098126 
873 521 31 33 0.04326818 
575 492 61 73 0.039651502 
142 419 15 20 0.032933712 
491 465 10 10 0.030282615 
30 179 23 29 0.027884193 
282 30 146 128 0.026434705 
860 119 5 6 0.02558696 
885 71 21 28 0.025519116 
866 88 23 27 0.025519116 
143 405 17 23 0.02351288 
874 50 14 17 0.02351288 
861 48 14 19 0.02351288 
78 299 29 34 0.023349825 
83 106 130 116 0.022069868 
197 -8 269 209 0.022069868 
510 305 7 8 0.021603195 
100 398 8 9 0.021603195 
15 412 8 10 0.021603195 
85 405 8 10 0.021603195 
855 175 7 9 0.021603195 
505 273 24 31 0.021360898 
868 46 25 29 0.021360898 
