43_Row_Boat_Rowboat_43_688
23
482 339 32 34 0.98046196 
201 363 215 220 0.8144974 
-3 284 215 259 0.28400344 
506 283 232 244 0.17193556 
700 247 215 214 0.05874174 
835 289 212 241 0.045153886 
90 326 57 59 0.04326818 
900 380 26 29 0.04326818 
80 117 273 259 0.04133062 
414 60 31 29 0.036325645 
143 354 29 35 0.036325645 
454 259 172 202 0.034593605 
472 306 56 65 0.033269096 
144 370 78 87 0.030461596 
347 332 203 237 0.028921604 
853 173 27 28 0.027884193 
120 335 50 57 0.027884185 
279 68 33 30 0.025519116 
488 324 53 57 0.023349825 
896 33 63 68 0.021360898 
582 258 253 230 0.0201599 
197 134 281 220 0.0201599 
121 347 200 208 0.0201599 
