43_Row_Boat_Canoe_43_227
24
644 226 34 48 0.99891996 
456 218 33 47 0.9979589 
147 307 95 122 0.26558137 
154 322 55 79 0.2511021 
98 269 8 9 0.16157512 
595 270 14 17 0.15017675 
268 253 5 6 0.08117401 
101 200 62 61 0.07880669 
720 332 63 74 0.06655858 
478 14 128 140 0.04931264 
581 226 253 241 0.04931264 
104 231 55 55 0.047198545 
923 502 111 150 0.04133062 
501 275 43 64 0.039651502 
596 274 8 11 0.035808332 
664 296 30 32 0.030461604 
318 262 23 30 0.030461596 
127 213 34 39 0.027884193 
118 271 197 234 0.024156325 
915 107 116 153 0.024156325 
77 187 62 58 0.023349825 
11 189 6 7 0.021603195 
655 286 51 57 0.021360898 
-32 263 215 238 0.0201599 
