43_Row_Boat_Rowboat_43_301
40
503 252 40 61 0.82463235 
717 255 31 37 0.82463235 
712 -80 281 275 0.24794048 
308 76 203 234 0.21508123 
237 175 215 260 0.2150812 
218 407 228 245 0.17193556 
644 240 261 238 0.12544508 
291 238 257 241 0.064067975 
90 389 50 65 0.06111947 
241 199 121 179 0.05874174 
510 264 48 72 0.051466707 
485 245 228 238 0.045153886 
414 150 21 24 0.04326818 
291 280 28 36 0.04326818 
452 9 249 221 0.04133061 
812 456 60 59 0.039651494 
761 69 12 14 0.038923774 
186 286 235 234 0.03781825 
136 183 212 256 0.03781825 
692 67 75 79 0.036325652 
182 118 73 83 0.036325645 
577 367 265 292 0.034593593 
-26 2 218 241 0.03163486 
162 361 212 234 0.03163486 
236 348 44 53 0.030461596 
677 331 29 38 0.027884185 
206 190 31 35 0.027884185 
375 37 212 227 0.02643471 
810 8 121 144 0.026434705 
307 443 215 221 0.026434705 
101 134 57 62 0.025519116 
993 214 22 25 0.025519116 
761 279 228 227 0.024156325 
-13 230 228 263 0.024156325 
281 270 48 56 0.023349825 
941 476 79 92 0.023349825 
69 399 59 69 0.021360904 
481 257 49 66 0.021360904 
473 412 249 245 0.020159906 
950 87 83 130 0.0201599 
