43_Row_Boat_Canoe_43_81
71
279 121 38 49 0.99047405 
658 503 165 160 0.47689918 
407 155 32 40 0.28687313 
486 286 239 303 0.19988176 
259 447 203 277 0.115646794 
312 257 222 273 0.08285364 
221 188 253 257 0.08285364 
721 206 6 6 0.08117401 
232 448 57 73 0.06655857 
433 213 29 33 0.06111947 
676 208 8 9 0.05879275 
664 515 100 84 0.056098126 
784 250 56 59 0.056098126 
404 284 228 243 0.04931264 
238 263 53 63 0.047198545 
678 194 4 5 0.045951538 
725 204 5 6 0.045951538 
493 189 5 6 0.04229837 
696 194 4 5 0.04229837 
81 307 107 168 0.04133062 
270 561 26 44 0.039651494 
584 178 4 5 0.038923774 
703 198 6 7 0.038923774 
409 572 26 28 0.036325652 
335 51 60 78 0.036325652 
182 380 74 66 0.036325645 
745 212 7 8 0.035808332 
-3 148 172 243 0.034593593 
626 496 76 67 0.033269096 
394 161 32 40 0.033269096 
826 243 64 64 0.033269096 
464 160 6 6 0.03293372 
458 136 19 24 0.03293372 
717 215 6 7 0.032933712 
503 172 5 6 0.032933712 
525 434 215 236 0.03163486 
634 285 249 294 0.03163486 
4 177 100 153 0.03163486 
116 334 51 87 0.030461596 
700 201 6 7 0.030282615 
711 201 6 7 0.027838783 
733 198 5 6 0.027838778 
707 221 7 8 0.02558696 
730 195 4 5 0.02558696 
707 200 6 7 0.02558696 
418 148 31 38 0.025519116 
578 217 24 33 0.025519116 
122 370 51 78 0.025519116 
771 219 68 73 0.025519116 
600 474 126 140 0.024156325 
711 204 6 7 0.02351288 
690 189 5 6 0.02351288 
728 203 6 7 0.02351288 
763 218 6 6 0.02351288 
709 217 7 8 0.02351288 
911 255 82 88 0.023349825 
365 501 30 32 0.023349825 
423 496 24 26 0.023349825 
149 152 116 123 0.022069868 
700 198 5 6 0.021603195 
744 220 7 9 0.021603195 
706 226 7 8 0.021603195 
234 134 7 7 0.021603195 
704 190 5 6 0.021603195 
728 209 6 7 0.021603195 
632 196 5 7 0.021603195 
713 194 4 5 0.021603195 
422 217 28 33 0.021360898 
382 158 28 33 0.021360898 
249 110 50 57 0.021360898 
50 269 188 254 0.0201599 
