43_Row_Boat_Canoe_43_538
36
486 401 11 16 0.84982324 
710 393 12 16 0.6856687 
561 452 19 20 0.35282937 
507 407 5 7 0.11991897 
552 446 16 21 0.08117401 
470 437 4 5 0.05879275 
494 487 34 42 0.04326818 
924 460 116 149 0.04133062 
716 395 8 11 0.038923774 
552 447 9 13 0.035808332 
492 397 6 8 0.035808332 
742 430 6 9 0.032933712 
728 392 6 9 0.030282615 
489 420 6 8 0.030282615 
715 421 6 8 0.027838778 
578 444 5 7 0.02558696 
887 364 5 7 0.02558696 
723 394 7 10 0.02558696 
508 371 4 5 0.02558696 
503 409 6 8 0.02558696 
487 460 64 78 0.025519116 
712 373 5 8 0.02351288 
729 402 6 8 0.02351288 
706 378 5 7 0.02351288 
516 437 5 8 0.02351288 
564 455 11 12 0.02351288 
551 454 28 31 0.023349825 
363 413 79 89 0.023349825 
755 60 35 40 0.023349825 
715 410 6 8 0.021603195 
490 392 6 7 0.021603195 
463 384 5 8 0.021603195 
486 420 6 9 0.021603195 
715 371 7 10 0.021603195 
690 372 5 7 0.021603195 
814 413 132 155 0.0201599 
