43_Row_Boat_Rowboat_43_500
37
448 295 25 31 0.993937 
513 396 117 144 0.19988176 
493 337 63 64 0.15056497 
425 331 40 60 0.13928533 
574 353 9 9 0.04990379 
437 296 18 21 0.045951538 
525 29 225 264 0.03781825 
511 156 5 6 0.035808332 
513 223 109 122 0.034593605 
251 211 5 7 0.03293372 
536 215 4 5 0.032933712 
-10 257 111 126 0.03163486 
177 76 111 126 0.03163486 
319 215 16 20 0.030282615 
279 110 121 142 0.028921604 
582 411 17 23 0.027838783 
605 258 4 5 0.02558696 
566 286 5 7 0.02558696 
67 293 4 5 0.02351288 
10 332 7 9 0.02351288 
610 225 4 5 0.02351288 
515 173 4 5 0.02351288 
521 160 4 5 0.02351288 
114 287 5 6 0.02351288 
116 340 222 280 0.022069868 
723 33 218 272 0.022069868 
454 340 114 121 0.022069868 
440 351 209 218 0.022069868 
274 23 116 140 0.022069868 
13 306 4 5 0.021603195 
491 296 12 13 0.021603195 
587 277 4 5 0.021603195 
575 245 5 6 0.021603195 
606 241 5 6 0.021603195 
485 297 6 7 0.021603195 
445 280 43 54 0.021360904 
161 -21 215 264 0.0201599 
