43_Row_Boat_Canoe_43_784
77
400 423 20 26 0.98997927 
350 459 25 32 0.98046196 
658 436 24 31 0.8607147 
225 432 21 28 0.7488979 
209 471 22 29 0.61190087 
216 482 20 24 0.3728605 
476 -20 225 361 0.28400344 
33 145 197 302 0.2311026 
22 25 109 158 0.21508123 
185 468 19 26 0.19995552 
437 91 222 377 0.17193556 
380 472 18 23 0.13944872 
916 7 111 180 0.13594593 
134 175 212 321 0.1254451 
329 470 138 172 0.115646794 
652 186 232 265 0.115646794 
308 440 253 265 0.1065206 
461 254 144 212 0.09803478 
422 420 13 18 0.09507551 
8 518 37 47 0.09308393 
202 465 22 29 0.07880669 
415 -6 121 172 0.076092646 
408 228 8 11 0.074940585 
575 186 30 51 0.07244435 
136 504 18 20 0.0691498 
13 -10 183 302 0.053832818 
206 665 136 151 0.053832814 
9 536 116 165 0.053832814 
240 682 86 74 0.047198545 
951 78 74 125 0.047198545 
364 462 24 33 0.047198545 
198 475 8 13 0.045951538 
340 150 239 350 0.045153897 
366 501 29 37 0.04326818 
433 484 16 22 0.04229837 
346 362 30 47 0.039651494 
21 564 29 34 0.039651494 
783 190 186 281 0.03781825 
341 361 23 29 0.036325645 
236 489 25 34 0.036325645 
422 491 22 30 0.036325645 
198 471 14 21 0.035808332 
580 215 228 335 0.034593605 
24 246 126 191 0.034593593 
345 512 78 102 0.033269096 
657 191 8 10 0.03293372 
639 481 12 15 0.032933712 
-55 436 200 281 0.03163486 
231 481 22 34 0.030461604 
581 44 257 325 0.028921604 
390 -27 194 273 0.028921604 
822 273 69 91 0.027884193 
856 407 188 302 0.02643471 
544 16 134 209 0.026434705 
407 463 15 18 0.02558696 
221 486 11 14 0.02558696 
388 469 17 22 0.02558696 
187 460 6 8 0.02558696 
389 420 15 22 0.02558696 
305 311 7 10 0.02351288 
417 496 16 26 0.02351288 
198 482 9 14 0.02351288 
28 596 62 86 0.023349825 
160 499 21 30 0.023349825 
270 726 43 32 0.023349825 
153 -20 124 177 0.022069868 
278 512 9 12 0.0216032 
246 496 21 30 0.021603195 
140 500 12 14 0.021603195 
337 360 16 21 0.021603195 
492 479 28 37 0.021360898 
356 491 47 62 0.021360893 
924 221 91 165 0.0201599 
522 97 126 215 0.0201599 
362 398 111 170 0.0201599 
769 0 232 316 0.0201599 
115 516 124 160 0.0201599 
