51_Dresses_wearingdress_51_377
45
284 348 401 528 0.99990463 
786 646 167 235 0.9980685 
203 812 107 198 0.99612135 
277 778 183 255 0.97115827 
551 4 26 27 0.34310365 
-20 623 118 245 0.254961 
-1 907 28 56 0.13265146 
8 570 106 197 0.11110834 
222 586 337 417 0.091371454 
148 505 83 127 0.08427163 
360 0 27 26 0.074683756 
92 906 33 37 0.06335514 
470 136 379 424 0.059662856 
280 1 32 29 0.05590486 
398 13 13 17 0.053620614 
566 177 213 278 0.05252806 
281 109 426 539 0.0460147 
503 4 13 15 0.04495053 
51 897 51 59 0.042402744 
981 1 31 24 0.040993534 
173 295 356 499 0.03857309 
344 0 30 29 0.03840411 
404 19 42 53 0.038092636 
541 -2 25 26 0.03756036 
546 16 30 33 0.035221975 
483 43 15 21 0.034072604 
498 -30 166 254 0.03306876 
40 537 141 242 0.030742392 
542 6 48 53 0.029918272 
74 894 50 61 0.02943133 
540 25 14 19 0.029357303 
109 521 104 160 0.028969023 
374 1 19 21 0.028266674 
162 687 25 34 0.026711062 
62 438 16 20 0.02654293 
464 2 17 21 0.02539383 
0 771 49 111 0.023162052 
983 54 28 31 0.02312887 
-69 -72 362 483 0.022913987 
500 2 24 27 0.022039214 
516 28 26 32 0.021687305 
527 25 25 34 0.02153725 
510 9 25 30 0.020361885 
451 2 27 29 0.020144222 
409 34 19 22 0.020011796 
