51_Dresses_wearingdress_51_77
36
410 239 22 28 0.9525019 
801 53 191 246 0.3668925 
148 297 16 19 0.16233146 
523 314 171 246 0.1313404 
797 103 109 129 0.08081719 
743 147 26 42 0.07830495 
777 145 51 51 0.056633264 
876 98 143 157 0.051756766 
164 334 12 16 0.051019773 
565 298 119 138 0.04413232 
557 112 9 11 0.04052361 
201 294 10 12 0.034661237 
141 302 18 19 0.03465642 
271 133 389 463 0.033761665 
-18 -15 409 496 0.03286662 
44 49 213 298 0.030239645 
501 85 8 11 0.028544005 
813 156 12 16 0.027794817 
411 134 14 16 0.027626479 
804 143 28 38 0.026813105 
802 135 56 65 0.025130222 
427 203 343 454 0.025086569 
50 199 35 42 0.025056487 
372 107 16 19 0.02474298 
542 93 8 11 0.024098694 
557 393 116 136 0.023896525 
136 325 27 32 0.023488685 
779 163 33 44 0.023254951 
731 598 57 66 0.022298157 
781 126 30 33 0.021882616 
140 292 19 22 0.021664843 
413 271 17 18 0.021561436 
482 175 16 20 0.02147173 
121 279 101 129 0.021461776 
406 235 17 26 0.020936044 
139 306 26 30 0.020069355 
