51_Dresses_wearingdress_51_445
49
350 306 79 100 0.98748606 
184 324 74 103 0.98556757 
861 308 80 99 0.98172337 
354 667 27 31 0.1815803 
128 1052 36 34 0.0808274 
984 710 13 17 0.07520006 
418 707 31 35 0.06612338 
294 760 26 28 0.056136727 
475 657 463 475 0.056096785 
134 854 26 29 0.054682788 
806 809 29 35 0.054293122 
955 927 31 41 0.049739335 
157 19 41 47 0.045472316 
200 827 15 20 0.044791088 
252 802 26 28 0.04272856 
441 758 31 36 0.040855993 
492 783 28 32 0.040056307 
133 253 496 517 0.039867803 
498 754 13 15 0.03977686 
396 47 85 104 0.03857288 
221 754 14 20 0.037241027 
991 562 29 61 0.036187954 
262 842 12 14 0.035777897 
197 772 14 18 0.03571545 
253 704 30 35 0.035568554 
168 880 15 19 0.033921346 
236 1007 27 37 0.033423282 
429 747 35 40 0.032002825 
176 44 51 56 0.028381413 
477 756 49 66 0.02721599 
441 754 48 62 0.026453612 
452 770 15 18 0.026207069 
143 743 21 29 0.025884349 
302 724 11 13 0.024453385 
216 758 30 38 0.024334434 
701 527 83 112 0.023823464 
873 759 54 70 0.023150407 
175 756 26 31 0.022824714 
227 757 17 21 0.02255295 
397 807 15 18 0.022127936 
164 867 22 25 0.022106571 
212 793 32 37 0.021139093 
367 672 17 21 0.020885473 
770 819 14 19 0.020787876 
190 820 27 30 0.020742191 
701 639 36 40 0.020602487 
202 774 27 31 0.020242974 
186 766 24 29 0.020189682 
501 502 29 40 0.02008458 
