51_Dresses_wearingdress_51_789
37
361 85 132 171 0.9995129 
502 853 12 14 0.1425035 
531 449 391 469 0.09285068 
48 65 40 73 0.09099695 
504 847 11 14 0.07313815 
21 79 51 91 0.05500081 
508 873 12 14 0.051076174 
617 224 10 12 0.04842909 
480 825 13 16 0.046969756 
500 869 15 17 0.04112546 
431 787 33 33 0.036605537 
389 618 140 144 0.036291428 
62 49 48 86 0.03584078 
594 229 12 15 0.0352682 
576 806 10 13 0.03264205 
496 859 11 14 0.030572878 
649 329 24 32 0.029396856 
517 838 12 15 0.028085604 
541 340 10 13 0.027683813 
2 91 58 113 0.026974592 
398 503 207 249 0.026075026 
468 808 13 17 0.025367867 
582 806 13 16 0.024841035 
35 52 70 124 0.024327796 
600 200 10 12 0.024149219 
4 -3 152 209 0.02413501 
620 313 15 19 0.024036646 
699 252 21 27 0.023888528 
488 861 10 14 0.023304738 
469 800 24 29 0.02319028 
499 847 20 24 0.02283032 
654 318 10 14 0.022567092 
652 215 9 11 0.02161485 
618 204 13 17 0.021269873 
629 313 48 59 0.020777367 
508 844 13 16 0.020272294 
460 877 12 14 0.02025696 
