51_Dresses_wearingdress_51_13
17
286 216 276 341 0.9997814 
267 688 375 435 0.179898 
352 804 241 262 0.13075553 
409 482 449 505 0.11266642 
199 714 227 290 0.056079645 
832 1078 28 40 0.054278567 
643 606 241 302 0.042531047 
377 1342 27 32 0.042247325 
417 1351 32 38 0.034776766 
678 938 95 117 0.03477417 
700 968 63 70 0.03187929 
606 522 125 116 0.025726663 
568 496 447 381 0.024765208 
276 1346 48 55 0.024303129 
977 1091 12 16 0.022305664 
311 993 380 509 0.022131918 
645 977 61 67 0.021115294 
