51_Dresses_wearingdress_51_7
22
294 16 64 87 0.9993112 
490 86 29 35 0.99747497 
777 10 70 98 0.99554837 
953 120 37 51 0.97772574 
377 91 30 41 0.91701525 
168 84 17 22 0.8928067 
8 57 20 30 0.8784833 
55 62 22 30 0.878424 
529 58 31 48 0.8121825 
118 71 16 22 0.4247593 
111 107 16 19 0.20051095 
198 80 16 21 0.16124655 
241 40 39 57 0.13181421 
536 56 19 26 0.048396714 
175 87 16 20 0.04541038 
387 103 31 38 0.03625829 
16 65 19 25 0.033249706 
901 132 16 19 0.030066486 
163 56 14 18 0.027453886 
222 128 48 60 0.024701541 
982 134 24 34 0.022609023 
203 136 53 64 0.021807084 
