51_Dresses_wearingdress_51_340
51
565 345 70 97 0.9979101 
46 319 16 22 0.3064327 
43 310 14 16 0.10377972 
190 964 12 16 0.091752395 
55 1012 36 41 0.078742914 
197 1022 14 19 0.07372317 
0 458 9 16 0.0672685 
93 349 13 17 0.06623465 
48 292 11 14 0.061540093 
98 512 14 18 0.04877327 
50 288 10 12 0.04741523 
125 1006 21 25 0.036621373 
315 703 135 185 0.03534654 
206 935 9 11 0.035287146 
44 299 14 17 0.034204315 
118 1009 11 14 0.03389281 
191 1005 12 14 0.033613242 
102 1013 10 13 0.032696456 
35 432 15 17 0.03204163 
189 999 11 14 0.031256825 
185 964 11 15 0.031064982 
498 -12 105 176 0.030765772 
200 940 9 12 0.03000937 
351 968 9 11 0.028245574 
137 1013 13 16 0.026918085 
44 1014 53 66 0.026522238 
780 1004 119 179 0.026502175 
78 5 15 18 0.02537973 
753 538 24 31 0.02475447 
365 1172 11 14 0.02452132 
196 1013 11 13 0.024307726 
99 355 12 15 0.024000244 
95 462 12 16 0.023979785 
153 994 53 65 0.023755863 
244 1085 105 123 0.023356525 
229 1042 179 223 0.023257865 
235 177 355 483 0.023220241 
58 322 13 17 0.023198847 
188 958 20 26 0.022840466 
219 1144 102 126 0.022468649 
72 1012 30 33 0.021913193 
232 1059 13 16 0.021666732 
1 303 10 13 0.020987453 
185 1004 11 14 0.020895138 
4 307 10 13 0.020869235 
160 1000 10 11 0.020545186 
365 1179 11 12 0.020339156 
174 965 10 13 0.020285813 
46 1001 33 40 0.020230765 
95 1021 12 14 0.02007352 
38 302 10 13 0.020026388 
