49_Greeting_peoplegreeting_49_894
414
779 263 51 57 0.99887556 
484 244 49 65 0.9981469 
711 252 52 65 0.99520004 
925 259 48 55 0.985451 
85 253 55 76 0.98184586 
556 288 45 65 0.9787309 
901 271 35 46 0.97838587 
47 289 46 70 0.97428936 
408 296 52 67 0.94169706 
777 387 48 50 0.9306585 
1002 275 23 42 0.593137 
0 251 14 18 0.34616634 
862 75 14 16 0.3412022 
277 247 33 56 0.34111288 
509 85 9 10 0.29233387 
936 45 10 12 0.26457113 
829 82 12 16 0.21891157 
292 244 39 58 0.21453518 
208 262 34 54 0.21369626 
959 140 13 17 0.20091897 
308 205 11 13 0.17646547 
957 52 9 12 0.17541496 
301 142 9 11 0.16662894 
839 103 8 11 0.16447996 
358 180 11 14 0.15109673 
519 179 10 12 0.1450732 
317 150 10 13 0.14251317 
908 83 11 14 0.13962816 
493 135 10 12 0.1390809 
814 479 75 120 0.1374097 
974 208 10 13 0.12943666 
984 183 9 11 0.12388371 
561 319 43 48 0.12358984 
630 165 11 12 0.12037585 
821 92 12 13 0.120208204 
683 289 23 35 0.12007136 
816 75 11 13 0.119111985 
508 472 58 74 0.11703496 
307 242 44 55 0.115181856 
222 249 39 67 0.11470951 
641 205 11 14 0.1128751 
41 125 8 11 0.11147253 
814 38 8 11 0.10028037 
621 56 8 11 0.09308437 
973 86 10 11 0.09047119 
889 92 10 14 0.09039385 
216 244 27 52 0.09023082 
888 28 9 11 0.090030864 
627 188 10 12 0.085730955 
443 150 11 13 0.08525752 
372 236 11 14 0.08259461 
494 151 10 12 0.07925367 
864 54 9 12 0.07906974 
870 98 12 15 0.07799938 
63 284 38 52 0.076648004 
752 142 11 14 0.07484156 
879 47 8 11 0.073795184 
428 512 39 56 0.07357807 
673 152 9 12 0.07287204 
568 88 10 12 0.071941555 
720 57 9 11 0.07175327 
512 178 10 12 0.07124921 
680 214 9 11 0.07070371 
958 112 10 12 0.06983497 
541 135 9 12 0.069109224 
375 73 8 9 0.068520404 
663 128 9 11 0.06635 
1013 153 10 15 0.06634351 
637 164 8 11 0.06608028 
729 36 8 11 0.06563228 
603 117 11 13 0.065085545 
567 91 13 16 0.064817786 
629 197 9 12 0.064191684 
666 222 9 11 0.06396492 
810 39 8 10 0.061680827 
249 247 42 66 0.061025795 
1007 111 11 15 0.060447797 
385 287 51 64 0.060075007 
837 198 10 13 0.06004325 
318 201 10 11 0.059402544 
830 45 10 12 0.05930156 
904 31 9 12 0.05917776 
561 222 9 12 0.058606043 
805 100 10 12 0.05846513 
843 261 28 40 0.058121424 
974 264 15 20 0.05808108 
904 78 12 15 0.05807987 
807 95 10 12 0.057669207 
55 133 11 13 0.0570648 
535 134 10 12 0.056709252 
415 124 10 12 0.05511713 
903 53 8 11 0.055033423 
665 132 9 11 0.053271007 
985 278 29 36 0.053007547 
953 48 10 12 0.05293846 
311 200 12 14 0.05272386 
80 219 13 16 0.052532353 
996 215 10 12 0.052443538 
792 216 8 10 0.051869266 
696 52 12 15 0.051783282 
823 84 14 18 0.050911017 
340 181 9 12 0.05066494 
644 273 24 40 0.050532717 
975 63 10 12 0.050306886 
647 80 13 17 0.048139546 
769 102 8 10 0.048011426 
1008 174 11 15 0.04776218 
793 134 9 12 0.047426004 
71 127 9 12 0.047074314 
687 83 11 13 0.046783857 
831 31 8 9 0.04659239 
646 199 9 12 0.04655572 
527 127 10 12 0.046314515 
488 155 10 11 0.046257347 
575 52 9 11 0.046206016 
58 151 8 11 0.045401927 
174 252 60 66 0.04517825 
392 191 10 12 0.04509464 
314 154 10 13 0.045023277 
594 293 33 52 0.04477109 
587 116 13 16 0.04474629 
583 48 8 10 0.04430592 
857 141 10 12 0.04383905 
470 275 12 16 0.043644663 
953 110 10 13 0.043620724 
984 98 11 14 0.043609045 
807 44 8 11 0.0433273 
920 77 11 14 0.04327635 
375 120 10 11 0.04296973 
417 256 20 23 0.042764455 
936 212 8 11 0.042311274 
134 191 9 11 0.04229729 
833 39 9 10 0.042217318 
1013 102 9 12 0.04216968 
782 32 7 9 0.04197811 
536 459 47 67 0.04186452 
990 87 11 13 0.04161618 
47 120 9 12 0.041609123 
53 126 10 13 0.04136692 
921 222 9 11 0.041112084 
815 60 12 14 0.04069998 
548 182 10 13 0.040050328 
339 323 52 62 0.03978982 
651 284 25 35 0.03962483 
908 30 9 12 0.03926185 
439 166 11 13 0.0391735 
822 77 11 14 0.039160408 
505 81 9 11 0.03898145 
399 196 9 11 0.03877654 
327 200 9 12 0.038363453 
425 207 8 10 0.038217146 
827 51 11 13 0.03816591 
832 256 24 37 0.037961256 
527 118 10 12 0.037958264 
655 158 10 11 0.03763201 
207 115 9 11 0.03750596 
496 95 9 11 0.037377033 
661 157 9 11 0.03724157 
623 101 12 14 0.03715962 
981 80 10 11 0.037062243 
976 119 10 12 0.036848545 
623 160 10 11 0.036694203 
593 40 8 9 0.036550764 
911 55 9 11 0.036547538 
880 52 10 12 0.035759293 
-2 254 20 33 0.035727907 
370 307 56 63 0.03572318 
672 53 8 11 0.03566528 
917 55 9 12 0.035132937 
981 38 8 11 0.034893204 
444 165 11 12 0.034470603 
33 184 9 10 0.03442385 
825 47 10 12 0.034296095 
734 36 8 10 0.034108385 
9 123 10 13 0.034059566 
580 97 14 17 0.03398866 
554 459 27 47 0.033825524 
350 134 8 9 0.033451244 
865 92 12 14 0.033253912 
640 124 10 14 0.033194724 
751 93 11 12 0.03313155 
644 57 11 15 0.03304595 
785 47 8 11 0.03302681 
754 257 51 60 0.03299722 
31 127 9 11 0.032968067 
648 165 10 12 0.032813735 
431 307 38 51 0.032768175 
988 99 13 16 0.032418 
930 43 10 13 0.032394134 
40 119 10 12 0.03234905 
863 47 9 11 0.032242052 
455 188 12 14 0.032219365 
673 294 25 33 0.032207552 
948 173 10 12 0.03184949 
809 33 8 10 0.03168087 
376 171 11 13 0.031656034 
552 62 8 11 0.03158628 
442 529 30 44 0.031535044 
750 101 9 11 0.03144178 
369 158 9 12 0.031410187 
61 132 10 13 0.03137404 
39 110 11 12 0.0313684 
772 101 10 11 0.031361986 
677 111 8 11 0.031227369 
836 151 11 12 0.030942727 
928 39 10 12 0.030904146 
966 119 9 11 0.030873286 
897 216 9 11 0.030685572 
348 340 58 72 0.03057316 
158 163 12 14 0.030512502 
582 52 10 13 0.03043682 
894 133 9 11 0.030424876 
678 139 10 12 0.030162891 
15 80 7 9 0.029982619 
769 95 10 12 0.029898984 
406 116 9 12 0.029865617 
369 72 8 10 0.02982695 
907 140 12 14 0.029824529 
733 136 9 11 0.029734839 
888 134 9 12 0.02972585 
463 127 9 11 0.02960544 
318 167 9 11 0.029538859 
225 112 9 12 0.02953199 
39 80 7 10 0.029359177 
818 163 12 14 0.029332707 
406 62 9 10 0.02919864 
658 302 18 21 0.029164884 
919 116 11 13 0.02914966 
1001 115 12 16 0.029001826 
879 167 9 10 0.028970648 
156 263 63 79 0.028894551 
654 152 10 11 0.028876616 
758 72 9 11 0.028875118 
687 518 14 14 0.028757703 
844 262 15 21 0.028499726 
429 183 10 11 0.02843272 
345 134 9 10 0.028350303 
790 115 11 14 0.02834307 
382 72 8 9 0.028334202 
407 85 9 12 0.028050063 
982 62 10 13 0.028037053 
557 63 9 11 0.02784219 
422 124 11 13 0.0277694 
782 125 10 13 0.027701033 
940 51 11 14 0.027652614 
839 165 11 13 0.027527899 
783 78 7 10 0.027350398 
758 101 10 12 0.027241478 
672 110 9 12 0.027174842 
381 119 8 10 0.027126987 
744 136 9 12 0.027079528 
942 213 10 13 0.027071526 
668 134 10 12 0.027066533 
833 156 10 13 0.026965475 
799 108 11 14 0.026872002 
726 85 8 11 0.026820155 
820 71 18 24 0.026800059 
502 93 11 13 0.026754783 
862 135 10 13 0.026667552 
971 89 15 17 0.026614487 
550 117 9 12 0.026537856 
982 141 9 12 0.026518079 
920 17 8 10 0.026456531 
843 120 15 19 0.026444124 
1009 68 9 11 0.026366826 
935 128 11 12 0.026364477 
806 61 10 13 0.02635415 
853 84 13 16 0.02612059 
633 203 11 14 0.026076408 
556 480 32 44 0.025911974 
70 79 8 11 0.025886837 
975 81 10 11 0.025878552 
844 163 13 15 0.025851738 
926 160 11 14 0.025824673 
729 136 9 11 0.025664432 
286 142 8 12 0.025584403 
222 68 14 19 0.025530526 
662 115 11 13 0.025412718 
588 98 12 15 0.025374448 
190 105 11 15 0.02524184 
342 232 10 12 0.02513604 
598 40 7 9 0.025121706 
407 70 9 10 0.025088267 
319 145 9 12 0.025027394 
622 117 14 16 0.02501718 
703 31 8 10 0.025003716 
756 76 11 13 0.024939092 
812 87 20 24 0.024938868 
34 311 35 53 0.024896633 
878 135 11 13 0.024849756 
974 173 12 14 0.024834612 
750 137 9 12 0.024818838 
935 133 11 14 0.02476655 
837 234 17 20 0.024671217 
796 115 11 14 0.024660984 
383 78 9 11 0.02462297 
753 73 9 10 0.02460963 
663 152 9 12 0.024474712 
344 127 8 10 0.024442358 
782 133 9 11 0.024353059 
963 109 11 13 0.024332894 
584 135 9 12 0.024321724 
503 180 9 12 0.024311654 
614 117 12 15 0.024294503 
806 154 10 14 0.024116397 
978 115 14 16 0.024105055 
629 116 12 14 0.023978032 
53 120 9 11 0.023950744 
441 155 12 15 0.023943763 
455 78 9 10 0.023904445 
369 119 10 12 0.023875546 
896 38 10 11 0.02381196 
756 93 10 12 0.023794627 
501 158 10 11 0.02378665 
893 24 8 11 0.02369531 
649 191 8 11 0.023673762 
574 125 10 12 0.023637779 
590 166 11 13 0.023636246 
446 144 10 13 0.023572298 
343 149 8 11 0.023571951 
688 152 10 12 0.023508778 
554 153 13 18 0.023487756 
415 69 10 11 0.023478482 
542 118 10 13 0.023478117 
790 55 8 10 0.023459245 
660 106 13 16 0.02345713 
487 138 12 15 0.023321193 
902 48 9 11 0.023312012 
940 133 12 13 0.023229975 
676 156 10 12 0.023181263 
464 72 8 11 0.023090657 
974 270 25 37 0.023084251 
615 163 9 13 0.023029987 
744 102 9 12 0.022963362 
436 170 13 16 0.022937674 
828 275 17 21 0.022926297 
381 167 9 11 0.022764785 
408 54 8 10 0.022746645 
862 163 9 12 0.022725765 
544 60 9 12 0.02271792 
672 116 8 11 0.022685861 
303 173 10 12 0.022675565 
909 114 13 16 0.022674307 
546 70 9 11 0.022663584 
640 53 12 14 0.02255982 
63 128 9 12 0.022411067 
617 45 7 10 0.022404836 
726 79 8 11 0.022329906 
494 128 9 11 0.022315951 
783 158 9 11 0.022302557 
518 489 35 42 0.022225516 
965 168 9 11 0.02200295 
878 77 11 14 0.021917246 
777 127 9 12 0.021901166 
792 61 8 11 0.021888524 
892 98 10 13 0.021822471 
63 104 8 10 0.021797571 
320 173 9 11 0.021716774 
353 523 41 55 0.021706834 
768 149 11 15 0.02167394 
560 212 12 15 0.021668825 
53 215 10 12 0.021587657 
800 61 10 12 0.02154674 
502 136 9 11 0.021542294 
327 144 8 11 0.021508658 
599 46 9 11 0.021505335 
286 131 9 12 0.021484591 
865 191 10 13 0.021481095 
872 168 9 11 0.02145295 
805 77 12 14 0.021415984 
927 62 9 11 0.021371132 
999 173 10 13 0.021365676 
523 180 11 13 0.02135265 
468 132 11 13 0.021350108 
837 94 11 14 0.0212953 
441 145 10 12 0.021277549 
903 135 11 13 0.021248149 
662 298 24 29 0.021221818 
599 53 9 12 0.021218935 
1012 165 11 17 0.021166641 
858 46 8 10 0.021164555 
928 107 12 17 0.021162841 
464 93 9 12 0.021157846 
823 53 11 13 0.021115845 
336 148 8 10 0.02109334 
981 107 13 16 0.021064663 
784 38 8 10 0.0210625 
319 87 8 11 0.021062324 
886 166 9 11 0.020982647 
876 118 11 14 0.020965619 
951 58 11 13 0.020904224 
428 208 10 11 0.02086541 
487 91 10 13 0.02085818 
66 79 8 10 0.020738965 
453 525 33 44 0.020728312 
724 421 16 18 0.020704739 
1014 141 10 15 0.02068285 
517 86 8 11 0.020676149 
951 140 13 16 0.020661075 
754 83 12 14 0.020660957 
1009 148 12 16 0.02058001 
501 150 10 12 0.020577691 
988 234 25 36 0.020458933 
814 83 14 18 0.020451171 
545 186 10 13 0.020343192 
439 109 9 11 0.020259228 
510 159 10 13 0.020258797 
465 267 23 30 0.020234905 
699 57 12 15 0.020225575 
904 147 10 12 0.02020426 
657 125 9 11 0.020171583 
311 102 9 11 0.020096393 
114 286 37 48 0.020020364 
678 298 14 20 0.020000016 
