19_Couple_Couple_19_881
54
248 193 95 121 0.9993993 
585 231 92 121 0.9990563 
883 296 27 33 0.66871196 
226 564 38 38 0.22829673 
337 123 15 17 0.14825845 
358 74 12 14 0.14614163 
370 59 13 15 0.14048988 
459 91 14 16 0.119455665 
949 293 17 22 0.10613932 
358 144 14 18 0.07667968 
987 322 24 34 0.060900677 
482 72 14 15 0.05955385 
387 42 15 18 0.053998437 
973 311 23 31 0.053232178 
320 44 12 15 0.049183562 
898 12 37 44 0.045444954 
372 127 10 12 0.043310247 
996 260 17 22 0.04199294 
499 113 14 17 0.037417434 
950 297 26 33 0.036059305 
29 302 13 17 0.03485399 
495 86 12 14 0.034620617 
157 280 14 16 0.034216274 
508 266 13 15 0.034130376 
367 132 11 13 0.032181025 
859 11 30 35 0.032023076 
947 288 43 53 0.03164684 
173 246 12 14 0.031091033 
429 1297 15 17 0.030247195 
-2 403 87 157 0.02931641 
477 83 14 16 0.028924579 
478 90 14 16 0.02840575 
356 125 11 13 0.026828887 
917 334 22 28 0.025904039 
340 101 13 15 0.025752049 
949 141 31 35 0.025591254 
476 67 23 26 0.025051687 
-77 723 390 527 0.02446176 
382 48 15 17 0.024386685 
972 325 17 21 0.024122939 
921 331 14 17 0.02408485 
852 297 17 19 0.023029497 
907 211 31 34 0.022868976 
434 99 14 16 0.022151848 
40 338 20 22 0.021890504 
453 206 11 13 0.021204099 
362 70 13 16 0.021054957 
958 305 45 57 0.021001669 
389 118 12 14 0.020690663 
460 148 13 14 0.020645104 
440 146 12 14 0.020480325 
404 43 16 18 0.02037225 
385 118 10 12 0.020233667 
484 128 12 13 0.020116378 
