0_Parade_marchingband_1_629
204
428 321 7 11 0.9697174 
635 327 9 13 0.96706635 
463 359 9 13 0.96107626 
35 377 10 13 0.9540484 
426 362 9 12 0.95009613 
235 365 10 14 0.9458233 
578 322 8 12 0.94120723 
794 352 10 13 0.9308502 
109 372 12 17 0.92505944 
496 331 8 11 0.91882604 
392 361 9 13 0.90492445 
610 371 11 14 0.88893 
561 368 11 15 0.87062967 
863 355 7 11 0.87062967 
294 353 8 11 0.8263381 
137 359 12 15 0.8135483 
509 368 9 13 0.8000445 
326 358 8 11 0.77087367 
54 334 10 13 0.77087367 
359 362 8 11 0.755209 
288 385 8 14 0.6856687 
532 324 7 10 0.64717066 
955 393 14 22 0.6271395 
1 349 9 12 0.5858033 
406 325 7 10 0.5858033 
635 354 13 18 0.5858033 
863 387 8 15 0.56463194 
652 376 7 13 0.56463194 
203 134 246 350 0.5461031 
5 69 222 311 0.5 
537 336 8 11 0.47834834 
794 405 10 21 0.43536806 
100 40 203 311 0.4310897 
639 359 7 11 0.35282937 
714 335 6 9 0.31433135 
322 358 8 11 0.27822798 
165 391 5 7 0.26116365 
826 341 6 9 0.24479094 
207 349 206 285 0.2311026 
508 390 11 17 0.22912635 
791 374 7 14 0.22912635 
776 340 5 8 0.22912635 
718 398 7 14 0.2141799 
728 342 5 8 0.2141799 
562 326 8 11 0.2141799 
320 358 5 8 0.19995552 
722 354 7 10 0.19995552 
936 248 94 197 0.19988178 
273 387 7 12 0.17366187 
742 335 5 8 0.15017675 
72 385 5 8 0.13944872 
419 346 8 11 0.1293704 
492 357 6 9 0.1293704 
570 345 13 17 0.12937039 
292 380 7 12 0.11991897 
696 312 8 12 0.111069925 
543 321 6 8 0.111069925 
396 386 6 9 0.10279763 
745 371 13 17 0.102797605 
294 376 6 9 0.102797605 
271 383 7 11 0.08787667 
907 18 126 225 0.08285364 
151 406 8 12 0.08117401 
469 385 6 9 0.08117401 
305 396 6 7 0.08117401 
424 330 239 340 0.076092646 
152 386 5 7 0.0691498 
414 340 12 15 0.06377564 
123 401 5 8 0.06377564 
731 341 5 8 0.06377564 
410 325 6 9 0.05879275 
275 381 7 13 0.05879275 
246 392 4 7 0.05879275 
487 353 11 15 0.05879275 
811 269 200 269 0.05874174 
363 364 7 10 0.054176662 
469 144 257 355 0.053832818 
801 52 215 311 0.053832814 
483 338 7 10 0.04990379 
506 333 5 8 0.04990379 
146 361 7 10 0.04990379 
279 381 8 13 0.04990379 
776 326 5 7 0.049903784 
271 296 257 340 0.04931264 
301 436 151 194 0.04931264 
178 35 132 194 0.04931264 
736 356 5 7 0.04595155 
283 381 11 17 0.04595155 
958 392 8 12 0.045951538 
292 341 7 9 0.04229837 
867 387 12 16 0.04229837 
70 402 5 8 0.04229837 
479 342 8 11 0.04229837 
874 384 11 17 0.04229837 
306 399 7 9 0.04229837 
646 376 12 20 0.038923774 
45 425 5 7 0.038923774 
648 374 7 13 0.038923774 
721 395 9 14 0.038923774 
794 378 8 12 0.038923774 
816 350 22 37 0.036325652 
568 397 8 11 0.035808332 
653 379 9 14 0.035808332 
964 398 10 14 0.035808332 
164 222 188 249 0.034593605 
42 37 126 249 0.034593593 
469 16 146 172 0.034593593 
24 425 6 8 0.032933712 
785 372 11 18 0.032933712 
789 331 4 6 0.032933712 
368 363 5 7 0.032933712 
322 397 6 8 0.032933712 
316 54 249 316 0.03163486 
733 297 206 298 0.03163486 
586 361 11 16 0.030282615 
932 420 17 26 0.030282615 
839 321 4 5 0.030282615 
469 403 5 7 0.030282615 
629 350 9 12 0.030282615 
857 385 12 19 0.030282615 
865 336 7 10 0.030282615 
721 402 8 12 0.030282615 
576 348 7 10 0.027838783 
128 373 5 8 0.027838783 
136 478 5 8 0.027838783 
739 334 5 8 0.027838783 
659 339 8 12 0.027838783 
302 393 6 9 0.027838783 
742 331 5 7 0.027838783 
774 337 9 13 0.027838783 
50 404 4 6 0.027838783 
550 354 6 10 0.027838778 
156 371 6 9 0.027838778 
538 321 10 13 0.027838778 
779 334 6 9 0.027838778 
-7 442 119 188 0.026434705 
557 326 222 330 0.026434705 
481 348 13 17 0.02558696 
49 390 6 8 0.02558696 
656 376 8 13 0.02558696 
533 330 11 16 0.02558696 
71 388 7 10 0.02558696 
482 334 6 9 0.02558696 
319 388 5 8 0.02558696 
173 541 5 8 0.02558696 
723 350 6 9 0.02558696 
135 388 5 7 0.02558696 
738 338 5 8 0.02558696 
718 391 8 13 0.02558696 
539 328 8 11 0.02558696 
250 239 142 194 0.024156325 
242 10 218 325 0.024156325 
393 -8 265 311 0.024156325 
639 369 14 20 0.02351288 
757 325 7 10 0.02351288 
69 382 10 14 0.02351288 
632 352 10 13 0.02351288 
713 398 10 18 0.02351288 
564 340 14 19 0.02351288 
720 345 4 7 0.02351288 
823 339 10 15 0.02351288 
1 389 15 20 0.02351288 
423 350 8 10 0.02351288 
296 373 6 9 0.02351288 
131 372 6 9 0.02351288 
229 388 5 8 0.02351288 
516 390 8 13 0.02351288 
788 337 6 9 0.02351288 
839 334 5 7 0.02351288 
144 417 5 7 0.02351288 
728 346 6 10 0.02351288 
802 340 43 63 0.023349825 
31 373 19 25 0.023349825 
859 164 188 298 0.022069868 
777 328 7 9 0.021603195 
423 343 7 9 0.021603195 
208 342 7 9 0.021603195 
432 344 6 8 0.021603195 
412 338 8 12 0.021603195 
71 432 5 8 0.021603195 
442 398 6 8 0.021603195 
106 372 7 10 0.021603195 
79 435 7 11 0.021603195 
428 346 8 10 0.021603195 
547 351 10 16 0.021603195 
852 358 6 9 0.021603195 
139 416 6 8 0.021603195 
481 404 12 16 0.021603195 
69 383 5 7 0.021603195 
277 379 6 9 0.021603195 
745 328 5 7 0.021603195 
852 325 4 6 0.021603195 
755 325 6 9 0.021603195 
749 325 5 8 0.021603195 
746 325 5 8 0.021603195 
481 330 5 8 0.021603195 
535 322 6 9 0.021603195 
362 383 5 8 0.021603195 
839 325 4 6 0.021603195 
435 383 6 9 0.021603195 
711 397 6 11 0.021603195 
251 408 5 6 0.021603195 
277 388 9 12 0.021603195 
748 382 8 12 0.021603195 
