0_Parade_Parade_0_317
334
564 125 15 18 0.9832598 
308 78 13 18 0.88893 
605 106 16 18 0.8135483 
329 74 13 17 0.7040394 
382 83 13 15 0.66669756 
245 88 14 18 0.6271395 
168 200 23 29 0.56787485 
489 91 12 15 0.5 
465 342 54 59 0.47725022 
455 97 16 19 0.43536806 
101 68 13 16 0.4141967 
857 201 39 45 0.4099317 
542 92 13 17 0.3933377 
997 85 23 28 0.38809907 
539 74 16 18 0.3728605 
10 145 20 23 0.3728605 
348 83 12 15 0.35282937 
382 105 13 16 0.35282937 
790 343 63 68 0.30585766 
301 100 12 14 0.29596066 
929 73 11 12 0.278228 
145 155 9 11 0.24479094 
960 109 14 16 0.24479094 
656 152 17 20 0.22912635 
388 323 12 15 0.2141799 
642 108 8 12 0.2141799 
269 101 13 15 0.1864517 
350 96 13 15 0.18645167 
223 98 12 14 0.17366186 
352 125 15 16 0.17366186 
180 67 13 16 0.16157512 
954 62 15 18 0.16157512 
565 86 9 10 0.16157512 
138 108 25 34 0.15056497 
274 101 9 10 0.15017673 
480 88 8 10 0.12937039 
179 105 10 12 0.11991897 
818 99 13 15 0.11991897 
262 99 14 17 0.11991897 
29 91 15 18 0.11991897 
628 152 34 37 0.118850335 
648 79 24 29 0.118850335 
907 92 13 15 0.111069925 
484 63 12 14 0.111069925 
572 63 15 19 0.111069925 
161 92 12 15 0.102797605 
905 88 23 29 0.10106142 
483 89 12 15 0.09507551 
522 107 12 13 0.09507551 
198 85 12 15 0.09507551 
237 70 8 10 0.09507551 
799 114 9 10 0.09507551 
120 73 27 32 0.08567616 
344 122 23 28 0.08567616 
347 62 15 15 0.08117401 
388 120 13 16 0.08117401 
430 85 12 15 0.074940585 
920 84 13 15 0.074940585 
512 89 14 15 0.074940585 
295 97 11 15 0.074940585 
809 91 17 21 0.074940585 
869 89 14 14 0.074940585 
302 123 14 19 0.07494057 
644 132 12 14 0.069149815 
913 88 12 15 0.069149815 
633 155 20 21 0.0691498 
230 74 13 16 0.0691498 
641 136 15 18 0.06377564 
646 103 15 17 0.06377564 
269 70 15 17 0.06377564 
901 243 23 28 0.06111947 
56 145 14 14 0.05879275 
910 70 8 10 0.05879275 
13 91 11 13 0.05879275 
902 71 13 15 0.05879275 
954 66 9 11 0.05879275 
835 71 13 15 0.05879275 
436 299 26 34 0.056098126 
611 84 23 27 0.056098126 
602 457 60 63 0.056098126 
312 121 14 17 0.054176662 
523 129 8 10 0.054176662 
468 64 17 17 0.054176662 
855 72 9 11 0.054176662 
925 81 13 15 0.054176662 
0 108 6 9 0.054176662 
354 117 14 17 0.054176662 
536 96 12 16 0.054176662 
466 71 22 23 0.051466707 
333 83 10 12 0.04990379 
286 94 13 16 0.04990379 
704 72 8 8 0.04990379 
362 83 7 9 0.04990379 
431 68 12 15 0.04990379 
200 107 14 16 0.04990379 
411 95 9 10 0.04990379 
513 96 15 16 0.04990379 
308 87 9 12 0.04990379 
899 78 14 17 0.049903784 
534 152 12 14 0.049903784 
862 65 9 10 0.049903784 
292 97 8 10 0.049903784 
447 94 7 8 0.049903784 
783 101 12 14 0.049903784 
391 262 191 202 0.04931264 
138 110 191 231 0.04931264 
381 106 25 28 0.047198545 
599 179 28 37 0.047198545 
317 75 20 21 0.047198545 
931 83 13 14 0.04595155 
519 99 14 17 0.04595155 
417 70 14 18 0.04595155 
304 128 9 12 0.04595155 
651 101 14 17 0.045951538 
914 85 25 31 0.04326818 
317 342 26 35 0.04326818 
725 284 29 28 0.04326818 
396 149 13 14 0.04229837 
555 107 12 14 0.04229837 
0 104 11 17 0.04229837 
319 124 9 11 0.04229837 
790 78 12 15 0.04229837 
346 81 9 10 0.04229837 
340 128 17 19 0.04229837 
951 111 11 14 0.04229837 
449 72 13 16 0.04229837 
123 86 17 20 0.04229837 
23 92 13 17 0.04229837 
416 309 116 132 0.04133061 
32 91 28 30 0.039651494 
869 193 51 64 0.039651494 
742 252 30 35 0.039651494 
742 231 51 63 0.039651494 
326 75 10 11 0.038923774 
952 92 13 14 0.038923774 
960 92 13 14 0.038923774 
541 156 9 11 0.038923774 
904 251 14 15 0.038923774 
608 99 16 19 0.038923774 
548 65 13 16 0.038923774 
280 93 13 16 0.038923774 
227 79 12 14 0.038923774 
219 82 8 10 0.038923774 
642 79 14 16 0.038923774 
793 286 39 41 0.036325652 
448 303 26 34 0.036325652 
4 121 25 33 0.036325652 
958 64 21 22 0.036325645 
190 184 6 8 0.035808332 
900 210 14 18 0.035808332 
487 80 19 22 0.035808332 
349 88 14 17 0.035808332 
621 108 7 10 0.035808332 
6 120 8 9 0.035808332 
508 121 8 10 0.035808332 
510 95 9 11 0.035808332 
664 153 17 18 0.035808332 
687 77 15 17 0.035808332 
569 71 16 19 0.035808332 
301 97 8 11 0.035808332 
2 117 14 17 0.035808332 
536 103 6 9 0.035808332 
305 341 43 58 0.033269096 
98 63 23 25 0.033269096 
918 101 18 21 0.03293372 
337 82 9 12 0.03293372 
188 235 16 19 0.03293372 
483 117 8 10 0.032933712 
292 87 13 16 0.032933712 
765 91 16 18 0.032933712 
664 122 6 9 0.032933712 
653 159 9 12 0.032933712 
347 88 10 13 0.032933712 
356 111 12 15 0.032933712 
39 95 8 9 0.032933712 
346 76 9 11 0.032933712 
312 72 9 10 0.032933712 
841 70 13 15 0.032933712 
939 72 12 15 0.032933712 
897 85 14 17 0.032933712 
651 103 8 10 0.032933712 
112 62 45 50 0.030461596 
896 78 43 52 0.030461596 
460 307 28 33 0.030461596 
920 79 22 25 0.030461596 
619 79 18 20 0.030282615 
976 108 14 16 0.030282615 
414 93 8 9 0.030282615 
704 74 12 14 0.030282615 
591 91 15 17 0.030282615 
691 95 14 17 0.030282615 
852 95 8 9 0.030282615 
556 127 8 11 0.030282615 
437 95 7 9 0.030282615 
788 70 14 17 0.030282615 
902 98 17 19 0.030282615 
566 193 7 8 0.030282615 
224 82 8 9 0.030282615 
853 75 13 14 0.030282615 
288 73 15 17 0.030282615 
475 66 10 9 0.030282615 
344 65 9 10 0.030282615 
789 296 94 112 0.028921604 
253 359 57 82 0.027884193 
899 84 21 26 0.027884193 
131 99 42 52 0.027884193 
291 96 21 25 0.027884193 
-4 105 48 52 0.027884185 
386 327 9 12 0.027838783 
354 85 8 10 0.027838783 
40 92 14 16 0.027838783 
344 85 9 11 0.027838783 
205 113 9 11 0.027838783 
529 99 12 14 0.027838783 
300 82 12 17 0.027838783 
48 94 14 17 0.027838783 
147 151 15 19 0.027838783 
306 85 9 12 0.027838783 
104 109 16 20 0.027838778 
288 104 9 10 0.027838778 
322 72 8 9 0.027838778 
966 93 9 10 0.027838778 
230 100 8 10 0.027838778 
658 106 10 11 0.027838778 
836 121 14 18 0.02558696 
391 140 16 19 0.02558696 
658 156 10 12 0.02558696 
227 67 15 17 0.02558696 
297 90 13 17 0.02558696 
588 127 13 17 0.02558696 
282 92 8 10 0.02558696 
11 118 14 16 0.02558696 
167 94 9 11 0.02558696 
803 66 8 9 0.02558696 
488 71 18 19 0.02558696 
300 106 14 18 0.02558696 
364 78 14 17 0.02558696 
10 85 13 15 0.02558696 
9 80 9 10 0.02558696 
526 113 9 11 0.02558696 
291 101 9 12 0.02558696 
350 65 9 9 0.02558696 
447 116 12 17 0.02558696 
73 74 15 18 0.02558696 
346 118 17 19 0.02558696 
674 82 13 14 0.02558696 
420 91 7 8 0.02558696 
578 108 13 15 0.02558696 
326 68 8 10 0.02558696 
284 107 7 9 0.02558696 
335 200 25 30 0.025519116 
607 185 34 45 0.025519116 
428 307 26 35 0.025519116 
294 111 24 28 0.025519116 
291 102 46 51 0.025519116 
254 88 13 17 0.02351288 
321 71 13 16 0.02351288 
577 79 15 17 0.02351288 
567 80 16 17 0.02351288 
517 103 9 11 0.02351288 
915 85 8 11 0.02351288 
480 84 13 17 0.02351288 
959 111 9 11 0.02351288 
18 119 13 15 0.02351288 
396 326 8 10 0.02351288 
911 316 6 7 0.02351288 
388 110 10 11 0.02351288 
273 104 14 17 0.02351288 
744 117 9 11 0.02351288 
170 115 12 18 0.02351288 
594 238 17 20 0.02351288 
549 100 14 17 0.02351288 
420 65 15 16 0.02351288 
795 103 8 10 0.02351288 
645 104 9 12 0.02351288 
790 103 8 10 0.02351288 
53 68 14 17 0.02351288 
96 70 8 12 0.02351288 
454 97 9 11 0.02351288 
639 144 23 27 0.023349825 
177 157 27 35 0.023349825 
477 88 24 26 0.023349825 
172 153 46 58 0.023349825 
856 83 25 27 0.023349825 
613 158 52 58 0.023349825 
487 134 25 27 0.023349825 
48 121 57 68 0.023349825 
657 80 27 31 0.023349825 
162 210 222 297 0.022069868 
83 197 218 256 0.022069868 
317 302 106 110 0.022069868 
723 75 188 228 0.022069868 
790 84 9 11 0.0216032 
63 138 7 9 0.0216032 
315 81 10 13 0.021603195 
422 80 14 17 0.021603195 
382 70 17 20 0.021603195 
926 90 17 21 0.021603195 
643 84 16 19 0.021603195 
584 76 13 15 0.021603195 
872 80 7 7 0.021603195 
468 74 9 11 0.021603195 
860 204 21 23 0.021603195 
540 92 10 12 0.021603195 
477 90 9 11 0.021603195 
947 87 15 17 0.021603195 
198 81 8 9 0.021603195 
561 83 9 11 0.021603195 
402 91 7 7 0.021603195 
729 281 19 18 0.021603195 
632 123 8 9 0.021603195 
387 134 13 18 0.021603195 
317 69 7 8 0.021603195 
228 70 9 10 0.021603195 
212 67 7 9 0.021603195 
270 69 8 8 0.021603195 
853 89 12 14 0.021603195 
955 104 14 18 0.021603195 
220 102 8 10 0.021603195 
382 89 15 17 0.021603195 
450 99 8 11 0.021603195 
348 102 8 10 0.021603195 
633 147 50 56 0.021360904 
453 307 55 60 0.021360904 
789 289 63 63 0.021360904 
376 90 46 55 0.021360904 
355 245 29 32 0.021360898 
884 205 28 37 0.021360898 
703 111 22 24 0.021360898 
92 70 26 29 0.021360898 
848 75 24 25 0.021360898 
838 71 23 25 0.021360898 
646 70 45 51 0.021360898 
578 569 119 99 0.0201599 
