0_Parade_marchingband_1_188
174
253 502 9 12 0.97839683 
920 486 9 14 0.9641916 
548 517 10 13 0.9577016 
211 417 8 11 0.7858201 
442 551 9 12 0.7858201 
576 569 9 12 0.755209 
521 367 8 10 0.60666233 
611 280 7 9 0.5 
555 264 8 10 0.45677772 
334 268 7 9 0.43536806 
590 324 7 9 0.33330244 
50 428 8 10 0.33330244 
241 326 7 10 0.29596066 
118 335 6 8 0.29596066 
115 591 12 18 0.22912635 
297 248 7 10 0.2141799 
455 352 6 8 0.16157512 
694 283 7 9 0.16157512 
63 324 7 8 0.13944872 
687 350 9 11 0.1394487 
797 359 9 11 0.12937039 
995 244 6 8 0.11991897 
353 280 14 22 0.11991897 
602 409 9 10 0.11991897 
587 326 7 9 0.11991897 
310 43 277 253 0.115646794 
342 320 8 10 0.111069925 
681 306 7 9 0.111069925 
664 392 7 9 0.111069925 
617 372 7 9 0.10279763 
781 185 4 6 0.10279763 
362 253 7 10 0.102797605 
556 541 15 22 0.09507551 
338 267 6 9 0.08787667 
800 337 7 11 0.08787667 
301 377 7 8 0.08787667 
140 209 7 10 0.08117401 
678 328 27 35 0.07880669 
724 305 6 8 0.07494057 
158 370 8 9 0.069149815 
245 356 7 10 0.0691498 
670 385 22 28 0.06655858 
784 386 8 10 0.06377564 
996 251 12 18 0.05879275 
864 387 7 9 0.05879275 
510 250 8 10 0.05879275 
492 177 6 8 0.05879275 
438 272 9 10 0.054176662 
250 264 6 8 0.054176662 
627 72 12 17 0.054176662 
116 587 9 14 0.054176662 
776 199 12 14 0.054176662 
337 648 76 83 0.051466707 
288 614 80 83 0.051466707 
294 390 6 9 0.04990379 
1000 247 7 11 0.049903784 
722 334 7 9 0.049903784 
777 73 215 340 0.04931264 
156 55 212 281 0.04931264 
797 365 7 10 0.04595155 
625 395 9 11 0.04595155 
765 228 6 8 0.04595155 
852 429 6 9 0.04595155 
665 388 12 15 0.045951538 
520 400 269 325 0.045153897 
254 567 21 30 0.04326818 
246 297 14 21 0.04229837 
250 321 7 10 0.04229837 
861 385 7 10 0.04229837 
103 10 3 5 0.04229837 
711 404 13 16 0.038923774 
993 245 11 17 0.038923774 
507 396 8 9 0.038923774 
300 355 8 12 0.038923774 
353 284 8 12 0.038923774 
163 550 253 261 0.03781825 
687 308 27 39 0.036325645 
592 353 6 10 0.035808332 
707 370 6 8 0.03293372 
55 10 4 6 0.03293372 
451 321 7 10 0.03293372 
136 714 10 18 0.03293372 
709 406 9 11 0.032933712 
594 324 5 8 0.032933712 
607 346 7 10 0.032933712 
605 344 6 9 0.032933712 
152 368 13 16 0.032933712 
563 304 6 7 0.032933712 
796 340 7 11 0.032933712 
442 546 8 11 0.032933712 
831 337 87 158 0.03163486 
706 355 25 29 0.030461604 
186 538 19 24 0.030282615 
595 373 7 10 0.030282615 
147 597 13 16 0.030282615 
672 391 8 10 0.030282615 
793 361 6 10 0.030282615 
863 377 14 18 0.030282615 
152 378 6 9 0.030282615 
503 213 23 33 0.027884193 
786 360 8 11 0.027838783 
771 200 6 8 0.027838783 
703 264 8 12 0.027838783 
804 337 7 12 0.027838783 
604 352 6 9 0.027838778 
124 583 11 17 0.027838778 
855 426 6 10 0.027838778 
163 368 6 9 0.027838778 
137 146 109 167 0.026434705 
487 188 12 17 0.02558696 
765 251 6 9 0.02558696 
331 254 6 9 0.02558696 
588 353 11 17 0.02558696 
776 195 6 8 0.02558696 
110 590 7 11 0.02558696 
234 325 5 8 0.02558696 
783 183 5 7 0.02558696 
242 363 6 10 0.02558696 
705 365 14 19 0.02558696 
114 599 8 10 0.02558696 
613 263 6 9 0.02558696 
106 9 4 6 0.02558696 
749 196 48 95 0.025519116 
480 193 24 34 0.025519116 
668 309 42 60 0.025519116 
457 217 60 92 0.025519116 
438 601 25 31 0.025519116 
19 167 132 218 0.024156325 
860 420 16 19 0.02351288 
676 390 9 10 0.02351288 
204 442 15 20 0.02351288 
620 348 7 10 0.02351288 
216 191 10 12 0.02351288 
121 312 6 10 0.02351288 
691 348 8 11 0.02351288 
514 234 8 11 0.02351288 
503 280 7 9 0.02351288 
361 270 8 11 0.02351288 
357 274 12 18 0.02351288 
621 306 5 7 0.02351288 
154 372 7 9 0.02351288 
432 256 6 9 0.02351288 
775 448 7 10 0.02351288 
329 263 11 16 0.02351288 
783 417 22 32 0.023349825 
995 249 19 31 0.023349825 
176 568 24 34 0.023349825 
498 228 18 24 0.021603195 
797 335 7 10 0.021603195 
452 355 10 15 0.021603195 
66 304 7 11 0.021603195 
146 212 7 10 0.021603195 
620 386 7 9 0.021603195 
334 252 5 8 0.021603195 
238 326 6 9 0.021603195 
526 364 6 9 0.021603195 
763 229 12 19 0.021603195 
249 247 6 9 0.021603195 
771 196 5 7 0.021603195 
445 304 7 10 0.021603195 
726 332 7 9 0.021603195 
588 365 7 10 0.021603195 
130 584 9 13 0.021603195 
551 327 14 18 0.021603195 
585 327 6 8 0.021603195 
804 389 13 17 0.021603195 
98 10 4 6 0.021603195 
695 367 27 34 0.021360898 
695 316 31 43 0.021360898 
704 388 25 35 0.021360898 
143 183 68 106 0.021360898 
422 18 277 265 0.020159906 
15 211 212 261 0.020159906 
381 499 206 321 0.0201599 
