0_Parade_Parade_0_906
127
351 286 63 94 0.9992494 
563 261 70 104 0.9991779 
639 227 126 170 0.99902797 
441 254 104 140 0.998934 
241 254 95 126 0.99385405 
900 516 30 40 0.96034855 
774 270 24 39 0.13928533 
516 246 83 130 0.115646794 
843 15 11 16 0.08787667 
611 256 98 144 0.076092646 
147 62 5 7 0.0691498 
46 13 4 5 0.06377564 
896 525 19 28 0.05879275 
124 719 5 7 0.05879275 
133 65 6 8 0.054176662 
813 88 6 9 0.054176662 
370 720 4 6 0.04990379 
796 16 9 11 0.04990379 
117 114 5 7 0.04990379 
934 480 25 35 0.047198545 
576 562 14 19 0.04595155 
767 89 5 6 0.04595155 
596 491 8 11 0.04595155 
678 516 7 9 0.045951538 
268 720 5 7 0.045951538 
885 13 7 9 0.045951538 
830 224 65 99 0.04326818 
59 13 5 7 0.04229837 
664 593 8 11 0.04229837 
116 515 7 9 0.04229837 
824 13 7 9 0.04229837 
622 617 8 9 0.04229837 
401 114 6 8 0.04229836 
822 225 23 37 0.039651502 
173 219 47 79 0.039651502 
624 13 7 9 0.038923774 
92 64 7 9 0.038923774 
555 617 5 7 0.038923774 
811 12 6 8 0.038923774 
915 627 9 11 0.038923774 
627 36 6 8 0.035808332 
143 36 5 7 0.035808332 
262 490 8 11 0.035808332 
857 36 200 269 0.034593593 
173 9 5 7 0.03293372 
925 610 16 23 0.03293372 
41 38 5 7 0.03293372 
29 38 5 6 0.03293372 
400 117 7 11 0.032933712 
134 13 5 6 0.032933712 
74 12 5 6 0.032933712 
512 90 6 7 0.032933712 
152 744 5 7 0.032933712 
109 40 7 9 0.032933712 
215 295 7 10 0.032933712 
57 37 5 6 0.032933712 
8 527 6 9 0.032933712 
96 36 6 9 0.032933712 
314 266 76 112 0.03163486 
48 607 106 170 0.03163486 
807 228 46 76 0.030461596 
663 14 5 7 0.030282615 
738 545 6 7 0.030282615 
113 758 6 8 0.030282615 
290 87 7 9 0.030282615 
815 234 28 46 0.027884185 
316 722 7 8 0.027838783 
92 8 5 7 0.027838783 
153 593 7 9 0.027838783 
639 37 7 9 0.027838783 
498 587 8 11 0.027838783 
780 90 5 7 0.027838778 
162 720 4 6 0.027838778 
509 695 5 7 0.027838778 
55 65 7 9 0.027838778 
679 90 4 6 0.027838778 
130 41 7 10 0.027838778 
204 209 103 170 0.026434705 
198 720 6 7 0.02558696 
706 695 4 6 0.02558696 
125 722 6 9 0.02558696 
288 13 5 6 0.02558696 
612 9 7 10 0.02558696 
101 90 5 7 0.02558696 
144 16 7 10 0.02558696 
418 89 5 7 0.02558696 
66 760 6 7 0.02558696 
929 13 4 6 0.02558696 
194 645 5 7 0.02558696 
45 17 4 6 0.02558696 
482 92 8 10 0.02558696 
912 522 30 44 0.025519116 
550 157 222 289 0.024156325 
372 104 12 16 0.02351288 
284 721 16 21 0.02351288 
873 13 5 7 0.02351288 
536 91 12 16 0.02351288 
3 645 5 7 0.02351288 
207 694 6 7 0.02351288 
136 748 6 8 0.02351288 
140 90 5 7 0.02351288 
302 12 5 7 0.02351288 
127 10 4 6 0.02351288 
38 60 5 8 0.02351288 
18 712 16 25 0.02351288 
106 375 119 130 0.022069868 
24 46 6 8 0.021603195 
465 157 4 6 0.021603195 
278 113 6 8 0.021603195 
269 84 5 7 0.021603195 
102 86 5 6 0.021603195 
243 693 6 8 0.021603195 
644 694 7 9 0.021603195 
12 692 5 8 0.021603195 
289 719 5 7 0.021603195 
123 9 5 7 0.021603195 
82 31 8 12 0.021603195 
289 744 5 7 0.021603195 
401 747 4 6 0.021603195 
397 695 5 6 0.021603195 
140 592 5 7 0.021603195 
952 603 9 12 0.021603195 
207 222 48 65 0.021360904 
533 60 59 83 0.021360898 
76 149 186 277 0.0201599 
822 205 114 167 0.0201599 
782 191 94 132 0.0201599 
