0_Parade_Parade_0_887
51
155 362 67 92 0.9999075 
660 188 54 79 0.99984026 
710 316 69 89 0.99984026 
226 261 56 77 0.9997482 
286 294 51 75 0.9996979 
497 326 67 90 0.9996979 
525 235 51 70 0.9996376 
402 291 50 73 0.9973194 
800 520 67 58 0.28687313 
660 535 58 54 0.23436876 
155 74 111 145 0.21508123 
653 52 257 363 0.17193554 
932 46 91 179 0.13594593 
75 613 55 68 0.12872264 
767 427 119 127 0.12544508 
4 53 101 223 0.09015675 
238 163 225 337 0.090156734 
13 579 69 75 0.07880669 
400 455 222 244 0.06984133 
723 198 183 270 0.05874174 
263 278 56 79 0.047198545 
1008 341 16 33 0.045951538 
47 624 62 76 0.04326818 
111 19 172 251 0.04133061 
376 618 61 70 0.039651502 
7 80 175 267 0.03781825 
19 578 100 118 0.034593605 
789 304 76 113 0.033269096 
652 551 37 43 0.033269096 
516 138 206 267 0.03163486 
833 337 253 348 0.03163486 
805 430 75 73 0.030461596 
843 638 67 84 0.027884193 
530 651 68 71 0.027884185 
99 612 64 83 0.027884185 
448 567 5 7 0.027838778 
-67 197 265 374 0.026434705 
642 519 56 52 0.025519116 
101 620 38 52 0.025519116 
343 506 107 143 0.024156325 
724 317 188 263 0.024156325 
256 527 112 150 0.024156325 
390 521 41 36 0.023349825 
650 516 27 37 0.023349825 
802 5 225 291 0.022069868 
325 242 103 184 0.022069868 
277 445 107 179 0.022069868 
670 511 78 61 0.021360898 
491 714 35 32 0.021360898 
628 532 54 57 0.021360898 
677 279 89 133 0.0201599 
