0_Parade_Parade_0_519
121
173 265 71 92 0.9994784 
416 244 121 149 0.99871767 
87 249 27 39 0.9982981 
669 306 34 56 0.993937 
863 243 95 126 0.99261475 
755 263 29 37 0.9821322 
117 263 37 56 0.94853324 
75 253 212 249 0.4310897 
708 268 19 32 0.3933377 
345 462 109 167 0.3864298 
924 73 7 11 0.3728605 
5 -14 212 285 0.3436022 
599 508 225 366 0.32305852 
411 432 225 325 0.32305852 
728 172 32 61 0.28687313 
614 140 39 53 0.268611 
704 153 58 94 0.16258557 
997 256 17 25 0.13944872 
197 451 222 316 0.13594593 
983 242 7 10 0.1293704 
6 633 51 80 0.118850335 
600 271 21 34 0.10106142 
379 380 15 25 0.09507551 
798 235 9 12 0.08787667 
316 119 203 293 0.08285364 
270 294 34 48 0.07880669 
208 229 218 302 0.076092646 
576 67 191 307 0.076092646 
481 479 242 340 0.076092646 
260 495 5 8 0.074940585 
340 468 24 35 0.072444364 
645 308 32 56 0.072444364 
260 280 54 78 0.072444364 
909 286 63 109 0.07244435 
256 78 59 89 0.06655857 
-58 329 225 302 0.064067975 
329 340 209 325 0.064067975 
264 130 65 88 0.06111947 
278 185 54 64 0.06111947 
887 529 112 206 0.05874174 
262 93 128 218 0.05874174 
635 147 116 167 0.05874174 
19 641 31 46 0.056098126 
143 250 87 146 0.053832814 
357 315 26 41 0.051466707 
386 414 68 109 0.051466707 
630 245 6 9 0.04990379 
397 164 191 273 0.04931264 
730 273 17 27 0.04595155 
388 238 232 372 0.045153897 
695 186 53 86 0.039651502 
779 136 29 42 0.039651502 
986 233 30 44 0.039651494 
621 261 9 13 0.038923774 
478 148 194 293 0.03781825 
691 24 75 97 0.036325652 
98 257 29 41 0.036325652 
594 120 50 74 0.036325652 
808 -11 103 112 0.034593605 
762 244 228 345 0.034593605 
858 500 206 307 0.034593605 
814 19 63 64 0.033269096 
781 185 56 74 0.033269096 
215 379 29 44 0.033269096 
1004 266 9 13 0.03293372 
990 113 14 19 0.032933712 
632 -2 215 273 0.03163486 
76 25 117 165 0.03163486 
282 175 36 47 0.030461604 
363 377 23 30 0.030461604 
807 273 24 37 0.030461596 
916 196 50 65 0.030461596 
892 82 59 86 0.030461596 
314 607 53 79 0.030461596 
139 641 28 41 0.030461596 
791 230 15 20 0.030282615 
370 245 116 177 0.028921604 
338 321 30 45 0.027884193 
774 150 55 85 0.027884193 
527 271 51 85 0.027884185 
69 747 18 22 0.027838783 
1002 209 6 7 0.027838783 
977 109 7 10 0.027838778 
1005 211 9 11 0.027838778 
150 303 206 316 0.026434705 
310 502 114 170 0.026434705 
1016 120 8 12 0.02558696 
961 107 8 11 0.02558696 
393 144 8 12 0.02558696 
971 205 48 72 0.025519116 
568 126 51 74 0.025519116 
936 316 51 79 0.025519116 
615 124 65 83 0.025519116 
954 330 27 44 0.025519116 
196 401 52 74 0.025519116 
13 631 29 41 0.025519116 
769 118 48 67 0.025519116 
502 92 50 78 0.025519116 
271 491 239 366 0.024156325 
260 571 114 165 0.024156325 
584 348 15 21 0.02351288 
1017 201 6 11 0.02351288 
204 275 63 80 0.023349825 
733 241 23 38 0.023349825 
127 637 51 76 0.023349825 
1004 245 18 27 0.021603195 
672 13 5 8 0.021603195 
618 252 14 19 0.021603195 
626 243 7 9 0.021603195 
923 182 9 12 0.021603195 
984 232 7 9 0.021603195 
761 137 51 78 0.021360904 
982 219 28 42 0.021360898 
209 101 25 35 0.021360898 
572 265 31 47 0.021360898 
321 321 31 43 0.021360898 
345 303 46 67 0.021360898 
137 262 53 71 0.021360898 
495 270 63 95 0.021360893 
580 261 42 67 0.021360893 
577 51 124 194 0.0201599 
