0_Parade_marchingband_1_556
94
970 255 28 35 0.9991779 
638 257 30 35 0.9977647 
348 255 27 32 0.9973194 
566 303 37 49 0.99706453 
496 283 28 34 0.9964803 
450 279 19 26 0.99080336 
82 264 25 31 0.99047405 
557 254 19 24 0.9858861 
744 239 28 31 0.9786391 
149 295 28 35 0.9567318 
281 265 20 26 0.9540484 
633 428 158 180 0.89347935 
722 237 19 24 0.755209 
546 380 225 273 0.5 
569 419 65 41 0.34582695 
441 409 200 242 0.26558137 
14 580 14 22 0.22912635 
306 330 178 261 0.18550259 
129 278 29 33 0.1753677 
86 232 55 62 0.16258557 
208 295 13 18 0.15017675 
592 275 23 26 0.13928533 
292 385 119 175 0.13594593 
458 48 215 242 0.12544508 
161 303 26 33 0.109639935 
428 293 14 18 0.10279763 
935 361 15 17 0.102797605 
569 492 54 71 0.10106142 
393 399 111 163 0.09803478 
676 491 99 85 0.08567618 
744 316 225 250 0.076092646 
792 287 14 18 0.0691498 
233 282 19 22 0.0691498 
989 318 38 73 0.06655857 
205 297 10 13 0.06377564 
117 266 31 37 0.06111947 
0 570 11 16 0.05879275 
178 318 16 19 0.05879275 
96 260 30 39 0.056098126 
137 301 31 39 0.051466707 
214 294 12 17 0.04990379 
119 280 51 53 0.047198545 
529 255 16 20 0.04595155 
647 425 21 26 0.04326818 
459 573 14 22 0.04229837 
76 198 86 112 0.04133061 
534 326 13 16 0.038923774 
531 138 124 163 0.03781825 
700 277 52 62 0.036325652 
770 263 16 20 0.035808332 
76 316 16 23 0.035808332 
578 493 32 42 0.033269096 
757 257 26 31 0.033269096 
5 302 206 265 0.03163486 
200 301 23 26 0.030461604 
558 450 16 22 0.030282615 
983 445 9 11 0.030282615 
727 263 15 16 0.030282615 
752 441 235 250 0.028921604 
579 455 119 183 0.028921604 
456 559 26 41 0.027884193 
1000 322 23 42 0.027884185 
644 388 17 19 0.027838783 
735 261 8 12 0.027838783 
342 322 13 18 0.027838778 
598 286 11 13 0.027838778 
208 329 191 246 0.026434705 
652 424 13 16 0.02558696 
11 577 8 11 0.02558696 
199 295 13 18 0.02558696 
526 257 8 10 0.02558696 
735 260 18 25 0.02558696 
725 247 25 30 0.025519116 
754 271 25 30 0.025519116 
22 582 14 19 0.02351288 
543 264 14 19 0.02351288 
945 394 12 13 0.02351288 
588 427 56 61 0.023349825 
15 65 62 73 0.023349825 
711 293 28 34 0.023349825 
477 384 31 39 0.023349825 
97 264 46 55 0.023349825 
976 411 49 76 0.023349825 
164 296 41 51 0.023349825 
514 -6 215 239 0.022069868 
548 451 21 24 0.021603195 
489 525 13 14 0.021603195 
17 577 9 13 0.021603195 
515 198 6 8 0.021603195 
368 302 18 29 0.021603195 
629 300 23 31 0.021360898 
654 394 21 28 0.021360898 
126 310 32 38 0.021360898 
170 313 25 32 0.021360898 
