0_Parade_Parade_0_913
84
230 142 197 261 0.99731666 
624 203 197 231 0.99705744 
34 109 65 97 0.98366195 
794 42 206 276 0.9098432 
-3 241 197 285 0.864054 
-32 177 178 228 0.8144974 
693 -72 249 293 0.6968242 
127 138 197 261 0.6769414 
603 267 80 109 0.45459446 
233 224 57 64 0.4099317 
733 125 209 261 0.4085711 
317 171 149 209 0.3436022 
210 221 261 316 0.3436022 
797 154 222 293 0.26558137 
435 17 197 249 0.2311026 
454 245 225 302 0.21508123 
765 50 30 37 0.2032784 
17 114 121 206 0.19988178 
738 404 246 325 0.19988178 
75 282 151 206 0.19988176 
181 82 79 85 0.188928 
75 37 68 83 0.16258557 
3 365 225 280 0.15916684 
572 378 218 246 0.14717786 
475 19 59 64 0.13928533 
618 511 136 185 0.13594593 
553 61 52 80 0.118850335 
39 -8 232 298 0.1065206 
746 -4 175 146 0.09803478 
21 59 51 60 0.08567618 
445 27 30 49 0.08567618 
522 41 126 170 0.08285364 
615 245 121 162 0.08285364 
855 52 55 70 0.07244435 
732 237 144 172 0.06984132 
669 288 7 8 0.06377564 
170 62 69 76 0.06111947 
267 437 19 25 0.05879275 
795 284 8 9 0.05879275 
306 402 218 289 0.05874174 
692 547 109 142 0.05874174 
246 201 52 63 0.056098126 
411 196 197 257 0.053832818 
561 -2 232 280 0.04931264 
579 15 65 80 0.047198545 
50 23 114 144 0.045153897 
536 226 200 249 0.045153897 
750 37 54 71 0.04326818 
229 363 191 264 0.04133061 
127 106 48 67 0.039651502 
421 229 106 162 0.03781825 
366 202 91 117 0.036325652 
902 424 87 130 0.034593605 
542 186 64 79 0.033269096 
181 83 194 253 0.03163486 
118 29 116 160 0.03163486 
760 66 153 203 0.03163486 
715 616 95 74 0.030461596 
464 70 121 158 0.028921604 
156 251 172 231 0.028921604 
445 21 60 70 0.027884185 
605 29 58 75 0.027884185 
111 338 178 261 0.026434705 
335 224 6 8 0.02558696 
255 423 16 24 0.02558696 
435 218 73 102 0.025519116 
23 76 55 91 0.025519116 
187 502 88 104 0.025519116 
262 443 13 18 0.02351288 
783 280 6 7 0.02351288 
107 113 48 71 0.023349825 
958 162 60 78 0.023349825 
14 122 62 100 0.023349825 
0 140 50 92 0.023349825 
563 300 31 41 0.023349825 
582 195 30 38 0.023349825 
119 211 124 218 0.022069868 
788 272 5 6 0.021603195 
787 280 5 7 0.021603195 
808 274 65 97 0.021360904 
671 63 200 249 0.0201599 
559 280 106 149 0.0201599 
372 533 140 162 0.0201599 
41 215 126 165 0.0201599 
