0_Parade_marchingband_1_1045
268
182 312 18 28 0.9928939 
89 260 30 47 0.98751885 
0 314 13 21 0.98177195 
358 292 18 28 0.98015445 
940 256 43 65 0.9786391 
697 256 19 29 0.94120723 
384 298 16 22 0.94120723 
661 266 25 40 0.9275556 
586 255 26 42 0.8989386 
442 304 14 20 0.8000445 
279 298 21 30 0.8000445 
776 297 13 17 0.7388364 
339 315 191 311 0.6769414 
149 319 14 24 0.66669756 
420 310 7 12 0.5432222 
203 320 11 19 0.5216516 
462 320 12 20 0.43536806 
503 306 14 20 0.3933377 
54 284 18 27 0.33330244 
757 308 12 18 0.33330244 
742 356 7 11 0.33330244 
390 256 16 24 0.33330244 
416 296 194 307 0.32305852 
468 291 10 17 0.31433135 
288 301 17 26 0.31433135 
214 309 9 13 0.29596066 
932 181 25 38 0.2511021 
404 323 13 18 0.24479094 
169 357 19 35 0.23436876 
186 343 194 294 0.2311026 
36 122 93 147 0.2311026 
696 396 9 13 0.22912638 
315 289 8 11 0.22912635 
764 265 14 23 0.19995552 
52 148 53 99 0.188928 
484 311 10 13 0.1864517 
508 267 14 21 0.18645167 
565 450 155 218 0.18550259 
77 231 47 73 0.15056497 
261 358 20 30 0.13944872 
865 327 6 9 0.1293704 
994 11 10 17 0.1293704 
123 311 12 19 0.1293704 
333 308 8 13 0.1293704 
229 259 7 11 0.12937039 
499 447 261 394 0.12544508 
19 121 73 110 0.118850335 
938 185 29 45 0.118850335 
574 260 41 65 0.118850335 
40 302 12 18 0.111069925 
140 323 18 25 0.111069925 
13 296 8 11 0.111069925 
802 469 228 340 0.1065206 
681 202 8 10 0.102797605 
508 143 138 191 0.09803478 
208 310 12 18 0.09507551 
262 310 15 20 0.08787667 
448 303 15 20 0.08787667 
469 73 239 289 0.08285364 
269 308 15 20 0.08117401 
465 317 9 13 0.08117401 
154 319 9 15 0.074940585 
765 542 142 200 0.06984133 
448 338 7 11 0.069149815 
791 303 9 13 0.069149815 
488 280 9 12 0.069149815 
104 277 18 29 0.069149815 
340 243 11 20 0.069149815 
445 260 15 24 0.069149815 
247 318 8 13 0.069149815 
438 306 9 14 0.0691498 
770 267 12 19 0.0691498 
308 300 11 19 0.0691498 
564 205 53 84 0.06655858 
0 308 18 35 0.06655858 
557 273 51 72 0.06655857 
195 427 109 170 0.064067975 
378 297 15 20 0.06377564 
535 298 7 10 0.06377564 
223 246 6 10 0.06377564 
69 266 29 45 0.06111947 
230 314 11 20 0.05879275 
655 272 21 30 0.05879275 
931 196 48 78 0.056098126 
673 257 24 38 0.056098126 
334 237 20 29 0.056098126 
147 390 20 33 0.056098126 
17 318 8 12 0.054176662 
752 238 12 18 0.054176662 
786 301 9 11 0.054176662 
154 329 9 16 0.054176662 
462 297 8 12 0.054176662 
27 463 222 321 0.053832818 
617 349 26 40 0.051466707 
195 359 7 10 0.04990379 
161 401 5 8 0.04990379 
343 253 13 21 0.049903784 
676 359 9 16 0.049903784 
778 273 8 13 0.049903784 
278 241 20 36 0.047198545 
541 190 54 103 0.047198545 
536 279 51 68 0.047198545 
752 307 10 14 0.04595155 
238 297 16 23 0.045951538 
338 308 6 10 0.045951538 
15 321 8 12 0.045951538 
649 275 17 24 0.045951538 
238 315 13 21 0.045951538 
795 281 7 11 0.045951538 
295 309 9 14 0.045951538 
597 263 29 42 0.04326818 
956 233 43 76 0.04326818 
791 275 11 17 0.04229837 
397 260 9 14 0.04229837 
228 246 6 9 0.04229837 
147 397 7 13 0.04229837 
687 256 17 28 0.04229837 
782 297 15 21 0.04229837 
163 339 42 62 0.039651502 
298 306 9 14 0.038923774 
513 309 9 14 0.038923774 
6 337 8 12 0.038923774 
135 327 13 20 0.038923774 
420 281 12 18 0.038923774 
750 309 7 10 0.038923774 
242 309 14 21 0.038923774 
814 301 7 12 0.038923774 
173 315 15 23 0.038923774 
234 313 24 33 0.036325645 
482 278 11 16 0.035808332 
183 211 16 22 0.035808332 
145 392 12 21 0.035808332 
411 278 7 10 0.035808332 
999 4 10 15 0.035808332 
678 270 14 24 0.035808332 
486 309 14 18 0.035808332 
436 307 16 22 0.035808332 
135 302 18 22 0.035808332 
197 315 13 22 0.035808332 
268 283 39 54 0.033269096 
36 293 22 33 0.033269096 
904 24 6 9 0.03293372 
130 306 16 22 0.03293372 
230 304 15 23 0.032933712 
8 333 8 12 0.032933712 
466 297 10 15 0.032933712 
447 251 7 10 0.032933712 
468 289 8 12 0.032933712 
999 10 9 13 0.032933712 
695 2 228 356 0.03163486 
50 271 28 48 0.030461604 
65 178 65 114 0.030461604 
921 240 51 72 0.030461604 
588 286 29 44 0.030461596 
244 319 13 20 0.030282615 
329 304 10 14 0.030282615 
202 241 14 19 0.030282615 
549 227 103 155 0.028921604 
651 232 25 36 0.027884193 
620 265 23 33 0.027884193 
414 122 54 68 0.027884185 
330 296 21 31 0.027884185 
224 280 46 65 0.027884185 
501 313 11 14 0.027838783 
434 339 15 22 0.027838783 
216 244 7 11 0.027838783 
763 308 8 13 0.027838783 
353 294 14 23 0.027838783 
381 306 17 24 0.027838783 
458 301 8 13 0.027838783 
666 43 8 10 0.027838783 
143 437 13 20 0.027838783 
407 311 9 12 0.027838778 
775 325 7 9 0.027838778 
407 279 12 17 0.027838778 
172 281 9 14 0.027838778 
326 309 14 21 0.02558696 
19 9 6 9 0.02558696 
415 280 12 17 0.02558696 
301 302 14 22 0.02558696 
406 316 10 13 0.02558696 
235 316 9 16 0.02558696 
434 307 7 12 0.02558696 
352 300 8 14 0.02558696 
170 322 13 19 0.02558696 
771 330 7 9 0.02558696 
5 328 13 20 0.02558696 
169 352 13 23 0.02558696 
394 266 11 17 0.02558696 
773 291 22 29 0.025519116 
354 335 20 30 0.025519116 
565 257 32 49 0.025519116 
986 235 30 59 0.025519116 
904 230 47 69 0.025519116 
656 248 29 44 0.025519116 
640 238 28 38 0.025519116 
616 240 28 43 0.025519116 
157 400 7 10 0.02351288 
144 395 7 12 0.02351288 
430 268 6 9 0.02351288 
24 19 12 18 0.02351288 
747 308 12 19 0.02351288 
525 189 7 10 0.02351288 
399 313 13 21 0.02351288 
56 290 10 15 0.02351288 
205 363 7 10 0.02351288 
243 301 9 13 0.02351288 
312 291 12 18 0.02351288 
235 287 8 10 0.02351288 
504 268 10 16 0.02351288 
335 244 7 13 0.02351288 
4 339 13 20 0.02351288 
250 314 12 18 0.02351288 
3 342 7 12 0.02351288 
506 338 9 12 0.02351288 
518 311 7 11 0.02351288 
288 253 14 24 0.02351288 
445 252 12 18 0.02351288 
142 327 9 14 0.02351288 
840 312 15 20 0.02351288 
708 266 16 26 0.02351288 
248 326 13 20 0.02351288 
685 266 14 25 0.02351288 
220 94 65 91 0.023349825 
182 204 27 38 0.023349825 
315 15 92 114 0.023349825 
43 144 34 76 0.023349825 
763 296 20 28 0.023349825 
211 406 26 37 0.023349825 
538 292 31 42 0.023349825 
219 416 24 40 0.023349825 
6 420 126 246 0.022069868 
673 417 4 7 0.021603195 
153 451 8 11 0.021603195 
203 360 11 17 0.021603195 
664 377 12 22 0.021603195 
54 289 7 11 0.021603195 
381 318 9 12 0.021603195 
429 309 12 17 0.021603195 
192 280 13 20 0.021603195 
689 270 8 14 0.021603195 
2 303 12 18 0.021603195 
734 297 7 11 0.021603195 
11 320 13 20 0.021603195 
450 249 5 7 0.021603195 
459 322 9 13 0.021603195 
771 300 8 13 0.021603195 
120 316 11 17 0.021603195 
925 10 7 10 0.021603195 
360 250 13 23 0.021603195 
788 237 5 8 0.021603195 
513 279 9 13 0.021603195 
147 317 9 16 0.021603195 
821 319 5 8 0.021603195 
787 320 12 18 0.021603195 
800 302 7 11 0.021603195 
263 247 44 66 0.021360904 
574 288 49 69 0.021360904 
305 296 22 33 0.021360898 
551 264 35 49 0.021360898 
663 373 21 37 0.021360898 
632 380 27 42 0.021360898 
72 144 31 61 0.021360898 
632 219 27 38 0.021360898 
14 318 25 36 0.021360898 
173 364 25 41 0.021360898 
156 370 24 38 0.021360898 
643 429 257 340 0.0201599 
