0_Parade_Parade_0_266
574
955 338 22 31 0.9695384 
861 570 21 41 0.9275556 
29 418 12 17 0.88893 
210 326 9 14 0.6856687 
369 354 25 34 0.61190087 
646 374 109 153 0.5461031 
66 328 13 18 0.5216516 
453 411 14 19 0.5 
999 408 19 39 0.5 
896 716 31 47 0.47725022 
38 355 23 34 0.47725022 
113 396 15 24 0.45677772 
48 335 11 17 0.3933377 
165 335 10 15 0.3728605 
168 414 14 19 0.3728605 
618 412 76 85 0.34582692 
231 422 8 10 0.29596066 
831 306 5 7 0.27822798 
568 373 57 99 0.268611 
88 326 13 19 0.26116365 
124 376 12 17 0.26116365 
766 564 35 32 0.2511021 
945 484 25 41 0.2511021 
27 335 7 11 0.24479094 
92 341 11 17 0.24479094 
155 317 7 11 0.24479094 
864 318 7 10 0.22912635 
851 353 6 9 0.22912635 
190 205 14 20 0.22912635 
928 438 12 23 0.2141799 
230 439 9 13 0.2141799 
397 428 73 95 0.2032784 
885 324 6 10 0.19995552 
144 416 13 17 0.19995552 
26 451 9 13 0.18645167 
898 311 6 8 0.18645167 
365 7 61 102 0.1753677 
906 444 24 31 0.1753677 
169 329 11 16 0.17366187 
840 325 5 8 0.17366187 
554 443 18 35 0.17366187 
217 384 8 13 0.17366187 
264 175 97 134 0.17193554 
213 205 13 19 0.16157512 
875 344 6 8 0.16157512 
635 298 178 265 0.15916684 
857 318 6 8 0.15017675 
152 400 8 12 0.15017675 
894 370 7 11 0.15017675 
76 431 13 20 0.15017675 
126 404 11 17 0.15017675 
873 346 6 9 0.13944872 
265 438 9 11 0.13944872 
813 317 7 9 0.13944872 
205 329 14 20 0.1293704 
860 318 7 10 0.1293704 
224 318 9 12 0.1293704 
755 595 70 106 0.12872264 
795 -22 191 285 0.1254451 
580 510 218 293 0.12544508 
88 411 14 19 0.11991897 
36 414 12 18 0.11991897 
774 359 5 7 0.11991897 
294 190 11 16 0.11991897 
140 341 7 11 0.11991897 
899 361 7 9 0.11991897 
194 346 9 14 0.11991897 
852 314 5 8 0.11991897 
509 408 24 35 0.118850335 
746 345 23 35 0.118850335 
856 356 7 11 0.111069925 
11 332 7 12 0.111069925 
873 320 6 9 0.111069925 
110 314 7 10 0.111069925 
246 436 6 8 0.10279763 
207 453 8 12 0.10279763 
7 331 7 10 0.10279763 
71 438 14 19 0.10279763 
876 312 7 9 0.102797605 
889 341 6 9 0.102797605 
842 320 6 8 0.102797605 
74 346 8 11 0.102797605 
457 175 25 35 0.10106142 
229 569 186 285 0.09803478 
573 375 95 142 0.09803478 
456 284 15 23 0.09507551 
883 319 7 10 0.09507551 
993 333 18 24 0.09507551 
829 339 6 8 0.09507551 
108 343 11 17 0.09507551 
96 395 7 10 0.09507551 
394 17 74 89 0.09308395 
249 164 48 70 0.09308395 
865 539 25 34 0.09308393 
360 154 17 24 0.08787667 
87 324 8 11 0.08787667 
857 576 14 30 0.08787667 
200 240 12 19 0.08787667 
910 449 13 20 0.08787667 
900 329 6 8 0.08787667 
859 357 9 12 0.08787667 
129 378 12 18 0.08787667 
307 222 12 20 0.08117401 
447 322 18 22 0.08117401 
1001 340 16 20 0.08117401 
201 335 12 20 0.08117401 
127 330 8 11 0.08117401 
198 339 11 17 0.08117401 
863 549 28 46 0.07880669 
151 316 8 10 0.074940585 
909 356 6 9 0.074940585 
175 417 9 13 0.074940585 
767 321 7 10 0.074940585 
209 210 23 34 0.07244435 
581 19 218 330 0.06984133 
861 353 7 10 0.069149815 
3 431 12 22 0.069149815 
69 445 12 16 0.069149815 
30 335 9 12 0.069149815 
920 321 6 9 0.0691498 
83 323 8 11 0.0691498 
881 314 6 8 0.0691498 
889 390 8 12 0.0691498 
190 346 8 12 0.0691498 
911 324 5 7 0.0691498 
263 435 8 10 0.0691498 
555 423 27 50 0.06655858 
898 434 25 32 0.06655858 
164 492 128 136 0.064067975 
11 429 7 11 0.06377564 
909 325 5 7 0.06377564 
235 420 7 10 0.06377564 
124 341 12 19 0.06377564 
13 425 8 12 0.06377564 
869 348 6 8 0.06377564 
519 339 5 7 0.06377564 
797 340 6 9 0.06377564 
92 335 9 14 0.06377564 
216 450 8 12 0.06377564 
209 450 10 15 0.06377564 
122 374 9 13 0.06377564 
796 316 4 6 0.06377564 
898 366 8 11 0.06377564 
828 308 6 8 0.06377564 
364 357 17 23 0.06377564 
478 323 53 75 0.06111947 
506 426 22 33 0.06111947 
954 311 7 10 0.05879275 
890 320 6 9 0.05879275 
264 440 13 18 0.05879275 
2 329 8 11 0.05879275 
890 311 5 8 0.05879275 
548 390 54 82 0.056098126 
446 406 23 31 0.056098126 
562 327 5 8 0.054176662 
152 342 7 10 0.054176662 
141 330 6 8 0.054176662 
213 132 12 17 0.054176662 
849 312 5 7 0.054176662 
235 401 6 9 0.054176662 
421 242 9 11 0.054176662 
146 398 12 18 0.054176662 
335 125 24 34 0.051466707 
588 315 14 19 0.04990379 
537 343 5 7 0.04990379 
36 337 7 11 0.04990379 
908 328 5 7 0.04990379 
865 328 5 7 0.04990379 
927 427 16 24 0.04990379 
126 334 12 18 0.049903784 
176 319 7 10 0.049903784 
226 314 9 12 0.049903784 
20 335 7 11 0.049903784 
112 316 7 10 0.049903784 
-2 583 123 221 0.04931264 
650 419 69 89 0.047198545 
890 428 25 30 0.047198545 
404 226 56 83 0.047198545 
130 326 12 17 0.04595155 
901 311 6 8 0.04595155 
805 321 5 7 0.04595155 
936 350 9 12 0.04595155 
433 308 16 24 0.04595155 
201 174 6 9 0.04595155 
916 301 5 7 0.04595155 
936 299 6 9 0.04595155 
941 485 16 29 0.04595155 
838 362 7 9 0.04595155 
44 417 9 13 0.045951538 
14 334 8 12 0.045951538 
175 326 11 16 0.045951538 
839 370 7 10 0.045951538 
439 285 12 18 0.045951538 
221 321 9 12 0.045951538 
871 581 18 28 0.045951538 
944 315 6 8 0.045951538 
151 368 11 18 0.045951538 
69 335 13 17 0.045951538 
228 426 9 11 0.045951538 
865 306 6 7 0.045951538 
888 592 31 37 0.04326818 
989 493 25 50 0.04326818 
935 394 20 32 0.04326818 
313 364 26 39 0.04326818 
946 343 21 31 0.04326818 
499 382 44 64 0.04326818 
449 292 27 34 0.04326818 
478 220 5 8 0.04229837 
201 469 12 17 0.04229837 
536 340 5 6 0.04229837 
512 404 18 23 0.04229837 
873 310 6 9 0.04229837 
244 452 8 10 0.04229837 
842 372 6 8 0.04229837 
902 331 6 9 0.04229837 
248 438 7 9 0.04229837 
229 350 13 18 0.04229837 
839 357 7 9 0.04229837 
829 342 6 9 0.04229837 
214 453 12 17 0.04229837 
818 366 7 10 0.04229837 
896 313 6 8 0.04229837 
963 307 5 7 0.04229836 
217 153 100 151 0.04133062 
620 271 51 64 0.039651502 
260 175 57 91 0.039651494 
139 407 22 30 0.039651494 
981 391 21 36 0.039651494 
162 330 18 26 0.039651494 
479 453 21 33 0.039651494 
985 400 23 40 0.039651494 
830 314 6 9 0.038923774 
122 332 8 12 0.038923774 
147 342 7 11 0.038923774 
995 331 10 13 0.038923774 
957 308 13 18 0.038923774 
862 356 8 11 0.038923774 
117 436 12 18 0.038923774 
862 321 7 10 0.038923774 
846 324 5 8 0.038923774 
457 321 16 20 0.038923774 
244 440 9 12 0.038923774 
867 314 8 11 0.038923774 
467 299 7 10 0.038923774 
885 330 6 9 0.038923774 
204 332 8 11 0.038923774 
112 343 13 19 0.038923774 
331 132 7 11 0.038923774 
298 174 107 183 0.03781825 
428 279 52 67 0.036325652 
951 471 23 37 0.036325645 
992 368 23 32 0.036325645 
336 372 26 37 0.036325645 
842 357 6 8 0.035808332 
945 318 7 10 0.035808332 
813 312 6 8 0.035808332 
822 369 6 9 0.035808332 
934 376 13 20 0.035808332 
132 338 11 17 0.035808332 
258 425 6 8 0.035808332 
813 340 5 7 0.035808332 
555 311 5 6 0.035808332 
49 427 7 12 0.035808332 
116 315 7 10 0.035808332 
848 318 5 7 0.035808332 
161 330 12 17 0.035808332 
877 395 6 9 0.035808332 
942 336 5 8 0.035808332 
919 315 6 8 0.035808332 
555 331 4 6 0.035808332 
448 308 30 35 0.033269096 
848 38 85 125 0.033269096 
991 424 25 47 0.033269096 
688 506 67 82 0.033269096 
-1 438 19 32 0.033269096 
457 295 15 21 0.03293372 
878 366 6 9 0.03293372 
33 313 7 11 0.03293372 
932 296 7 10 0.03293372 
810 318 7 9 0.03293372 
146 408 9 12 0.032933712 
0 424 12 20 0.032933712 
886 315 6 8 0.032933712 
909 314 5 7 0.032933712 
890 367 7 10 0.032933712 
220 216 18 25 0.032933712 
524 343 5 8 0.032933712 
797 319 5 7 0.032933712 
801 320 5 7 0.032933712 
465 346 15 19 0.032933712 
801 316 4 6 0.032933712 
916 314 6 9 0.032933712 
524 318 5 7 0.032933712 
211 248 12 19 0.032933712 
478 229 6 8 0.032933712 
0 422 7 12 0.032933712 
814 343 4 6 0.032933712 
223 207 7 11 0.032933712 
46 284 8 10 0.032933712 
155 398 7 11 0.032933712 
7 430 7 12 0.032933712 
91 320 8 12 0.032933712 
268 248 8 10 0.032933712 
925 297 4 7 0.032933712 
827 315 6 9 0.032933712 
150 64 197 273 0.03163486 
399 6 107 144 0.03163486 
214 132 242 298 0.03163486 
715 536 35 42 0.030461604 
23 418 20 28 0.030461596 
198 201 21 30 0.030461596 
757 550 55 52 0.030461596 
365 31 39 60 0.030461596 
86 333 19 26 0.030461596 
829 333 7 9 0.030282615 
24 421 9 13 0.030282615 
253 202 11 17 0.030282615 
130 493 17 22 0.030282615 
876 319 6 9 0.030282615 
887 311 5 7 0.030282615 
314 116 17 22 0.030282615 
558 330 5 7 0.030282615 
886 365 7 10 0.030282615 
152 321 8 11 0.030282615 
209 217 14 20 0.030282615 
878 371 6 9 0.030282615 
445 284 15 22 0.030282615 
542 303 4 6 0.030282615 
214 481 14 20 0.030282615 
110 369 13 18 0.030282615 
21 282 5 6 0.030282615 
524 306 5 6 0.030282615 
190 350 12 16 0.030282615 
826 306 10 13 0.030282615 
936 354 11 17 0.030282615 
862 361 7 10 0.030282615 
220 310 14 18 0.030282615 
542 347 6 9 0.030282615 
58 81 7 10 0.030282615 
31 452 9 12 0.030282615 
933 337 7 10 0.030282615 
826 324 7 9 0.030282615 
890 535 30 36 0.027884193 
967 613 31 42 0.027884193 
885 583 52 70 0.027884185 
915 426 23 34 0.027884185 
929 468 36 58 0.027884185 
513 418 27 44 0.027884185 
867 351 7 10 0.027838783 
877 362 7 9 0.027838783 
874 307 6 7 0.027838783 
525 353 6 9 0.027838783 
105 398 14 20 0.027838783 
16 282 4 6 0.027838783 
952 313 6 9 0.027838783 
173 323 8 11 0.027838783 
792 319 5 8 0.027838783 
993 307 13 19 0.027838783 
212 207 9 12 0.027838783 
0 317 6 10 0.027838783 
158 321 8 11 0.027838783 
506 306 5 7 0.027838783 
869 378 5 8 0.027838783 
882 349 5 8 0.027838783 
47 298 16 22 0.027838783 
934 446 8 14 0.027838783 
80 331 13 21 0.027838783 
56 336 7 14 0.027838783 
522 340 6 7 0.027838783 
914 486 14 23 0.027838783 
99 343 8 14 0.027838783 
208 477 13 20 0.027838783 
833 343 7 10 0.027838783 
840 609 14 19 0.027838783 
114 328 6 9 0.027838783 
867 309 7 8 0.027838783 
947 476 14 32 0.027838778 
911 309 6 9 0.027838778 
893 338 7 10 0.027838778 
1006 327 16 24 0.027838778 
137 329 11 16 0.027838778 
779 312 8 11 0.027838778 
951 312 15 21 0.027838778 
534 339 4 6 0.027838778 
231 224 8 12 0.027838778 
134 377 11 17 0.027838778 
17 422 11 16 0.027838778 
834 314 6 8 0.027838778 
312 492 222 316 0.02643471 
652 582 132 172 0.026434705 
403 240 98 138 0.026434705 
916 323 6 8 0.02558696 
228 410 7 10 0.02558696 
867 321 6 9 0.02558696 
937 303 6 8 0.02558696 
237 454 7 10 0.02558696 
218 254 9 13 0.02558696 
555 306 4 6 0.02558696 
88 342 9 13 0.02558696 
941 300 6 7 0.02558696 
248 453 8 11 0.02558696 
234 467 9 12 0.02558696 
833 308 6 9 0.02558696 
14 330 6 10 0.02558696 
117 435 8 12 0.02558696 
424 296 13 19 0.02558696 
757 358 14 20 0.02558696 
772 361 6 9 0.02558696 
528 315 4 6 0.02558696 
152 339 11 17 0.02558696 
827 319 6 7 0.02558696 
45 332 9 12 0.02558696 
137 409 13 20 0.02558696 
195 212 9 12 0.02558696 
800 328 5 7 0.02558696 
215 379 7 10 0.02558696 
463 297 8 11 0.02558696 
4 286 6 8 0.02558696 
934 418 15 25 0.02558696 
159 314 7 11 0.02558696 
173 316 6 9 0.02558696 
150 402 12 21 0.02558696 
165 418 9 12 0.02558696 
251 150 7 10 0.02558696 
90 451 13 17 0.02558696 
105 329 7 10 0.02558696 
458 284 9 13 0.02558696 
895 334 7 9 0.02558696 
554 333 5 7 0.02558696 
550 334 4 6 0.02558696 
893 319 6 9 0.02558696 
238 188 57 80 0.025519116 
597 299 47 63 0.025519116 
274 169 32 48 0.025519116 
849 505 52 59 0.025519116 
347 3 31 44 0.025519116 
82 76 25 37 0.025519116 
994 353 23 32 0.025519116 
565 416 31 59 0.025519116 
596 330 29 37 0.025519116 
997 591 23 33 0.025519116 
811 340 4 6 0.02351288 
342 140 14 19 0.02351288 
376 348 18 25 0.02351288 
525 303 4 6 0.02351288 
148 329 6 9 0.02351288 
888 328 6 9 0.02351288 
58 87 8 11 0.02351288 
319 334 4 6 0.02351288 
847 350 7 9 0.02351288 
47 328 9 12 0.02351288 
20 330 6 9 0.02351288 
836 631 8 11 0.02351288 
533 343 6 8 0.02351288 
105 344 8 14 0.02351288 
147 319 12 17 0.02351288 
906 369 7 10 0.02351288 
188 202 11 14 0.02351288 
463 302 8 11 0.02351288 
810 359 6 8 0.02351288 
579 323 4 7 0.02351288 
901 368 8 11 0.02351288 
915 310 6 8 0.02351288 
219 188 7 10 0.02351288 
880 362 7 10 0.02351288 
57 363 13 20 0.02351288 
836 366 7 10 0.02351288 
204 472 14 20 0.02351288 
237 390 5 8 0.02351288 
881 392 7 9 0.02351288 
877 382 5 8 0.02351288 
219 484 16 20 0.02351288 
992 316 8 12 0.02351288 
860 383 5 7 0.02351288 
44 471 13 19 0.02351288 
861 309 6 9 0.02351288 
612 279 13 18 0.02351288 
583 311 13 20 0.02351288 
139 404 8 12 0.02351288 
233 403 6 9 0.02351288 
788 318 6 8 0.02351288 
7 440 13 23 0.02351288 
20 376 11 17 0.02351288 
794 315 5 7 0.02351288 
916 440 17 24 0.02351288 
0 459 7 14 0.02351288 
938 410 13 22 0.02351288 
839 316 6 7 0.02351288 
690 277 11 16 0.02351288 
131 418 11 19 0.02351288 
688 435 15 22 0.02351288 
206 243 12 20 0.02351288 
259 434 7 10 0.02351288 
90 447 23 28 0.023349825 
497 328 30 45 0.023349825 
21 446 22 29 0.023349825 
840 561 38 60 0.023349825 
570 342 56 70 0.023349825 
997 378 22 39 0.023349825 
987 399 38 60 0.023349825 
484 348 58 74 0.023349825 
424 385 51 67 0.023349825 
895 522 29 36 0.023349825 
541 425 29 48 0.023349825 
899 355 6 8 0.0216032 
942 311 6 8 0.0216032 
908 352 11 15 0.021603195 
808 323 6 8 0.021603195 
118 344 14 21 0.021603195 
864 349 7 9 0.021603195 
936 341 8 11 0.021603195 
173 22 13 19 0.021603195 
919 518 15 18 0.021603195 
779 359 4 6 0.021603195 
827 327 8 11 0.021603195 
99 329 7 10 0.021603195 
882 331 6 9 0.021603195 
537 335 5 7 0.021603195 
153 327 12 19 0.021603195 
117 333 7 11 0.021603195 
895 329 7 10 0.021603195 
838 325 10 14 0.021603195 
171 339 8 12 0.021603195 
224 341 8 10 0.021603195 
516 341 6 9 0.021603195 
555 325 4 6 0.021603195 
166 423 14 22 0.021603195 
75 333 12 19 0.021603195 
209 462 13 19 0.021603195 
231 435 8 11 0.021603195 
269 435 7 10 0.021603195 
502 308 6 10 0.021603195 
303 428 8 11 0.021603195 
24 442 14 20 0.021603195 
843 316 6 8 0.021603195 
920 310 5 7 0.021603195 
906 450 9 15 0.021603195 
242 449 7 10 0.021603195 
254 439 6 9 0.021603195 
890 334 6 9 0.021603195 
910 328 6 8 0.021603195 
220 250 13 21 0.021603195 
959 306 6 9 0.021603195 
503 329 5 7 0.021603195 
882 387 6 9 0.021603195 
869 382 6 10 0.021603195 
338 377 9 13 0.021603195 
16 325 5 8 0.021603195 
349 372 15 22 0.021603195 
329 128 12 18 0.021603195 
79 327 8 12 0.021603195 
511 306 4 6 0.021603195 
827 303 6 8 0.021603195 
364 139 9 12 0.021603195 
294 196 14 20 0.021603195 
210 222 8 11 0.021603195 
190 407 6 10 0.021603195 
119 400 8 13 0.021603195 
889 358 6 9 0.021603195 
227 338 9 11 0.021603195 
143 403 9 12 0.021603195 
821 363 6 9 0.021603195 
517 361 7 10 0.021603195 
528 320 4 7 0.021603195 
961 603 53 65 0.021360904 
835 606 22 32 0.021360898 
202 450 22 29 0.021360898 
546 438 53 88 0.021360898 
866 468 48 62 0.021360898 
908 496 24 32 0.021360898 
853 531 26 39 0.021360898 
439 285 27 34 0.021360898 
587 320 25 33 0.021360898 
937 348 22 34 0.021360898 
