0_Parade_Parade_0_502
154
-1 331 32 43 0.9964803 
465 403 30 39 0.99614596 
530 362 19 25 0.989082 
711 364 28 44 0.98859274 
566 367 18 24 0.96107626 
281 377 24 35 0.9334414 
860 365 20 31 0.9334414 
433 385 21 28 0.84982324 
89 491 21 30 0.7388364 
347 395 10 13 0.7217721 
159 314 37 57 0.6744751 
407 362 23 28 0.45459446 
935 384 20 35 0.38809907 
257 96 212 307 0.32305852 
245 342 17 27 0.31433135 
161 359 24 38 0.30585763 
125 430 22 34 0.2032784 
80 52 203 302 0.18550259 
169 347 45 62 0.16258557 
100 531 26 35 0.16258556 
91 526 24 37 0.15056497 
825 359 16 22 0.13944872 
250 338 11 20 0.13944872 
997 393 8 12 0.111069925 
945 392 16 33 0.09507551 
562 366 8 12 0.09507551 
563 365 13 18 0.09507551 
459 328 239 340 0.09015675 
248 541 109 162 0.090156734 
427 392 19 26 0.08117401 
866 357 13 19 0.069149815 
403 365 17 21 0.069149815 
342 426 13 16 0.0691498 
336 429 13 16 0.06377564 
84 507 44 61 0.06111947 
847 376 12 16 0.05879275 
573 425 8 9 0.05879275 
357 -4 132 177 0.05874174 
805 599 13 18 0.054176662 
87 535 18 25 0.054176662 
181 364 46 68 0.051466707 
239 392 58 78 0.051466707 
991 545 25 40 0.051466707 
787 378 7 9 0.04990379 
828 357 10 14 0.049903784 
901 607 25 34 0.047198545 
0 522 15 25 0.045951538 
830 370 13 19 0.04229837 
1001 390 12 17 0.04229837 
364 390 7 11 0.04229837 
417 373 25 33 0.039651502 
22 58 32 42 0.039651502 
715 352 29 39 0.039651502 
153 281 61 72 0.039651494 
822 368 13 19 0.038923774 
601 369 7 10 0.038923774 
980 415 8 12 0.038923774 
841 372 13 18 0.038923774 
-53 283 225 277 0.03781825 
267 373 40 56 0.036325652 
135 654 67 104 0.036325652 
791 221 32 39 0.036325652 
195 350 53 64 0.036325652 
176 400 25 35 0.036325652 
46 681 5 7 0.035808332 
377 392 8 12 0.035808332 
950 400 19 29 0.035808332 
709 378 18 26 0.035808332 
34 289 50 67 0.033269096 
97 505 25 35 0.033269096 
164 381 46 59 0.033269096 
78 487 40 54 0.033269096 
526 419 22 30 0.033269096 
437 493 7 10 0.03293372 
855 370 14 22 0.03293372 
21 70 5 8 0.032933712 
854 494 11 17 0.032933712 
869 342 8 11 0.032933712 
402 372 10 14 0.032933712 
918 377 94 158 0.03163486 
718 350 228 335 0.03163486 
111 537 28 34 0.030461604 
556 335 55 71 0.030461604 
939 410 61 86 0.030461596 
209 328 27 44 0.030461596 
567 421 6 8 0.030282615 
359 434 6 9 0.030282615 
137 200 112 160 0.028921604 
139 326 51 59 0.027884193 
192 388 51 64 0.027884193 
782 556 21 28 0.027884193 
53 43 51 75 0.027884185 
426 374 38 53 0.027884185 
782 527 12 19 0.027838783 
973 411 15 19 0.027838783 
491 426 13 21 0.027838783 
264 12 5 7 0.027838783 
822 375 8 11 0.027838783 
822 349 17 22 0.027838778 
812 380 7 9 0.027838778 
662 434 5 7 0.027838778 
354 379 4 6 0.027838778 
420 476 200 273 0.026434705 
56 29 100 158 0.026434705 
772 369 13 21 0.02558696 
994 393 7 11 0.02558696 
349 427 9 12 0.02558696 
842 369 7 11 0.02558696 
1017 550 6 11 0.02558696 
806 604 7 10 0.02558696 
571 119 6 9 0.02558696 
832 365 9 13 0.02558696 
860 349 23 35 0.025519116 
951 409 25 30 0.025519116 
371 533 55 94 0.025519116 
15 50 53 70 0.025519116 
71 35 62 92 0.025519116 
0 329 128 183 0.024156325 
308 -34 218 277 0.024156325 
568 419 12 15 0.02351288 
835 530 6 10 0.02351288 
159 325 19 34 0.02351288 
524 461 15 22 0.02351288 
175 405 14 18 0.02351288 
917 618 14 23 0.02351288 
864 358 9 12 0.02351288 
179 416 18 23 0.02351288 
834 379 9 13 0.02351288 
387 455 5 8 0.02351288 
835 364 12 18 0.02351288 
88 573 17 25 0.02351288 
167 210 69 94 0.023349825 
279 362 30 38 0.023349825 
63 55 31 44 0.023349825 
838 365 21 30 0.023349825 
189 338 32 51 0.023349825 
166 371 33 45 0.023349825 
1003 561 8 11 0.021603195 
993 564 18 25 0.021603195 
974 422 8 11 0.021603195 
796 583 6 9 0.021603195 
829 615 18 27 0.021603195 
868 354 9 12 0.021603195 
152 360 21 28 0.021603195 
361 377 5 7 0.021603195 
332 431 9 12 0.021603195 
726 371 20 28 0.021603195 
746 166 6 9 0.021603195 
984 527 39 70 0.021360904 
757 375 25 38 0.021360898 
9 321 30 44 0.021360898 
105 516 28 40 0.021360898 
741 77 116 158 0.0201599 
552 372 239 325 0.0201599 
