0_Parade_Parade_0_873
573
819 499 62 85 0.9992494 
401 324 26 34 0.99844605 
319 459 46 63 0.9982981 
96 576 73 112 0.9975521 
148 410 35 38 0.9975521 
449 522 65 82 0.9964803 
773 359 23 31 0.99614596 
130 383 31 36 0.9957801 
60 335 15 18 0.994965 
299 354 20 26 0.9945117 
958 345 31 37 0.9944617 
900 374 27 38 0.993937 
501 322 13 19 0.99347997 
728 482 47 68 0.9933628 
629 365 22 29 0.9927347 
428 307 13 18 0.9915604 
934 270 13 17 0.99080336 
984 457 44 78 0.99047405 
663 393 25 36 0.99047405 
610 489 44 67 0.99047405 
925 401 45 55 0.98957527 
817 318 23 29 0.98957527 
854 328 21 27 0.989082 
744 353 24 34 0.98859274 
908 307 15 20 0.98704255 
371 322 18 22 0.98704255 
189 359 15 21 0.98704255 
573 308 12 17 0.9858861 
478 310 18 23 0.9858861 
702 290 12 17 0.98462796 
24 299 12 15 0.9832598 
29 431 31 46 0.98046196 
246 345 12 15 0.98015445 
743 314 21 28 0.98015445 
466 348 18 24 0.98015445 
659 602 70 93 0.97665024 
713 405 37 46 0.97665024 
933 298 20 26 0.9764871 
211 310 16 20 0.97441304 
805 351 23 28 0.9695384 
315 402 32 49 0.9667309 
735 301 15 19 0.96107626 
33 336 15 20 0.96107626 
662 312 13 17 0.96107626 
966 295 12 18 0.9577016 
555 429 34 48 0.9567318 
74 447 64 71 0.95280147 
534 360 24 29 0.94853324 
446 373 25 31 0.9439019 
896 350 27 33 0.9439019 
583 346 19 26 0.94120723 
451 397 32 42 0.9388805 
13 365 23 28 0.9334414 
511 373 20 27 0.9308502 
501 360 14 20 0.92505944 
787 343 19 27 0.92505944 
633 310 15 20 0.90492445 
990 308 22 28 0.8989386 
277 373 22 28 0.8972024 
921 276 10 13 0.88008106 
981 292 16 21 0.87062967 
625 336 17 23 0.87062967 
808 265 11 15 0.87062967 
257 354 12 18 0.86055124 
-2 392 22 30 0.8384248 
669 364 20 27 0.8263381 
973 424 29 53 0.82463235 
319 323 11 15 0.8135483 
858 377 25 38 0.811072 
79 371 20 26 0.8000445 
565 330 13 16 0.8000445 
559 311 11 15 0.8000445 
472 302 12 16 0.7858201 
534 319 12 15 0.755209 
794 315 14 22 0.7388364 
1011 319 12 25 0.7388364 
983 283 16 21 0.7217721 
869 567 90 122 0.71599656 
337 371 24 28 0.66669756 
1000 295 17 22 0.66669756 
524 338 13 17 0.64717066 
998 366 20 33 0.6332934 
775 414 43 57 0.6332934 
709 272 8 10 0.6271395 
248 324 12 14 0.6271395 
315 383 14 21 0.6271395 
216 354 14 20 0.6271395 
167 384 17 23 0.6271395 
524 352 13 20 0.60666233 
460 318 11 15 0.5858033 
233 329 12 15 0.56463194 
202 399 63 68 0.5227497 
869 343 19 25 0.5216516 
589 369 19 24 0.5 
873 270 9 11 0.5 
290 331 12 17 0.5 
869 304 15 19 0.47834834 
174 335 16 20 0.47834834 
784 302 12 18 0.47834834 
259 332 8 11 0.47834834 
1 328 12 17 0.45677772 
236 368 22 24 0.45677772 
162 346 12 16 0.45677772 
857 281 6 8 0.45677772 
154 330 9 11 0.45677772 
695 392 31 42 0.4099317 
707 307 17 22 0.3728605 
959 271 13 16 0.3728605 
803 316 21 27 0.36670664 
13 340 15 21 0.35282937 
351 346 16 18 0.35282937 
278 323 15 21 0.33330244 
251 327 12 14 0.33330244 
969 435 39 84 0.32552502 
102 347 8 10 0.31433135 
125 341 11 15 0.31433132 
373 315 16 20 0.29596066 
645 505 62 82 0.28687313 
519 368 23 29 0.28687313 
878 330 16 22 0.27822798 
506 466 39 35 0.268611 
632 310 25 32 0.268611 
625 497 57 77 0.23436876 
532 303 13 15 0.22912638 
80 358 14 16 0.22912638 
680 391 26 36 0.21842524 
761 353 24 32 0.21842523 
912 325 16 20 0.2141799 
102 339 9 11 0.2141799 
929 291 12 15 0.2141799 
586 318 11 15 0.19995552 
761 298 12 15 0.19995552 
225 343 8 10 0.19995552 
249 348 13 16 0.18645167 
206 398 17 21 0.17366187 
3 432 26 45 0.16258556 
126 367 19 23 0.16157512 
912 271 7 9 0.16157512 
161 364 13 16 0.16157512 
141 481 29 50 0.15056497 
446 356 16 20 0.15017675 
275 319 14 17 0.15017675 
680 315 10 14 0.13944872 
158 344 11 14 0.13944872 
501 346 15 18 0.13944872 
873 335 18 25 0.1394487 
571 398 22 28 0.13928533 
951 410 37 54 0.13928533 
744 272 10 13 0.1293704 
532 310 14 18 0.1293704 
165 320 8 9 0.1293704 
788 293 13 17 0.1293704 
377 309 14 18 0.1293704 
876 349 25 31 0.12872262 
406 481 95 120 0.12544508 
547 330 13 17 0.11991897 
289 437 14 24 0.11991897 
895 334 17 22 0.11991897 
1001 315 21 32 0.118850335 
653 310 22 28 0.118850335 
577 349 15 20 0.111069925 
864 284 14 18 0.111069925 
330 315 7 9 0.111069925 
6 587 67 84 0.109639935 
700 347 23 27 0.109639935 
369 628 79 71 0.109639935 
728 312 16 20 0.102797605 
809 299 15 19 0.102797605 
204 341 9 11 0.102797605 
247 357 21 26 0.10106142 
54 434 46 56 0.10106142 
60 369 13 19 0.09507551 
208 352 18 23 0.09507551 
575 343 11 15 0.09507551 
726 364 16 24 0.09507551 
589 321 14 15 0.09507551 
278 331 18 21 0.09507551 
560 561 67 82 0.09308395 
532 427 26 32 0.09308395 
316 389 25 33 0.09308395 
528 438 47 51 0.09308395 
527 347 23 28 0.09308393 
288 361 26 33 0.09308393 
95 396 23 28 0.09308393 
77 360 10 12 0.08787667 
744 263 12 16 0.08117401 
274 339 18 21 0.08117401 
97 366 14 17 0.08117401 
30 530 39 48 0.07880669 
677 366 23 33 0.07880669 
68 464 40 44 0.07880669 
9 422 25 36 0.07880669 
133 349 9 11 0.074940585 
758 259 6 8 0.074940585 
73 371 16 22 0.074940585 
319 322 20 24 0.072444364 
330 381 27 36 0.072444364 
203 410 34 39 0.072444364 
226 586 54 68 0.07244435 
25 574 83 105 0.06984133 
747 259 7 8 0.069149815 
784 261 6 8 0.069149815 
894 345 18 26 0.069149815 
1017 272 7 12 0.069149815 
949 322 9 11 0.0691498 
712 350 16 22 0.0691498 
155 339 12 14 0.0691498 
155 383 18 24 0.0691498 
0 366 10 17 0.0691498 
783 251 5 7 0.0691498 
260 346 23 27 0.06655858 
521 342 20 24 0.06655858 
3 371 25 34 0.06655858 
547 437 55 64 0.06655858 
761 402 25 32 0.06655858 
916 412 31 39 0.06655858 
82 385 26 29 0.06655857 
177 384 97 115 0.064067975 
833 510 91 129 0.064067975 
23 403 21 25 0.06377564 
506 368 18 25 0.06377564 
166 343 15 19 0.06377564 
200 400 29 31 0.06111947 
959 434 35 48 0.06111947 
632 420 26 37 0.06111947 
776 345 23 29 0.06111947 
986 287 20 25 0.06111947 
686 327 13 21 0.05879275 
75 363 12 16 0.05879275 
21 323 7 9 0.05879275 
187 381 17 20 0.05879275 
228 341 12 14 0.05879275 
855 284 16 21 0.05879275 
818 280 9 9 0.05879275 
719 354 18 25 0.05879275 
9 329 13 15 0.05879275 
863 355 28 37 0.056098126 
64 565 68 112 0.056098126 
622 371 18 23 0.054176662 
49 336 9 10 0.054176662 
461 329 12 16 0.054176662 
961 269 9 11 0.054176662 
294 333 14 17 0.054176662 
916 273 10 13 0.054176662 
805 435 52 57 0.051466707 
304 418 33 44 0.051466707 
456 404 51 63 0.051466707 
788 308 14 20 0.04990379 
581 313 11 16 0.04990379 
36 14 7 9 0.04990379 
833 299 9 10 0.04990379 
757 263 7 9 0.04990379 
746 243 5 7 0.04990379 
94 345 8 11 0.04990379 
54 363 14 20 0.04990379 
46 338 13 16 0.049903784 
203 345 14 17 0.049903784 
172 389 20 23 0.049903784 
757 303 14 19 0.049903784 
3 399 24 30 0.047198545 
85 470 58 80 0.047198545 
543 354 28 33 0.047198545 
98 366 21 26 0.047198545 
864 367 37 51 0.047198545 
594 393 24 31 0.047198545 
48 360 13 18 0.04595155 
762 382 19 24 0.04595155 
118 325 7 9 0.045951538 
282 322 10 12 0.045951538 
35 369 14 17 0.045951538 
99 351 14 17 0.045951538 
340 329 14 18 0.045951538 
52 338 8 10 0.045951538 
54 336 13 16 0.045951538 
611 372 14 17 0.045951538 
470 364 17 23 0.045951538 
760 294 10 11 0.045951538 
19 437 28 42 0.04326818 
14 409 23 31 0.04326818 
202 383 23 28 0.04326818 
901 424 29 34 0.04326818 
526 459 53 54 0.04326818 
531 318 10 13 0.04229837 
196 356 16 21 0.04229837 
249 664 21 22 0.04229837 
538 322 15 17 0.04229837 
916 424 18 21 0.04229837 
99 362 10 12 0.04229837 
10 375 16 20 0.04229837 
221 359 9 12 0.04229837 
297 437 19 23 0.04229837 
29 393 16 21 0.04229837 
239 335 8 10 0.04229837 
216 369 16 22 0.04229837 
871 325 18 23 0.04229837 
261 357 16 20 0.04229837 
333 361 13 16 0.04229837 
264 359 23 27 0.039651502 
155 393 27 32 0.039651502 
297 99 53 73 0.039651502 
345 363 24 29 0.039651494 
690 357 23 29 0.039651494 
790 321 23 27 0.039651494 
116 368 22 26 0.039651494 
994 277 8 11 0.038923774 
773 323 14 19 0.038923774 
754 256 5 7 0.038923774 
-1 435 17 29 0.038923774 
489 373 17 22 0.038923774 
989 278 13 17 0.038923774 
752 261 11 15 0.038923774 
200 328 7 9 0.038923774 
44 346 13 18 0.038923774 
443 377 38 51 0.036325652 
729 355 23 32 0.036325652 
546 424 30 40 0.036325652 
911 334 25 29 0.036325652 
22 412 23 32 0.036325652 
706 338 23 27 0.036325645 
686 375 27 36 0.036325645 
911 350 30 36 0.036325645 
135 352 12 15 0.035808332 
366 319 12 17 0.035808332 
584 323 14 18 0.035808332 
749 256 5 7 0.035808332 
796 314 9 13 0.035808332 
911 266 7 9 0.035808332 
754 260 7 9 0.035808332 
617 374 14 19 0.035808332 
431 329 11 16 0.035808332 
593 326 14 16 0.035808332 
560 308 8 10 0.035808332 
929 289 8 10 0.035808332 
90 369 17 21 0.035808332 
221 418 22 26 0.035808332 
685 341 11 17 0.035808332 
159 321 11 13 0.035808332 
436 339 14 18 0.035808332 
569 337 13 18 0.035808332 
0 331 7 11 0.035808332 
5 373 14 20 0.035808332 
295 409 30 36 0.033269096 
487 433 50 62 0.033269096 
771 403 26 33 0.033269096 
204 601 57 60 0.033269096 
539 380 25 31 0.033269096 
588 376 27 33 0.033269096 
908 298 17 20 0.03293372 
793 321 8 12 0.03293372 
152 334 9 11 0.03293372 
121 343 10 12 0.03293372 
425 331 12 18 0.03293372 
323 353 8 11 0.032933712 
979 302 16 20 0.032933712 
757 304 9 11 0.032933712 
983 320 16 21 0.032933712 
423 311 15 19 0.032933712 
48 352 13 17 0.032933712 
776 339 17 21 0.032933712 
346 328 8 9 0.032933712 
0 373 10 19 0.032933712 
181 387 15 18 0.032933712 
163 342 9 11 0.032933712 
207 364 8 11 0.032933712 
126 337 8 11 0.032933712 
157 370 14 17 0.032933712 
691 371 18 25 0.032933712 
793 293 9 11 0.032933712 
210 376 14 18 0.032933712 
281 342 17 21 0.032933712 
829 483 178 244 0.03163486 
487 426 33 42 0.030461596 
564 411 26 36 0.030461596 
630 299 46 53 0.030461596 
970 400 28 41 0.030461596 
521 350 41 47 0.030461596 
156 374 9 11 0.030282615 
731 342 9 13 0.030282615 
700 337 16 19 0.030282615 
228 370 18 23 0.030282615 
79 349 14 17 0.030282615 
173 334 10 13 0.030282615 
43 362 14 18 0.030282615 
132 345 8 10 0.030282615 
807 293 14 17 0.030282615 
155 326 8 9 0.030282615 
299 327 9 11 0.030282615 
238 327 12 15 0.030282615 
88 309 7 9 0.030282615 
900 329 18 22 0.030282615 
773 306 9 11 0.030282615 
124 376 18 25 0.030282615 
738 475 71 102 0.028921604 
167 169 194 274 0.028921604 
198 551 100 106 0.028921604 
763 421 35 45 0.027884193 
246 336 41 47 0.027884193 
787 429 51 56 0.027884193 
920 357 30 37 0.027884193 
251 339 21 25 0.027884193 
553 463 34 39 0.027884193 
307 122 32 43 0.027884193 
231 328 20 25 0.027884193 
522 478 34 34 0.027884185 
445 365 19 27 0.027838783 
583 374 17 23 0.027838783 
544 331 10 13 0.027838783 
288 336 9 12 0.027838783 
275 349 17 23 0.027838783 
904 244 5 7 0.027838783 
258 348 8 12 0.027838783 
531 385 16 21 0.027838783 
344 325 8 9 0.027838783 
615 375 8 10 0.027838783 
352 358 16 21 0.027838783 
480 368 17 22 0.027838783 
108 355 9 11 0.027838783 
878 271 9 12 0.027838783 
682 312 9 10 0.027838783 
542 318 10 12 0.027838783 
854 282 11 14 0.027838783 
749 240 5 7 0.027838778 
32 345 10 13 0.027838778 
155 377 14 20 0.027838778 
183 339 10 13 0.027838778 
15 348 14 20 0.027838778 
63 351 12 16 0.027838778 
576 518 85 113 0.026434705 
541 84 119 141 0.026434705 
291 328 9 12 0.02558696 
556 361 18 23 0.02558696 
48 328 9 10 0.02558696 
148 387 18 25 0.02558696 
724 335 16 21 0.02558696 
550 350 18 22 0.02558696 
210 341 8 10 0.02558696 
264 357 9 12 0.02558696 
492 382 17 20 0.02558696 
800 308 16 21 0.02558696 
436 326 12 16 0.02558696 
2 366 14 20 0.02558696 
148 336 13 17 0.02558696 
778 304 13 18 0.02558696 
719 370 20 26 0.02558696 
272 321 9 11 0.02558696 
504 356 10 12 0.02558696 
856 277 11 14 0.02558696 
900 338 11 13 0.02558696 
324 318 11 14 0.02558696 
21 393 15 22 0.02558696 
168 383 10 14 0.02558696 
775 331 17 20 0.02558696 
589 403 15 20 0.02558696 
360 326 13 16 0.02558696 
154 360 15 20 0.02558696 
943 257 5 6 0.02558696 
715 301 8 11 0.02558696 
301 345 18 22 0.02558696 
547 327 10 12 0.02558696 
347 333 9 11 0.02558696 
157 335 9 11 0.02558696 
335 318 7 8 0.02558696 
388 322 25 33 0.025519116 
255 326 21 25 0.025519116 
807 334 26 32 0.025519116 
232 381 30 32 0.025519116 
784 379 27 33 0.025519116 
969 347 35 47 0.025519116 
329 363 23 27 0.025519116 
114 355 45 50 0.025519116 
794 394 26 28 0.025519116 
632 575 25 42 0.025519116 
14 545 55 77 0.025519116 
515 446 33 35 0.025519116 
250 571 53 77 0.025519116 
863 596 53 81 0.025519116 
885 336 17 24 0.02351288 
333 352 15 16 0.02351288 
78 392 17 23 0.02351288 
719 391 16 21 0.02351288 
163 372 10 12 0.02351288 
543 314 9 10 0.02351288 
954 271 9 12 0.02351288 
124 325 6 8 0.02351288 
78 354 9 11 0.02351288 
200 392 18 21 0.02351288 
86 355 9 10 0.02351288 
143 321 5 7 0.02351288 
868 274 14 18 0.02351288 
859 268 12 15 0.02351288 
40 317 9 10 0.02351288 
760 256 6 8 0.02351288 
814 334 16 19 0.02351288 
97 358 7 9 0.02351288 
329 313 6 7 0.02351288 
295 328 9 12 0.02351288 
286 326 10 13 0.02351288 
195 376 17 20 0.02351288 
538 309 10 11 0.02351288 
244 302 14 16 0.02351288 
887 334 10 14 0.02351288 
891 233 4 5 0.02351288 
895 251 6 7 0.02351288 
759 252 5 7 0.02351288 
233 302 6 8 0.02351288 
102 356 16 19 0.02351288 
825 388 23 32 0.023349825 
767 375 25 36 0.023349825 
961 392 29 37 0.023349825 
869 311 21 23 0.023349825 
244 328 19 23 0.023349825 
146 458 25 38 0.023349825 
983 413 28 43 0.023349825 
361 329 24 28 0.023349825 
942 347 27 35 0.023349825 
296 618 85 60 0.023349825 
263 605 54 81 0.023349825 
361 456 31 50 0.023349825 
309 417 50 77 0.023349825 
305 392 25 33 0.023349825 
44 443 35 45 0.023349825 
326 361 40 46 0.023349825 
81 497 111 131 0.022069868 
813 309 16 24 0.0216032 
492 366 17 21 0.0216032 
89 358 8 11 0.021603195 
158 351 15 21 0.021603195 
23 368 19 23 0.021603195 
312 353 15 21 0.021603195 
205 355 10 14 0.021603195 
440 377 19 26 0.021603195 
462 359 19 25 0.021603195 
335 333 15 19 0.021603195 
291 340 10 13 0.021603195 
743 276 13 17 0.021603195 
141 352 8 10 0.021603195 
124 362 15 20 0.021603195 
688 348 17 22 0.021603195 
811 294 8 9 0.021603195 
687 363 16 21 0.021603195 
85 398 21 23 0.021603195 
804 407 21 22 0.021603195 
38 345 11 13 0.021603195 
703 428 15 20 0.021603195 
697 405 18 28 0.021603195 
629 323 15 22 0.021603195 
750 253 5 6 0.021603195 
148 368 15 19 0.021603195 
742 222 12 16 0.021603195 
768 171 5 7 0.021603195 
659 441 20 24 0.021603195 
647 668 20 17 0.021603195 
173 342 8 10 0.021603195 
768 328 14 19 0.021603195 
847 249 7 8 0.021603195 
580 405 19 23 0.021603195 
643 315 16 21 0.021603195 
129 358 17 20 0.021603195 
119 326 11 15 0.021603195 
694 331 14 17 0.021603195 
298 329 14 17 0.021603195 
207 363 17 22 0.021603195 
906 416 50 55 0.021360904 
706 376 24 30 0.021360904 
61 338 46 53 0.021360904 
350 414 53 60 0.021360898 
390 253 27 31 0.021360898 
477 388 27 31 0.021360898 
12 557 29 40 0.021360898 
967 478 34 49 0.021360898 
691 336 21 26 0.021360898 
763 336 23 28 0.021360898 
126 574 87 106 0.0201599 
