0_Parade_marchingband_1_267
222
468 224 29 33 0.99952376 
165 245 33 39 0.9990996 
565 138 15 17 0.9970004 
585 227 23 30 0.9964803 
1 220 26 45 0.99614596 
317 222 23 33 0.9957801 
425 204 23 29 0.9949414 
925 146 14 18 0.99347997 
711 165 16 21 0.9928939 
587 141 15 16 0.9928939 
509 236 25 28 0.9927347 
804 139 15 18 0.99225557 
355 236 24 31 0.99129593 
584 181 18 23 0.989082 
647 156 14 17 0.9858861 
831 146 13 15 0.98177195 
506 195 19 26 0.97839683 
680 144 13 15 0.9697174 
762 155 12 13 0.96706635 
549 180 19 24 0.9577016 
624 175 14 18 0.9540484 
735 145 12 15 0.88008106 
604 209 17 25 0.8263381 
897 123 9 10 0.7708736 
846 133 9 11 0.755209 
614 104 14 16 0.7388364 
707 187 16 24 0.7217721 
786 139 8 10 0.7040394 
986 145 8 12 0.5858033 
703 151 11 12 0.5858033 
474 196 21 26 0.5227497 
678 200 12 19 0.5 
485 93 6 8 0.43536806 
983 112 6 8 0.43536806 
407 118 7 9 0.4141967 
791 138 8 10 0.3728605 
663 151 11 15 0.33330244 
880 121 8 10 0.31433135 
936 105 6 8 0.29596066 
776 150 9 10 0.29596066 
491 104 8 10 0.26116365 
122 359 228 281 0.21508123 
656 189 15 20 0.2141799 
969 112 7 8 0.19995552 
510 114 6 8 0.19995552 
436 111 7 9 0.19995552 
764 57 26 34 0.16258556 
548 147 14 16 0.15017675 
612 107 9 11 0.15017675 
963 131 12 16 0.15017675 
818 138 281 261 0.14717786 
1001 109 7 8 0.13944872 
982 143 10 15 0.1293704 
634 149 10 11 0.1293704 
998 111 6 7 0.1293704 
656 155 14 17 0.11991897 
669 325 7 9 0.111069925 
1004 109 6 7 0.111069925 
634 107 8 10 0.102797605 
618 159 8 9 0.09507551 
594 216 23 28 0.09308393 
693 145 8 11 0.08787667 
991 142 9 13 0.08787667 
655 195 19 23 0.08567616 
272 296 246 289 0.08285364 
623 107 8 10 0.08117401 
965 125 7 8 0.08117401 
-1 560 14 25 0.08117401 
507 113 6 8 0.08117401 
476 69 7 10 0.07494057 
995 141 8 11 0.07494057 
963 129 9 11 0.069149815 
686 239 14 20 0.0691498 
856 138 8 10 0.0691498 
516 109 5 6 0.05879275 
626 104 11 15 0.05879275 
667 105 6 7 0.054176662 
588 365 117 160 0.053832818 
943 172 12 20 0.04990379 
963 113 6 7 0.04990379 
496 106 6 8 0.04990379 
975 110 5 7 0.04990379 
766 151 12 14 0.04990379 
687 144 12 15 0.049903784 
486 68 5 6 0.049903784 
108 282 194 242 0.04931264 
965 18 7 9 0.045951538 
680 198 8 10 0.045951538 
556 114 7 9 0.045951538 
881 79 8 12 0.04229837 
652 329 12 15 0.04229837 
877 122 8 11 0.04229837 
970 134 9 12 0.04229837 
654 189 10 13 0.04229837 
585 95 8 11 0.038923774 
524 72 5 6 0.038923774 
542 80 4 6 0.038923774 
981 110 6 8 0.038923774 
534 241 16 22 0.038923774 
-11 -45 228 281 0.03781825 
794 136 9 12 0.035808332 
971 152 12 15 0.035808332 
966 114 7 9 0.035808332 
915 118 6 7 0.035808332 
699 148 12 15 0.035808332 
743 145 8 12 0.035808332 
960 112 6 7 0.035808332 
749 143 7 10 0.035808332 
530 63 4 6 0.035808332 
981 149 7 10 0.035808332 
803 23 32 44 0.033269096 
614 333 23 29 0.033269096 
484 98 7 10 0.03293372 
48 252 8 10 0.03293372 
995 113 5 6 0.03293372 
518 106 5 6 0.03293372 
962 20 11 14 0.03293372 
681 335 12 15 0.032933712 
486 3 6 7 0.032933712 
972 143 12 16 0.032933712 
731 147 10 12 0.032933712 
524 67 4 5 0.032933712 
952 98 7 9 0.032933712 
537 71 5 6 0.032933712 
534 72 4 6 0.032933712 
489 70 5 7 0.032933712 
958 133 8 11 0.032933712 
614 103 24 27 0.030461596 
662 327 12 17 0.030282615 
967 49 5 6 0.030282615 
636 109 9 11 0.030282615 
779 139 12 15 0.030282615 
499 72 5 6 0.030282615 
883 122 8 10 0.030282615 
663 158 9 12 0.030282615 
683 202 13 18 0.030282615 
433 104 13 16 0.030282615 
473 69 7 9 0.030282615 
974 133 8 12 0.030282615 
839 131 13 16 0.030282615 
712 221 6 8 0.030282615 
766 71 6 8 0.030282615 
540 72 5 7 0.030282615 
850 133 11 14 0.030282615 
919 196 111 215 0.028921604 
616 371 74 96 0.027884193 
440 133 18 27 0.027884193 
751 30 53 68 0.027884193 
760 153 20 23 0.027884193 
493 71 4 6 0.027838783 
606 202 13 17 0.027838783 
464 75 6 8 0.027838783 
886 132 8 10 0.027838783 
118 457 6 7 0.027838783 
655 264 9 11 0.027838783 
939 133 9 10 0.027838783 
746 67 7 10 0.027838783 
929 96 5 6 0.027838783 
975 139 9 12 0.027838778 
627 172 11 11 0.027838778 
733 70 14 16 0.02558696 
907 124 7 9 0.02558696 
642 153 13 17 0.02558696 
488 100 7 10 0.02558696 
767 68 15 20 0.02558696 
888 119 11 14 0.02558696 
714 186 9 10 0.02558696 
513 112 6 8 0.02558696 
916 97 5 7 0.02558696 
8 26 7 9 0.02558696 
401 133 15 19 0.02558696 
955 108 6 8 0.02558696 
763 86 8 10 0.02558696 
971 535 53 102 0.025519116 
732 61 24 26 0.025519116 
502 349 246 219 0.024156325 
418 387 126 172 0.024156325 
980 122 5 7 0.02351288 
909 118 11 15 0.02351288 
611 214 18 22 0.02351288 
743 64 12 17 0.02351288 
488 88 6 8 0.02351288 
599 91 6 8 0.02351288 
511 111 5 7 0.02351288 
864 140 8 10 0.02351288 
476 108 6 8 0.02351288 
554 150 9 11 0.02351288 
970 149 9 11 0.02351288 
951 52 29 37 0.023349825 
675 63 25 30 0.023349825 
59 26 49 60 0.023349825 
927 25 52 69 0.023349825 
477 63 5 6 0.0216032 
670 102 5 6 0.0216032 
472 104 7 9 0.021603195 
986 109 6 8 0.021603195 
1008 109 6 7 0.021603195 
529 66 4 5 0.021603195 
439 109 8 10 0.021603195 
659 104 6 7 0.021603195 
521 66 4 6 0.021603195 
629 85 6 7 0.021603195 
118 295 13 17 0.021603195 
1009 113 5 6 0.021603195 
903 93 5 6 0.021603195 
429 108 7 10 0.021603195 
510 76 5 7 0.021603195 
996 105 6 8 0.021603195 
527 72 4 5 0.021603195 
628 180 15 20 0.021603195 
298 225 17 24 0.021603195 
970 126 6 8 0.021603195 
868 139 7 10 0.021603195 
479 67 6 7 0.021603195 
472 65 6 8 0.021603195 
739 149 11 16 0.021603195 
827 37 5 7 0.021603195 
976 148 12 16 0.021603195 
653 260 19 23 0.021360898 
86 38 25 37 0.021360898 
845 26 45 63 0.021360898 
781 25 46 61 0.021360893 
