0_Parade_marchingband_1_353
45
644 267 97 183 0.9786391 
271 369 98 198 0.97584367 
77 797 232 564 0.59142894 
-51 196 277 654 0.56891036 
367 25 239 607 0.5461031 
783 55 242 626 0.3864298 
80 1048 82 151 0.2032784 
11 -66 212 590 0.18550259 
54 551 215 540 0.1254451 
634 655 76 206 0.118850335 
320 784 57 146 0.118850335 
169 927 257 654 0.1065206 
974 536 10 33 0.102797605 
-4 259 119 479 0.09015675 
666 78 253 433 0.09015675 
102 655 52 117 0.08567618 
118 901 109 368 0.05874174 
615 229 180 446 0.05874174 
512 464 194 573 0.05874174 
971 541 7 23 0.054176662 
685 396 242 564 0.04931264 
266 849 197 556 0.045153897 
40 29 140 347 0.04133061 
143 733 134 414 0.03781825 
5 552 48 144 0.036325652 
68 260 144 408 0.034593605 
177 691 60 149 0.033269096 
255 397 68 151 0.030461596 
182 751 32 72 0.030461596 
980 530 12 30 0.030282615 
987 534 7 19 0.027838783 
988 526 7 18 0.027838783 
963 546 6 18 0.027838778 
966 550 8 22 0.027838778 
996 537 6 15 0.02558696 
979 526 8 20 0.02558696 
938 569 6 14 0.02558696 
299 934 109 362 0.024156325 
687 656 222 548 0.024156325 
439 1037 55 123 0.023349825 
992 522 5 13 0.021603195 
1001 566 8 20 0.021603195 
766 233 132 390 0.0201599 
169 160 194 487 0.0201599 
798 855 138 352 0.0201599 
