0_Parade_Parade_0_901
53
682 292 257 454 0.99796546 
284 640 146 274 0.9967733 
46 383 215 403 0.99385405 
147 466 225 503 0.56891036 
233 511 225 495 0.32305852 
629 417 209 358 0.19988178 
413 39 4 10 0.111069925 
776 365 222 481 0.09803478 
530 576 249 558 0.076092646 
373 591 261 533 0.076092646 
611 1024 132 214 0.058741733 
425 977 123 227 0.053832814 
276 264 17 33 0.045951538 
715 693 212 474 0.045153897 
815 219 111 223 0.045153897 
269 43 4 9 0.04229837 
503 465 218 467 0.03781825 
784 43 51 100 0.036325645 
602 36 6 13 0.035808332 
597 824 228 474 0.034593593 
280 710 91 178 0.033269096 
286 43 5 12 0.032933712 
357 77 6 12 0.032933712 
172 475 151 270 0.03163486 
697 1032 128 195 0.03163486 
362 38 6 13 0.030282615 
304 87 209 421 0.028921604 
350 11 5 11 0.027838783 
691 37 4 9 0.027838778 
482 35 5 10 0.027838778 
512 75 194 358 0.026434705 
282 28 4 9 0.02558696 
703 1055 5 11 0.02558696 
520 244 7 15 0.02558696 
537 43 4 10 0.02558696 
371 41 6 12 0.02558696 
353 42 5 12 0.02558696 
9 276 4 8 0.02558696 
343 18 6 13 0.02558696 
528 39 5 11 0.02558696 
412 803 242 467 0.02415633 
397 434 222 460 0.024156325 
755 882 121 230 0.024156325 
734 6 4 9 0.02351288 
212 494 73 116 0.023349825 
739 980 97 193 0.022069868 
397 41 4 10 0.021603195 
694 37 5 10 0.021603195 
0 292 4 10 0.021603195 
695 20 4 10 0.021603195 
245 251 60 112 0.021360904 
704 444 88 191 0.021360898 
172 256 117 233 0.0201599 
