0_Parade_marchingband_1_768
453
823 622 31 39 0.98751885 
534 612 19 23 0.97441304 
463 613 19 25 0.9641916 
677 638 30 35 0.9439019 
983 641 31 35 0.88114965 
279 208 39 37 0.7815748 
501 636 10 14 0.7388364 
786 624 9 13 0.60666233 
640 636 10 15 0.47834834 
711 623 11 15 0.45677772 
911 655 27 28 0.38809907 
403 627 9 13 0.26116365 
300 647 11 16 0.22912638 
31 43 197 242 0.18550259 
378 623 6 8 0.17366187 
895 551 8 10 0.16157512 
772 562 6 8 0.13944872 
611 631 7 11 0.13944872 
405 540 4 5 0.1293704 
436 16 109 165 0.1254451 
307 582 8 9 0.11991897 
356 -34 180 257 0.115646794 
775 548 5 6 0.111069925 
707 566 5 6 0.102797605 
528 550 5 7 0.09507551 
847 519 5 6 0.08787667 
454 574 5 7 0.08117401 
548 528 4 5 0.08117401 
529 537 5 7 0.074940585 
783 622 9 12 0.074940585 
572 541 4 6 0.07494057 
696 537 5 6 0.069149815 
553 623 12 17 0.0691498 
780 520 4 5 0.0691498 
509 533 5 6 0.0691498 
571 549 5 6 0.0691498 
903 643 25 24 0.06655858 
490 512 4 5 0.06377564 
697 567 5 6 0.06377564 
546 527 4 5 0.06377564 
783 531 5 7 0.06377564 
421 542 4 5 0.05879275 
263 658 14 22 0.05879275 
708 535 5 6 0.05879275 
668 574 7 8 0.05879275 
665 518 4 5 0.05879275 
877 559 6 7 0.05879275 
516 515 4 5 0.05879275 
528 539 6 7 0.054176662 
609 538 4 5 0.054176662 
167 504 8 10 0.054176662 
927 527 6 7 0.054176662 
778 548 5 7 0.054176662 
489 551 6 7 0.054176662 
558 505 4 6 0.04990379 
677 548 5 7 0.04990379 
557 550 5 7 0.04990379 
468 532 5 7 0.04990379 
546 559 5 6 0.04990379 
497 603 8 10 0.04990379 
588 541 4 5 0.04990379 
686 662 19 20 0.04990379 
622 528 4 5 0.04990379 
580 527 4 5 0.04990379 
732 558 5 6 0.049903784 
924 656 28 26 0.047198545 
518 554 5 6 0.04595155 
533 472 4 5 0.04595155 
758 503 4 5 0.04595155 
515 630 11 17 0.04595155 
814 565 5 7 0.04595155 
790 558 7 8 0.04595155 
457 550 4 6 0.045951538 
500 516 4 5 0.045951538 
626 572 4 6 0.045951538 
577 524 4 5 0.04229837 
546 467 4 5 0.04229837 
452 558 4 5 0.04229837 
411 523 5 6 0.04229837 
395 478 4 5 0.04229837 
544 368 9 10 0.04229837 
779 522 4 5 0.04229837 
399 628 8 12 0.04229837 
548 542 5 6 0.04229837 
679 527 4 5 0.04229837 
371 545 5 6 0.04229837 
516 545 4 5 0.04229837 
678 546 4 5 0.04229837 
492 543 6 8 0.04229837 
1002 549 7 8 0.04229837 
721 232 330 321 0.04133061 
223 183 22 28 0.039651502 
390 268 27 31 0.039651502 
898 514 6 7 0.038923774 
504 569 6 7 0.038923774 
626 545 5 6 0.038923774 
617 517 4 5 0.038923774 
683 632 19 24 0.038923774 
471 533 5 6 0.038923774 
404 543 6 7 0.038923774 
541 536 4 6 0.038923774 
561 503 5 6 0.038923774 
394 629 8 10 0.038923774 
514 556 6 7 0.038923774 
816 562 6 8 0.038923774 
707 564 5 6 0.038923774 
911 495 7 9 0.038923774 
766 515 5 6 0.038923774 
562 528 4 5 0.038923774 
716 507 4 5 0.038923774 
393 477 4 5 0.038923774 
367 632 13 16 0.038923774 
205 481 16 21 0.038923774 
455 558 4 5 0.038923774 
557 512 4 5 0.038923774 
262 -6 218 281 0.03781825 
703 553 4 5 0.035808332 
693 578 7 8 0.035808332 
627 542 4 5 0.035808332 
525 540 5 6 0.035808332 
275 658 12 16 0.035808332 
930 514 6 8 0.035808332 
554 536 5 6 0.035808332 
527 544 6 8 0.035808332 
830 506 5 6 0.035808332 
972 505 5 6 0.035808332 
545 548 5 7 0.035808332 
555 519 4 5 0.035808332 
784 520 4 5 0.035808332 
472 498 4 5 0.035808332 
410 490 3 4 0.035808332 
405 524 5 6 0.035808332 
391 628 7 9 0.035808332 
596 447 5 5 0.035808332 
819 557 5 7 0.035808332 
640 430 4 5 0.035808332 
932 514 6 8 0.03293372 
493 553 5 7 0.03293372 
716 542 4 5 0.03293372 
1015 425 5 7 0.03293372 
347 649 13 21 0.03293372 
619 582 5 7 0.03293372 
588 572 6 8 0.032933712 
793 540 5 6 0.032933712 
897 510 6 7 0.032933712 
669 548 5 6 0.032933712 
601 477 4 5 0.032933712 
707 579 5 6 0.032933712 
415 608 9 10 0.032933712 
204 487 7 9 0.032933712 
6 574 7 9 0.032933712 
729 570 5 6 0.032933712 
622 517 4 5 0.032933712 
665 532 4 6 0.032933712 
603 552 6 8 0.032933712 
519 523 5 5 0.032933712 
906 529 6 7 0.032933712 
459 552 4 5 0.032933712 
557 536 5 6 0.032933712 
502 545 4 6 0.032933712 
501 518 5 6 0.032933712 
720 545 4 6 0.032933712 
571 544 5 6 0.032933712 
685 541 5 6 0.032933712 
772 549 5 7 0.032933712 
810 522 4 6 0.032933712 
546 544 5 6 0.030282615 
712 621 8 10 0.030282615 
225 178 5 7 0.030282615 
609 545 5 6 0.030282615 
805 510 4 5 0.030282615 
905 518 7 9 0.030282615 
614 545 4 6 0.030282615 
717 544 4 6 0.030282615 
742 558 5 6 0.030282615 
936 516 6 7 0.030282615 
372 622 12 14 0.030282615 
492 547 6 7 0.030282615 
406 665 17 18 0.030282615 
486 550 5 8 0.030282615 
682 544 4 6 0.030282615 
511 557 6 7 0.030282615 
805 533 4 5 0.030282615 
607 528 4 5 0.030282615 
477 540 5 6 0.030282615 
560 528 4 5 0.030282615 
480 561 5 6 0.030282615 
609 524 4 5 0.030282615 
686 561 5 6 0.030282615 
610 540 4 5 0.030282615 
683 542 4 5 0.030282615 
662 518 4 5 0.030282615 
796 540 5 6 0.030282615 
545 532 5 6 0.030282615 
676 552 6 8 0.030282615 
515 523 5 6 0.030282615 
555 549 5 7 0.030282615 
536 511 5 6 0.030282615 
674 548 5 6 0.030282615 
419 545 4 5 0.030282615 
936 503 6 8 0.030282615 
615 519 4 5 0.030282615 
575 521 4 5 0.030282615 
473 494 4 5 0.030282615 
574 489 4 5 0.030282615 
524 523 4 5 0.030282615 
456 553 4 6 0.030282615 
575 427 117 134 0.028921604 
24 33 51 64 0.027884185 
553 564 11 13 0.027838783 
721 566 5 6 0.027838783 
282 212 21 24 0.027838783 
681 527 4 5 0.027838783 
794 566 8 9 0.027838783 
409 498 4 5 0.027838783 
455 490 4 5 0.027838783 
556 660 19 22 0.027838783 
625 574 5 7 0.027838783 
492 515 5 6 0.027838783 
562 531 4 6 0.027838783 
535 575 5 6 0.027838783 
844 568 7 8 0.027838783 
542 533 5 6 0.027838783 
970 535 7 9 0.027838783 
609 582 5 6 0.027838783 
780 514 5 5 0.027838783 
837 637 18 24 0.027838783 
788 520 4 6 0.027838783 
207 485 7 9 0.027838783 
690 540 5 6 0.027838783 
579 525 4 5 0.027838783 
396 544 5 6 0.027838783 
392 545 4 6 0.027838783 
764 518 5 6 0.027838783 
502 549 4 6 0.027838783 
498 639 8 11 0.027838783 
567 510 5 6 0.027838783 
554 523 4 5 0.027838783 
575 512 4 5 0.027838783 
640 553 4 5 0.027838783 
652 554 4 5 0.027838783 
622 430 4 5 0.027838783 
542 617 15 20 0.027838783 
605 439 5 6 0.027838783 
487 512 4 5 0.027838778 
673 546 5 6 0.027838778 
563 525 4 5 0.027838778 
651 532 5 6 0.027838778 
725 417 4 5 0.027838778 
575 537 5 6 0.027838778 
466 460 4 5 0.027838778 
704 569 6 7 0.02558696 
558 532 5 6 0.02558696 
507 631 12 16 0.02558696 
954 527 6 7 0.02558696 
611 456 4 5 0.02558696 
928 517 5 7 0.02558696 
532 552 4 6 0.02558696 
348 530 6 7 0.02558696 
357 532 5 7 0.02558696 
1006 429 4 5 0.02558696 
771 552 5 7 0.02558696 
947 485 5 7 0.02558696 
468 459 4 5 0.02558696 
879 498 4 6 0.02558696 
771 512 4 5 0.02558696 
680 548 5 7 0.02558696 
709 569 6 8 0.02558696 
585 435 4 4 0.02558696 
481 520 4 5 0.02558696 
901 552 7 10 0.02558696 
1014 512 5 7 0.02558696 
516 518 5 6 0.02558696 
554 545 4 5 0.02558696 
920 479 7 8 0.02558696 
515 512 4 5 0.02558696 
537 545 5 6 0.02558696 
574 548 5 7 0.02558696 
567 548 5 7 0.02558696 
894 507 6 8 0.02558696 
585 571 11 14 0.02558696 
467 529 5 7 0.02558696 
480 535 5 7 0.02558696 
764 540 4 5 0.02558696 
619 430 4 5 0.02558696 
446 540 4 5 0.02558696 
533 431 4 5 0.02558696 
915 513 7 9 0.02558696 
382 654 8 11 0.02558696 
732 561 5 6 0.02558696 
872 513 6 7 0.02558696 
452 561 4 5 0.02558696 
625 548 5 7 0.02558696 
588 525 4 5 0.02558696 
140 511 5 6 0.02558696 
407 537 5 6 0.02558696 
621 579 7 9 0.02558696 
419 489 4 5 0.02558696 
609 527 4 5 0.02558696 
551 494 4 5 0.02558696 
720 528 4 5 0.02558696 
555 515 4 5 0.02558696 
671 634 20 24 0.02558696 
497 581 13 17 0.02558696 
365 628 22 27 0.025519116 
705 617 20 25 0.025519116 
42 152 153 180 0.02415633 
636 426 3 4 0.02351288 
712 540 4 5 0.02351288 
370 495 4 5 0.02351288 
630 541 4 5 0.02351288 
624 581 8 10 0.02351288 
409 494 3 4 0.02351288 
561 536 5 6 0.02351288 
366 625 13 16 0.02351288 
608 627 7 9 0.02351288 
550 536 5 6 0.02351288 
674 554 6 7 0.02351288 
680 553 5 6 0.02351288 
822 553 6 7 0.02351288 
933 552 6 8 0.02351288 
443 438 3 4 0.02351288 
796 656 12 15 0.02351288 
651 570 4 5 0.02351288 
648 536 5 6 0.02351288 
413 540 4 5 0.02351288 
506 541 5 7 0.02351288 
797 537 4 6 0.02351288 
537 536 4 6 0.02351288 
549 531 5 6 0.02351288 
531 501 5 6 0.02351288 
584 533 4 5 0.02351288 
500 503 4 5 0.02351288 
404 504 4 5 0.02351288 
885 498 6 7 0.02351288 
630 499 4 5 0.02351288 
695 569 5 6 0.02351288 
493 538 5 6 0.02351288 
187 578 6 7 0.02351288 
768 561 6 8 0.02351288 
362 511 4 5 0.02351288 
607 524 4 5 0.02351288 
200 519 5 6 0.02351288 
566 525 4 5 0.02351288 
779 511 5 6 0.02351288 
418 520 4 5 0.02351288 
542 524 4 6 0.02351288 
524 520 4 5 0.02351288 
499 524 4 6 0.02351288 
596 512 4 6 0.02351288 
571 520 4 5 0.02351288 
940 517 6 7 0.02351288 
593 512 4 5 0.02351288 
777 520 5 6 0.02351288 
798 519 5 6 0.02351288 
793 529 4 5 0.02351288 
903 516 5 7 0.02351288 
542 516 4 5 0.02351288 
831 529 6 8 0.02351288 
269 661 14 19 0.02351288 
776 523 5 6 0.02351288 
477 512 4 5 0.02351288 
572 502 4 5 0.02351288 
767 540 5 6 0.02351288 
824 540 5 6 0.02351288 
630 516 4 5 0.02351288 
606 545 4 5 0.02351288 
518 566 5 7 0.02351288 
209 513 7 9 0.02351288 
942 471 7 9 0.02351288 
625 528 4 5 0.02351288 
812 627 16 21 0.02351288 
406 548 4 5 0.02351288 
502 8 62 73 0.023349825 
265 360 63 85 0.023349825 
533 455 124 138 0.022069868 
607 537 4 5 0.021603195 
598 536 4 5 0.021603195 
814 529 4 6 0.021603195 
565 527 5 6 0.021603195 
764 549 5 6 0.021603195 
499 527 4 5 0.021603195 
379 529 4 5 0.021603195 
665 535 4 5 0.021603195 
757 523 5 6 0.021603195 
723 565 5 6 0.021603195 
481 558 5 6 0.021603195 
661 557 5 7 0.021603195 
746 595 7 8 0.021603195 
650 587 7 9 0.021603195 
500 586 7 8 0.021603195 
442 588 5 6 0.021603195 
823 524 4 5 0.021603195 
648 522 4 6 0.021603195 
818 531 4 5 0.021603195 
580 532 4 5 0.021603195 
515 533 5 6 0.021603195 
636 532 5 6 0.021603195 
891 571 6 8 0.021603195 
682 566 5 6 0.021603195 
711 534 5 6 0.021603195 
480 532 5 6 0.021603195 
544 569 6 7 0.021603195 
513 524 4 6 0.021603195 
311 661 8 10 0.021603195 
703 531 4 6 0.021603195 
766 528 5 7 0.021603195 
907 515 7 9 0.021603195 
208 509 14 18 0.021603195 
408 521 6 7 0.021603195 
542 519 4 5 0.021603195 
933 517 7 8 0.021603195 
553 629 14 20 0.021603195 
0 546 6 9 0.021603195 
477 550 5 6 0.021603195 
400 541 6 7 0.021603195 
683 533 4 5 0.021603195 
500 429 4 5 0.021603195 
658 468 5 6 0.021603195 
554 473 4 5 0.021603195 
372 477 4 4 0.021603195 
374 476 4 5 0.021603195 
413 481 4 5 0.021603195 
211 487 7 9 0.021603195 
794 507 4 5 0.021603195 
747 507 4 5 0.021603195 
502 505 4 5 0.021603195 
481 506 4 5 0.021603195 
418 494 4 5 0.021603195 
507 493 5 5 0.021603195 
746 438 4 5 0.021603195 
610 512 4 5 0.021603195 
418 550 4 5 0.021603195 
580 448 4 5 0.021603195 
708 546 4 6 0.021603195 
923 578 7 9 0.021603195 
667 572 11 14 0.021603195 
525 549 6 7 0.021603195 
600 550 6 8 0.021603195 
846 540 6 8 0.021603195 
518 545 5 6 0.021603195 
789 540 5 6 0.021603195 
542 540 5 6 0.021603195 
515 542 5 6 0.021603195 
533 255 45 67 0.021360904 
17 144 59 85 0.021360904 
496 631 19 23 0.021360898 
322 163 25 29 0.021360898 
918 71 30 32 0.021360898 
319 435 203 250 0.020159906 
709 468 123 134 0.0201599 
645 258 253 273 0.0201599 
646 411 107 134 0.0201599 
