0_Parade_marchingband_1_488
192
610 321 12 21 0.9881053 
447 269 18 26 0.98704255 
40 266 20 25 0.9858861 
324 315 11 17 0.9641916 
272 334 11 14 0.95009613 
730 362 7 9 0.5216516 
941 375 7 10 0.5 
988 404 5 7 0.5 
515 355 7 10 0.45677772 
856 369 8 11 0.43536806 
373 345 8 11 0.43536806 
910 385 6 8 0.3933377 
686 329 11 15 0.3728605 
644 350 8 11 0.3728605 
894 395 7 9 0.33330244 
182 36 75 104 0.32552502 
17 324 269 273 0.30317584 
809 382 5 7 0.27822798 
762 369 6 8 0.24479094 
760 375 13 17 0.24479094 
86 126 7 8 0.2141799 
855 207 6 7 0.17366187 
860 215 9 10 0.17366187 
425 317 212 243 0.17193554 
765 372 8 11 0.13944872 
939 380 9 12 0.13944872 
498 343 9 12 0.12937039 
678 407 51 70 0.12872262 
60 123 8 10 0.11991897 
973 392 5 7 0.102797605 
472 350 130 149 0.09803478 
420 42 6 9 0.08787667 
779 400 5 6 0.08117401 
869 204 5 6 0.08117401 
938 377 8 10 0.074940585 
770 370 7 10 0.074940585 
412 40 5 8 0.0691498 
838 112 18 23 0.0691498 
968 408 7 9 0.0691498 
863 369 7 9 0.06377564 
758 367 7 8 0.06377564 
893 396 10 14 0.05879275 
689 328 8 10 0.05879275 
920 422 12 18 0.05879275 
85 120 9 11 0.054176662 
896 392 7 9 0.054176662 
100 66 6 8 0.04990379 
981 413 5 6 0.04990379 
404 324 12 20 0.049903784 
451 195 6 7 0.049903784 
217 5 35 31 0.047198545 
758 377 8 10 0.04595155 
754 377 6 8 0.04595155 
981 437 6 9 0.04595155 
1018 308 6 11 0.04595155 
812 382 6 8 0.04595155 
776 399 6 7 0.045951538 
949 409 7 9 0.045951538 
680 333 8 11 0.045951538 
203 349 34 44 0.04326818 
971 394 8 10 0.04229837 
92 373 12 15 0.04229837 
821 412 7 9 0.04229837 
318 316 9 12 0.04229837 
843 399 5 6 0.04229837 
686 404 138 160 0.04133061 
758 373 8 10 0.038923774 
986 401 9 11 0.038923774 
898 388 5 7 0.038923774 
817 385 6 8 0.038923774 
913 386 7 9 0.038923774 
340 265 212 232 0.03781825 
830 225 6 7 0.035808332 
83 115 8 11 0.035808332 
517 356 7 11 0.035808332 
403 329 8 13 0.035808332 
161 12 191 265 0.034593605 
404 96 232 307 0.034593593 
701 232 53 75 0.033269096 
524 384 5 7 0.03293372 
779 402 6 8 0.03293372 
859 207 7 8 0.032933712 
723 237 9 10 0.032933712 
967 401 11 14 0.032933712 
878 403 6 7 0.032933712 
684 326 9 11 0.032933712 
319 60 222 294 0.03163486 
76 108 5 7 0.030282615 
1015 308 6 8 0.030282615 
727 366 8 11 0.030282615 
51 119 4 5 0.030282615 
254 371 14 19 0.030282615 
507 391 16 23 0.030282615 
801 400 5 8 0.030282615 
353 194 6 8 0.030282615 
841 399 4 6 0.030282615 
84 113 14 17 0.030282615 
827 397 5 6 0.030282615 
859 367 8 10 0.030282607 
749 3 253 277 0.028921604 
683 143 218 298 0.028921604 
406 318 22 28 0.027884185 
10 335 29 41 0.027884185 
767 400 7 9 0.027838783 
430 278 12 17 0.027838783 
783 400 7 8 0.027838783 
93 360 6 7 0.027838783 
767 361 6 7 0.027838783 
696 380 16 21 0.027838783 
756 370 6 8 0.027838783 
91 117 6 9 0.027838783 
875 226 5 6 0.027838783 
681 338 6 9 0.027838783 
865 206 7 8 0.027838778 
626 373 228 261 0.026434705 
934 378 7 9 0.02558696 
483 293 13 17 0.02558696 
79 377 6 8 0.02558696 
778 399 11 14 0.02558696 
919 420 8 12 0.02558696 
857 215 8 9 0.02558696 
772 400 10 13 0.02558696 
806 380 9 12 0.02558696 
543 84 9 11 0.02558696 
72 109 5 7 0.02558696 
774 372 6 8 0.02558696 
449 198 7 9 0.02558696 
974 398 6 9 0.02558696 
494 364 5 7 0.02558696 
788 396 6 8 0.02558696 
369 271 24 31 0.025519116 
777 107 23 28 0.025519116 
80 269 21 25 0.025519116 
316 347 24 29 0.025519116 
762 463 273 294 0.024156325 
496 380 218 261 0.024156325 
183 48 114 170 0.024156325 
393 302 6 7 0.02351288 
724 364 7 9 0.02351288 
589 260 4 5 0.02351288 
858 213 15 17 0.02351288 
690 324 6 8 0.02351288 
856 206 12 15 0.02351288 
840 200 5 6 0.02351288 
765 367 7 9 0.02351288 
73 369 6 8 0.02351288 
593 324 11 18 0.02351288 
680 326 8 11 0.02351288 
59 128 7 9 0.02351288 
963 404 6 8 0.02351288 
859 402 6 7 0.02351288 
59 119 5 6 0.02351288 
520 383 13 18 0.02351288 
913 428 13 19 0.02351288 
86 114 8 9 0.02351288 
78 106 5 7 0.02351288 
96 77 9 10 0.02351288 
990 420 6 8 0.02351288 
514 391 6 8 0.02351288 
675 329 20 29 0.023349825 
492 377 73 94 0.023349825 
151 339 50 60 0.023349825 
996 243 24 42 0.023349825 
73 230 23 27 0.023349825 
72 392 298 277 0.022069868 
523 395 6 9 0.021603195 
766 395 7 8 0.021603195 
814 441 7 9 0.021603195 
769 377 7 10 0.021603195 
1014 311 8 12 0.021603195 
808 389 7 10 0.021603195 
868 379 6 8 0.021603195 
737 11 5 6 0.021603195 
720 381 7 10 0.021603195 
993 317 8 9 0.021603195 
467 308 7 10 0.021603195 
985 211 6 9 0.021603195 
724 369 8 10 0.021603195 
676 331 8 10 0.021603195 
704 23 6 8 0.021603195 
96 114 5 6 0.021603195 
494 343 7 9 0.021603195 
679 325 14 19 0.021603195 
702 340 4 6 0.021603195 
693 324 6 8 0.021603195 
409 59 14 17 0.021603195 
984 212 40 74 0.021360904 
479 287 23 29 0.021360904 
993 205 24 42 0.021360904 
492 334 20 26 0.021360898 
258 257 203 265 0.0201599 
375 365 194 261 0.0201599 
