0_Parade_marchingband_1_561
64
734 830 239 623 0.85282207 
579 870 235 671 0.85282207 
436 947 289 701 0.78491884 
530 748 212 562 0.6769414 
992 1154 30 102 0.6541731 
76 1147 64 164 0.5900683 
78 1097 109 321 0.5461031 
8 1215 52 176 0.5 
632 1083 228 661 0.3864298 
358 965 85 285 0.3864298 
642 690 225 701 0.26558137 
152 1075 203 605 0.2311026 
813 1052 188 554 0.19988176 
83 1051 172 485 0.15916684 
-17 448 222 588 0.13594593 
1 635 62 283 0.12872262 
110 708 132 326 0.115646794 
485 389 197 538 0.090156734 
658 1348 58 153 0.07880669 
521 511 126 311 0.06984133 
360 630 73 156 0.06655858 
895 1411 70 148 0.06655858 
568 1425 62 107 0.06655857 
244 1188 128 400 0.064067975 
687 432 215 596 0.053832818 
854 831 142 464 0.053832814 
344 475 239 515 0.053832814 
262 965 37 82 0.051466707 
291 170 228 614 0.04931264 
276 825 218 571 0.045153886 
109 1143 65 205 0.04326818 
974 1091 46 170 0.04326818 
147 408 70 164 0.04326818 
19 1200 37 113 0.04326818 
227 624 68 148 0.04326818 
-13 554 134 340 0.04133062 
149 627 112 316 0.04133062 
674 172 68 153 0.039651502 
22 1146 83 281 0.03781825 
341 708 32 80 0.036325652 
319 687 117 246 0.034593593 
471 831 186 562 0.03163486 
-9 857 222 633 0.028921604 
78 604 206 538 0.028921604 
386 499 119 377 0.028921604 
109 734 61 156 0.027884193 
744 1408 76 123 0.027884185 
374 640 39 75 0.027884185 
328 699 64 136 0.025519116 
34 476 74 167 0.025519116 
124 360 203 579 0.02415633 
573 484 212 571 0.024156325 
822 1067 64 170 0.023349825 
58 168 61 156 0.023349825 
949 1267 70 216 0.023349825 
773 1266 65 156 0.023349825 
324 638 61 131 0.023349825 
257 688 56 129 0.023349825 
356 911 86 185 0.023349825 
43 828 68 179 0.023349825 
115 689 56 125 0.023349825 
132 733 70 148 0.021360904 
408 374 114 307 0.0201599 
690 1241 149 389 0.0201599 
