0_Parade_Parade_0_288
156
747 327 16 22 0.88893 
423 217 9 12 0.88893 
507 212 10 14 0.66669756 
463 202 13 16 0.64717066 
299 394 10 14 0.60666233 
337 342 15 22 0.43536806 
494 169 13 17 0.3728605 
701 405 13 16 0.3728605 
507 198 21 28 0.268611 
695 340 12 17 0.26116365 
894 266 30 44 0.16258557 
658 361 11 18 0.13944872 
872 5 61 86 0.13928533 
368 318 13 17 0.11991897 
510 349 25 32 0.118850335 
363 281 22 30 0.118850335 
481 273 16 20 0.111069925 
526 348 17 25 0.09507551 
344 338 13 20 0.09507551 
459 197 8 14 0.09507551 
180 414 218 260 0.090156734 
702 330 8 11 0.08787667 
415 221 23 32 0.08567618 
264 471 32 58 0.08567616 
248 416 124 177 0.08285364 
298 390 7 11 0.08117401 
698 331 13 18 0.08117401 
477 219 8 13 0.08117401 
695 343 7 11 0.07494057 
591 341 15 22 0.07494057 
382 407 23 33 0.07244435 
347 301 215 306 0.06984133 
629 365 8 12 0.0691498 
521 291 15 20 0.06377564 
903 270 18 27 0.06377564 
389 272 23 33 0.06111947 
316 338 11 15 0.05879275 
352 340 8 13 0.05879275 
876 259 46 66 0.056098126 
513 280 25 32 0.056098126 
474 269 26 34 0.056098126 
406 187 15 19 0.054176662 
326 306 11 17 0.054176662 
700 348 9 12 0.054176662 
474 329 24 30 0.051466707 
503 351 20 28 0.04990379 
415 274 11 14 0.04990379 
579 331 6 9 0.04990379 
531 330 15 22 0.049903784 
230 324 239 306 0.04931264 
244 460 41 68 0.047198545 
500 171 15 19 0.04595155 
710 423 8 11 0.04595155 
535 384 16 22 0.04595155 
347 380 6 9 0.04595155 
383 264 21 33 0.04326818 
4 20 56 90 0.04326818 
361 341 16 22 0.04229837 
321 334 7 9 0.04229837 
650 366 7 10 0.04229837 
830 418 7 12 0.04229837 
560 198 13 19 0.04229837 
782 384 12 16 0.038923774 
871 418 15 20 0.038923774 
410 206 14 17 0.038923774 
690 384 12 16 0.038923774 
118 299 26 40 0.036325652 
690 429 6 10 0.035808332 
280 422 8 10 0.035808332 
709 419 14 20 0.035808332 
469 211 13 18 0.035808332 
541 380 16 24 0.035808332 
468 198 10 14 0.035808332 
882 298 116 134 0.034593605 
752 375 51 69 0.033269096 
482 350 25 32 0.033269096 
501 274 28 35 0.033269096 
501 330 25 31 0.033269096 
181 499 12 18 0.032933712 
293 406 232 302 0.03163486 
233 464 29 49 0.030461604 
768 388 29 40 0.030461596 
403 270 23 32 0.030461596 
299 387 6 9 0.030282615 
699 363 12 19 0.030282615 
342 379 13 18 0.030282615 
707 409 9 11 0.030282615 
703 410 14 19 0.030282615 
-2 2 100 148 0.028921604 
372 252 40 59 0.027884185 
260 457 58 84 0.027884185 
384 360 10 13 0.027838783 
778 413 8 11 0.027838783 
508 177 8 12 0.027838783 
545 372 18 23 0.027838783 
662 344 7 10 0.027838783 
489 226 9 12 0.027838783 
588 372 16 25 0.027838783 
959 331 15 19 0.027838783 
417 213 12 16 0.027838778 
531 339 15 26 0.027838778 
234 286 8 12 0.02558696 
649 364 12 16 0.02558696 
349 377 12 17 0.02558696 
933 339 8 11 0.02558696 
499 350 15 23 0.02558696 
704 346 8 11 0.02558696 
365 321 8 11 0.02558696 
363 323 13 18 0.02558696 
350 230 17 18 0.02558696 
330 305 7 10 0.02558696 
627 354 13 20 0.02558696 
466 333 49 54 0.025519116 
629 341 47 75 0.025519116 
316 292 22 33 0.025519116 
533 322 14 19 0.02351288 
336 375 13 18 0.02351288 
691 387 7 9 0.02351288 
321 378 16 21 0.02351288 
646 341 12 18 0.02351288 
628 358 8 11 0.02351288 
573 344 12 18 0.02351288 
417 366 12 17 0.02351288 
483 263 17 21 0.02351288 
431 217 9 11 0.02351288 
532 332 8 11 0.02351288 
507 242 13 19 0.02351288 
652 353 15 20 0.02351288 
698 355 7 10 0.02351288 
546 462 5 8 0.02351288 
595 341 10 13 0.02351288 
493 419 23 28 0.023349825 
487 112 52 76 0.023349825 
362 327 23 29 0.023349825 
484 273 30 41 0.023349825 
324 376 25 32 0.023349825 
337 309 47 61 0.023349825 
650 361 8 11 0.021603195 
271 464 14 22 0.021603195 
250 429 15 21 0.021603195 
359 327 13 18 0.021603195 
402 191 10 14 0.021603195 
754 331 11 14 0.021603195 
340 379 7 10 0.021603195 
657 344 13 18 0.021603195 
236 477 14 20 0.021603195 
243 443 29 46 0.021360904 
428 320 62 65 0.021360904 
212 457 52 80 0.021360904 
496 84 54 79 0.021360898 
571 208 20 29 0.021360898 
497 175 43 59 0.021360898 
334 368 22 29 0.021360898 
113 283 49 78 0.021360898 
492 319 50 60 0.021360898 
11 269 100 140 0.0201599 
