0_Parade_marchingband_1_149
93
443 374 26 35 0.9995652 
713 391 25 32 0.99813616 
372 382 25 33 0.99813616 
281 387 24 31 0.9979589 
527 387 25 31 0.9975521 
664 237 23 29 0.99678564 
632 379 25 31 0.9964803 
603 324 21 28 0.9964803 
729 240 23 28 0.9964803 
809 241 22 28 0.99614596 
226 313 23 30 0.9953797 
212 233 23 29 0.9953797 
673 318 23 29 0.9949414 
534 223 23 29 0.993937 
281 231 23 29 0.993937 
599 241 23 27 0.993937 
310 315 23 28 0.9927347 
352 239 23 27 0.99204755 
404 225 22 28 0.99204755 
391 311 23 27 0.98957527 
474 233 20 28 0.9858861 
538 302 22 28 0.9821322 
783 315 24 28 0.9786391 
465 305 22 28 0.97839683 
700 268 24 27 0.5454055 
38 404 228 243 0.28400344 
819 351 30 39 0.13928533 
842 148 183 273 0.13594593 
13 148 194 273 0.12544508 
288 453 31 37 0.10106142 
241 259 27 33 0.10106142 
572 265 19 24 0.09507551 
732 351 25 28 0.09308393 
308 260 27 31 0.08567618 
348 312 24 30 0.07880669 
406 281 22 26 0.07880669 
276 303 25 28 0.07244435 
600 302 20 20 0.05879275 
209 -10 253 303 0.053832814 
671 301 23 27 0.051466707 
854 147 53 74 0.051466707 
409 370 20 29 0.051466707 
544 369 22 27 0.047198545 
203 508 88 71 0.047198545 
265 341 20 26 0.047198545 
576 323 16 22 0.04595155 
322 485 7 8 0.045951538 
345 -27 253 326 0.045153897 
536 131 9 11 0.04229837 
514 -16 246 303 0.04133061 
279 350 23 29 0.039651494 
769 402 225 261 0.03781825 
645 3 235 298 0.03781825 
194 481 28 40 0.036325652 
338 311 22 28 0.036325645 
602 308 24 31 0.036325645 
316 382 22 27 0.036325645 
478 372 20 25 0.035808332 
434 267 28 31 0.033269096 
298 501 26 31 0.033269096 
320 482 12 15 0.03293372 
273 480 128 121 0.03163486 
697 442 32 36 0.030461604 
650 543 38 37 0.030461596 
273 328 18 21 0.030282615 
186 347 31 37 0.027884193 
360 480 25 33 0.027884193 
234 443 32 35 0.027884193 
261 336 18 23 0.02558696 
493 308 14 18 0.02558696 
337 336 13 20 0.02558696 
592 367 15 23 0.02558696 
561 257 13 19 0.02558696 
437 267 17 18 0.02558696 
680 312 23 28 0.025519116 
604 382 21 31 0.025519116 
804 354 28 35 0.025519116 
263 442 51 51 0.025519116 
3 405 138 158 0.024156325 
372 59 117 173 0.024156325 
379 299 7 9 0.02351288 
440 303 19 26 0.02351288 
331 312 18 21 0.02351288 
177 472 123 130 0.022069868 
288 478 16 18 0.021603195 
567 414 15 16 0.021603195 
203 340 8 9 0.021603195 
159 376 7 9 0.021603195 
614 381 22 30 0.021360898 
562 296 23 26 0.021360898 
688 432 59 59 0.021360898 
29 450 146 160 0.0201599 
853 449 134 168 0.0201599 
