0_Parade_Parade_0_43
2119
135 427 18 25 0.9991806 
399 513 18 25 0.9988416 
544 288 18 25 0.9987368 
266 513 18 25 0.99787724 
385 340 18 24 0.99768555 
153 508 18 23 0.9974765 
943 521 18 24 0.9974765 
598 341 18 25 0.9974765 
201 452 18 25 0.9974765 
188 386 18 25 0.9972487 
655 349 17 25 0.9972487 
78 455 17 23 0.9970004 
440 288 17 22 0.99672973 
491 223 15 22 0.99672973 
771 459 17 24 0.9964348 
31 510 18 25 0.9961132 
677 448 18 25 0.9961132 
306 354 19 26 0.9961132 
444 447 19 25 0.9957628 
885 461 17 26 0.9953811 
501 393 19 25 0.9953811 
756 402 16 23 0.99401796 
499 510 20 27 0.9928939 
703 376 18 25 0.9928939 
310 452 19 26 0.99225557 
824 516 17 24 0.99225557 
604 513 18 24 0.98997927 
254 375 20 27 0.989082 
11 480 17 23 0.9881053 
811 435 16 22 0.9881053 
549 447 17 25 0.98177195 
809 263 8 12 0.98177195 
715 515 18 25 0.9697174 
849 325 9 14 0.94120723 
772 382 13 17 0.9308502 
143 278 7 11 0.92505944 
792 264 7 11 0.9121234 
793 388 13 17 0.90492445 
839 260 7 10 0.8972024 
979 324 9 13 0.8972024 
155 256 7 10 0.8972024 
195 282 8 12 0.84982324 
703 260 7 11 0.8384248 
760 274 7 10 0.8384248 
888 272 6 10 0.8263381 
850 264 7 9 0.7858201 
791 327 8 12 0.7858201 
897 298 7 10 0.77087367 
766 301 7 10 0.7708736 
907 330 7 11 0.755209 
332 238 5 8 0.755209 
342 273 7 10 0.755209 
218 276 8 12 0.755209 
823 315 8 11 0.7388364 
839 358 8 12 0.7388364 
887 375 8 12 0.7388364 
776 318 7 11 0.7388364 
217 254 6 9 0.7388364 
827 271 6 10 0.7388364 
931 272 6 10 0.7040394 
114 271 9 12 0.7040394 
328 282 7 10 0.6856687 
1014 322 7 12 0.66669756 
969 258 6 9 0.66669756 
580 260 6 9 0.66669756 
939 333 8 11 0.64717066 
786 246 7 10 0.6271395 
920 499 15 24 0.6271395 
160 271 6 9 0.6271395 
755 292 7 10 0.6271395 
313 238 6 9 0.60666233 
237 275 8 11 0.60666233 
105 443 28 38 0.5900683 
570 265 6 10 0.5858033 
761 229 6 9 0.5858033 
893 324 6 9 0.56463194 
937 214 6 8 0.56463194 
681 239 6 9 0.56463194 
703 336 11 15 0.56463194 
115 252 7 10 0.56463194 
136 213 6 10 0.56463194 
997 307 8 11 0.56463194 
828 177 7 10 0.56463194 
996 258 7 11 0.5432222 
655 242 6 9 0.5432222 
934 301 6 9 0.5216516 
643 290 6 8 0.5216516 
613 284 7 10 0.5216516 
987 271 7 11 0.5 
39 257 6 10 0.5 
717 253 6 9 0.5 
614 303 8 11 0.5 
910 276 6 9 0.47834834 
772 264 6 10 0.45677772 
182 237 6 9 0.43536806 
957 262 6 9 0.43536806 
851 417 8 12 0.43536806 
557 240 6 9 0.43536806 
930 341 8 13 0.43536806 
920 279 7 10 0.43536806 
854 488 25 33 0.43212515 
872 265 6 9 0.3933377 
726 314 7 10 0.3933377 
972 310 7 11 0.3933377 
950 193 6 9 0.3933377 
567 252 6 10 0.3933377 
787 416 13 19 0.3933377 
849 298 8 11 0.3933377 
973 213 6 9 0.3933377 
674 313 8 13 0.3933377 
316 272 6 10 0.3933377 
316 221 7 10 0.3728605 
191 255 5 8 0.3728605 
909 259 7 9 0.3728605 
963 249 6 10 0.3728605 
749 263 7 12 0.3728605 
944 227 6 10 0.35282937 
125 223 6 9 0.35282937 
149 404 13 20 0.35282937 
354 270 7 10 0.35282937 
370 247 6 9 0.35282937 
368 286 7 11 0.35282937 
640 308 7 10 0.33330244 
964 199 6 9 0.33330244 
584 240 7 10 0.33330244 
823 366 9 12 0.33330244 
728 242 7 11 0.33330244 
929 170 6 9 0.33330244 
1002 238 6 9 0.33330244 
864 371 8 12 0.33330244 
697 307 7 11 0.31433135 
671 299 7 9 0.31433135 
839 375 8 11 0.31433135 
794 278 7 9 0.31433135 
797 185 6 9 0.31433135 
890 255 6 9 0.29596066 
867 286 9 13 0.29596066 
820 334 8 11 0.29596066 
928 228 6 9 0.29596066 
604 259 5 8 0.29596066 
349 239 6 10 0.29596066 
603 299 8 11 0.29596066 
92 266 6 11 0.29596066 
664 319 8 12 0.29596066 
601 284 6 9 0.29596066 
905 323 10 16 0.29596066 
955 233 6 8 0.27822798 
874 193 5 7 0.27822798 
925 301 6 9 0.27822798 
151 236 5 8 0.27822798 
922 377 8 12 0.27822798 
1001 266 7 9 0.27822798 
924 214 6 9 0.27822798 
898 344 11 18 0.27822798 
173 299 7 11 0.27822798 
851 232 7 10 0.26116365 
946 152 5 7 0.26116365 
304 274 6 9 0.26116365 
38 240 6 9 0.26116365 
825 191 5 8 0.26116365 
136 238 6 10 0.26116365 
1014 304 7 11 0.26116365 
685 275 6 9 0.26116365 
669 247 6 9 0.26116365 
767 239 7 9 0.24479094 
722 209 7 10 0.24479094 
767 313 7 10 0.24479094 
792 207 6 9 0.24479094 
361 222 6 9 0.24479094 
103 278 7 11 0.24479094 
8 204 6 8 0.22912638 
640 353 9 15 0.22912638 
864 191 5 8 0.22912635 
748 322 12 16 0.22912635 
814 236 6 10 0.22912635 
854 222 7 10 0.22912635 
625 268 5 8 0.22912635 
740 320 12 17 0.2141799 
709 245 6 8 0.2141799 
297 288 7 10 0.2141799 
734 207 6 9 0.2141799 
310 219 7 10 0.2141799 
937 249 6 9 0.2141799 
605 218 6 9 0.2141799 
63 256 7 11 0.19995552 
730 266 7 11 0.19995552 
164 260 6 9 0.19995552 
211 230 5 7 0.19995552 
868 596 12 18 0.19995552 
105 230 7 11 0.19995552 
985 211 6 9 0.19995552 
334 265 7 10 0.19995552 
808 323 7 11 0.19995552 
679 206 6 9 0.19995552 
581 197 6 9 0.19995552 
808 233 6 9 0.19995552 
371 207 6 10 0.19995552 
959 188 5 7 0.1864517 
902 320 8 13 0.1864517 
980 242 7 10 0.1864517 
983 294 6 10 0.1864517 
674 253 6 10 0.1864517 
678 320 12 18 0.1864517 
643 255 6 8 0.1864517 
658 317 7 11 0.18645167 
672 284 7 10 0.18645167 
767 152 5 7 0.18645167 
311 304 9 12 0.18645167 
328 303 8 11 0.18645167 
65 278 7 11 0.17366187 
218 225 5 8 0.17366187 
345 328 14 24 0.17366187 
734 282 7 10 0.17366187 
132 267 7 10 0.17366187 
307 186 5 8 0.17366187 
173 276 11 16 0.17366187 
743 177 5 8 0.17366187 
711 317 7 10 0.17366187 
966 254 7 10 0.17366186 
0 588 14 24 0.17366186 
149 190 5 8 0.17366186 
273 278 6 10 0.16157512 
734 204 5 8 0.16157512 
886 172 6 9 0.16157512 
67 228 5 7 0.16157512 
77 213 5 8 0.16157512 
876 367 7 11 0.16157512 
183 218 4 7 0.16157512 
813 187 6 9 0.16157512 
253 279 6 9 0.16157512 
78 275 5 8 0.15017675 
957 309 6 9 0.15017675 
332 225 6 9 0.15017675 
75 225 6 8 0.15017675 
238 262 7 10 0.15017675 
716 239 5 8 0.15017675 
630 328 14 20 0.15017675 
673 315 12 19 0.15017675 
626 305 6 9 0.15017675 
889 208 5 8 0.15017675 
227 243 6 9 0.15017675 
674 275 7 9 0.15017675 
758 264 6 9 0.15017675 
863 354 6 10 0.15017675 
783 214 5 8 0.15017675 
904 189 5 7 0.15017675 
195 193 4 6 0.15017675 
882 239 6 9 0.15017675 
980 237 7 11 0.15017675 
690 228 5 8 0.15017675 
286 290 6 9 0.13944872 
78 142 6 9 0.13944872 
609 262 5 8 0.13944872 
838 218 6 10 0.13944872 
609 242 6 10 0.13944872 
961 168 7 11 0.13944872 
262 289 6 9 0.13944872 
112 242 6 9 0.13944872 
748 238 6 9 0.13944872 
941 176 6 9 0.13944872 
188 199 4 7 0.13944872 
553 255 6 10 0.1394487 
923 263 7 10 0.1293704 
829 295 8 11 0.1293704 
254 229 5 8 0.1293704 
352 241 6 9 0.1293704 
343 224 5 8 0.1293704 
570 205 6 9 0.1293704 
238 216 5 8 0.1293704 
988 252 6 9 0.1293704 
343 238 7 11 0.1293704 
259 256 7 10 0.1293704 
315 283 7 10 0.1293704 
863 264 6 8 0.1293704 
980 221 6 9 0.1293704 
728 334 8 13 0.1293704 
925 504 10 14 0.1293704 
192 239 5 8 0.1293704 
750 222 6 9 0.1293704 
925 182 5 9 0.1293704 
605 300 11 16 0.1293704 
808 280 7 10 0.1293704 
903 218 5 8 0.1293704 
685 326 8 12 0.12937039 
703 234 6 9 0.12937039 
26 203 6 8 0.11991897 
670 244 6 9 0.11991897 
241 248 6 9 0.11991897 
576 234 6 9 0.11991897 
187 228 5 7 0.11991897 
983 247 6 10 0.11991897 
405 274 8 12 0.11991897 
228 240 5 7 0.11991897 
113 119 6 10 0.11991897 
843 193 5 8 0.11991897 
123 209 6 8 0.11991897 
153 637 14 20 0.11991897 
123 263 7 9 0.11991897 
902 371 9 12 0.11991897 
622 291 6 9 0.11991897 
367 535 16 24 0.11991897 
576 370 24 37 0.118850335 
204 192 4 6 0.111069925 
671 249 7 9 0.111069925 
585 273 7 11 0.111069925 
352 178 5 7 0.111069925 
637 270 5 8 0.111069925 
955 237 6 9 0.111069925 
136 233 6 10 0.111069925 
901 314 7 11 0.111069925 
631 205 6 9 0.111069925 
273 221 6 9 0.111069925 
325 249 6 10 0.111069925 
636 328 10 14 0.111069925 
364 157 6 8 0.111069925 
735 295 7 11 0.111069925 
203 273 7 10 0.111069925 
314 242 6 9 0.111069925 
712 232 5 8 0.111069925 
786 179 5 7 0.111069925 
872 260 7 10 0.111069925 
817 485 103 171 0.1065206 
912 156 5 7 0.10279763 
122 239 6 9 0.10279763 
2 158 7 11 0.10279763 
63 276 6 10 0.10279763 
1006 180 7 11 0.10279763 
831 232 6 9 0.10279763 
109 120 6 10 0.10279763 
636 232 5 8 0.10279763 
630 250 5 7 0.10279763 
604 203 5 7 0.10279763 
702 305 6 10 0.102797605 
674 189 4 7 0.102797605 
899 311 7 10 0.102797605 
896 266 5 8 0.102797605 
309 210 8 11 0.102797605 
873 254 6 9 0.102797605 
247 344 13 20 0.102797605 
302 229 7 10 0.102797605 
895 245 6 9 0.102797605 
118 200 6 10 0.102797605 
144 576 27 37 0.10106142 
665 510 30 36 0.10106142 
153 214 5 7 0.09507551 
670 214 5 8 0.09507551 
919 295 5 8 0.09507551 
890 360 7 11 0.09507551 
806 278 7 10 0.09507551 
842 172 5 8 0.09507551 
179 283 7 10 0.09507551 
100 213 6 9 0.09507551 
771 162 5 8 0.09507551 
279 253 7 10 0.09507551 
872 315 7 11 0.09507551 
941 315 7 11 0.09507551 
378 254 7 11 0.09507551 
322 252 6 9 0.09507551 
313 321 11 16 0.09507551 
309 324 7 11 0.09507551 
691 243 5 8 0.09507551 
698 224 5 8 0.09507551 
895 285 6 9 0.09507551 
755 183 5 8 0.09507551 
122 187 5 8 0.09507551 
754 207 5 8 0.09507551 
740 316 8 12 0.09507551 
919 198 6 9 0.09507551 
143 263 6 9 0.09507551 
975 178 5 8 0.09507551 
8 265 6 8 0.09507551 
52 193 4 7 0.09507551 
656 229 5 8 0.09507551 
976 326 14 20 0.09507551 
876 319 8 12 0.09507551 
800 147 5 7 0.08787667 
693 227 6 9 0.08787667 
42 219 4 7 0.08787667 
301 190 5 7 0.08787667 
873 232 6 9 0.08787667 
3 279 6 10 0.08787667 
933 152 4 7 0.08787667 
676 250 6 10 0.08787667 
363 219 6 9 0.08787667 
955 188 6 9 0.08787667 
0 202 4 7 0.08787667 
91 247 7 11 0.08787667 
256 216 6 9 0.08787667 
759 270 7 11 0.08787667 
917 177 5 8 0.08787667 
715 200 5 8 0.08787667 
165 230 5 8 0.08787667 
338 332 17 25 0.08787667 
615 214 5 8 0.08787667 
849 158 5 7 0.08787667 
911 203 5 8 0.08787667 
136 229 5 8 0.08787667 
702 266 7 12 0.08787667 
42 230 5 7 0.08787667 
203 263 6 9 0.08787667 
886 260 7 9 0.08787667 
336 163 5 7 0.08787667 
1002 310 8 12 0.08787667 
611 630 21 31 0.08567618 
942 628 23 33 0.08567616 
216 271 8 12 0.081174016 
115 218 7 10 0.08117401 
749 218 6 9 0.08117401 
649 274 6 9 0.08117401 
176 197 6 8 0.08117401 
220 207 5 7 0.08117401 
92 218 5 9 0.08117401 
139 335 6 9 0.08117401 
799 173 4 7 0.08117401 
180 274 7 10 0.08117401 
581 276 11 17 0.08117401 
601 196 5 8 0.08117401 
934 336 10 14 0.08117401 
671 235 4 7 0.08117401 
289 630 7 11 0.08117401 
899 284 6 8 0.08117401 
907 215 5 8 0.08117401 
694 254 6 9 0.08117401 
186 215 5 8 0.08117401 
210 217 6 9 0.08117401 
984 269 7 11 0.08117401 
799 531 28 42 0.07880669 
212 250 5 7 0.074940585 
175 195 5 7 0.074940585 
992 177 6 9 0.074940585 
989 228 6 10 0.074940585 
132 209 5 8 0.074940585 
332 163 5 7 0.074940585 
919 354 12 18 0.074940585 
743 252 7 10 0.074940585 
106 209 6 9 0.074940585 
275 186 6 9 0.074940585 
209 214 5 8 0.074940585 
928 174 7 10 0.07494057 
748 301 6 9 0.07494057 
123 252 6 9 0.07494057 
913 381 6 9 0.07494057 
779 275 6 10 0.07494057 
138 192 5 8 0.07494057 
116 131 6 9 0.07494057 
684 264 6 9 0.07494057 
949 170 5 8 0.07494057 
970 227 6 10 0.07494057 
907 290 7 9 0.07494057 
876 232 6 8 0.07494057 
883 191 6 9 0.07494057 
126 212 6 8 0.07494057 
309 202 6 9 0.07494057 
209 232 6 8 0.07494057 
901 258 5 8 0.07494057 
848 369 7 11 0.07494057 
634 194 4 6 0.069149815 
920 300 6 10 0.069149815 
653 204 5 8 0.069149815 
745 379 14 20 0.069149815 
761 214 7 10 0.069149815 
817 338 7 10 0.069149815 
322 132 6 9 0.069149815 
360 137 5 7 0.069149815 
206 262 7 10 0.069149815 
245 347 9 14 0.069149815 
421 319 14 21 0.0691498 
164 214 5 7 0.0691498 
709 278 9 13 0.0691498 
951 243 6 9 0.0691498 
117 221 7 10 0.0691498 
364 278 8 11 0.0691498 
983 216 6 9 0.0691498 
289 268 6 9 0.0691498 
593 259 5 7 0.0691498 
659 196 5 8 0.0691498 
949 257 6 11 0.0691498 
336 141 5 7 0.0691498 
861 303 6 10 0.0691498 
771 216 7 10 0.0691498 
791 169 5 7 0.0691498 
928 316 6 9 0.0691498 
273 187 5 8 0.0691498 
881 288 6 9 0.0691498 
907 347 5 10 0.0691498 
351 152 6 9 0.0691498 
565 299 6 10 0.0691498 
301 148 5 8 0.0691498 
149 177 5 7 0.0691498 
787 182 5 8 0.0691498 
276 234 5 7 0.0691498 
836 187 5 8 0.0691498 
803 201 7 9 0.0691498 
1014 242 6 9 0.0691498 
51 528 64 84 0.06655857 
167 79 215 304 0.064067975 
648 270 6 8 0.06377564 
332 249 5 8 0.06377564 
807 304 7 11 0.06377564 
596 250 5 8 0.06377564 
139 188 5 7 0.06377564 
634 250 5 7 0.06377564 
174 252 7 11 0.06377564 
560 239 6 9 0.06377564 
185 238 5 8 0.06377564 
111 239 6 9 0.06377564 
64 237 6 9 0.06377564 
91 297 7 11 0.06377564 
967 224 6 10 0.06377564 
53 203 4 7 0.06377564 
169 208 4 7 0.06377564 
41 206 5 7 0.06377564 
601 164 4 6 0.06377564 
143 203 6 8 0.06377564 
162 218 5 8 0.06377564 
961 257 6 11 0.06377564 
757 204 5 7 0.06377564 
19 278 7 11 0.06377564 
153 218 5 7 0.06377564 
992 320 7 12 0.06377564 
95 228 6 9 0.06377564 
624 179 5 7 0.06377564 
386 279 6 9 0.06377564 
124 219 6 9 0.06377564 
97 299 8 12 0.06377564 
775 174 6 9 0.06377564 
102 232 6 10 0.06377564 
315 176 4 7 0.06377564 
161 262 7 11 0.06377564 
729 329 8 12 0.06377564 
809 236 7 10 0.06377564 
213 147 5 8 0.06377564 
672 237 5 8 0.06377564 
863 401 7 11 0.06377564 
953 182 6 9 0.06377564 
809 217 6 9 0.06377564 
688 229 5 7 0.06377564 
883 263 5 8 0.06377564 
677 226 6 9 0.06377564 
756 519 30 38 0.06111947 
140 347 21 37 0.06111947 
230 364 19 30 0.06111947 
635 301 5 8 0.05879275 
134 334 6 9 0.05879275 
70 141 5 7 0.05879275 
161 202 5 7 0.05879275 
327 224 6 10 0.05879275 
582 284 9 13 0.05879275 
877 238 6 9 0.05879275 
225 246 7 10 0.05879275 
601 255 5 8 0.05879275 
986 307 8 12 0.05879275 
955 148 6 8 0.05879275 
780 356 6 11 0.05879275 
866 393 6 9 0.05879275 
53 198 5 7 0.05879275 
107 121 5 8 0.05879275 
769 335 6 9 0.05879275 
685 198 5 7 0.05879275 
886 395 7 9 0.05879275 
898 265 5 8 0.05879275 
890 211 6 8 0.05879275 
58 235 5 9 0.05879275 
323 234 5 7 0.05879275 
658 270 5 7 0.05879275 
684 269 7 9 0.05879275 
329 167 5 7 0.05879275 
141 249 6 9 0.05879275 
933 311 6 9 0.05879275 
577 237 6 9 0.05879275 
469 249 18 25 0.05879275 
341 226 5 9 0.05879275 
834 167 6 8 0.05879275 
295 281 7 11 0.05879275 
938 252 7 10 0.05879275 
273 268 6 9 0.05879275 
225 229 5 8 0.05879275 
793 470 23 31 0.056098126 
658 508 49 61 0.056098126 
62 487 26 40 0.056098126 
675 530 34 47 0.056098126 
349 263 6 9 0.054176662 
716 169 7 10 0.054176662 
1014 266 7 10 0.054176662 
320 254 6 9 0.054176662 
323 331 8 13 0.054176662 
654 207 6 8 0.054176662 
608 180 5 7 0.054176662 
671 217 6 9 0.054176662 
352 265 6 10 0.054176662 
994 214 5 7 0.054176662 
947 193 5 9 0.054176662 
927 295 7 10 0.054176662 
160 284 6 9 0.054176662 
752 226 6 9 0.054176662 
75 198 4 7 0.054176662 
962 181 6 9 0.054176662 
849 228 6 10 0.054176662 
2 213 4 6 0.054176662 
139 264 6 9 0.054176662 
1009 203 6 8 0.054176662 
361 209 4 7 0.054176662 
572 217 5 7 0.054176662 
166 209 6 8 0.054176662 
950 189 6 10 0.054176662 
925 231 6 10 0.054176662 
860 366 7 11 0.054176662 
958 191 5 8 0.054176662 
351 406 14 21 0.054176662 
192 233 5 7 0.054176662 
324 213 6 9 0.054176662 
364 214 5 8 0.054176662 
331 187 6 9 0.054176662 
795 198 6 8 0.054176662 
141 184 5 7 0.054176662 
568 260 7 12 0.054176662 
823 256 6 10 0.054176662 
227 208 4 6 0.054176662 
133 188 5 8 0.054176662 
874 274 6 10 0.054176662 
930 151 4 7 0.054176662 
311 234 6 9 0.054176662 
59 137 4 7 0.054176662 
830 204 6 8 0.054176662 
813 249 7 10 0.054176662 
841 321 8 12 0.054176662 
992 253 7 10 0.054176662 
882 248 7 9 0.054176662 
660 282 7 10 0.054176662 
585 229 5 7 0.054176662 
62 211 5 8 0.04990379 
656 300 7 9 0.04990379 
619 275 5 8 0.04990379 
143 463 19 27 0.04990379 
679 242 6 9 0.04990379 
726 179 6 9 0.04990379 
60 209 4 6 0.04990379 
903 229 5 8 0.04990379 
169 300 11 16 0.04990379 
879 288 6 9 0.04990379 
323 152 5 8 0.04990379 
105 225 5 8 0.04990379 
755 185 6 9 0.04990379 
358 167 5 7 0.04990379 
915 239 6 8 0.04990379 
201 152 3 6 0.04990379 
339 167 4 6 0.04990379 
816 162 7 10 0.04990379 
110 187 5 9 0.04990379 
942 289 7 10 0.04990379 
923 315 6 9 0.04990379 
920 232 6 8 0.04990379 
953 207 6 9 0.04990379 
902 281 5 8 0.04990379 
998 233 6 10 0.04990379 
362 213 5 8 0.04990379 
832 166 5 7 0.04990379 
919 243 6 8 0.04990379 
76 258 7 9 0.04990379 
332 192 6 10 0.04990379 
38 217 5 8 0.04990379 
51 207 5 8 0.04990379 
164 188 4 7 0.04990379 
870 267 6 9 0.04990379 
647 186 5 8 0.04990379 
309 166 5 8 0.04990379 
234 213 6 9 0.04990379 
334 198 5 8 0.04990379 
585 288 8 11 0.04990379 
69 280 6 9 0.04990379 
12 177 4 7 0.04990379 
179 178 4 7 0.04990379 
917 201 6 9 0.049903784 
931 296 8 11 0.049903784 
695 200 5 7 0.049903784 
559 228 6 8 0.049903784 
668 250 7 10 0.049903784 
623 266 5 8 0.049903784 
829 343 9 13 0.049903784 
370 239 6 9 0.049903784 
666 189 5 7 0.049903784 
347 306 11 16 0.049903784 
684 281 8 13 0.049903784 
67 316 7 11 0.049903784 
993 306 8 13 0.049903784 
358 137 5 8 0.049903784 
311 266 5 7 0.049903784 
286 387 20 31 0.047198545 
728 428 26 38 0.047198545 
10 533 28 37 0.047198545 
603 198 5 8 0.04595155 
899 193 5 7 0.04595155 
189 202 5 7 0.04595155 
201 264 6 8 0.04595155 
695 217 5 8 0.04595155 
714 229 6 8 0.04595155 
980 227 6 9 0.04595155 
276 168 5 7 0.04595155 
724 279 6 9 0.04595155 
781 217 5 8 0.04595155 
136 190 6 9 0.04595155 
612 241 5 8 0.04595155 
917 233 5 8 0.04595155 
28 283 7 10 0.04595155 
697 351 8 12 0.04595155 
101 238 6 10 0.04595155 
959 183 6 10 0.04595155 
915 182 6 9 0.04595155 
686 234 5 8 0.04595155 
744 157 5 7 0.04595155 
195 230 5 7 0.04595155 
706 299 7 11 0.04595155 
958 202 5 8 0.04595155 
81 131 5 8 0.04595155 
43 193 5 7 0.04595155 
683 187 4 6 0.04595155 
267 182 5 7 0.04595155 
856 243 6 9 0.04595155 
257 228 5 8 0.04595155 
705 273 8 12 0.04595155 
828 206 6 9 0.04595155 
22 279 9 12 0.04595155 
211 259 6 10 0.04595155 
975 199 5 8 0.04595155 
675 256 7 11 0.04595155 
924 199 5 8 0.04595155 
273 233 5 7 0.04595155 
960 199 5 8 0.04595155 
713 161 4 6 0.045951538 
711 355 13 20 0.045951538 
108 211 6 8 0.045951538 
984 205 6 9 0.045951538 
72 224 5 8 0.045951538 
251 276 6 10 0.045951538 
911 198 5 8 0.045951538 
931 336 7 11 0.045951538 
693 240 6 8 0.045951538 
279 237 6 9 0.045951538 
899 322 7 11 0.045951538 
319 235 5 8 0.045951538 
977 335 14 21 0.045951538 
607 215 6 10 0.045951538 
566 266 7 10 0.045951538 
839 479 19 26 0.045951538 
936 256 7 10 0.045951538 
344 219 6 9 0.045951538 
179 278 8 11 0.045951538 
989 225 5 8 0.045951538 
192 258 6 9 0.045951538 
845 189 5 8 0.04229837 
730 231 7 9 0.04229837 
256 258 5 9 0.04229837 
5 159 7 10 0.04229837 
277 237 5 8 0.04229837 
850 224 10 16 0.04229837 
931 356 6 9 0.04229837 
755 192 5 8 0.04229837 
954 204 5 8 0.04229837 
797 299 7 10 0.04229837 
941 285 6 9 0.04229837 
159 279 7 11 0.04229837 
697 312 8 12 0.04229837 
616 302 11 16 0.04229837 
976 173 6 9 0.04229837 
228 208 5 8 0.04229837 
982 268 5 9 0.04229837 
640 202 5 8 0.04229837 
982 207 6 9 0.04229837 
157 230 5 7 0.04229837 
770 315 10 16 0.04229837 
47 172 5 8 0.04229837 
871 192 5 8 0.04229837 
673 262 7 11 0.04229837 
927 213 6 9 0.04229837 
890 237 6 8 0.04229837 
652 299 6 9 0.04229837 
336 279 6 9 0.04229837 
240 218 5 7 0.04229837 
946 188 5 8 0.04229837 
939 173 5 9 0.04229837 
886 254 7 9 0.04229837 
292 273 6 9 0.04229837 
114 124 7 10 0.04229837 
213 273 7 11 0.04229837 
192 193 4 7 0.04229837 
204 206 5 8 0.04229837 
977 223 5 9 0.04229837 
305 320 8 11 0.04229837 
973 201 6 8 0.04229837 
966 314 7 12 0.04229837 
310 171 6 9 0.04229837 
584 216 6 9 0.04229837 
311 163 5 7 0.04229837 
170 295 8 12 0.04229837 
249 204 5 7 0.04229837 
658 239 6 9 0.04229837 
713 202 5 7 0.04229837 
205 268 7 11 0.04229837 
573 213 6 9 0.04229837 
240 213 6 8 0.04229837 
701 236 7 10 0.04229837 
710 251 7 11 0.04229837 
62 249 7 11 0.04229837 
698 200 5 7 0.04229837 
596 213 4 7 0.04229837 
877 212 6 8 0.04229837 
932 193 5 8 0.04229837 
304 310 8 11 0.04229837 
1011 234 5 8 0.04229837 
332 121 6 8 0.04229837 
278 186 5 8 0.04229837 
950 152 5 8 0.04229837 
348 294 7 12 0.04229837 
929 197 6 8 0.04229837 
627 249 5 7 0.04229837 
828 275 7 12 0.04229837 
865 397 7 11 0.04229837 
744 197 7 10 0.04229837 
681 259 6 10 0.04229837 
740 279 7 11 0.04229837 
709 223 4 7 0.04229837 
622 237 6 8 0.04229837 
259 208 6 9 0.04229837 
860 212 7 10 0.04229837 
901 232 6 9 0.04229837 
872 321 8 14 0.04229837 
589 289 7 10 0.04229837 
215 295 6 10 0.04229837 
558 234 7 10 0.04229836 
389 629 60 97 0.039651502 
795 513 24 33 0.039651494 
229 204 5 7 0.038923774 
138 208 7 10 0.038923774 
791 313 7 11 0.038923774 
34 178 5 8 0.038923774 
813 151 6 8 0.038923774 
935 344 7 11 0.038923774 
653 260 5 7 0.038923774 
970 312 11 18 0.038923774 
916 174 5 7 0.038923774 
213 253 6 9 0.038923774 
696 167 5 7 0.038923774 
691 184 4 7 0.038923774 
870 254 5 7 0.038923774 
156 219 5 7 0.038923774 
657 274 5 9 0.038923774 
934 209 7 11 0.038923774 
721 278 6 10 0.038923774 
361 275 7 10 0.038923774 
957 151 7 10 0.038923774 
76 216 6 9 0.038923774 
100 216 6 9 0.038923774 
361 160 6 8 0.038923774 
774 272 7 11 0.038923774 
571 192 4 8 0.038923774 
306 209 7 11 0.038923774 
869 321 7 12 0.038923774 
165 256 6 9 0.038923774 
199 239 5 8 0.038923774 
678 235 5 8 0.038923774 
263 238 5 8 0.038923774 
140 274 7 10 0.038923774 
133 270 8 12 0.038923774 
109 177 7 10 0.038923774 
147 260 6 10 0.038923774 
632 326 9 13 0.038923774 
298 239 5 8 0.038923774 
646 287 6 9 0.038923774 
300 238 7 10 0.038923774 
167 259 6 10 0.038923774 
276 282 6 10 0.038923774 
857 247 6 9 0.038923774 
762 172 5 7 0.038923774 
275 289 6 10 0.038923774 
916 215 5 8 0.038923774 
760 172 5 7 0.038923774 
262 191 5 9 0.038923774 
943 363 6 8 0.038923774 
317 237 6 9 0.038923774 
112 180 6 10 0.038923774 
248 171 4 7 0.038923774 
272 228 6 9 0.038923774 
198 270 6 9 0.038923774 
700 262 7 10 0.038923774 
180 269 7 10 0.038923774 
1018 204 4 7 0.038923774 
602 219 6 8 0.038923774 
575 243 6 8 0.038923774 
666 249 5 8 0.038923774 
280 183 6 8 0.038923774 
668 209 5 7 0.038923774 
25 570 21 28 0.038923774 
11 215 4 6 0.038923774 
694 249 6 9 0.038923774 
917 299 6 10 0.038923774 
675 289 6 10 0.038923774 
996 250 7 11 0.038923774 
834 230 6 10 0.038923774 
170 233 6 8 0.038923774 
76 210 5 8 0.038923774 
155 234 5 8 0.038923774 
596 224 4 7 0.038923774 
823 269 6 10 0.038923774 
239 245 5 8 0.038923774 
886 229 6 9 0.038923774 
700 213 5 8 0.038923774 
739 166 6 9 0.038923774 
365 172 6 9 0.038923774 
890 217 6 8 0.038923774 
257 213 6 9 0.038923774 
741 201 7 10 0.038923774 
600 174 4 7 0.038923774 
922 216 6 9 0.038923774 
619 238 5 7 0.038923774 
597 173 4 6 0.038923774 
933 318 7 10 0.038923774 
92 222 7 12 0.038923774 
877 408 8 11 0.038923774 
735 289 7 11 0.038923774 
895 224 5 8 0.038923774 
886 234 7 9 0.038923774 
634 199 4 7 0.038923774 
844 169 5 7 0.038923774 
21 227 6 8 0.038923774 
818 330 8 12 0.038923774 
643 263 5 8 0.038923774 
855 239 6 9 0.038923774 
934 188 5 7 0.038923774 
823 329 8 11 0.038923774 
804 367 9 13 0.038923774 
137 268 6 10 0.038923774 
557 208 5 7 0.038923774 
735 265 6 10 0.038923774 
158 184 4 6 0.038923774 
323 264 6 9 0.038923774 
769 513 46 63 0.036325652 
728 479 21 29 0.036325652 
8 214 4 6 0.035808332 
273 239 4 7 0.035808332 
162 192 4 7 0.035808332 
208 236 6 9 0.035808332 
646 254 5 8 0.035808332 
1011 238 6 10 0.035808332 
183 224 5 7 0.035808332 
191 218 5 7 0.035808332 
927 359 8 13 0.035808332 
194 240 6 9 0.035808332 
773 213 7 11 0.035808332 
709 295 7 11 0.035808332 
851 290 8 12 0.035808332 
80 126 5 7 0.035808332 
675 282 7 11 0.035808332 
778 172 6 8 0.035808332 
911 349 7 11 0.035808332 
935 248 6 9 0.035808332 
353 131 4 6 0.035808332 
698 202 5 7 0.035808332 
951 203 5 8 0.035808332 
963 314 7 11 0.035808332 
187 209 5 8 0.035808332 
286 212 5 7 0.035808332 
179 218 5 7 0.035808332 
190 224 5 7 0.035808332 
872 362 7 9 0.035808332 
0 209 4 8 0.035808332 
841 255 8 11 0.035808332 
314 157 5 8 0.035808332 
2 244 5 7 0.035808332 
19 245 4 7 0.035808332 
955 274 7 10 0.035808332 
187 258 7 10 0.035808332 
740 339 8 11 0.035808332 
160 259 6 9 0.035808332 
772 367 7 10 0.035808332 
746 234 6 9 0.035808332 
199 303 6 11 0.035808332 
47 244 5 8 0.035808332 
816 206 7 10 0.035808332 
190 229 5 8 0.035808332 
137 162 5 8 0.035808332 
632 343 15 23 0.035808332 
682 278 6 10 0.035808332 
71 137 5 8 0.035808332 
737 322 8 14 0.035808332 
821 471 16 27 0.035808332 
229 275 6 10 0.035808332 
75 233 6 9 0.035808332 
89 115 5 7 0.035808332 
751 260 8 12 0.035808332 
251 232 5 8 0.035808332 
288 209 5 8 0.035808332 
841 196 6 9 0.035808332 
836 258 6 10 0.035808332 
942 270 6 9 0.035808332 
104 141 8 11 0.035808332 
714 332 11 18 0.035808332 
179 235 5 8 0.035808332 
750 196 6 9 0.035808332 
898 183 5 7 0.035808332 
759 177 5 7 0.035808332 
739 207 6 10 0.035808332 
582 592 13 22 0.035808332 
674 209 5 7 0.035808332 
156 168 5 7 0.035808332 
238 209 5 8 0.035808332 
927 264 8 11 0.035808332 
615 324 13 20 0.035808332 
754 262 11 15 0.035808332 
332 178 6 8 0.035808332 
663 234 5 7 0.035808332 
642 234 5 8 0.035808332 
63 331 8 11 0.035808332 
927 260 7 9 0.035808332 
111 270 7 10 0.035808332 
323 223 6 9 0.035808332 
278 284 8 11 0.035808332 
170 250 5 8 0.035808332 
859 221 6 10 0.035808332 
715 213 5 8 0.035808332 
298 229 6 9 0.035808332 
221 164 6 10 0.035808332 
989 182 7 9 0.035808332 
593 223 4 7 0.035808332 
324 173 5 7 0.035808332 
883 242 7 9 0.035808332 
868 280 6 10 0.035808332 
876 277 7 10 0.035808332 
976 242 7 11 0.035808332 
221 352 8 11 0.035808332 
366 289 11 17 0.035808332 
595 259 5 8 0.035808332 
596 263 6 9 0.035808332 
247 207 5 9 0.035808332 
861 217 7 10 0.035808332 
283 153 5 7 0.035808332 
909 320 9 12 0.035808332 
614 217 5 8 0.035808332 
372 271 7 11 0.035808332 
562 267 6 10 0.035808332 
568 207 5 8 0.035808332 
227 179 4 6 0.035808332 
352 139 6 8 0.035808332 
1 523 23 37 0.033269096 
197 551 27 37 0.033269096 
668 391 22 32 0.033269096 
858 498 26 36 0.033269096 
842 523 64 95 0.033269096 
82 492 26 43 0.033269096 
843 558 32 44 0.033269096 
932 349 7 11 0.03293372 
779 354 11 17 0.03293372 
609 247 6 9 0.03293372 
788 212 6 9 0.03293372 
324 283 6 10 0.03293372 
911 413 12 19 0.03293372 
343 288 7 11 0.03293372 
764 245 8 12 0.03293372 
65 234 6 9 0.03293372 
714 282 7 11 0.03293372 
981 290 7 11 0.03293372 
13 255 4 6 0.03293372 
759 225 6 10 0.03293372 
703 188 5 8 0.03293372 
687 225 4 6 0.03293372 
702 217 6 8 0.03293372 
373 239 5 8 0.03293372 
372 539 9 14 0.03293372 
261 303 7 10 0.03293372 
936 296 7 10 0.03293372 
660 173 4 6 0.03293372 
272 292 6 9 0.03293372 
920 186 5 7 0.03293372 
950 232 6 8 0.03293372 
119 238 6 9 0.03293372 
0 259 4 8 0.03293372 
845 516 14 24 0.03293372 
372 245 6 9 0.03293372 
333 242 6 10 0.03293372 
136 204 5 8 0.03293372 
700 319 7 10 0.03293372 
839 320 7 11 0.03293372 
665 208 5 8 0.03293372 
793 418 8 12 0.032933712 
906 315 8 12 0.032933712 
657 280 6 9 0.032933712 
333 201 6 9 0.032933712 
41 215 5 8 0.032933712 
1009 199 5 8 0.032933712 
698 344 12 18 0.032933712 
849 273 6 10 0.032933712 
170 288 7 11 0.032933712 
936 315 7 10 0.032933712 
764 156 5 7 0.032933712 
68 217 5 8 0.032933712 
832 482 15 22 0.032933712 
77 278 6 9 0.032933712 
114 215 6 9 0.032933712 
652 212 5 8 0.032933712 
822 375 7 12 0.032933712 
272 208 5 8 0.032933712 
483 425 16 22 0.032933712 
172 425 16 22 0.032933712 
263 279 8 12 0.032933712 
239 269 8 12 0.032933712 
814 340 7 10 0.032933712 
123 530 7 9 0.032933712 
585 296 8 12 0.032933712 
698 218 6 8 0.032933712 
597 209 5 7 0.032933712 
870 163 5 8 0.032933712 
699 330 12 18 0.032933712 
195 530 17 22 0.032933712 
895 168 5 8 0.032933712 
182 177 5 7 0.032933712 
582 270 8 12 0.032933712 
631 200 5 7 0.032933712 
341 271 6 9 0.032933712 
367 208 6 8 0.032933712 
747 266 7 11 0.032933712 
106 275 11 16 0.032933712 
682 283 7 11 0.032933712 
791 201 10 15 0.032933712 
527 319 16 21 0.032933712 
786 300 7 10 0.032933712 
740 326 7 13 0.032933712 
804 300 8 12 0.032933712 
932 331 7 10 0.032933712 
42 223 5 8 0.032933712 
80 122 5 7 0.032933712 
204 235 4 6 0.032933712 
262 251 6 9 0.032933712 
976 186 6 9 0.032933712 
711 239 6 10 0.032933712 
113 266 8 11 0.032933712 
701 224 5 7 0.032933712 
707 230 5 7 0.032933712 
370 229 6 8 0.032933712 
703 231 5 7 0.032933712 
280 229 6 9 0.032933712 
181 263 8 11 0.032933712 
895 184 5 7 0.032933712 
232 244 6 9 0.032933712 
702 192 5 8 0.032933712 
305 191 6 10 0.032933712 
299 191 6 9 0.032933712 
695 186 4 7 0.032933712 
596 183 5 7 0.032933712 
586 234 6 8 0.032933712 
900 188 5 7 0.032933712 
877 250 7 9 0.032933712 
136 260 6 9 0.032933712 
299 242 6 9 0.032933712 
312 243 6 10 0.032933712 
225 252 6 9 0.032933712 
203 250 5 8 0.032933712 
156 209 5 8 0.032933712 
324 163 5 7 0.032933712 
846 290 8 11 0.032933712 
371 156 5 8 0.032933712 
352 295 7 11 0.032933712 
21 468 13 21 0.032933712 
397 270 13 19 0.032933712 
614 287 8 11 0.032933712 
723 333 11 17 0.032933712 
673 270 7 11 0.032933712 
864 196 5 8 0.032933712 
771 184 4 7 0.032933712 
698 258 6 10 0.032933712 
605 241 8 10 0.032933712 
806 188 5 8 0.032933712 
211 223 5 8 0.032933712 
899 238 6 9 0.032933712 
839 184 5 7 0.032933712 
333 234 6 10 0.032933712 
702 256 7 10 0.032933712 
767 183 5 8 0.032933712 
775 238 5 9 0.032933712 
652 249 5 8 0.032933712 
158 193 4 7 0.032933712 
12 183 5 8 0.032933712 
201 299 11 17 0.032933712 
112 88 126 198 0.03163486 
685 402 22 32 0.030461604 
936 595 25 36 0.030461604 
913 527 24 34 0.030461596 
254 598 24 33 0.030461596 
65 545 39 53 0.030461596 
913 488 26 37 0.030461596 
131 332 7 10 0.030282615 
268 187 5 8 0.030282615 
916 230 5 8 0.030282615 
743 218 6 9 0.030282615 
224 219 5 8 0.030282615 
656 265 5 8 0.030282615 
746 230 6 9 0.030282615 
213 199 5 7 0.030282615 
126 266 6 10 0.030282615 
739 270 6 9 0.030282615 
961 263 6 9 0.030282615 
249 168 5 7 0.030282615 
751 208 5 9 0.030282615 
162 233 5 7 0.030282615 
370 169 5 8 0.030282615 
29 263 5 8 0.030282615 
661 209 5 7 0.030282615 
932 264 7 11 0.030282615 
966 194 6 9 0.030282615 
370 234 5 8 0.030282615 
583 169 4 6 0.030282615 
917 478 13 18 0.030282615 
726 208 6 9 0.030282615 
706 188 6 8 0.030282615 
238 324 7 10 0.030282615 
298 233 6 9 0.030282615 
712 189 6 8 0.030282615 
773 197 6 9 0.030282615 
333 142 5 8 0.030282615 
23 225 5 7 0.030282615 
112 459 20 27 0.030282615 
266 274 8 12 0.030282615 
800 175 5 8 0.030282615 
913 218 5 8 0.030282615 
840 176 5 8 0.030282615 
842 273 6 9 0.030282615 
255 223 6 10 0.030282615 
147 204 4 7 0.030282615 
869 441 8 12 0.030282615 
686 168 6 8 0.030282615 
361 153 6 9 0.030282615 
674 165 5 8 0.030282615 
855 340 8 11 0.030282615 
202 277 8 11 0.030282615 
864 273 6 10 0.030282615 
977 232 6 10 0.030282615 
2 203 5 7 0.030282615 
709 191 6 9 0.030282615 
781 279 8 12 0.030282615 
17 202 5 7 0.030282615 
660 253 6 8 0.030282615 
774 187 6 8 0.030282615 
221 220 5 8 0.030282615 
922 276 7 11 0.030282615 
217 220 5 8 0.030282615 
782 231 8 11 0.030282615 
593 229 4 7 0.030282615 
888 176 6 8 0.030282615 
648 235 5 7 0.030282615 
458 607 6 9 0.030282615 
229 198 5 7 0.030282615 
306 198 6 9 0.030282615 
670 177 4 7 0.030282615 
292 265 7 10 0.030282615 
55 233 5 9 0.030282615 
900 219 6 8 0.030282615 
327 330 13 20 0.030282615 
113 234 5 9 0.030282615 
164 245 5 8 0.030282615 
779 230 8 11 0.030282615 
616 280 6 10 0.030282615 
913 235 5 8 0.030282615 
684 345 7 13 0.030282615 
357 152 5 8 0.030282615 
974 319 9 13 0.030282615 
283 285 8 11 0.030282615 
55 219 5 8 0.030282615 
757 312 7 11 0.030282615 
947 169 5 8 0.030282615 
915 354 8 12 0.030282615 
822 217 6 9 0.030282615 
351 303 9 14 0.030282615 
220 295 7 10 0.030282615 
712 213 5 8 0.030282615 
110 173 5 8 0.030282615 
869 222 5 8 0.030282615 
724 204 5 7 0.030282615 
851 375 7 12 0.030282615 
168 229 6 9 0.030282615 
847 317 7 11 0.030282615 
622 285 6 9 0.030282615 
880 365 7 11 0.030282615 
903 166 5 8 0.030282615 
63 243 7 10 0.030282615 
832 297 8 12 0.030282615 
801 390 10 13 0.030282615 
328 234 5 7 0.030282615 
932 277 7 11 0.030282615 
818 313 7 11 0.030282615 
164 305 7 12 0.030282615 
322 127 6 9 0.030282615 
69 284 6 10 0.030282615 
179 181 6 9 0.030282615 
75 238 5 8 0.030282615 
806 313 7 12 0.030282615 
925 400 11 19 0.030282615 
999 279 13 19 0.030282615 
93 125 6 10 0.030282615 
743 368 13 19 0.030282615 
703 202 5 7 0.030282615 
684 242 6 9 0.030282615 
782 288 8 12 0.030282615 
433 284 13 22 0.030282615 
771 367 12 18 0.030282615 
680 246 7 10 0.030282615 
68 213 5 8 0.030282615 
339 163 5 7 0.030282615 
961 310 6 10 0.030282615 
229 195 4 6 0.030282615 
206 192 5 7 0.030282615 
669 287 7 12 0.030282615 
690 309 7 11 0.030282615 
905 375 11 17 0.030282615 
323 217 7 10 0.030282615 
170 274 6 10 0.030282615 
752 182 5 7 0.030282615 
812 278 6 9 0.030282615 
812 224 7 10 0.030282615 
84 126 5 8 0.030282615 
806 213 6 9 0.030282615 
902 158 5 7 0.030282615 
134 184 5 7 0.030282615 
887 205 5 7 0.030282615 
1018 184 5 8 0.030282615 
845 294 6 10 0.030282615 
74 132 5 8 0.030282615 
958 242 6 9 0.030282615 
306 170 6 9 0.030282615 
682 283 13 21 0.030282615 
859 244 6 9 0.030282615 
775 159 5 8 0.030282615 
762 242 8 11 0.030282615 
847 373 7 12 0.030282615 
659 311 7 12 0.030282615 
868 357 7 10 0.030282615 
640 296 6 9 0.030282615 
749 250 5 9 0.030282615 
165 192 4 6 0.030282615 
631 223 4 7 0.030282615 
780 385 9 13 0.030282615 
638 298 7 10 0.030282615 
571 238 5 8 0.030282615 
973 180 5 8 0.030282615 
873 237 6 9 0.030282615 
10 206 6 8 0.030282615 
801 190 6 9 0.030282615 
778 80 209 295 0.028921604 
367 344 109 187 0.028921604 
177 484 26 35 0.027884193 
471 280 53 77 0.027884193 
936 615 25 35 0.027884193 
540 382 34 50 0.027884193 
651 470 31 41 0.027884193 
38 544 24 37 0.027884185 
968 489 19 35 0.027884185 
656 254 5 8 0.027838783 
309 273 7 11 0.027838783 
835 171 6 9 0.027838783 
745 258 7 11 0.027838783 
655 260 5 7 0.027838783 
647 265 5 8 0.027838783 
102 271 6 9 0.027838783 
711 218 5 8 0.027838783 
284 224 5 8 0.027838783 
64 228 6 8 0.027838783 
295 177 5 8 0.027838783 
691 247 6 9 0.027838783 
961 176 7 10 0.027838783 
912 378 10 16 0.027838783 
865 253 5 8 0.027838783 
374 258 5 9 0.027838783 
128 174 5 7 0.027838783 
238 252 6 9 0.027838783 
964 213 5 8 0.027838783 
260 285 6 9 0.027838783 
186 462 8 12 0.027838783 
349 188 5 8 0.027838783 
340 437 14 21 0.027838783 
158 203 5 7 0.027838783 
10 280 6 9 0.027838783 
959 253 7 11 0.027838783 
169 204 5 8 0.027838783 
788 147 4 6 0.027838783 
259 244 5 8 0.027838783 
752 212 6 9 0.027838783 
176 295 7 12 0.027838783 
806 140 5 7 0.027838783 
216 262 7 10 0.027838783 
145 193 5 7 0.027838783 
835 213 6 10 0.027838783 
402 289 7 11 0.027838783 
817 224 6 9 0.027838783 
916 194 6 8 0.027838783 
583 292 8 13 0.027838783 
125 250 6 9 0.027838783 
706 213 5 8 0.027838783 
912 195 5 8 0.027838783 
661 213 5 7 0.027838783 
295 268 6 9 0.027838783 
876 192 5 8 0.027838783 
765 294 11 16 0.027838783 
827 366 8 11 0.027838783 
733 146 4 6 0.027838783 
293 212 5 8 0.027838783 
663 300 6 9 0.027838783 
868 218 6 9 0.027838783 
162 267 7 11 0.027838783 
761 599 9 12 0.027838783 
226 213 4 7 0.027838783 
985 550 14 23 0.027838783 
304 244 7 9 0.027838783 
228 148 5 7 0.027838783 
157 199 5 7 0.027838783 
922 157 5 7 0.027838783 
323 245 6 9 0.027838783 
785 147 4 6 0.027838783 
745 217 7 10 0.027838783 
49 136 5 8 0.027838783 
804 205 7 10 0.027838783 
2 209 4 7 0.027838783 
975 227 6 10 0.027838783 
344 162 5 7 0.027838783 
714 236 9 14 0.027838783 
783 208 6 9 0.027838783 
981 233 7 11 0.027838783 
162 208 6 8 0.027838783 
780 166 6 9 0.027838783 
811 325 7 10 0.027838783 
847 165 5 8 0.027838783 
207 209 5 7 0.027838783 
228 234 6 8 0.027838783 
336 335 7 12 0.027838783 
39 207 5 7 0.027838783 
844 283 7 9 0.027838783 
657 168 4 6 0.027838783 
596 229 5 8 0.027838783 
996 322 7 11 0.027838783 
703 165 4 6 0.027838783 
780 162 6 9 0.027838783 
892 187 4 7 0.027838783 
694 207 5 7 0.027838783 
702 210 6 9 0.027838783 
706 238 6 9 0.027838783 
763 312 8 12 0.027838783 
25 212 5 8 0.027838783 
260 239 5 8 0.027838783 
759 169 4 7 0.027838783 
1014 204 6 8 0.027838783 
8 218 4 6 0.027838783 
927 218 6 9 0.027838783 
765 172 5 7 0.027838783 
921 260 6 9 0.027838783 
200 252 5 8 0.027838783 
361 281 8 12 0.027838783 
284 157 5 7 0.027838783 
199 193 4 6 0.027838783 
866 493 18 25 0.027838783 
892 285 6 9 0.027838783 
7 225 4 7 0.027838783 
397 286 12 19 0.027838783 
981 400 4 7 0.027838783 
930 332 6 9 0.027838783 
712 209 5 7 0.027838783 
783 351 7 9 0.027838783 
589 208 5 8 0.027838783 
734 333 10 16 0.027838783 
118 215 5 8 0.027838783 
284 182 6 8 0.027838783 
876 259 6 9 0.027838783 
1010 217 6 9 0.027838783 
61 137 5 7 0.027838783 
773 173 5 8 0.027838783 
808 300 7 11 0.027838778 
915 359 12 19 0.027838778 
739 298 7 12 0.027838778 
982 203 5 9 0.027838778 
1002 186 6 10 0.027838778 
629 301 6 10 0.027838778 
229 212 5 8 0.027838778 
94 244 7 10 0.027838778 
95 252 7 10 0.027838778 
179 215 5 7 0.027838778 
343 311 12 16 0.027838778 
317 225 6 10 0.027838778 
709 303 7 10 0.027838778 
875 415 8 12 0.027838778 
196 203 5 8 0.027838778 
925 313 10 15 0.027838778 
835 316 7 10 0.027838778 
848 417 13 19 0.027838778 
847 253 7 10 0.027838778 
740 357 12 19 0.027838778 
784 238 8 12 0.027838778 
355 329 15 23 0.027838778 
618 210 5 8 0.027838778 
876 325 9 14 0.027838778 
1007 199 5 7 0.027838778 
643 268 5 8 0.027838778 
200 235 5 7 0.027838778 
778 188 6 9 0.027838778 
884 324 6 10 0.027838778 
645 259 5 8 0.027838778 
806 184 5 8 0.027838778 
617 263 6 9 0.027838778 
920 291 6 9 0.027838778 
233 248 6 9 0.027838778 
233 293 7 11 0.027838778 
720 202 5 7 0.027838778 
191 260 6 10 0.027838778 
153 169 5 7 0.027838778 
644 274 5 8 0.027838778 
94 23 215 313 0.026434705 
68 138 5 7 0.02558696 
37 135 5 8 0.02558696 
46 136 5 8 0.02558696 
288 182 5 8 0.02558696 
491 632 14 21 0.02558696 
26 249 5 7 0.02558696 
196 184 4 7 0.02558696 
172 244 6 9 0.02558696 
204 245 5 8 0.02558696 
272 243 5 8 0.02558696 
164 184 5 7 0.02558696 
125 242 6 9 0.02558696 
332 158 5 7 0.02558696 
358 156 5 8 0.02558696 
634 619 13 19 0.02558696 
753 239 6 9 0.02558696 
972 245 6 9 0.02558696 
997 228 12 17 0.02558696 
116 116 6 9 0.02558696 
54 126 5 7 0.02558696 
776 233 6 10 0.02558696 
653 239 6 9 0.02558696 
902 244 6 9 0.02558696 
118 182 6 8 0.02558696 
796 242 6 9 0.02558696 
367 146 5 7 0.02558696 
804 530 15 22 0.02558696 
391 270 12 18 0.02558696 
814 308 7 11 0.02558696 
996 174 5 7 0.02558696 
709 311 8 11 0.02558696 
691 307 10 16 0.02558696 
839 168 5 8 0.02558696 
788 311 7 10 0.02558696 
968 310 6 10 0.02558696 
630 295 5 8 0.02558696 
620 292 10 15 0.02558696 
1009 173 5 8 0.02558696 
258 279 6 10 0.02558696 
818 279 6 9 0.02558696 
658 303 7 10 0.02558696 
883 168 5 7 0.02558696 
323 303 7 11 0.02558696 
865 279 7 10 0.02558696 
936 280 6 10 0.02558696 
940 281 6 9 0.02558696 
955 171 6 9 0.02558696 
766 168 4 7 0.02558696 
234 275 8 11 0.02558696 
817 309 8 12 0.02558696 
1000 229 7 10 0.02558696 
956 229 7 9 0.02558696 
283 249 5 9 0.02558696 
845 483 21 28 0.02558696 
315 151 5 8 0.02558696 
307 254 6 9 0.02558696 
873 417 7 11 0.02558696 
608 254 6 9 0.02558696 
680 254 6 9 0.02558696 
911 404 12 18 0.02558696 
706 253 7 10 0.02558696 
750 254 6 9 0.02558696 
293 249 6 9 0.02558696 
720 474 7 12 0.02558696 
719 457 15 23 0.02558696 
305 247 6 9 0.02558696 
318 248 6 10 0.02558696 
176 250 6 10 0.02558696 
827 147 4 7 0.02558696 
182 249 6 9 0.02558696 
187 251 6 9 0.02558696 
908 235 5 8 0.02558696 
2 241 5 8 0.02558696 
606 181 5 8 0.02558696 
267 239 5 8 0.02558696 
326 131 6 9 0.02558696 
837 233 6 9 0.02558696 
625 238 5 8 0.02558696 
742 233 5 8 0.02558696 
633 83 6 9 0.02558696 
870 230 7 10 0.02558696 
913 229 5 7 0.02558696 
894 234 5 8 0.02558696 
726 445 8 11 0.02558696 
916 417 14 24 0.02558696 
272 429 14 26 0.02558696 
839 249 6 9 0.02558696 
59 253 6 10 0.02558696 
596 233 5 8 0.02558696 
600 294 8 11 0.02558696 
71 214 5 8 0.02558696 
72 210 5 7 0.02558696 
944 181 6 9 0.02558696 
657 194 5 7 0.02558696 
741 212 6 9 0.02558696 
680 228 5 8 0.02558696 
932 182 6 8 0.02558696 
281 223 5 8 0.02558696 
667 191 6 8 0.02558696 
668 220 6 10 0.02558696 
909 207 6 8 0.02558696 
592 218 5 7 0.02558696 
965 206 6 9 0.02558696 
686 187 4 7 0.02558696 
788 227 7 10 0.02558696 
233 168 5 7 0.02558696 
122 267 7 10 0.02558696 
869 327 8 13 0.02558696 
716 260 7 11 0.02558696 
200 169 4 7 0.02558696 
549 179 5 8 0.02558696 
880 323 8 12 0.02558696 
320 167 5 8 0.02558696 
33 268 5 8 0.02558696 
831 199 6 9 0.02558696 
591 204 5 7 0.02558696 
788 203 6 9 0.02558696 
195 218 5 8 0.02558696 
699 209 5 7 0.02558696 
17 209 4 7 0.02558696 
784 202 6 9 0.02558696 
2 198 4 7 0.02558696 
139 199 5 8 0.02558696 
7 228 5 7 0.02558696 
3 193 5 7 0.02558696 
149 214 5 7 0.02558696 
997 192 6 9 0.02558696 
686 195 5 7 0.02558696 
170 213 4 6 0.02558696 
753 197 6 9 0.02558696 
45 205 4 7 0.02558696 
44 219 5 7 0.02558696 
609 202 5 8 0.02558696 
966 219 5 8 0.02558696 
723 198 5 7 0.02558696 
182 187 5 8 0.02558696 
950 211 7 10 0.02558696 
712 198 5 8 0.02558696 
577 230 6 8 0.02558696 
596 218 4 7 0.02558696 
942 192 5 8 0.02558696 
45 190 4 6 0.02558696 
204 219 5 8 0.02558696 
165 203 6 8 0.02558696 
640 208 6 9 0.02558696 
182 203 5 7 0.02558696 
957 269 7 11 0.02558696 
164 172 5 8 0.02558696 
910 293 7 10 0.02558696 
818 284 7 11 0.02558696 
852 284 7 10 0.02558696 
906 283 8 11 0.02558696 
1010 306 10 16 0.02558696 
611 305 14 19 0.02558696 
892 258 6 9 0.02558696 
933 259 7 10 0.02558696 
64 261 8 11 0.02558696 
223 294 7 10 0.02558696 
672 285 10 17 0.02558696 
925 289 6 9 0.02558696 
149 174 5 8 0.02558696 
152 172 5 8 0.02558696 
94 264 7 11 0.02558696 
715 339 12 18 0.02558696 
793 362 6 9 0.02558696 
626 336 15 24 0.02558696 
638 265 6 9 0.02558696 
916 314 7 10 0.02558696 
131 260 6 11 0.02558696 
741 161 5 8 0.02558696 
824 338 11 16 0.02558696 
908 354 6 10 0.02558696 
846 259 10 13 0.02558696 
853 368 11 17 0.02558696 
189 254 9 14 0.02558696 
48 545 30 40 0.025519116 
373 541 21 29 0.025519116 
656 490 33 43 0.025519116 
983 557 46 74 0.025519116 
774 552 109 173 0.024156325 
586 213 6 9 0.02351288 
945 285 5 9 0.02351288 
967 212 6 9 0.02351288 
5 275 8 11 0.02351288 
51 190 4 7 0.02351288 
851 315 8 11 0.02351288 
161 177 4 7 0.02351288 
601 214 5 8 0.02351288 
318 173 5 8 0.02351288 
689 171 5 7 0.02351288 
687 287 9 13 0.02351288 
327 171 6 9 0.02351288 
829 211 6 10 0.02351288 
357 170 5 8 0.02351288 
607 296 7 10 0.02351288 
324 283 11 16 0.02351288 
978 182 5 9 0.02351288 
641 292 11 16 0.02351288 
731 271 7 11 0.02351288 
920 311 7 11 0.02351288 
307 315 7 11 0.02351288 
170 219 4 7 0.02351288 
886 365 7 11 0.02351288 
932 224 5 9 0.02351288 
1000 236 11 15 0.02351288 
874 242 5 8 0.02351288 
852 242 6 9 0.02351288 
813 240 7 10 0.02351288 
745 241 7 11 0.02351288 
868 545 15 22 0.02351288 
707 308 7 11 0.02351288 
233 269 7 10 0.02351288 
631 219 5 8 0.02351288 
676 219 5 8 0.02351288 
708 219 5 7 0.02351288 
603 282 6 9 0.02351288 
881 209 5 8 0.02351288 
173 219 5 7 0.02351288 
798 169 4 7 0.02351288 
324 306 11 16 0.02351288 
914 274 6 9 0.02351288 
623 303 12 16 0.02351288 
890 168 6 8 0.02351288 
135 332 11 15 0.02351288 
940 327 8 11 0.02351288 
651 265 5 8 0.02351288 
600 263 6 9 0.02351288 
67 209 5 7 0.02351288 
4 225 4 6 0.02351288 
286 160 5 8 0.02351288 
861 261 6 9 0.02351288 
1000 355 7 13 0.02351288 
760 260 7 10 0.02351288 
723 258 6 9 0.02351288 
863 358 7 11 0.02351288 
858 163 4 6 0.02351288 
142 333 6 8 0.02351288 
684 330 9 14 0.02351288 
708 335 8 12 0.02351288 
984 265 6 9 0.02351288 
688 264 6 9 0.02351288 
902 162 5 8 0.02351288 
889 262 7 10 0.02351288 
873 162 5 9 0.02351288 
578 208 5 7 0.02351288 
823 264 7 11 0.02351288 
932 325 7 11 0.02351288 
971 329 7 12 0.02351288 
343 330 9 14 0.02351288 
1005 344 7 11 0.02351288 
119 206 6 8 0.02351288 
0 268 5 9 0.02351288 
332 213 5 9 0.02351288 
12 218 4 6 0.02351288 
487 294 19 25 0.02351288 
979 168 6 9 0.02351288 
288 284 7 11 0.02351288 
848 279 6 9 0.02351288 
884 170 10 15 0.02351288 
903 185 5 8 0.02351288 
30 224 4 7 0.02351288 
964 218 5 8 0.02351288 
741 330 12 18 0.02351288 
984 330 13 19 0.02351288 
557 264 6 10 0.02351288 
275 264 6 9 0.02351288 
143 199 5 8 0.02351288 
697 242 6 9 0.02351288 
895 157 5 7 0.02351288 
158 188 4 7 0.02351288 
836 372 6 10 0.02351288 
891 158 4 6 0.02351288 
918 371 9 14 0.02351288 
148 223 6 8 0.02351288 
161 222 5 8 0.02351288 
715 159 4 6 0.02351288 
24 261 6 8 0.02351288 
808 203 6 10 0.02351288 
277 258 7 10 0.02351288 
238 222 5 8 0.02351288 
947 254 6 10 0.02351288 
340 202 5 7 0.02351288 
932 404 9 14 0.02351288 
664 252 5 9 0.02351288 
581 256 7 10 0.02351288 
207 204 5 7 0.02351288 
200 203 5 8 0.02351288 
692 204 4 7 0.02351288 
824 380 7 12 0.02351288 
606 257 9 13 0.02351288 
322 258 6 9 0.02351288 
899 196 5 8 0.02351288 
781 152 4 6 0.02351288 
105 205 6 9 0.02351288 
217 189 4 6 0.02351288 
373 154 4 7 0.02351288 
600 221 5 8 0.02351288 
607 220 6 9 0.02351288 
673 221 6 9 0.02351288 
950 177 5 8 0.02351288 
808 285 8 12 0.02351288 
89 250 6 10 0.02351288 
310 247 5 9 0.02351288 
300 246 7 10 0.02351288 
847 198 6 9 0.02351288 
297 247 6 9 0.02351288 
244 248 6 9 0.02351288 
733 200 5 9 0.02351288 
209 249 5 8 0.02351288 
824 183 5 7 0.02351288 
824 483 7 12 0.02351288 
659 249 6 9 0.02351288 
890 222 7 10 0.02351288 
216 197 5 7 0.02351288 
906 223 5 9 0.02351288 
300 185 10 15 0.02351288 
160 248 6 9 0.02351288 
815 191 7 9 0.02351288 
796 190 6 9 0.02351288 
341 241 6 10 0.02351288 
594 187 6 8 0.02351288 
770 235 7 11 0.02351288 
703 185 5 7 0.02351288 
144 128 4 7 0.02351288 
937 187 5 9 0.02351288 
635 228 10 14 0.02351288 
642 229 5 8 0.02351288 
2 515 17 26 0.02351288 
51 128 5 7 0.02351288 
570 196 5 8 0.02351288 
907 193 5 7 0.02351288 
168 621 18 28 0.02351288 
630 246 5 8 0.02351288 
148 194 6 9 0.02351288 
538 511 20 26 0.02351288 
842 222 7 10 0.02351288 
848 223 6 10 0.02351288 
630 234 5 7 0.02351288 
437 510 23 29 0.02351288 
119 192 6 9 0.02351288 
217 193 4 7 0.02351288 
761 236 8 12 0.02351288 
647 238 5 8 0.02351288 
566 239 5 8 0.02351288 
545 181 5 7 0.02351288 
324 228 6 9 0.02351288 
189 236 10 15 0.02351288 
70 238 6 9 0.02351288 
977 505 6 9 0.02351288 
856 252 6 9 0.02351288 
923 383 7 11 0.02351288 
664 229 5 7 0.02351288 
894 239 6 9 0.02351288 
836 254 6 10 0.02351288 
28 245 5 8 0.02351288 
59 122 4 8 0.02351288 
126 115 6 10 0.02351288 
46 233 5 8 0.02351288 
107 117 5 8 0.02351288 
686 106 5 8 0.02351288 
96 122 6 9 0.02351288 
573 190 5 7 0.02351288 
643 194 5 7 0.02351288 
132 243 6 10 0.02351288 
285 244 6 9 0.02351288 
341 136 5 7 0.02351288 
344 135 5 8 0.02351288 
698 183 5 8 0.02351288 
23 549 30 44 0.023349825 
27 531 54 75 0.023349825 
507 355 48 70 0.023349825 
531 491 28 40 0.023349825 
866 518 26 35 0.023349825 
918 540 27 42 0.023349825 
839 470 42 57 0.023349825 
655 538 34 41 0.023349825 
859 546 31 45 0.023349825 
788 486 23 33 0.023349825 
833 76 107 181 0.022069868 
787 412 9 13 0.0216032 
923 361 9 14 0.0216032 
991 225 6 9 0.0216032 
693 232 5 8 0.021603195 
148 234 10 14 0.021603195 
33 240 5 7 0.021603195 
1004 235 6 9 0.021603195 
631 211 6 9 0.021603195 
110 219 6 9 0.021603195 
97 216 6 10 0.021603195 
170 199 5 7 0.021603195 
362 205 5 7 0.021603195 
358 205 4 7 0.021603195 
242 241 6 8 0.021603195 
304 236 7 10 0.021603195 
345 234 10 16 0.021603195 
724 239 6 10 0.021603195 
870 237 6 9 0.021603195 
7 245 4 6 0.021603195 
34 244 5 7 0.021603195 
118 243 6 9 0.021603195 
151 240 7 11 0.021603195 
260 203 6 9 0.021603195 
174 202 5 8 0.021603195 
161 245 6 8 0.021603195 
985 186 6 9 0.021603195 
665 213 5 7 0.021603195 
677 211 5 8 0.021603195 
899 213 6 8 0.021603195 
217 212 5 8 0.021603195 
981 212 6 9 0.021603195 
618 204 5 7 0.021603195 
913 186 6 8 0.021603195 
928 186 5 8 0.021603195 
1000 182 10 17 0.021603195 
980 198 5 9 0.021603195 
610 194 5 8 0.021603195 
640 193 4 6 0.021603195 
676 192 5 7 0.021603195 
810 191 6 10 0.021603195 
8 200 5 8 0.021603195 
685 203 5 7 0.021603195 
164 199 5 7 0.021603195 
183 199 4 7 0.021603195 
196 197 5 7 0.021603195 
592 197 5 8 0.021603195 
626 199 4 7 0.021603195 
702 198 5 8 0.021603195 
63 205 4 6 0.021603195 
638 236 6 9 0.021603195 
881 370 6 10 0.021603195 
883 376 7 11 0.021603195 
268 234 5 7 0.021603195 
787 385 12 18 0.021603195 
748 384 16 24 0.021603195 
927 370 8 12 0.021603195 
665 223 5 9 0.021603195 
1010 230 5 7 0.021603195 
131 218 5 9 0.021603195 
290 218 6 9 0.021603195 
335 217 6 9 0.021603195 
818 217 6 9 0.021603195 
940 217 6 9 0.021603195 
233 224 5 8 0.021603195 
307 222 6 9 0.021603195 
659 224 6 8 0.021603195 
791 225 6 10 0.021603195 
333 300 7 11 0.021603195 
912 223 5 8 0.021603195 
954 224 6 9 0.021603195 
44 229 4 7 0.021603195 
114 227 6 9 0.021603195 
309 228 6 9 0.021603195 
689 225 9 14 0.021603195 
811 283 7 12 0.021603195 
899 229 6 9 0.021603195 
592 214 5 7 0.021603195 
558 211 6 9 0.021603195 
194 249 7 11 0.021603195 
622 242 5 8 0.021603195 
929 245 5 8 0.021603195 
15 255 5 7 0.021603195 
77 253 7 10 0.021603195 
374 253 6 10 0.021603195 
388 256 5 7 0.021603195 
219 250 6 9 0.021603195 
309 278 7 11 0.021603195 
340 276 7 11 0.021603195 
108 259 6 9 0.021603195 
17 263 5 8 0.021603195 
980 250 6 10 0.021603195 
985 251 7 11 0.021603195 
575 259 6 9 0.021603195 
93 259 6 10 0.021603195 
854 350 8 11 0.021603195 
974 259 6 9 0.021603195 
33 265 5 8 0.021603195 
245 264 6 9 0.021603195 
285 264 6 9 0.021603195 
296 264 6 9 0.021603195 
690 258 6 10 0.021603195 
609 280 6 9 0.021603195 
331 273 7 10 0.021603195 
368 245 5 8 0.021603195 
609 274 5 8 0.021603195 
821 227 5 8 0.021603195 
5 203 10 14 0.021603195 
98 210 5 8 0.021603195 
233 210 6 9 0.021603195 
240 207 6 9 0.021603195 
353 208 4 7 0.021603195 
899 207 6 9 0.021603195 
939 209 6 10 0.021603195 
174 214 4 7 0.021603195 
276 212 6 9 0.021603195 
572 267 6 10 0.021603195 
736 273 6 10 0.021603195 
727 282 7 10 0.021603195 
787 280 6 10 0.021603195 
851 278 6 9 0.021603195 
917 279 7 10 0.021603195 
625 285 6 9 0.021603195 
652 285 5 8 0.021603195 
839 279 6 9 0.021603195 
829 264 7 11 0.021603195 
621 274 5 8 0.021603195 
854 264 6 9 0.021603195 
76 270 7 10 0.021603195 
169 270 6 10 0.021603195 
321 318 8 12 0.021603195 
1012 313 10 18 0.021603195 
751 314 12 17 0.021603195 
729 315 8 12 0.021603195 
340 316 7 12 0.021603195 
979 309 7 11 0.021603195 
873 311 12 17 0.021603195 
915 320 6 10 0.021603195 
993 314 11 17 0.021603195 
340 322 16 24 0.021603195 
785 185 6 9 0.021603195 
792 282 7 11 0.021603195 
699 165 4 7 0.021603195 
655 320 8 13 0.021603195 
316 326 9 13 0.021603195 
661 321 12 17 0.021603195 
305 327 9 12 0.021603195 
769 324 7 11 0.021603195 
936 326 8 11 0.021603195 
206 307 8 12 0.021603195 
619 325 16 23 0.021603195 
970 328 13 19 0.021603195 
80 137 6 9 0.021603195 
327 156 5 7 0.021603195 
879 152 4 6 0.021603195 
618 188 5 7 0.021603195 
810 184 6 9 0.021603195 
161 184 4 7 0.021603195 
741 174 9 14 0.021603195 
200 183 4 6 0.021603195 
148 181 5 7 0.021603195 
734 161 4 7 0.021603195 
339 140 5 8 0.021603195 
293 150 6 9 0.021603195 
965 181 6 9 0.021603195 
657 173 5 7 0.021603195 
664 173 4 7 0.021603195 
323 167 5 7 0.021603195 
910 157 4 7 0.021603195 
655 188 5 7 0.021603195 
775 183 6 9 0.021603195 
64 117 4 7 0.021603195 
669 174 5 7 0.021603195 
0 152 12 19 0.021603195 
651 178 4 7 0.021603195 
200 189 4 6 0.021603195 
186 177 4 7 0.021603195 
344 158 5 8 0.021603195 
294 181 5 9 0.021603195 
297 181 6 9 0.021603195 
40 136 7 9 0.021603195 
340 151 5 8 0.021603195 
597 176 5 7 0.021603195 
804 157 5 8 0.021603195 
891 182 5 8 0.021603195 
816 183 6 9 0.021603195 
336 171 5 8 0.021603195 
357 133 4 6 0.021603195 
350 172 5 8 0.021603195 
349 168 5 7 0.021603195 
288 158 6 9 0.021603195 
936 152 5 8 0.021603195 
814 165 6 9 0.021603195 
126 184 5 7 0.021603195 
1006 174 6 8 0.021603195 
816 152 6 8 0.021603195 
800 296 7 12 0.021603195 
370 590 12 18 0.021603195 
655 544 19 26 0.021603195 
856 365 7 11 0.021603195 
704 350 13 19 0.021603195 
812 356 6 10 0.021603195 
917 358 8 11 0.021603195 
237 361 14 24 0.021603195 
867 367 9 13 0.021603195 
893 365 6 10 0.021603195 
888 506 18 27 0.021603195 
76 479 14 18 0.021603195 
827 291 7 11 0.021603195 
716 288 7 11 0.021603195 
849 301 11 16 0.021603195 
187 294 7 11 0.021603195 
280 293 6 9 0.021603195 
714 294 7 10 0.021603195 
211 297 8 11 0.021603195 
836 443 13 19 0.021603195 
96 448 15 23 0.021603195 
579 344 7 11 0.021603195 
916 346 14 21 0.021603195 
317 304 7 11 0.021603195 
812 300 7 10 0.021603195 
651 295 11 17 0.021603195 
480 295 30 42 0.021360904 
649 462 50 67 0.021360904 
567 363 44 67 0.021360904 
518 466 46 69 0.021360904 
531 360 54 82 0.021360898 
649 452 26 37 0.021360898 
834 459 23 30 0.021360898 
89 303 52 79 0.021360898 
17 522 25 33 0.021360898 
