0_Parade_marchingband_1_759
117
632 116 53 78 0.9996979 
8 36 33 45 0.9994287 
573 137 50 69 0.9990138 
370 21 46 64 0.99891996 
494 137 46 65 0.9975521 
88 15 35 54 0.9973194 
55 44 31 41 0.99706453 
138 46 45 61 0.99614596 
140 150 45 58 0.9944617 
174 4 43 59 0.9933628 
303 18 45 61 0.99204755 
341 126 43 56 0.99204755 
408 129 50 67 0.98859274 
226 8 29 55 0.9439019 
229 471 144 249 0.4085711 
151 31 43 56 0.28687313 
797 599 57 104 0.28687313 
430 430 206 298 0.24794048 
963 -7 59 92 0.1753677 
149 440 170 277 0.15916686 
3 21 30 39 0.15056497 
847 602 109 151 0.13594593 
880 542 124 197 0.13594593 
515 503 130 188 0.1254451 
29 17 24 30 0.118850335 
652 565 51 72 0.109639935 
830 608 64 104 0.109639935 
220 93 14 19 0.102797605 
-1 12 25 34 0.10106142 
44 65 31 47 0.08567618 
18 22 29 37 0.08567618 
215 97 23 33 0.08567618 
513 245 265 293 0.08285364 
68 25 30 44 0.07880669 
589 497 265 350 0.076092646 
2 395 104 209 0.076092646 
226 562 203 249 0.07609263 
203 103 14 21 0.074940585 
183 106 30 36 0.072444364 
769 206 31 43 0.06655858 
813 634 36 65 0.06655858 
617 156 222 302 0.064067975 
654 -19 239 325 0.064067975 
181 366 124 246 0.064067975 
321 346 17 23 0.06377564 
239 214 52 76 0.06111947 
771 209 8 12 0.05879275 
406 227 57 76 0.051466707 
121 27 30 47 0.051466707 
-2 24 17 29 0.04990379 
225 100 31 45 0.047198545 
604 123 51 75 0.047198545 
349 346 26 38 0.04326818 
133 501 121 186 0.03781825 
783 137 103 155 0.03781825 
500 231 35 43 0.036325652 
415 217 31 34 0.036325652 
210 102 16 21 0.035808332 
-2 604 121 153 0.034593593 
192 96 45 63 0.033269096 
610 708 35 35 0.033269096 
109 18 33 47 0.033269096 
109 236 20 29 0.033269096 
371 485 117 155 0.03163486 
297 32 30 44 0.030461604 
824 89 47 71 0.030461604 
748 200 54 65 0.030461596 
288 114 25 32 0.030461596 
956 17 39 50 0.030461596 
602 688 57 60 0.030461596 
293 498 112 180 0.028921604 
529 422 218 335 0.028921604 
401 152 65 80 0.027884193 
60 20 27 37 0.027884193 
991 3 29 59 0.027884193 
8 344 63 102 0.027884185 
786 208 17 24 0.027838783 
43 18 19 29 0.027838783 
736 166 130 162 0.026434705 
67 -1 17 17 0.02558696 
104 284 15 22 0.02558696 
619 356 7 10 0.02558696 
195 106 17 21 0.02558696 
458 186 19 31 0.02558696 
395 144 16 24 0.02558696 
315 174 22 32 0.025519116 
206 81 46 62 0.025519116 
892 97 25 41 0.025519116 
403 197 59 63 0.025519116 
223 299 64 69 0.025519116 
762 201 27 36 0.025519116 
252 228 36 41 0.025519116 
217 1 28 42 0.025519116 
358 347 215 330 0.024156325 
210 191 85 124 0.024156325 
762 607 142 136 0.024156325 
46 409 13 17 0.02351288 
1002 -1 20 31 0.02351288 
244 10 33 45 0.023349825 
170 109 49 61 0.023349825 
146 249 51 80 0.023349825 
137 4 27 38 0.023349825 
463 375 149 151 0.022069868 
484 339 191 311 0.022069868 
706 156 16 22 0.021603195 
23 174 16 24 0.021603195 
794 602 18 22 0.021603195 
113 295 61 94 0.021360904 
286 34 28 40 0.021360898 
274 119 29 39 0.021360898 
154 263 31 44 0.021360898 
105 196 23 32 0.021360898 
867 81 57 67 0.021360898 
396 136 34 46 0.021360898 
335 352 27 34 0.021360898 
430 125 56 78 0.021360898 
405 264 242 246 0.0201599 
