0_Parade_Parade_0_688
201
535 461 17 22 0.9961132 
881 522 13 19 0.9945117 
274 524 25 35 0.9863452 
844 569 12 19 0.97839683 
568 542 13 20 0.96706635 
808 524 15 22 0.9121234 
215 539 16 25 0.8135483 
6 582 12 17 0.7217721 
967 510 7 13 0.66669756 
946 530 6 10 0.5858033 
903 574 15 24 0.5432222 
969 713 24 44 0.5 
205 553 14 21 0.47834834 
447 498 28 39 0.43212515 
535 594 15 22 0.4141967 
454 532 25 31 0.35282937 
825 534 8 11 0.33330244 
839 533 7 10 0.29596066 
1 567 8 10 0.26116365 
309 511 14 22 0.24479094 
366 528 8 11 0.19995552 
960 542 5 7 0.1864517 
773 539 6 9 0.17366187 
816 527 13 18 0.17366187 
784 547 7 10 0.17366187 
911 536 5 7 0.17366187 
54 553 8 10 0.16157512 
267 53 232 316 0.13594593 
799 529 13 17 0.1293704 
979 600 15 20 0.12937039 
183 299 36 57 0.12872264 
746 544 7 10 0.111069925 
24 562 8 10 0.102797605 
746 539 6 9 0.102797605 
873 542 12 16 0.08787667 
597 585 30 37 0.08567618 
436 476 53 71 0.07880669 
327 -20 246 321 0.076092646 
830 526 8 11 0.074940585 
930 530 4 6 0.07494057 
657 627 27 44 0.072444364 
836 533 8 11 0.0691498 
838 571 9 14 0.0691498 
1005 548 8 10 0.0691498 
749 527 6 8 0.06377564 
758 544 6 9 0.06377564 
831 558 8 11 0.06377564 
835 574 7 10 0.05879275 
938 528 4 6 0.05879275 
826 527 11 15 0.05879275 
851 549 5 7 0.05879275 
1015 533 6 9 0.05879275 
976 595 25 33 0.056098126 
255 537 15 22 0.054176662 
870 565 16 24 0.054176662 
734 482 12 21 0.054176662 
558 558 7 11 0.054176662 
867 538 8 11 0.054176662 
934 531 4 6 0.054176662 
43 573 5 8 0.04990379 
403 587 5 8 0.04990379 
276 521 15 24 0.049903784 
338 581 27 36 0.047198545 
249 546 19 28 0.047198545 
302 530 14 24 0.04595155 
996 536 5 7 0.04595155 
88 531 76 78 0.04326818 
961 698 48 60 0.04326818 
517 543 15 29 0.04229837 
402 618 6 8 0.04229837 
752 528 5 7 0.04229837 
948 527 6 9 0.04229837 
873 536 6 9 0.04229837 
745 532 6 9 0.04229837 
537 307 209 281 0.04133061 
447 514 30 41 0.039651494 
434 426 7 9 0.038923774 
36 587 5 7 0.038923774 
353 759 7 8 0.038923774 
414 653 8 13 0.038923774 
1003 739 20 30 0.038923774 
11 574 7 10 0.038923774 
2 569 11 16 0.038923774 
29 601 20 29 0.038923774 
216 529 14 20 0.038923774 
262 534 14 23 0.035808332 
57 550 8 11 0.035808332 
917 548 6 9 0.035808332 
0 556 5 8 0.035808332 
915 537 5 7 0.035808332 
436 488 30 46 0.033269096 
289 126 82 106 0.033269096 
383 531 5 7 0.03293372 
1001 545 6 9 0.03293372 
921 540 5 6 0.03293372 
937 530 5 7 0.032933712 
408 572 5 8 0.032933712 
355 632 19 25 0.032933712 
306 276 242 355 0.03163486 
327 538 24 38 0.030461604 
856 625 50 91 0.030461596 
779 537 5 7 0.030282615 
737 527 5 7 0.030282615 
62 553 6 8 0.030282615 
761 544 7 10 0.030282615 
215 538 9 14 0.030282615 
796 532 9 12 0.030282615 
949 533 5 8 0.030282615 
848 532 5 7 0.030282615 
908 538 6 8 0.030282615 
849 545 5 8 0.030282615 
304 186 65 102 0.027884193 
1002 669 20 34 0.027884193 
204 540 21 30 0.027884193 
839 496 6 9 0.027838783 
422 707 7 9 0.027838783 
779 542 10 14 0.027838783 
837 572 15 21 0.027838783 
542 599 9 14 0.027838783 
867 587 7 9 0.027838783 
747 535 7 9 0.027838783 
429 661 4 7 0.027838783 
987 539 6 8 0.027838783 
469 752 15 16 0.027838783 
857 535 5 8 0.027838783 
405 602 5 8 0.027838783 
912 533 5 7 0.027838778 
229 543 12 21 0.027838778 
784 537 4 7 0.027838778 
775 643 100 144 0.02643471 
430 26 257 307 0.026434705 
556 102 212 277 0.026434705 
983 539 7 8 0.02558696 
93 543 7 10 0.02558696 
27 565 8 11 0.02558696 
742 529 12 15 0.02558696 
961 544 6 8 0.02558696 
765 555 8 12 0.02558696 
585 541 8 13 0.02558696 
278 520 9 12 0.02558696 
1018 550 5 8 0.02558696 
848 534 6 9 0.02558696 
1014 549 6 8 0.02558696 
1006 551 9 11 0.02558696 
204 550 5 8 0.02558696 
870 535 11 16 0.02558696 
943 533 7 9 0.02558696 
809 581 20 27 0.025519116 
425 478 24 38 0.025519116 
283 614 62 75 0.025519116 
313 614 51 63 0.025519116 
422 672 5 6 0.02351288 
416 663 6 8 0.02351288 
771 538 12 15 0.02351288 
199 558 16 21 0.02351288 
248 539 16 22 0.02351288 
916 539 6 8 0.02351288 
848 540 5 8 0.02351288 
755 541 6 9 0.02351288 
62 545 6 8 0.02351288 
308 537 8 13 0.02351288 
234 538 14 21 0.02351288 
983 536 6 8 0.02351288 
984 544 7 8 0.02351288 
697 516 15 27 0.02351288 
915 532 5 6 0.02351288 
776 533 5 7 0.02351288 
834 526 12 17 0.02351288 
998 544 7 9 0.02351288 
745 527 7 8 0.02351288 
528 464 11 17 0.02351288 
989 532 5 7 0.02351288 
834 561 13 18 0.02351288 
584 539 13 22 0.02351288 
235 547 15 20 0.02351288 
559 550 12 18 0.02351288 
120 526 33 38 0.023349825 
424 500 25 41 0.023349825 
730 489 19 30 0.023349825 
105 518 55 59 0.023349825 
906 570 23 36 0.023349825 
283 565 25 35 0.023349825 
582 543 23 32 0.023349825 
9 578 9 12 0.021603195 
975 730 20 36 0.021603195 
256 556 17 26 0.021603195 
909 522 4 6 0.021603195 
1001 541 5 8 0.021603195 
968 541 5 7 0.021603195 
745 525 12 15 0.021603195 
986 601 9 12 0.021603195 
448 505 16 21 0.021603195 
1018 545 4 8 0.021603195 
292 530 18 25 0.021603195 
788 540 6 9 0.021603195 
465 457 6 9 0.021603195 
308 523 14 24 0.021603195 
484 538 32 47 0.021360898 
290 510 25 35 0.021360898 
342 525 24 32 0.021360898 
702 498 25 31 0.021360898 
