0_Parade_Parade_0_29
147
316 230 30 39 0.99931467 
540 165 61 75 0.9991779 
979 187 33 39 0.9982981 
705 244 17 20 0.994965 
161 250 15 18 0.9945117 
487 234 16 19 0.9915604 
193 240 20 24 0.98997927 
802 166 39 48 0.98859274 
239 233 22 29 0.98462796 
421 246 20 23 0.97441304 
293 242 13 15 0.9641916 
510 244 13 15 0.95009625 
141 249 12 14 0.91882604 
747 242 18 24 0.9121234 
691 248 11 14 0.86055124 
120 243 12 14 0.8263381 
648 241 7 9 0.755209 
860 232 20 23 0.7040394 
679 237 7 9 0.64717066 
587 238 29 33 0.6332934 
376 255 8 9 0.5858033 
353 247 22 29 0.56787485 
520 322 228 291 0.52310073 
459 251 7 8 0.5216516 
669 241 6 8 0.5216516 
329 481 111 173 0.3436022 
862 226 37 39 0.32552502 
324 325 257 258 0.24794048 
104 251 6 7 0.24479094 
407 240 14 20 0.22912635 
422 224 12 14 0.22912635 
461 253 8 9 0.22912635 
445 238 6 8 0.19995552 
751 240 29 40 0.16258557 
353 240 17 22 0.16157512 
454 239 6 7 0.15017675 
365 249 17 21 0.13944872 
60 279 60 79 0.12872262 
847 374 170 240 0.115646794 
521 343 121 192 0.115646794 
670 434 215 236 0.115646794 
87 247 5 6 0.10279763 
619 254 9 11 0.09507551 
714 223 8 11 0.09507551 
725 221 12 17 0.08117401 
836 251 146 186 0.076092646 
182 259 7 8 0.074940585 
576 398 138 184 0.064067975 
218 252 15 17 0.06377564 
408 242 8 12 0.06377564 
73 254 5 6 0.05879275 
466 251 6 7 0.05879275 
413 243 17 20 0.054176662 
387 253 6 8 0.054176662 
832 254 232 291 0.053832818 
355 395 153 236 0.053832814 
698 225 5 7 0.04990379 
655 252 8 10 0.049903784 
75 254 5 6 0.04595155 
669 245 8 10 0.045951538 
730 222 9 12 0.045951538 
765 422 191 274 0.045153886 
294 238 21 27 0.04326818 
473 251 6 8 0.04229837 
724 221 7 10 0.04229837 
756 238 9 11 0.04229836 
584 234 47 56 0.039651502 
750 233 16 19 0.038923774 
846 445 5 6 0.038923774 
757 220 8 10 0.038923774 
893 247 63 69 0.036325652 
745 219 7 10 0.035808332 
418 227 7 9 0.035808332 
77 226 9 11 0.035808332 
100 247 7 8 0.035808332 
470 234 5 6 0.035808332 
754 29 16 20 0.035808332 
728 217 6 8 0.035808332 
595 298 98 106 0.034593605 
1011 9 12 22 0.03293372 
712 220 7 9 0.03293372 
101 253 7 9 0.03293372 
150 237 7 9 0.032933712 
452 238 10 12 0.032933712 
409 225 5 7 0.032933712 
412 225 6 7 0.032933712 
686 225 5 7 0.032933712 
725 217 6 7 0.032933712 
117 189 6 8 0.032933712 
253 417 191 274 0.03163486 
435 375 200 243 0.03163486 
717 221 8 10 0.030282615 
85 243 5 6 0.030282615 
80 255 5 7 0.030282615 
451 240 6 8 0.030282615 
364 244 9 12 0.030282615 
457 239 6 7 0.030282615 
59 249 6 7 0.030282615 
148 269 225 299 0.028921604 
853 224 64 72 0.027884193 
70 243 6 7 0.027838783 
128 246 7 10 0.027838783 
461 216 4 5 0.027838783 
104 256 8 10 0.027838783 
984 2 5 6 0.027838783 
121 251 9 10 0.027838783 
735 223 7 11 0.027838778 
42 358 261 220 0.02643471 
727 503 128 156 0.026434705 
717 226 8 12 0.02558696 
826 397 4 5 0.02558696 
149 234 7 8 0.02558696 
95 238 12 14 0.02558696 
672 222 5 6 0.02558696 
179 259 11 14 0.02558696 
740 216 7 10 0.02558696 
687 250 7 9 0.02558696 
156 313 47 64 0.025519116 
380 257 7 9 0.02351288 
507 247 9 12 0.02351288 
989 134 6 9 0.02351288 
129 230 9 11 0.02351288 
98 251 6 7 0.02351288 
718 246 7 11 0.02351288 
616 251 15 21 0.02351288 
557 9 5 7 0.02351288 
416 223 22 26 0.023349825 
790 172 32 40 0.023349825 
156 72 124 168 0.022069868 
497 499 109 173 0.022069868 
683 240 8 9 0.021603195 
686 229 6 7 0.021603195 
405 245 8 11 0.021603195 
678 238 11 15 0.021603195 
107 249 7 8 0.021603195 
728 213 5 7 0.021603195 
748 219 8 11 0.021603195 
697 213 5 7 0.021603195 
753 219 9 11 0.021603195 
822 414 4 5 0.021603195 
433 226 6 7 0.021603195 
550 3 5 7 0.021603195 
286 256 6 7 0.021603195 
128 163 7 8 0.021603195 
665 245 10 15 0.021603195 
298 144 26 33 0.021360898 
37 256 107 137 0.0201599 
