0_Parade_Parade_0_611
92
156 164 28 47 0.99706453 
414 141 36 49 0.9964803 
588 152 37 50 0.9957801 
72 197 22 28 0.99047405 
303 171 39 53 0.98859274 
916 223 14 18 0.9858861 
658 200 12 22 0.9858861 
499 203 21 33 0.95280147 
759 208 12 21 0.8000445 
258 198 20 27 0.73138905 
616 190 18 25 0.64717066 
784 250 7 8 0.56463194 
557 375 215 277 0.5461031 
171 220 19 23 0.47834834 
686 211 10 13 0.4141967 
169 22 19 27 0.29596066 
525 213 21 30 0.2511021 
510 208 22 31 0.23436876 
236 172 20 24 0.188928 
722 232 8 9 0.1864517 
952 234 8 11 0.16157512 
753 212 13 20 0.15017675 
749 217 14 20 0.15017675 
384 110 38 28 0.13928533 
692 211 7 9 0.08787667 
383 349 212 269 0.08285364 
188 387 183 273 0.076092646 
943 226 8 9 0.069149815 
514 247 239 311 0.05874174 
374 97 58 48 0.056098126 
490 364 175 250 0.053832814 
875 211 4 5 0.04990379 
684 215 13 18 0.049903784 
787 161 232 311 0.04931264 
791 0 17 18 0.04595155 
392 113 19 19 0.045951538 
602 577 24 33 0.04326818 
779 266 9 9 0.04229837 
681 212 9 12 0.04229837 
403 220 215 261 0.04133061 
351 175 32 41 0.039651494 
767 284 5 7 0.038923774 
195 266 31 34 0.036325652 
391 114 46 58 0.036325652 
624 203 9 12 0.035808332 
643 211 13 18 0.035808332 
314 502 124 172 0.034593593 
168 163 27 46 0.033269096 
726 222 9 10 0.03293372 
528 9 5 6 0.032933712 
220 236 29 33 0.030461604 
92 225 7 9 0.030282615 
650 207 14 19 0.030282615 
532 208 17 23 0.027838783 
63 199 6 9 0.027838783 
466 199 14 27 0.027838778 
239 183 10 12 0.02558696 
795 317 6 8 0.02558696 
1 261 7 9 0.02558696 
283 291 15 27 0.02558696 
436 273 15 18 0.02351288 
681 208 8 10 0.02351288 
711 6 9 11 0.02351288 
0 259 6 9 0.02351288 
903 212 5 7 0.02351288 
233 206 7 9 0.02351288 
202 240 17 20 0.02351288 
523 206 7 10 0.02351288 
912 210 6 7 0.02351288 
167 215 15 17 0.02351288 
890 233 14 15 0.02351288 
377 488 83 91 0.023349825 
509 199 38 51 0.023349825 
348 309 25 35 0.023349825 
3 406 95 188 0.022069868 
238 428 222 273 0.022069868 
200 435 109 178 0.022069868 
764 213 8 14 0.0216032 
765 292 8 11 0.021603195 
708 207 5 7 0.021603195 
491 204 15 23 0.021603195 
841 228 6 8 0.021603195 
715 202 7 10 0.021603195 
766 288 6 9 0.021603195 
528 240 16 20 0.021603195 
931 30 4 5 0.021603195 
5 263 7 8 0.021603195 
477 185 23 30 0.021360898 
368 115 35 35 0.021360898 
159 210 40 47 0.021360898 
432 290 104 178 0.0201599 
535 145 232 277 0.0201599 
