12_Group_Large_Group_12_Group_Large_Group_12_495
126
348 208 64 89 0.99891996 
22 233 76 100 0.99813616 
627 169 51 64 0.9933628 
888 378 106 144 0.8408331 
160 260 53 75 0.54540557 
738 400 104 158 0.4310897 
340 355 68 75 0.30585763 
-67 414 218 302 0.2840034 
266 258 246 293 0.24794048 
525 379 54 78 0.2032784 
185 258 51 75 0.188928 
888 348 49 58 0.15056497 
-18 323 218 298 0.14717786 
182 268 35 49 0.13928533 
244 262 94 124 0.13594593 
518 374 89 123 0.13594593 
134 226 59 78 0.12872264 
317 237 51 71 0.12872262 
290 253 153 183 0.115646794 
612 382 188 280 0.1065206 
209 259 85 112 0.1065206 
829 103 12 15 0.09507551 
292 283 46 67 0.09308395 
866 381 51 73 0.09308393 
91 24 111 144 0.08285364 
539 423 203 289 0.076092646 
542 335 36 44 0.072444364 
471 188 50 65 0.07244435 
750 397 64 95 0.07244435 
529 319 58 71 0.07244435 
604 155 109 172 0.06984133 
-7 473 140 160 0.05874174 
148 286 54 64 0.056098126 
881 388 63 82 0.056098126 
677 353 215 257 0.053832818 
779 73 6 8 0.049903784 
694 487 49 85 0.047198545 
382 434 209 264 0.045153897 
202 221 172 235 0.045153886 
869 355 43 63 0.04326818 
128 241 39 49 0.04326818 
175 223 80 126 0.04133061 
127 265 200 272 0.04133061 
384 259 212 285 0.04133061 
250 389 75 119 0.039651494 
933 244 6 9 0.038923774 
281 432 206 289 0.03781825 
172 257 34 47 0.036325652 
754 83 6 8 0.035808332 
814 150 7 9 0.035808332 
961 15 7 9 0.035808332 
767 41 6 7 0.035808332 
555 109 212 272 0.034593593 
140 472 51 60 0.033269096 
776 73 6 7 0.03293372 
751 146 6 8 0.03293372 
987 4 8 9 0.03293372 
916 570 4 5 0.032933712 
803 537 9 11 0.032933712 
436 138 98 130 0.03163486 
828 335 172 231 0.03163486 
858 400 25 39 0.030461604 
863 134 7 9 0.030282615 
979 131 8 9 0.030282615 
746 22 8 10 0.030282615 
645 332 112 172 0.028921604 
565 300 52 74 0.027884193 
210 384 58 102 0.027884185 
729 24 15 18 0.027838783 
942 259 5 7 0.027838783 
964 244 7 9 0.027838778 
950 251 5 6 0.027838778 
266 522 9 12 0.02558696 
730 20 9 10 0.02558696 
199 459 19 31 0.02558696 
87 229 55 82 0.025519116 
877 50 25 35 0.025519116 
312 266 34 47 0.025519116 
211 344 97 160 0.024156325 
473 384 206 261 0.024156325 
29 440 225 289 0.024156325 
175 -18 215 272 0.024156325 
96 200 93 130 0.024156325 
555 327 180 261 0.024156325 
134 215 91 128 0.024156325 
956 262 5 7 0.02351288 
763 2 8 9 0.02351288 
3 106 6 8 0.02351288 
857 143 11 16 0.02351288 
211 201 7 9 0.02351288 
931 242 5 7 0.02351288 
925 246 5 6 0.02351288 
759 18 6 8 0.02351288 
780 21 7 10 0.02351288 
124 256 64 85 0.023349825 
403 49 54 73 0.023349825 
797 221 31 31 0.023349825 
59 229 58 88 0.023349825 
727 335 29 37 0.023349825 
497 374 52 78 0.023349825 
310 216 80 119 0.022069868 
495 518 5 6 0.021603195 
861 112 7 9 0.021603195 
942 271 5 7 0.021603195 
963 225 5 6 0.021603195 
754 32 6 7 0.021603195 
848 43 12 16 0.021603195 
908 566 4 5 0.021603195 
834 47 8 10 0.021603195 
859 134 12 15 0.021603195 
929 587 5 6 0.021603195 
842 18 8 10 0.021603195 
807 73 11 15 0.021603195 
942 246 5 6 0.021603195 
808 22 8 9 0.021603195 
950 256 6 8 0.021603195 
767 109 6 8 0.021603195 
930 18 6 8 0.021603195 
860 382 30 45 0.021360904 
507 417 68 85 0.021360904 
0 491 70 83 0.021360898 
723 340 57 70 0.021360898 
158 309 35 38 0.021360898 
703 354 94 160 0.0201599 
7 -5 186 264 0.0201599 
887 522 119 144 0.0201599 
