12_Group_Large_Group_12_Group_Large_Group_12_162
29
147 100 62 85 0.99984026 
307 140 64 81 0.9997482 
671 129 59 71 0.9996979 
513 139 65 81 0.9996979 
241 135 63 84 0.9996692 
766 120 59 76 0.9996031 
838 106 63 82 0.9995652 
456 111 59 77 0.99952376 
790 108 63 79 0.2311026 
554 330 79 90 0.21842524 
238 480 44 50 0.12872262 
4 214 222 239 0.1254451 
491 124 62 79 0.1254451 
655 391 225 265 0.12544508 
149 244 212 253 0.076092646 
58 385 121 140 0.076092646 
46 355 203 215 0.053832818 
793 286 29 34 0.051466707 
807 227 50 55 0.051466707 
32 305 121 170 0.045153897 
784 245 56 60 0.04326818 
448 317 225 232 0.034593593 
352 334 232 257 0.03163486 
819 311 218 249 0.03163486 
823 234 29 35 0.027884193 
717 325 194 228 0.02643471 
602 179 188 209 0.026434705 
361 254 222 206 0.026434705 
279 260 58 65 0.023349825 
