12_Group_Group_12_Group_Group_12_794
70
575 41 69 64 0.9567318 
0 292 11 23 0.7217721 
661 127 253 325 0.6968242 
382 162 32 45 0.47725022 
-22 116 235 335 0.45389685 
646 119 42 55 0.38809907 
473 151 21 35 0.30585763 
685 443 188 253 0.24794048 
625 -33 249 340 0.2311026 
572 268 261 335 0.2150812 
362 155 44 55 0.2032784 
558 34 51 73 0.1753677 
96 -18 257 306 0.17193554 
-35 461 191 261 0.15916684 
763 475 222 268 0.15916684 
389 151 46 65 0.12872262 
416 305 228 316 0.1254451 
35 314 17 23 0.11991897 
12 33 242 293 0.1065206 
662 139 32 40 0.10106142 
682 100 138 215 0.08285364 
71 459 215 249 0.08285364 
606 122 112 136 0.076092646 
645 137 67 63 0.07244435 
415 153 48 68 0.06655858 
432 139 23 37 0.06655858 
10 182 146 206 0.064067975 
8 484 98 185 0.064067975 
760 221 200 264 0.05874174 
345 369 116 155 0.05874174 
308 473 194 264 0.05874174 
573 68 188 238 0.04931264 
586 72 60 59 0.047198545 
519 29 76 114 0.045153886 
255 304 212 228 0.045153886 
67 377 68 82 0.04326818 
738 0 142 188 0.04133062 
551 119 112 158 0.04133061 
215 -3 228 272 0.04133061 
621 117 64 92 0.039651502 
468 141 37 54 0.036325652 
56 231 285 311 0.034593605 
-2 -4 124 158 0.034593593 
652 104 35 36 0.033269096 
650 89 71 51 0.033269096 
432 154 28 40 0.033269096 
591 565 53 82 0.033269096 
491 54 59 80 0.033269096 
696 175 149 218 0.03163486 
439 177 35 44 0.030461604 
614 87 54 64 0.030461604 
426 129 43 52 0.027884193 
508 535 104 138 0.02643471 
578 69 103 110 0.026434705 
657 121 15 22 0.02558696 
662 67 64 46 0.025519116 
514 74 111 167 0.024156325 
453 148 25 36 0.023349825 
815 370 62 78 0.023349825 
366 133 90 114 0.022069868 
751 143 146 215 0.022069868 
547 382 235 335 0.022069868 
307 29 212 228 0.022069868 
334 325 200 249 0.022069868 
608 61 27 24 0.021603195 
452 156 41 54 0.021360904 
479 111 49 62 0.021360904 
479 82 59 70 0.021360898 
369 165 55 67 0.021360898 
742 18 242 272 0.020159906 
