12_Group_Large_Group_12_Group_Large_Group_12_448
43
509 418 197 258 0.99957687 
728 255 194 240 0.99814475 
318 155 249 236 0.9911277 
197 484 175 152 0.98598576 
548 93 228 270 0.9301587 
123 465 203 213 0.9171464 
46 434 218 291 0.8408331 
592 189 160 152 0.6968242 
389 -52 235 270 0.6352516 
351 236 175 131 0.4310897 
668 216 180 229 0.32305852 
181 361 239 270 0.32305852 
464 194 218 229 0.2840034 
283 158 151 213 0.26558137 
502 52 203 240 0.2150812 
345 243 249 251 0.19988176 
668 222 95 103 0.188928 
195 513 100 91 0.15056497 
303 -6 228 254 0.14717786 
0 360 101 143 0.12544508 
967 338 53 78 0.08567618 
174 399 65 64 0.07880669 
417 371 228 282 0.076092646 
190 181 225 266 0.076092646 
372 134 31 32 0.07244435 
158 417 65 75 0.056098126 
425 231 138 184 0.045153886 
281 503 128 154 0.03781825 
-47 50 235 270 0.034593605 
119 442 114 181 0.034593593 
727 -6 186 233 0.03163486 
790 162 203 254 0.028921604 
329 207 117 106 0.025519116 
554 136 60 65 0.025519116 
570 151 59 75 0.025519116 
134 450 69 93 0.023349825 
808 223 24 29 0.023349825 
935 297 81 139 0.022069868 
188 405 134 161 0.022069868 
337 449 209 236 0.022069868 
187 419 80 78 0.021360904 
185 372 61 69 0.021360898 
486 202 128 139 0.0201599 
