12_Group_Group_12_Group_Group_12_367
59
560 281 20 27 0.99910647 
695 350 25 34 0.9985812 
470 282 19 25 0.99768555 
293 262 19 28 0.99768555 
325 365 25 32 0.99706453 
384 270 20 28 0.99672973 
260 366 24 33 0.9964803 
627 356 25 34 0.9957801 
438 332 19 27 0.9953811 
287 307 19 27 0.9953811 
213 298 24 32 0.9949414 
612 292 21 31 0.993937 
423 283 22 31 0.9927347 
520 339 22 29 0.99225557 
636 264 20 30 0.99225557 
201 258 20 28 0.98997927 
203 340 23 31 0.98957527 
654 323 22 30 0.98957527 
352 294 21 29 0.989082 
567 323 21 32 0.989082 
548 369 25 34 0.98859274 
521 286 21 29 0.9863452 
459 356 23 29 0.98046196 
394 344 23 29 0.94853324 
762 437 67 105 0.34582695 
560 294 257 366 0.18550259 
877 513 124 197 0.13594593 
459 38 218 350 0.1254451 
322 -8 225 340 0.12544508 
786 -27 222 335 0.115646794 
514 17 117 191 0.1065206 
157 422 249 311 0.076092646 
802 99 242 360 0.06984132 
1 10 170 289 0.064067975 
749 421 218 293 0.053832818 
886 28 121 205 0.045153897 
306 305 212 330 0.045153897 
744 423 144 153 0.04133061 
479 393 261 335 0.04133061 
93 -12 197 280 0.034593605 
361 385 7 11 0.03293372 
997 454 5 7 0.032933712 
-5 152 222 325 0.03163486 
693 342 172 276 0.028921604 
765 88 8 11 0.02558696 
170 470 55 119 0.025519116 
496 527 25 45 0.025519116 
899 103 121 215 0.024156325 
-8 89 107 224 0.024156325 
234 316 186 311 0.024156325 
134 66 235 360 0.024156325 
102 374 15 21 0.02351288 
711 562 7 9 0.02351288 
869 280 60 80 0.023349825 
847 363 60 87 0.023349825 
677 349 18 22 0.021603195 
545 688 5 7 0.021603195 
656 611 69 99 0.021360904 
681 79 242 371 0.0201599 
