12_Group_Large_Group_12_Group_Large_Group_12_15
89
635 329 32 39 0.9996031 
520 393 30 37 0.9995652 
516 257 34 45 0.9994784 
76 416 31 39 0.9994287 
764 264 35 48 0.9994287 
217 217 36 48 0.9994287 
635 445 35 43 0.99937433 
140 323 34 48 0.9991779 
244 354 32 43 0.9990996 
807 427 31 39 0.99891996 
406 239 37 46 0.99891996 
736 342 29 39 0.99870443 
859 437 31 39 0.99870443 
567 308 26 33 0.9985812 
613 195 38 48 0.9979589 
356 280 37 47 0.9979589 
172 384 29 36 0.9975521 
855 205 39 51 0.99678564 
408 368 43 55 0.9944617 
305 195 40 54 0.9933628 
881 505 128 168 0.1065206 
918 410 100 170 0.09803478 
286 11 33 40 0.07880669 
144 484 12 18 0.074940585 
51 7 71 77 0.06655858 
462 17 14 16 0.06377564 
891 304 67 86 0.06111947 
993 156 8 11 0.054176662 
729 397 32 31 0.051466707 
79 655 5 7 0.04990379 
222 615 5 6 0.049903784 
627 107 15 20 0.045951538 
225 632 8 10 0.045951538 
763 379 23 29 0.04326818 
703 345 23 33 0.04326818 
477 2 16 22 0.04229837 
810 446 218 266 0.04133061 
171 41 112 133 0.04133061 
52 425 8 10 0.038923774 
251 617 6 8 0.038923774 
901 499 21 30 0.036325652 
275 15 54 57 0.036325652 
426 20 25 34 0.036325645 
545 374 23 28 0.036325645 
449 -2 14 14 0.035808332 
654 19 170 247 0.034593593 
564 393 27 34 0.033269096 
670 207 15 17 0.03293372 
983 143 8 10 0.03293372 
195 638 7 9 0.03293372 
150 512 18 24 0.032933712 
551 379 23 30 0.030461596 
112 598 7 10 0.030282615 
672 237 7 9 0.030282615 
156 660 6 7 0.030282615 
137 476 21 28 0.027884193 
275 39 29 36 0.027884193 
392 184 24 30 0.027884193 
781 157 29 36 0.027884193 
62 655 6 8 0.027838783 
822 546 16 20 0.027838783 
65 13 15 19 0.027838783 
638 137 17 23 0.027838783 
113 653 7 10 0.027838778 
847 264 101 141 0.026434705 
161 503 14 18 0.02558696 
290 624 5 7 0.02558696 
182 636 8 11 0.02558696 
217 661 7 9 0.02558696 
791 113 16 19 0.02558696 
807 535 9 9 0.02558696 
561 384 46 58 0.025519116 
551 26 26 31 0.025519116 
173 -16 225 274 0.024156325 
204 624 5 6 0.02351288 
427 6 6 8 0.02351288 
788 554 7 10 0.02351288 
201 384 13 20 0.02351288 
792 134 22 33 0.023349825 
638 313 25 29 0.023349825 
177 484 97 129 0.022069868 
735 68 94 137 0.022069868 
425 6 12 18 0.021603195 
46 423 12 15 0.021603195 
995 196 11 14 0.021603195 
603 156 16 20 0.021603195 
2 67 12 18 0.021603195 
592 445 19 23 0.021603195 
763 420 25 29 0.021360898 
