12_Group_Group_12_Group_Group_12_218
79
220 62 56 61 0.9995652 
459 93 47 44 0.9957801 
74 40 64 71 0.9933628 
707 66 49 46 0.99129593 
848 51 59 78 0.9667309 
683 103 63 42 0.8607147 
80 195 203 178 0.56891036 
686 84 74 49 0.5227497 
286 233 222 206 0.5 
529 120 209 203 0.30317584 
478 231 183 194 0.30317584 
395 118 215 175 0.26558137 
106 205 111 116 0.26558137 
883 319 69 68 0.1753677 
69 172 51 41 0.16258557 
331 205 23 26 0.13928533 
740 183 31 26 0.118850335 
791 285 228 222 0.115646794 
712 42 54 59 0.10106142 
746 174 37 26 0.10106142 
815 43 103 116 0.09803478 
102 37 63 76 0.07244435 
53 170 106 106 0.06984133 
231 280 63 58 0.06655857 
381 241 203 215 0.064067975 
17 268 307 165 0.064067975 
147 218 78 67 0.06111947 
563 273 109 125 0.05874174 
64 322 175 173 0.05874174 
640 159 121 140 0.053832814 
216 222 172 186 0.04931264 
578 306 69 75 0.047198545 
79 169 30 28 0.047198545 
829 145 73 82 0.047198545 
177 289 269 206 0.04133061 
644 388 112 103 0.04133061 
-4 409 85 89 0.04133061 
817 140 47 54 0.039651502 
242 308 37 34 0.039651494 
152 365 76 50 0.039651494 
863 38 89 91 0.03781825 
13 213 58 61 0.036325652 
770 199 212 212 0.034593593 
863 299 109 109 0.034593593 
950 12 51 51 0.033269096 
769 134 50 43 0.033269096 
737 39 32 33 0.030461604 
977 80 44 51 0.030461596 
116 361 76 61 0.030461596 
792 131 48 46 0.030461596 
752 151 39 21 0.030461596 
764 17 132 119 0.028921604 
150 132 172 178 0.028921604 
441 326 235 212 0.028921604 
382 162 124 104 0.028921604 
77 150 51 46 0.027884193 
900 270 51 48 0.027884185 
314 151 215 168 0.02643471 
755 29 209 197 0.026434705 
765 171 19 15 0.02558696 
520 124 27 25 0.025519116 
811 63 69 69 0.025519116 
725 130 63 46 0.025519116 
681 61 56 60 0.025519116 
684 173 130 119 0.024156325 
972 18 6 6 0.02351288 
885 299 54 59 0.023349825 
94 129 63 46 0.023349825 
993 476 29 17 0.023349825 
201 470 32 24 0.023349825 
218 236 98 109 0.022069868 
605 310 200 180 0.022069868 
703 111 70 49 0.021360904 
584 299 27 27 0.021360904 
741 170 53 47 0.021360898 
346 232 29 24 0.021360898 
803 103 62 61 0.021360898 
52 182 56 56 0.021360898 
453 221 149 138 0.0201599 
