12_Group_Large_Group_12_Group_Large_Group_12_13
133
407 362 17 22 0.9987368 
478 367 17 21 0.99836236 
637 346 17 23 0.9980531 
311 357 17 21 0.99787724 
356 405 16 21 0.99768555 
569 368 17 21 0.99768555 
905 370 18 24 0.99672973 
729 354 18 23 0.9964348 
232 354 19 23 0.9945117 
517 396 18 24 0.99401796 
681 392 19 25 0.99347997 
805 362 18 22 0.98997927 
164 393 19 24 0.989082 
117 335 23 28 0.98366195 
866 408 22 27 0.96107626 
375 359 15 19 0.95009613 
668 244 78 117 0.28687313 
-2 390 200 261 0.18550259 
188 99 39 37 0.08567618 
522 550 6 7 0.081174016 
257 188 25 34 0.07880669 
646 192 26 30 0.07244435 
675 343 12 15 0.0691498 
50 183 4 6 0.05879275 
362 276 4 5 0.05879275 
59 185 6 7 0.05879275 
373 361 10 13 0.054176662 
49 209 5 6 0.04990379 
58 182 6 8 0.04990379 
300 389 17 18 0.04990379 
80 196 4 5 0.04990379 
317 230 24 31 0.047198545 
49 186 5 6 0.04595155 
76 215 6 8 0.04595155 
647 37 4 5 0.04595155 
44 190 7 10 0.04229837 
20 294 4 5 0.038923774 
149 200 4 4 0.038923774 
844 439 18 22 0.038923774 
106 276 4 6 0.035808332 
433 401 11 17 0.035808332 
461 208 5 6 0.035808332 
85 211 5 6 0.035808332 
15 157 4 5 0.035808332 
34 156 4 5 0.035808332 
46 183 4 5 0.035808332 
58 200 5 6 0.035808332 
205 273 218 273 0.034593593 
13 210 13 19 0.03293372 
59 203 6 7 0.03293372 
50 363 12 18 0.032933712 
89 212 4 6 0.032933712 
517 549 12 16 0.032933712 
781 37 106 100 0.03163486 
124 411 24 33 0.030461604 
876 437 22 26 0.030461604 
645 72 4 5 0.030282615 
148 203 5 6 0.030282615 
13 158 4 5 0.030282615 
470 290 3 4 0.030282615 
72 186 4 6 0.030282615 
74 164 4 6 0.030282615 
136 173 4 6 0.030282615 
674 22 52 64 0.027884193 
57 176 7 9 0.027838783 
331 350 11 14 0.027838783 
84 169 5 7 0.027838783 
61 184 7 9 0.027838783 
126 203 4 5 0.027838783 
12 197 13 16 0.027838783 
34 154 4 5 0.027838778 
156 186 5 6 0.02558696 
154 187 4 5 0.02558696 
44 178 5 6 0.02558696 
158 196 4 5 0.02558696 
136 258 3 5 0.02558696 
267 154 5 6 0.02558696 
211 387 9 13 0.02558696 
885 65 5 6 0.02558696 
186 80 63 62 0.025519116 
854 485 26 31 0.025519116 
1 316 44 69 0.025519116 
501 533 30 38 0.025519116 
614 447 26 34 0.025519116 
299 334 200 261 0.024156325 
383 307 218 281 0.024156325 
56 368 8 10 0.02351288 
25 173 4 5 0.02351288 
370 362 9 11 0.02351288 
673 39 3 4 0.02351288 
14 190 6 7 0.02351288 
380 412 12 19 0.02351288 
164 200 4 5 0.02351288 
645 37 4 5 0.02351288 
647 34 4 5 0.02351288 
161 212 4 6 0.02351288 
93 207 4 5 0.02351288 
12 193 7 8 0.02351288 
16 160 5 6 0.02351288 
62 207 6 7 0.02351288 
494 297 4 5 0.02351288 
162 204 4 5 0.02351288 
903 277 5 7 0.021603195 
152 213 4 5 0.021603195 
149 213 4 5 0.021603195 
347 423 7 9 0.021603195 
375 419 14 21 0.021603195 
461 289 5 5 0.021603195 
661 294 4 5 0.021603195 
84 318 5 6 0.021603195 
73 361 6 7 0.021603195 
632 33 4 5 0.021603195 
136 256 4 5 0.021603195 
151 200 4 5 0.021603195 
621 346 6 8 0.021603195 
56 186 5 6 0.021603195 
16 173 5 7 0.021603195 
75 162 4 5 0.021603195 
255 144 5 6 0.021603195 
779 109 4 6 0.021603195 
332 48 5 6 0.021603195 
635 42 4 5 0.021603195 
29 178 4 6 0.021603195 
378 287 5 6 0.021603195 
11 423 26 37 0.021360904 
983 214 40 69 0.021360904 
815 27 62 67 0.021360898 
691 194 32 45 0.021360898 
395 179 28 31 0.021360898 
78 442 24 27 0.021360898 
8 196 20 31 0.021360898 
495 451 22 33 0.021360898 
448 -52 228 265 0.0201599 
