12_Group_Team_Organized_Group_12_Group_Team_Organized_Group_12_412
75
705 201 38 45 0.99952376 
557 234 30 39 0.9994784 
496 226 35 49 0.9990138 
329 219 35 43 0.9988171 
762 180 32 38 0.9985812 
117 192 30 40 0.99844605 
387 217 39 50 0.99813616 
781 57 31 38 0.9977647 
603 332 36 50 0.99706453 
578 402 43 57 0.9964803 
889 223 39 49 0.9964803 
964 136 37 48 0.99614596 
141 216 32 49 0.9953797 
233 199 37 54 0.9933628 
664 226 29 34 0.9933628 
2 205 40 44 0.99129593 
498 175 26 32 0.8607147 
908 208 31 38 0.7815748 
596 235 20 29 0.61190087 
691 400 104 134 0.4085711 
610 169 13 17 0.35282937 
207 208 17 20 0.33330244 
703 169 23 28 0.32552502 
471 235 23 35 0.23436876 
854 260 36 42 0.13928533 
482 303 65 111 0.13928533 
125 236 203 252 0.13594593 
633 233 23 27 0.118850335 
541 140 13 17 0.111069925 
293 172 13 16 0.08117401 
573 149 12 15 0.054176662 
214 367 235 306 0.053832818 
634 356 172 231 0.053832818 
473 458 32 39 0.051466707 
820 231 30 41 0.051466707 
706 184 30 37 0.051466707 
413 271 28 35 0.047198545 
360 443 75 104 0.047198545 
645 499 70 111 0.047198545 
295 227 26 36 0.047198545 
707 259 20 25 0.045951538 
475 224 36 53 0.04326818 
484 494 21 37 0.04326818 
545 139 7 9 0.04229836 
576 468 62 109 0.039651494 
781 122 26 33 0.039651494 
834 254 55 75 0.036325652 
796 172 22 28 0.036325645 
870 242 43 50 0.033269096 
196 517 60 77 0.033269096 
865 259 22 25 0.032933712 
510 137 8 9 0.032933712 
828 232 48 61 0.030461604 
516 496 55 59 0.030461596 
648 224 27 33 0.030461596 
33 -34 209 260 0.028921604 
224 517 114 138 0.028921604 
477 478 43 58 0.027884193 
206 212 10 12 0.027838783 
614 167 10 12 0.027838783 
582 461 111 148 0.026434705 
248 196 46 60 0.025519116 
212 193 40 52 0.025519116 
611 264 25 34 0.025519116 
309 224 45 56 0.025519116 
905 500 97 155 0.024156325 
309 398 13 20 0.02351288 
304 393 14 19 0.02351288 
507 391 170 214 0.022069868 
630 229 18 24 0.021603195 
682 414 57 76 0.021360904 
835 260 34 40 0.021360898 
280 228 40 63 0.021360893 
862 447 180 248 0.020159906 
163 155 200 241 0.0201599 
