12_Group_Team_Organized_Group_12_Group_Team_Organized_Group_12_602
51
274 136 107 250 0.99488646 
653 147 121 281 0.864054 
886 296 61 156 0.47725022 
630 181 88 205 0.38809907 
108 176 197 508 0.28400344 
363 660 124 362 0.28400344 
162 466 218 531 0.2840034 
32 571 197 606 0.26558137 
436 231 107 254 0.19988178 
86 233 123 413 0.17193554 
960 915 59 143 0.15056497 
636 35 186 465 0.14717786 
534 146 102 202 0.13928533 
77 774 119 373 0.1254451 
353 575 206 572 0.12544508 
902 214 109 356 0.12544508 
559 123 119 312 0.1065206 
823 143 178 493 0.09803478 
128 1106 253 625 0.09803478 
140 797 222 472 0.090156734 
45 327 178 523 0.08285364 
36 530 117 445 0.076092646 
786 157 26 61 0.06111947 
488 153 112 261 0.045153897 
57 631 78 216 0.04326818 
125 303 62 167 0.04326818 
345 692 83 231 0.04326818 
-2 287 56 179 0.04326818 
297 70 34 76 0.039651502 
416 255 85 176 0.039651494 
114 866 123 308 0.034593605 
419 730 124 317 0.034593593 
256 516 194 531 0.03163486 
808 224 114 346 0.03163486 
756 218 257 682 0.028921604 
747 1091 37 83 0.027884193 
805 757 6 16 0.027838778 
855 254 117 277 0.026434705 
610 1318 114 246 0.024156325 
471 1135 302 472 0.024156325 
364 136 212 516 0.024156325 
489 87 61 146 0.023349825 
331 997 71 176 0.023349825 
103 951 78 156 0.023349825 
136 309 126 312 0.022069868 
-18 1085 134 336 0.022069868 
250 913 246 572 0.022069868 
613 228 71 182 0.021360904 
971 159 65 270 0.021360898 
822 154 63 164 0.021360893 
589 981 265 643 0.0201599 
