12_Group_Large_Group_12_Group_Large_Group_12_72
36
496 217 59 86 0.9999156 
216 259 55 73 0.99979013 
406 168 53 80 0.9997701 
710 372 54 76 0.9997701 
674 131 50 73 0.9996376 
355 464 52 72 0.99937433 
541 459 48 72 0.99870443 
287 102 46 65 0.9933628 
616 234 44 57 0.9927347 
454 341 44 62 0.9863452 
907 600 103 159 0.2311026 
11 17 76 119 0.16258557 
435 453 61 89 0.12872264 
154 714 39 49 0.12872264 
692 337 180 291 0.115646794 
850 544 172 262 0.076092646 
96 620 62 97 0.07244435 
928 627 71 89 0.06655858 
916 45 52 76 0.06111947 
51 244 194 291 0.045153886 
300 665 63 81 0.039651494 
136 665 62 86 0.036325652 
578 418 32 48 0.030461604 
104 689 31 46 0.030461596 
424 674 50 63 0.030461596 
39 588 121 139 0.028921604 
170 378 64 83 0.027884193 
32 -7 209 299 0.02643471 
382 1 228 352 0.026434705 
53 43 54 86 0.025519116 
134 425 34 44 0.025519116 
446 484 73 115 0.025519116 
275 522 53 73 0.023349825 
263 119 21 39 0.023349825 
613 72 28 39 0.023349825 
595 245 27 43 0.021360898 
