12_Group_Team_Organized_Group_12_Group_Team_Organized_Group_12_83
211
804 217 67 82 0.9979589 
732 375 178 238 0.99755305 
301 241 31 47 0.99706453 
144 286 26 36 0.99614596 
399 243 31 42 0.9821322 
998 194 16 21 0.9801546 
957 246 14 19 0.97441304 
960 194 14 20 0.97441304 
39 258 20 25 0.97216123 
109 240 27 34 0.9721158 
730 225 16 20 0.92505944 
31 324 19 25 0.9121234 
919 206 11 14 0.90492445 
210 272 18 22 0.90492445 
555 271 39 43 0.88114965 
142 262 18 22 0.88008106 
91 282 25 31 0.8607147 
905 244 19 25 0.86055124 
199 300 23 33 0.73138905 
8 263 19 23 0.64717066 
392 26 119 164 0.6135702 
-1 345 20 29 0.5900683 
127 254 15 19 0.5432222 
296 274 206 264 0.45389685 
184 260 17 22 0.43536806 
668 262 76 94 0.34582695 
1005 238 14 17 0.33330244 
336 391 239 292 0.24794048 
123 249 25 29 0.23436876 
182 116 56 65 0.2032784 
755 256 32 47 0.188928 
63 265 14 16 0.18645167 
889 236 26 36 0.1753677 
764 224 21 27 0.15056497 
16 295 16 22 0.15017675 
151 260 15 22 0.15017675 
997 251 10 14 0.13944872 
627 239 111 146 0.13594593 
577 266 30 34 0.12872262 
191 253 16 22 0.11991897 
1010 484 13 21 0.11991897 
741 130 63 71 0.10106142 
84 265 29 32 0.10106142 
762 212 10 12 0.09507551 
159 258 14 20 0.09507551 
446 470 64 83 0.09308393 
780 110 30 42 0.09308393 
148 239 14 17 0.08787667 
727 231 18 23 0.08787667 
981 394 46 94 0.08567618 
876 230 31 44 0.08567618 
697 259 32 39 0.08567618 
509 310 25 37 0.08567618 
145 112 65 79 0.08567618 
999 465 22 36 0.08567616 
390 284 28 35 0.08567616 
761 215 15 20 0.08117401 
916 245 14 21 0.08117401 
173 294 14 21 0.08117401 
111 108 101 130 0.076092646 
541 271 30 39 0.072444364 
961 282 21 30 0.07244435 
83 282 20 27 0.0691498 
201 295 16 25 0.0691498 
378 381 121 185 0.064067975 
376 254 17 23 0.06377564 
84 250 26 30 0.06111947 
783 224 53 72 0.06111947 
150 242 23 26 0.06111947 
197 252 12 15 0.05879275 
968 198 13 17 0.05879275 
850 225 63 80 0.056098126 
999 244 13 16 0.054176662 
912 206 20 24 0.051466707 
191 260 21 27 0.051466707 
50 261 20 24 0.051466707 
133 258 16 20 0.04990379 
764 211 14 16 0.049903784 
833 238 186 288 0.04931264 
90 240 44 49 0.047198545 
121 115 58 78 0.047198545 
547 19 25 34 0.047198545 
426 242 30 43 0.047198545 
563 256 36 41 0.04326818 
537 272 48 62 0.04326818 
325 242 29 42 0.04326818 
719 103 67 74 0.04326818 
958 196 9 13 0.04229837 
153 25 249 284 0.04133061 
37 232 239 310 0.04133061 
117 288 23 29 0.039651502 
854 259 63 78 0.039651502 
893 230 42 48 0.039651494 
106 283 25 31 0.039651494 
894 229 16 22 0.038923774 
667 465 32 42 0.036325652 
192 286 23 28 0.036325652 
671 241 58 70 0.036325652 
923 209 12 16 0.035808332 
757 228 16 23 0.035808332 
564 275 27 25 0.035808332 
185 269 19 23 0.035808332 
565 204 186 252 0.034593605 
93 378 25 30 0.033269096 
179 280 23 27 0.033269096 
69 261 21 25 0.033269096 
767 249 29 44 0.033269096 
752 101 57 59 0.033269096 
171 269 26 32 0.033269096 
563 281 42 47 0.033269096 
750 229 14 22 0.03293372 
20 605 16 20 0.03293372 
771 235 20 28 0.032933712 
728 15 188 245 0.03163486 
201 297 218 284 0.03163486 
568 88 60 78 0.030461604 
139 226 25 27 0.030461604 
521 452 23 26 0.030461596 
504 295 41 61 0.030461596 
176 245 42 50 0.030461596 
387 252 38 51 0.030461596 
164 258 23 27 0.030461596 
893 292 19 23 0.030282615 
903 236 15 26 0.030282615 
228 260 9 11 0.030282615 
2 264 16 22 0.030282615 
0 340 14 23 0.030282615 
891 217 17 21 0.030282615 
950 244 15 19 0.030282615 
916 218 15 18 0.030282615 
965 258 15 17 0.030282615 
903 230 13 18 0.030282615 
812 429 206 276 0.028921604 
156 290 23 34 0.027884193 
721 98 34 41 0.027884193 
738 264 26 36 0.027884193 
472 497 32 43 0.027884193 
488 305 46 68 0.027884185 
782 96 51 64 0.027884185 
192 266 10 13 0.027838783 
231 349 9 12 0.027838783 
911 252 20 23 0.027838778 
750 273 17 24 0.027838778 
919 222 9 11 0.027838778 
102 243 18 22 0.027838778 
135 267 22 24 0.027838778 
173 446 103 140 0.02643471 
80 261 17 21 0.02558696 
293 253 15 25 0.02558696 
764 211 23 25 0.025519116 
548 262 33 40 0.025519116 
759 238 25 35 0.025519116 
61 351 27 35 0.025519116 
34 395 28 32 0.025519116 
0 445 44 62 0.025519116 
96 260 30 37 0.025519116 
898 220 23 29 0.025519116 
594 266 51 55 0.025519116 
886 221 26 35 0.025519116 
936 29 18 24 0.02351288 
95 248 19 21 0.02351288 
588 84 4 6 0.02351288 
17 270 10 13 0.02351288 
756 222 13 20 0.02351288 
945 236 15 21 0.02351288 
212 253 7 8 0.02351288 
18 263 15 19 0.02351288 
61 271 15 18 0.02351288 
907 218 16 20 0.02351288 
80 259 6 8 0.02351288 
694 273 18 22 0.02351288 
746 236 14 20 0.02351288 
148 242 9 11 0.02351288 
129 222 25 28 0.023349825 
126 246 40 47 0.023349825 
604 258 70 91 0.023349825 
248 543 24 28 0.023349825 
765 85 24 26 0.023349825 
632 274 31 42 0.023349825 
716 262 30 36 0.023349825 
794 120 27 37 0.023349825 
68 546 24 28 0.023349825 
791 50 104 155 0.022069868 
334 249 103 185 0.022069868 
526 307 111 188 0.022069868 
98 295 20 24 0.021603195 
33 594 13 16 0.021603195 
117 256 19 25 0.021603195 
203 248 15 17 0.021603195 
903 227 7 10 0.021603195 
922 224 9 11 0.021603195 
145 246 15 20 0.021603195 
201 258 9 13 0.021603195 
897 213 14 20 0.021603195 
35 153 9 12 0.021603195 
835 90 7 9 0.021603195 
886 34 14 17 0.021603195 
809 130 8 10 0.021603195 
259 257 8 9 0.021603195 
683 249 35 43 0.021360904 
891 208 43 50 0.021360904 
39 350 27 31 0.021360898 
112 191 27 34 0.021360898 
449 200 58 65 0.021360898 
178 291 22 28 0.021360898 
894 510 24 36 0.021360898 
738 150 37 43 0.021360898 
729 254 44 57 0.021360893 
459 356 209 252 0.0201599 
674 338 170 241 0.0201599 
415 451 101 150 0.0201599 
