12_Group_Team_Organized_Group_12_Group_Team_Organized_Group_12_503
67
227 46 29 26 0.9996979 
747 65 30 31 0.9994784 
297 56 30 31 0.99931467 
883 71 32 29 0.9990996 
365 46 31 30 0.9990138 
488 27 29 26 0.9990138 
539 178 46 51 0.9988171 
153 50 34 32 0.99870443 
826 65 32 31 0.9982981 
23 177 46 50 0.9982981 
685 65 34 33 0.9979589 
557 39 29 33 0.9975521 
134 174 43 41 0.9973194 
625 52 33 35 0.99706453 
755 203 42 40 0.99678564 
864 199 43 43 0.9964803 
425 187 42 46 0.9953797 
948 203 41 45 0.9949414 
573 81 37 35 0.993937 
264 106 36 35 0.9933628 
433 40 29 33 0.9933628 
880 113 40 40 0.9933628 
721 102 40 36 0.9933628 
325 89 39 39 0.9933628 
93 105 40 37 0.99204755 
652 80 37 37 0.99204755 
237 195 40 43 0.99047405 
488 74 39 39 0.98859274 
188 98 38 38 0.9863452 
795 95 39 35 0.9821322 
642 207 38 40 0.9821322 
406 76 37 37 0.9821322 
331 200 43 46 0.97665024 
667 74 34 32 0.88114965 
825 -7 206 191 0.2311026 
740 359 22 17 0.118850335 
802 83 40 36 0.09308395 
83 285 197 165 0.09015675 
269 210 228 188 0.08285364 
-17 8 128 114 0.076092646 
602 244 257 194 0.06984133 
-17 -19 212 203 0.06984132 
634 382 7 6 0.069149815 
135 153 249 197 0.05874174 
720 191 257 197 0.05874174 
816 73 31 25 0.056098126 
729 272 307 167 0.04133061 
177 249 209 153 0.04133061 
471 223 253 194 0.03163486 
507 382 7 5 0.030282615 
376 186 218 183 0.028921604 
33 157 232 188 0.028921604 
232 407 39 20 0.027884193 
257 381 8 6 0.027838783 
454 381 9 7 0.02558696 
287 390 16 13 0.02558696 
93 350 23 21 0.025519116 
802 73 32 22 0.023349825 
711 -3 239 180 0.022069868 
2 228 232 197 0.022069868 
893 62 114 114 0.022069868 
527 374 7 5 0.021603195 
250 363 15 13 0.021603195 
486 355 7 5 0.021603195 
305 97 48 39 0.021360904 
684 75 43 39 0.021360898 
481 147 215 191 0.0201599 
