12_Group_Group_12_Group_Group_12_522
96
372 302 34 47 0.9997242 
398 226 34 50 0.9996031 
302 231 35 47 0.9996031 
266 292 36 50 0.9994287 
686 229 37 49 0.99931467 
723 294 38 51 0.9985812 
114 227 39 52 0.9982981 
794 282 40 54 0.9982981 
656 396 41 56 0.99813616 
190 228 38 53 0.99813616 
600 262 37 49 0.9977647 
506 389 40 55 0.99706453 
492 244 39 56 0.99706453 
886 287 41 57 0.99678564 
820 243 38 51 0.9953797 
360 403 41 55 0.9953797 
41 439 31 48 0.4099317 
598 465 178 285 0.3864298 
808 96 235 316 0.3436022 
810 258 38 54 0.2511021 
749 216 6 8 0.1293704 
43 -19 249 406 0.12544508 
500 512 225 321 0.115646794 
545 378 197 302 0.115646794 
54 437 31 44 0.109639935 
145 260 206 273 0.1065206 
174 581 218 302 0.09015675 
421 697 17 24 0.08117401 
13 388 197 285 0.076092646 
338 623 17 21 0.074940585 
682 354 32 43 0.072444364 
614 715 14 20 0.069149815 
11 78 172 285 0.05874174 
609 -39 261 377 0.053832818 
386 687 23 30 0.051466707 
27 365 109 197 0.04931264 
670 336 54 69 0.047198545 
723 214 13 17 0.04595155 
352 256 7 9 0.04595155 
746 214 6 8 0.04595155 
378 703 22 26 0.04326818 
599 655 25 35 0.04326818 
688 364 17 28 0.04229837 
715 620 121 165 0.04133061 
171 38 232 383 0.04133061 
664 372 43 61 0.039651502 
18 463 28 44 0.039651494 
402 691 27 35 0.039651494 
909 452 97 175 0.03781825 
860 382 194 277 0.03781825 
260 526 232 325 0.03781825 
245 677 25 31 0.036325652 
662 293 25 32 0.036325645 
863 753 18 14 0.035808332 
642 550 186 273 0.034593605 
515 557 73 94 0.033269096 
371 632 24 31 0.033269096 
742 199 4 6 0.03293372 
742 210 5 7 0.03293372 
745 187 4 6 0.032933712 
698 648 31 39 0.030461604 
421 421 29 39 0.030461596 
604 623 21 27 0.030461596 
339 625 10 13 0.030282615 
839 238 222 311 0.028921604 
213 661 121 114 0.028921604 
725 640 59 82 0.027884193 
750 205 5 7 0.027838783 
378 239 5 7 0.027838783 
514 592 17 22 0.027838783 
499 537 114 177 0.026434705 
833 -36 197 302 0.026434705 
491 -31 222 316 0.026434705 
342 243 5 7 0.02558696 
732 185 5 7 0.02558696 
138 678 126 130 0.024156325 
744 210 6 8 0.02351288 
826 726 23 29 0.02351288 
570 650 16 23 0.02351288 
354 229 5 7 0.02351288 
53 421 54 65 0.023349825 
409 409 49 62 0.023349825 
270 680 27 33 0.023349825 
22 419 46 72 0.023349825 
705 47 235 361 0.022069868 
375 230 4 6 0.021603195 
578 43 6 8 0.021603195 
748 221 7 10 0.021603195 
368 708 18 23 0.021603195 
167 698 6 9 0.021603195 
749 208 6 9 0.021603195 
746 212 10 14 0.021603195 
227 230 23 35 0.021360898 
637 636 32 43 0.021360898 
431 405 29 41 0.021360898 
263 0 232 361 0.0201599 
