12_Group_Team_Organized_Group_12_Group_Team_Organized_Group_12_60
82
299 156 34 41 0.9996979 
661 112 54 69 0.9996979 
823 71 57 70 0.9995652 
186 149 32 41 0.99937433 
446 170 35 48 0.9992494 
418 257 52 71 0.9991779 
522 228 54 78 0.9990996 
926 1 74 58 0.9990138 
657 183 52 71 0.99844605 
368 166 45 59 0.9982981 
195 183 49 63 0.99813616 
595 151 40 48 0.9977647 
759 122 44 46 0.9964803 
523 153 43 59 0.9964803 
20 180 50 58 0.99614596 
112 156 44 51 0.99204755 
312 466 64 73 0.8712774 
391 538 68 57 0.38809907 
979 149 34 45 0.34582695 
100 362 29 25 0.28687313 
512 521 28 37 0.2511021 
285 463 65 86 0.2032784 
128 393 215 254 0.19988178 
375 517 59 67 0.13928533 
655 137 62 91 0.118850335 
988 486 29 59 0.118850335 
116 363 17 20 0.111069925 
639 502 69 67 0.10106142 
966 142 35 49 0.08567618 
891 210 97 138 0.08285364 
108 587 12 16 0.08117401 
624 392 31 43 0.06655857 
596 373 25 33 0.06111947 
72 399 34 39 0.056098126 
654 472 65 71 0.056098126 
244 137 188 265 0.04931264 
658 284 100 130 0.04931264 
159 449 112 165 0.045153897 
92 184 235 298 0.045153886 
191 164 40 51 0.04326818 
611 380 51 73 0.04326818 
906 254 64 82 0.04326818 
999 7 13 20 0.04229837 
349 323 18 23 0.04229837 
245 213 12 18 0.038923774 
383 290 31 37 0.036325652 
770 164 41 56 0.036325652 
363 490 58 74 0.036325645 
355 529 15 18 0.035808332 
97 476 29 39 0.033269096 
564 436 63 85 0.033269096 
59 252 23 33 0.033269096 
598 369 42 53 0.033269096 
467 405 12 19 0.032933712 
893 370 9 11 0.032933712 
342 472 58 70 0.030461596 
343 314 28 39 0.030461596 
115 374 19 21 0.030282615 
471 396 178 222 0.028921604 
570 341 45 62 0.027884193 
959 114 45 66 0.027884193 
840 122 194 243 0.026434705 
506 426 106 145 0.026434705 
340 378 107 149 0.026434705 
1001 558 15 20 0.02558696 
975 454 45 77 0.025519116 
966 196 59 94 0.025519116 
100 580 21 28 0.025519116 
90 353 51 42 0.025519116 
555 357 21 33 0.025519116 
69 375 48 56 0.025519116 
101 361 16 17 0.02351288 
390 267 55 66 0.023349825 
978 129 26 35 0.023349825 
425 550 37 39 0.023349825 
940 93 90 116 0.022069868 
159 570 7 11 0.021603195 
1005 161 20 28 0.021603195 
740 276 29 39 0.021360898 
71 591 25 30 0.021360898 
972 159 51 74 0.021360898 
451 418 24 35 0.021360898 
