12_Group_Team_Organized_Group_12_Group_Team_Organized_Group_12_504
90
698 136 97 118 0.99755305 
157 211 88 105 0.98859274 
425 90 111 145 0.9872077 
548 457 225 278 0.5 
342 133 68 82 0.43212515 
866 148 93 129 0.30317584 
853 243 100 143 0.30317584 
639 162 29 31 0.2511021 
188 188 111 143 0.24794048 
433 442 225 291 0.15916686 
17 295 35 41 0.109639935 
71 457 58 81 0.109639935 
222 421 60 64 0.109639935 
640 127 89 116 0.1065206 
364 107 101 127 0.1065206 
603 337 31 35 0.10106142 
273 399 239 304 0.09803478 
155 229 15 20 0.09507551 
626 162 58 68 0.08567618 
399 71 34 44 0.07880669 
59 431 14 19 0.074940585 
531 54 34 38 0.07244435 
955 366 30 37 0.06655858 
447 147 73 96 0.06655857 
637 168 18 18 0.06377564 
342 277 18 19 0.06377564 
55 29 25 30 0.06111947 
634 145 48 55 0.06111947 
358 132 38 42 0.06111947 
368 352 29 33 0.06111947 
146 125 200 251 0.05874174 
23 289 56 56 0.056098126 
252 204 65 78 0.056098126 
609 345 73 74 0.056098126 
74 661 17 16 0.054176662 
101 289 8 10 0.054176662 
156 233 9 12 0.054176662 
76 390 27 38 0.051466707 
644 128 33 42 0.051466707 
58 655 17 18 0.04990379 
596 326 52 57 0.047198545 
85 410 16 22 0.045951538 
49 393 103 147 0.045153886 
467 64 76 81 0.04326818 
364 247 22 30 0.04326818 
631 173 38 39 0.04326818 
224 443 38 40 0.039651494 
450 49 27 32 0.039651494 
643 114 25 31 0.036325652 
674 89 39 38 0.036325652 
66 381 28 39 0.036325652 
85 383 52 63 0.036325652 
371 69 56 71 0.036325652 
540 562 162 141 0.034593605 
320 115 100 149 0.034593593 
602 176 67 73 0.033269096 
652 81 62 68 0.033269096 
351 87 68 76 0.033269096 
804 114 15 16 0.03293372 
429 135 62 90 0.030461604 
964 127 57 110 0.030461596 
536 56 54 57 0.030461596 
518 360 57 57 0.027884193 
151 226 28 33 0.027884185 
996 380 5 7 0.027838778 
230 573 101 131 0.026434705 
628 73 175 210 0.026434705 
205 517 158 226 0.026434705 
498 51 55 60 0.025519116 
924 316 59 76 0.025519116 
769 178 57 76 0.025519116 
390 241 23 32 0.025519116 
606 372 32 45 0.025519116 
567 71 52 68 0.025519116 
344 46 167 226 0.024156325 
563 253 209 233 0.024156325 
381 297 14 23 0.02351288 
890 184 12 15 0.02351288 
360 146 43 50 0.023349825 
285 382 26 29 0.023349825 
641 105 58 80 0.023349825 
863 418 32 44 0.023349825 
70 375 48 57 0.023349825 
608 73 30 32 0.023349825 
640 111 17 21 0.021603195 
387 449 13 16 0.021603195 
787 120 7 9 0.021603195 
897 285 67 93 0.021360904 
585 285 69 68 0.021360898 
917 117 100 145 0.0201599 
