12_Group_Team_Organized_Group_12_Group_Team_Organized_Group_12_889
81
593 46 81 120 0.99705744 
784 2 218 217 0.9872077 
805 401 128 179 0.97356534 
770 127 188 204 0.9171464 
634 15 232 230 0.8144974 
276 36 265 270 0.73441863 
695 141 180 230 0.69682413 
260 -14 121 145 0.6769414 
641 42 106 139 0.59142894 
726 69 178 207 0.3864298 
132 238 239 198 0.32305852 
804 426 78 116 0.2511021 
240 -27 232 237 0.24794048 
773 344 215 204 0.2311026 
707 449 30 30 0.188928 
831 95 186 192 0.17193556 
343 283 100 84 0.16258556 
-7 352 95 181 0.15916686 
738 110 54 61 0.15056497 
744 4 39 32 0.109639935 
83 183 194 213 0.1065206 
105 310 167 184 0.09803478 
755 462 50 54 0.09308395 
461 505 13 17 0.08117401 
-34 325 265 247 0.076092646 
310 37 65 77 0.072444364 
685 452 26 30 0.07244435 
515 46 178 195 0.06984132 
680 30 134 156 0.064067975 
628 63 71 104 0.06111947 
47 237 146 116 0.058741733 
371 34 197 174 0.053832818 
773 155 82 101 0.051466707 
944 193 25 28 0.051466707 
924 181 55 54 0.051466707 
707 98 106 133 0.04931264 
96 150 59 54 0.047198545 
449 492 16 20 0.045951538 
913 227 47 52 0.04326818 
27 146 63 66 0.04326818 
490 157 222 247 0.04133061 
363 110 215 237 0.04133061 
-37 24 197 210 0.04133061 
533 314 48 58 0.039651502 
875 -3 63 50 0.039651502 
699 466 33 37 0.036325652 
562 368 5 5 0.035808332 
433 45 114 108 0.034593605 
921 148 106 135 0.034593593 
714 123 59 84 0.033269096 
938 171 69 81 0.033269096 
433 32 34 27 0.033269096 
734 -3 59 55 0.033269096 
918 28 52 55 0.033269096 
631 192 273 287 0.03163486 
695 444 27 30 0.030461604 
-3 56 46 88 0.030461596 
758 418 95 118 0.028921604 
188 81 235 244 0.028921604 
297 24 116 125 0.028921604 
183 -33 172 190 0.028921604 
644 394 31 30 0.027884193 
279 11 69 72 0.027884193 
883 181 23 25 0.027884193 
130 21 100 123 0.026434705 
-24 149 215 207 0.026434705 
600 440 58 61 0.025519116 
610 448 30 31 0.025519116 
-4 429 130 135 0.024156325 
916 285 19 19 0.02351288 
15 90 74 73 0.023349825 
111 164 56 56 0.023349825 
142 269 56 58 0.023349825 
222 272 51 54 0.023349825 
142 332 235 230 0.022069868 
851 12 124 123 0.022069868 
696 348 197 187 0.022069868 
916 200 56 61 0.021360904 
930 42 28 30 0.021360898 
772 451 58 73 0.021360898 
446 409 126 150 0.0201599 
