12_Group_Team_Organized_Group_12_Group_Team_Organized_Group_12_707
389
300 161 30 42 0.9996692 
388 271 29 40 0.9996376 
492 283 30 41 0.9995652 
279 255 33 49 0.9991779 
209 153 35 46 0.9991779 
719 299 36 50 0.9991779 
600 275 38 48 0.9990138 
502 136 31 45 0.99870443 
605 137 30 44 0.9985812 
685 148 34 51 0.99844605 
180 270 39 49 0.9982981 
794 125 37 48 0.9975521 
391 164 33 41 0.9953797 
524 110 6 8 0.35282937 
730 490 51 63 0.268611 
631 105 14 23 0.26116365 
550 138 12 16 0.26116365 
395 50 4 6 0.22912635 
531 36 5 8 0.19995552 
322 30 4 5 0.17366187 
557 167 7 10 0.16157512 
727 80 6 7 0.1293704 
413 57 6 8 0.1293704 
415 129 9 13 0.11991897 
381 403 116 165 0.1065206 
632 94 14 18 0.10279763 
373 441 27 29 0.10106142 
139 458 57 78 0.10106142 
229 108 7 9 0.09507551 
261 100 6 8 0.09507551 
119 122 6 7 0.08787667 
632 139 13 19 0.08787667 
724 81 7 9 0.08117401 
340 98 5 6 0.08117401 
230 136 19 23 0.08117401 
352 0 5 5 0.08117401 
489 128 6 9 0.08117401 
133 440 91 132 0.076092646 
413 54 5 7 0.07494057 
254 105 6 8 0.07494057 
149 160 5 6 0.0691498 
320 19 4 5 0.0691498 
143 115 5 7 0.0691498 
561 258 8 11 0.0691498 
447 46 6 7 0.06377564 
464 32 6 8 0.06377564 
267 101 5 7 0.06377564 
392 88 4 5 0.06377564 
689 483 34 33 0.06111947 
349 0 5 6 0.05879275 
360 7 6 7 0.05879275 
946 76 8 10 0.05879275 
512 85 4 5 0.05879275 
495 433 56 64 0.056098126 
318 455 47 62 0.056098126 
255 431 61 73 0.056098126 
625 112 23 33 0.056098126 
233 104 7 10 0.054176662 
533 113 6 8 0.054176662 
93 132 4 6 0.054176662 
292 121 6 8 0.054176662 
288 477 8 11 0.054176662 
369 28 5 6 0.054176662 
212 236 178 243 0.053832818 
821 198 106 160 0.053832814 
296 138 6 8 0.04990379 
332 53 5 6 0.04990379 
255 101 5 7 0.04990379 
334 50 5 7 0.04990379 
380 28 4 5 0.04990379 
415 61 6 7 0.049903784 
110 148 7 9 0.049903784 
755 134 172 254 0.04931264 
378 346 200 243 0.04931264 
694 430 87 142 0.04931264 
597 109 20 28 0.047198545 
684 477 53 79 0.047198545 
264 452 39 39 0.047198545 
285 89 4 5 0.04595155 
458 459 20 22 0.04595155 
382 452 16 17 0.04595155 
319 30 5 7 0.04595155 
56 131 4 5 0.04595155 
59 160 4 5 0.04595155 
640 170 17 20 0.04595155 
236 103 5 7 0.045951538 
409 85 4 5 0.045951538 
362 131 6 8 0.045951538 
320 17 4 5 0.045951538 
634 53 7 9 0.045951538 
-26 43 200 250 0.045153886 
294 110 4 6 0.04229837 
536 30 5 5 0.04229837 
510 29 5 6 0.04229837 
252 108 6 8 0.04229837 
728 77 5 6 0.04229837 
352 20 5 5 0.04229837 
498 114 5 6 0.04229837 
22 109 4 5 0.04229837 
377 114 7 9 0.04229837 
241 105 6 8 0.04229837 
298 102 4 5 0.04229837 
28 131 4 5 0.04229837 
118 162 9 10 0.04229837 
508 29 4 5 0.04229837 
635 50 5 6 0.04229837 
412 84 4 5 0.04229837 
25 136 5 6 0.04229837 
455 442 25 31 0.039651494 
534 32 6 7 0.038923774 
571 40 5 6 0.038923774 
239 115 7 9 0.038923774 
285 114 4 5 0.038923774 
605 10 5 6 0.038923774 
624 77 9 10 0.038923774 
576 72 5 6 0.038923774 
268 97 5 6 0.038923774 
54 190 7 9 0.038923774 
382 445 56 81 0.036325652 
384 29 4 6 0.035808332 
589 11 4 5 0.035808332 
457 45 5 6 0.035808332 
724 86 7 10 0.035808332 
153 81 4 5 0.035808332 
524 50 5 6 0.035808332 
282 89 4 5 0.035808332 
575 188 5 6 0.035808332 
583 178 6 8 0.035808332 
567 32 5 6 0.035808332 
742 33 5 6 0.035808332 
638 50 5 6 0.035808332 
323 16 4 5 0.035808332 
323 98 4 6 0.035808332 
72 162 4 5 0.035808332 
460 31 5 7 0.035808332 
409 128 13 16 0.035808332 
248 63 4 5 0.035808332 
392 47 5 6 0.035808332 
594 118 13 18 0.035808332 
160 72 4 5 0.035808332 
770 393 74 106 0.033269096 
150 72 4 5 0.03293372 
593 4 4 6 0.03293372 
90 132 5 6 0.03293372 
358 4 5 5 0.03293372 
514 85 4 5 0.03293372 
489 116 5 6 0.03293372 
284 110 5 6 0.032933712 
605 15 4 6 0.032933712 
567 46 5 7 0.032933712 
290 111 5 6 0.032933712 
366 7 5 6 0.032933712 
285 92 4 5 0.032933712 
499 109 5 6 0.032933712 
350 34 4 5 0.032933712 
390 136 6 7 0.032933712 
372 88 5 6 0.032933712 
127 45 4 5 0.032933712 
372 91 5 7 0.032933712 
660 90 7 10 0.032933712 
343 477 6 8 0.032933712 
158 73 4 5 0.032933712 
533 30 5 5 0.032933712 
652 411 194 239 0.03163486 
427 270 194 246 0.03163486 
145 452 35 48 0.030461596 
508 440 35 41 0.030461596 
564 435 56 57 0.030461596 
656 80 5 7 0.030282615 
257 113 7 9 0.030282615 
383 26 5 6 0.030282615 
622 78 7 9 0.030282615 
260 38 4 5 0.030282615 
33 137 4 5 0.030282615 
301 101 4 5 0.030282615 
0 76 4 6 0.030282615 
139 89 5 6 0.030282615 
449 48 5 7 0.030282615 
429 83 5 6 0.030282615 
63 157 4 5 0.030282615 
551 166 12 16 0.030282615 
30 139 4 5 0.030282615 
386 29 5 6 0.030282615 
277 170 4 5 0.030282615 
657 121 4 6 0.030282615 
375 28 4 5 0.030282615 
55 127 4 6 0.030282615 
51 103 5 6 0.030282615 
718 78 12 17 0.030282615 
216 242 43 57 0.027884185 
40 234 89 97 0.027884185 
619 123 26 35 0.027884185 
328 11 4 5 0.027838783 
71 164 4 6 0.027838783 
412 7 5 6 0.027838783 
234 145 20 27 0.027838783 
588 7 5 5 0.027838783 
297 98 4 5 0.027838783 
254 40 5 6 0.027838783 
546 175 16 18 0.027838783 
538 11 4 5 0.027838783 
268 175 4 6 0.027838783 
703 88 6 7 0.027838783 
540 88 6 7 0.027838783 
389 10 5 6 0.027838783 
400 89 4 5 0.027838783 
225 109 6 8 0.027838783 
285 118 4 6 0.027838783 
485 23 4 6 0.027838783 
527 50 5 6 0.027838783 
536 124 5 6 0.027838783 
521 107 10 13 0.027838783 
495 115 4 5 0.027838783 
560 28 4 5 0.027838783 
324 85 3 4 0.027838783 
515 29 5 7 0.027838783 
359 131 5 7 0.027838783 
558 79 4 6 0.027838783 
567 22 4 5 0.027838783 
568 72 4 5 0.027838783 
230 107 10 15 0.027838783 
757 80 6 8 0.027838783 
525 12 5 6 0.027838778 
68 52 5 6 0.027838778 
300 137 7 9 0.027838778 
373 95 5 6 0.027838778 
546 76 4 5 0.027838778 
499 42 4 6 0.027838778 
524 46 5 5 0.027838778 
391 10 5 6 0.027838778 
511 25 4 6 0.027838778 
481 111 4 4 0.027838778 
294 105 5 6 0.027838778 
559 164 7 10 0.027838778 
153 152 4 5 0.027838778 
113 145 5 6 0.02558696 
56 135 4 5 0.02558696 
549 131 7 8 0.02558696 
244 105 6 7 0.02558696 
527 105 6 7 0.02558696 
386 93 5 6 0.02558696 
340 479 6 7 0.02558696 
420 128 6 8 0.02558696 
631 53 12 15 0.02558696 
54 123 4 5 0.02558696 
60 123 4 5 0.02558696 
508 26 4 5 0.02558696 
410 58 5 7 0.02558696 
541 32 4 5 0.02558696 
136 85 5 6 0.02558696 
327 34 4 5 0.02558696 
485 49 5 7 0.02558696 
110 55 5 6 0.02558696 
352 55 5 7 0.02558696 
112 88 5 6 0.02558696 
384 31 5 6 0.02558696 
120 88 4 5 0.02558696 
527 15 5 6 0.02558696 
297 104 5 6 0.02558696 
236 106 8 10 0.02558696 
647 91 6 8 0.02558696 
379 46 5 6 0.02558696 
472 32 5 6 0.02558696 
3 98 5 6 0.02558696 
233 97 5 5 0.02558696 
332 46 5 6 0.02558696 
404 24 5 6 0.02558696 
146 80 4 5 0.02558696 
459 59 6 8 0.02558696 
84 111 4 5 0.02558696 
524 41 5 6 0.02558696 
502 42 4 6 0.02558696 
365 95 6 7 0.02558696 
446 431 48 54 0.025519116 
706 76 25 33 0.025519116 
22 66 107 151 0.024156325 
365 11 5 6 0.02351288 
593 6 4 6 0.02351288 
58 131 4 5 0.02351288 
28 127 4 5 0.02351288 
102 131 6 7 0.02351288 
264 129 7 8 0.02351288 
562 8 4 5 0.02351288 
486 116 5 6 0.02351288 
23 109 4 5 0.02351288 
63 123 4 5 0.02351288 
497 117 5 7 0.02351288 
328 9 4 5 0.02351288 
430 17 4 5 0.02351288 
405 92 4 5 0.02351288 
97 135 5 7 0.02351288 
439 17 4 4 0.02351288 
353 22 5 6 0.02351288 
597 17 4 5 0.02351288 
515 87 5 6 0.02351288 
451 113 5 6 0.02351288 
86 165 4 5 0.02351288 
2 117 5 8 0.02351288 
553 165 7 10 0.02351288 
576 21 4 5 0.02351288 
100 151 5 7 0.02351288 
439 20 4 5 0.02351288 
478 114 3 5 0.02351288 
650 86 11 15 0.02351288 
311 102 4 5 0.02351288 
571 12 4 5 0.02351288 
457 33 4 6 0.02351288 
422 58 4 6 0.02351288 
529 34 5 7 0.02351288 
508 31 5 6 0.02351288 
521 53 5 7 0.02351288 
562 28 4 5 0.02351288 
422 66 5 6 0.02351288 
315 42 4 5 0.02351288 
174 88 3 4 0.02351288 
446 52 5 7 0.02351288 
149 83 4 5 0.02351288 
601 4 5 6 0.02351288 
332 17 4 5 0.02351288 
235 137 9 11 0.02351288 
485 46 5 6 0.02351288 
263 38 4 5 0.02351288 
469 28 6 7 0.02351288 
550 80 4 5 0.02351288 
567 75 4 5 0.02351288 
8 83 5 5 0.02351288 
694 85 31 37 0.023349825 
684 468 32 34 0.023349825 
393 475 30 43 0.023349825 
364 440 53 62 0.023349825 
774 176 109 149 0.022069868 
-26 409 273 246 0.022069868 
595 123 7 10 0.0216032 
328 111 4 6 0.021603195 
392 47 9 12 0.021603195 
567 41 5 6 0.021603195 
459 199 6 7 0.021603195 
324 88 4 5 0.021603195 
363 90 7 8 0.021603195 
53 187 6 7 0.021603195 
617 87 7 10 0.021603195 
268 93 5 6 0.021603195 
554 58 6 7 0.021603195 
456 49 5 6 0.021603195 
271 104 5 7 0.021603195 
212 67 4 5 0.021603195 
268 112 7 10 0.021603195 
544 87 6 7 0.021603195 
399 50 5 6 0.021603195 
21 119 4 5 0.021603195 
51 109 6 7 0.021603195 
191 111 4 5 0.021603195 
42 132 4 5 0.021603195 
656 89 8 11 0.021603195 
585 2 5 7 0.021603195 
140 35 6 7 0.021603195 
367 32 5 6 0.021603195 
281 37 4 5 0.021603195 
473 36 4 6 0.021603195 
462 28 10 14 0.021603195 
585 7 4 5 0.021603195 
366 20 5 6 0.021603195 
418 12 4 5 0.021603195 
483 21 4 5 0.021603195 
376 26 4 6 0.021603195 
482 41 4 5 0.021603195 
358 29 5 6 0.021603195 
516 20 3 5 0.021603195 
325 13 4 5 0.021603195 
307 24 4 5 0.021603195 
367 24 5 7 0.021603195 
447 34 4 5 0.021603195 
528 39 6 7 0.021603195 
540 11 4 5 0.021603195 
84 67 6 7 0.021603195 
29 137 4 5 0.021603195 
511 82 4 5 0.021603195 
546 80 4 5 0.021603195 
394 136 5 7 0.021603195 
306 83 4 6 0.021603195 
546 85 5 6 0.021603195 
99 138 6 7 0.021603195 
711 82 6 7 0.021603195 
170 105 4 5 0.021603195 
705 472 60 64 0.021360898 
44 194 20 30 0.021360898 
704 505 34 47 0.021360898 
511 492 30 33 0.021360898 
897 545 116 112 0.0201599 
