12_Group_Large_Group_12_Group_Large_Group_12_322
64
519 374 30 50 0.9996692 
254 353 31 49 0.9990996 
819 398 28 44 0.9988171 
322 365 23 37 0.99204755 
62 349 25 38 0.99204755 
1000 379 23 40 0.9821322 
276 336 225 348 0.8745549 
755 236 64 121 0.54540557 
754 354 23 46 0.43212515 
507 549 203 338 0.17193554 
19 13 28 42 0.16258556 
232 565 242 364 0.14717786 
316 28 222 333 0.13594593 
60 40 257 358 0.12544508 
753 299 53 102 0.109639935 
924 51 48 91 0.09308393 
354 167 104 193 0.09015675 
226 528 15 31 0.08787667 
943 523 60 119 0.08567616 
919 301 7 13 0.08117401 
749 501 200 358 0.076092646 
358 237 68 115 0.07244435 
898 171 114 230 0.06984133 
998 39 19 27 0.069149815 
48 477 225 333 0.064067975 
271 16 7 11 0.06377564 
524 516 121 259 0.05874174 
743 18 59 85 0.051466707 
356 219 5 8 0.049903784 
237 8 17 26 0.04595155 
356 160 200 323 0.045153886 
229 4 35 46 0.04326818 
202 412 222 353 0.04133061 
-13 572 235 328 0.04133061 
303 84 67 111 0.039651494 
947 79 20 31 0.038923774 
856 126 8 11 0.038923774 
16 8 47 69 0.036325652 
728 32 51 82 0.036325652 
890 115 9 13 0.035808332 
823 589 142 237 0.034593605 
901 497 114 179 0.034593605 
62 23 54 88 0.033269096 
322 505 225 375 0.028921604 
860 113 25 37 0.027884193 
902 66 50 79 0.027884185 
233 -6 53 69 0.027884185 
942 118 16 24 0.027838783 
136 253 111 193 0.026434705 
493 367 235 397 0.026434705 
81 72 17 27 0.02558696 
262 6 30 52 0.025519116 
59 39 36 55 0.025519116 
787 412 215 343 0.024156325 
868 115 14 23 0.02351288 
941 55 58 96 0.023349825 
354 351 25 39 0.023349825 
494 -65 200 348 0.022069868 
40 34 98 135 0.022069868 
766 365 19 36 0.021603195 
238 6 8 12 0.021603195 
267 34 6 11 0.021603195 
962 529 27 55 0.021360893 
33 291 209 333 0.0201599 
