12_Group_Team_Organized_Group_12_Group_Team_Organized_Group_12_850
68
469 147 136 182 0.9993876 
283 211 128 169 0.99814475 
671 262 31 51 0.99129593 
199 180 183 248 0.71599656 
925 274 13 18 0.6271395 
684 28 82 103 0.47725022 
393 250 59 98 0.36670664 
134 242 228 287 0.28400344 
295 -1 54 57 0.21842523 
715 299 209 255 0.19988178 
891 -6 86 118 0.12544508 
139 247 20 24 0.118850335 
958 271 15 19 0.111069925 
89 253 23 26 0.07880669 
727 427 242 271 0.064067975 
499 456 222 237 0.05874174 
792 -34 215 251 0.05874174 
1007 131 14 22 0.054176662 
5 24 28 35 0.051466707 
0 178 83 139 0.04931264 
782 139 203 279 0.04931264 
636 -27 160 220 0.04931264 
259 -19 93 113 0.04931264 
830 215 27 34 0.047198545 
676 254 51 63 0.047198545 
821 306 123 159 0.045153897 
625 410 62 72 0.039651502 
159 209 146 179 0.03781825 
765 338 134 157 0.03781825 
156 316 13 22 0.035808332 
120 261 8 10 0.035808332 
478 461 54 75 0.033269096 
204 174 30 35 0.033269096 
364 59 25 34 0.033269096 
787 49 9 11 0.032933712 
205 379 180 234 0.03163486 
875 10 60 75 0.030461596 
968 291 12 16 0.030282615 
788 283 249 237 0.028921604 
863 250 109 161 0.028921604 
825 178 51 62 0.027884185 
94 339 206 283 0.02643471 
33 152 232 283 0.026434705 
355 69 28 37 0.025519116 
0 9 45 59 0.025519116 
699 268 33 45 0.025519116 
899 302 95 171 0.024156325 
911 279 8 10 0.02351288 
148 250 19 23 0.02351288 
126 248 22 26 0.023349825 
304 94 25 32 0.023349825 
493 479 63 83 0.023349825 
226 52 30 36 0.023349825 
690 -29 228 279 0.022069868 
932 347 98 164 0.022069868 
143 246 9 11 0.021603195 
912 274 12 15 0.021603195 
533 80 20 25 0.021603195 
363 61 17 22 0.021603195 
34 377 17 21 0.021603195 
920 276 8 11 0.021603195 
962 282 23 27 0.021360904 
712 281 46 67 0.021360898 
873 118 26 34 0.021360898 
398 275 38 59 0.021360898 
553 318 197 251 0.020159906 
657 170 277 323 0.0201599 
458 -10 100 104 0.0201599 
