12_Group_Team_Organized_Group_12_Group_Team_Organized_Group_12_274
30
633 190 55 73 0.999889 
535 209 51 66 0.99982506 
336 179 53 71 0.9996692 
261 199 54 73 0.9996031 
445 182 53 71 0.9995652 
156 409 100 168 0.115646794 
228 103 8 11 0.08117401 
604 278 194 261 0.076092646 
76 112 60 73 0.07244435 
316 380 246 257 0.064067975 
111 350 191 261 0.04931264 
651 380 222 285 0.03781825 
388 393 71 78 0.036325652 
922 240 119 123 0.034593605 
192 108 24 28 0.033269096 
320 216 188 243 0.03163486 
800 227 123 108 0.028921604 
175 264 45 35 0.027884193 
188 529 69 101 0.027884185 
225 45 7 10 0.027838783 
319 264 104 142 0.02643471 
71 574 117 114 0.026434705 
430 381 249 321 0.024156325 
15 88 109 132 0.024156325 
908 188 124 119 0.024156325 
170 494 54 94 0.023349825 
149 110 29 32 0.023349825 
362 363 153 180 0.022069868 
250 55 54 68 0.021360904 
144 263 97 114 0.0201599 
