12_Group_Group_12_Group_Group_12_379
87
524 113 26 34 0.99984026 
426 248 31 41 0.9998084 
846 114 29 39 0.99979013 
581 135 28 33 0.99979013 
430 155 34 39 0.9997701 
360 156 28 35 0.9997482 
482 119 29 38 0.9997242 
189 101 31 43 0.9996692 
286 111 26 35 0.9996692 
764 156 27 35 0.9996376 
296 168 27 34 0.9996376 
332 245 30 38 0.9996031 
894 228 31 42 0.9995652 
244 237 27 34 0.9994287 
870 172 29 35 0.99937433 
80 232 32 40 0.99937433 
665 124 28 34 0.9992494 
630 231 34 40 0.9991779 
536 235 31 39 0.99891996 
733 219 33 41 0.99891996 
614 113 26 32 0.9988171 
384 116 26 34 0.9988171 
534 167 30 35 0.9988171 
156 245 29 36 0.99870443 
728 133 26 31 0.99870443 
156 188 29 33 0.9985812 
225 177 27 31 0.9985812 
799 241 32 40 0.99813616 
793 106 25 32 0.9979589 
638 179 28 34 0.9977647 
416 98 29 32 0.9977647 
355 357 222 290 0.30317584 
666 247 25 33 0.12872264 
858 250 31 38 0.12872262 
-26 48 225 285 0.1065206 
72 290 203 269 0.1065206 
972 421 6 9 0.09507551 
910 331 65 87 0.09308395 
33 409 249 298 0.090156734 
832 249 21 31 0.08567618 
15 342 97 165 0.076092646 
697 115 23 28 0.072444364 
778 594 24 28 0.072444364 
16 268 180 232 0.064067975 
712 116 16 22 0.04595155 
328 393 41 33 0.04326818 
102 545 23 25 0.039651494 
105 554 12 14 0.038923774 
377 -1 235 277 0.03781825 
222 154 26 29 0.036325652 
872 238 36 46 0.036325652 
801 164 21 27 0.036325645 
1010 382 5 6 0.035808332 
678 426 10 16 0.035808332 
256 592 17 18 0.032933712 
530 225 194 269 0.03163486 
871 364 206 273 0.03163486 
416 270 242 294 0.03163486 
672 257 25 36 0.030461604 
812 246 29 36 0.030461596 
572 186 16 19 0.030282615 
844 245 27 38 0.027884193 
484 257 21 27 0.027884193 
643 231 36 46 0.027884185 
1007 390 4 5 0.027838783 
995 427 6 7 0.027838778 
459 405 212 254 0.026434705 
847 523 19 24 0.02558696 
1009 389 5 5 0.02558696 
387 398 68 88 0.025519116 
666 231 26 36 0.025519116 
761 143 26 34 0.025519116 
878 284 107 136 0.024156325 
1008 396 6 8 0.02351288 
0 412 57 96 0.023349825 
116 524 22 31 0.023349825 
977 383 26 31 0.023349825 
218 590 28 28 0.023349825 
205 -11 242 285 0.022069868 
782 510 16 19 0.021603195 
113 540 6 8 0.021603195 
214 497 7 8 0.021603195 
492 266 23 30 0.021360898 
680 565 23 27 0.021360898 
617 235 27 34 0.021360898 
137 369 209 229 0.0201599 
926 262 97 151 0.0201599 
