12_Group_Group_12_Group_Group_12_28
87
129 126 44 53 0.9990996 
168 37 34 44 0.9990996 
385 196 42 53 0.9990996 
701 84 45 53 0.99813616 
903 110 46 52 0.99813616 
522 255 37 44 0.9977647 
106 71 39 44 0.9977647 
459 234 35 42 0.9973194 
246 255 42 50 0.9973194 
659 56 42 52 0.9973194 
178 201 37 44 0.99678564 
612 99 40 51 0.99678564 
304 133 34 44 0.99678564 
233 78 35 42 0.9964803 
512 58 37 44 0.99614596 
260 149 40 51 0.993937 
917 70 43 49 0.993937 
71 21 39 48 0.9933628 
550 111 39 46 0.9927347 
208 103 37 48 0.99204755 
618 50 32 32 0.99047405 
788 76 40 50 0.98957527 
798 134 45 52 0.94853324 
19 382 183 211 0.864054 
908 84 47 58 0.5900683 
472 436 28 26 0.36670664 
626 50 42 44 0.30585763 
287 199 197 220 0.2840034 
141 425 111 143 0.26558137 
640 55 44 47 0.2511021 
686 72 41 52 0.2511021 
220 55 25 26 0.23436876 
53 300 206 252 0.14717786 
363 365 24 27 0.13928533 
569 456 15 14 0.11991897 
928 288 21 25 0.118850335 
483 199 200 227 0.090156734 
51 161 43 48 0.07880669 
50 179 21 30 0.07880669 
80 157 31 31 0.06655858 
88 169 31 34 0.06655858 
621 85 46 52 0.06655857 
465 224 30 32 0.06655857 
532 124 197 237 0.064067975 
414 357 16 16 0.06377564 
161 453 70 83 0.056098126 
478 218 25 26 0.056098126 
418 343 8 8 0.054176662 
348 254 209 187 0.053832818 
885 295 103 133 0.053832814 
495 408 23 25 0.051466707 
180 257 261 244 0.04931264 
320 418 30 33 0.047198545 
767 498 82 74 0.047198545 
40 439 116 122 0.04133061 
353 347 46 46 0.039651502 
114 257 14 14 0.038923774 
36 274 15 17 0.035808332 
715 25 12 15 0.035808332 
91 397 132 150 0.034593593 
415 360 9 9 0.03293372 
926 291 15 16 0.032933712 
321 380 212 252 0.03163486 
437 392 203 230 0.03163486 
493 218 23 27 0.030461596 
716 301 44 61 0.030461596 
928 290 7 7 0.030282615 
314 407 62 66 0.027884193 
411 361 26 23 0.027884193 
222 97 38 46 0.027884185 
510 457 29 32 0.027884185 
407 373 7 8 0.027838783 
819 267 200 227 0.026434705 
41 252 8 9 0.02558696 
612 446 6 6 0.02558696 
30 346 124 171 0.024156325 
768 353 215 248 0.024156325 
421 356 21 17 0.02351288 
127 406 228 220 0.022069868 
744 271 104 135 0.022069868 
61 282 11 13 0.021603195 
611 447 10 12 0.021603195 
242 112 31 34 0.021360898 
514 433 27 30 0.021360898 
61 146 45 49 0.021360898 
499 417 47 47 0.021360893 
899 424 109 141 0.0201599 
