12_Group_Group_12_Group_Group_12_354
49
146 10 82 58 0.99385405 
163 94 81 60 0.9872077 
41 45 71 56 0.9831867 
275 40 71 56 0.9815879 
424 63 48 33 0.28687313 
953 69 60 41 0.268611 
551 29 26 18 0.16258557 
931 70 56 39 0.15056497 
588 186 188 117 0.14717786 
639 120 239 119 0.13594593 
699 -4 225 117 0.1254451 
366 158 212 109 0.09803478 
649 26 48 33 0.09308393 
552 10 71 39 0.08567618 
133 17 59 46 0.07880669 
963 96 16 10 0.05879275 
716 73 257 138 0.05874174 
574 4 188 112 0.058741733 
553 23 42 28 0.056098126 
60 104 183 106 0.053832818 
67 36 81 53 0.053832814 
666 26 59 37 0.047198545 
867 63 93 57 0.045153897 
665 169 218 126 0.045153886 
171 136 121 73 0.04133061 
144 90 73 45 0.036325652 
461 23 29 19 0.036325652 
647 25 100 72 0.034593605 
672 79 194 104 0.034593605 
297 48 91 55 0.034593605 
63 55 200 114 0.03163486 
794 2 257 121 0.03163486 
39 162 209 119 0.03163486 
402 63 51 35 0.030461596 
410 -9 215 128 0.028921604 
860 245 91 30 0.027884193 
551 22 25 17 0.027884185 
200 106 68 48 0.027884185 
572 6 101 61 0.026434705 
814 161 222 119 0.026434705 
60 112 106 72 0.026434705 
467 18 22 13 0.025519116 
960 92 25 17 0.025519116 
952 71 32 18 0.025519116 
829 50 98 65 0.024156325 
475 182 232 117 0.024156325 
134 109 101 67 0.024156325 
948 85 46 29 0.023349825 
127 131 215 117 0.022069868 
