12_Group_Large_Group_12_Group_Large_Group_12_276
105
646 71 50 41 0.9988171 
223 71 56 44 0.99870443 
126 9 60 51 0.99706453 
485 5 52 42 0.99706453 
847 89 69 63 0.99706453 
586 95 64 60 0.99678564 
213 242 68 66 0.9964803 
575 25 52 52 0.99614596 
292 10 51 48 0.9953797 
425 234 80 73 0.9943938 
661 262 82 75 0.99385405 
431 69 62 60 0.99047405 
568 205 70 71 0.99047405 
699 76 60 54 0.99047405 
690 160 71 56 0.98957527 
91 290 91 70 0.98934454 
314 230 70 65 0.98859274 
347 43 69 63 0.98859274 
515 85 60 49 0.98046196 
976 28 23 20 0.89036 
799 174 126 104 0.85282207 
646 215 28 22 0.849435 
264 227 81 69 0.52310073 
236 138 56 46 0.5 
781 128 203 165 0.45389688 
0 73 45 57 0.38809907 
536 86 72 59 0.3436022 
264 136 59 50 0.30585766 
960 16 32 23 0.268611 
372 49 70 66 0.2311026 
493 209 85 78 0.17193554 
667 76 53 42 0.118850335 
471 73 64 59 0.1065206 
311 17 76 67 0.1065206 
245 164 63 44 0.10106142 
613 209 51 42 0.09308395 
621 80 60 45 0.09308395 
33 34 56 34 0.09308393 
823 164 35 23 0.08567618 
857 45 23 17 0.07880669 
773 183 55 48 0.072444364 
454 228 87 74 0.06984133 
449 12 25 18 0.06655858 
44 261 114 89 0.064067975 
742 179 67 50 0.06111947 
38 37 32 21 0.06111947 
10 69 212 175 0.053832818 
-7 170 172 156 0.053832818 
47 89 63 44 0.051466707 
79 20 62 39 0.051466707 
199 184 53 39 0.051466707 
825 59 29 20 0.051466707 
395 60 74 68 0.04931264 
207 141 191 145 0.04931264 
528 208 80 68 0.047198545 
245 185 35 25 0.047198545 
800 201 69 71 0.04326818 
814 161 52 41 0.04326818 
715 115 17 14 0.04229837 
748 182 89 84 0.04133061 
614 218 86 79 0.04133061 
50 31 76 47 0.039651502 
219 180 53 35 0.036325645 
321 251 206 151 0.034593593 
681 177 57 48 0.033269096 
1014 6 9 7 0.032933712 
128 276 117 87 0.03163486 
692 171 97 77 0.03163486 
657 137 80 70 0.03163486 
596 27 59 48 0.030461604 
180 244 28 22 0.030461604 
969 19 38 31 0.030461596 
726 179 222 160 0.028921604 
686 147 57 46 0.027884193 
19 85 52 46 0.027884185 
104 23 55 48 0.027884185 
41 11 61 41 0.027884185 
966 9 29 20 0.027884185 
960 15 20 13 0.027838783 
175 227 239 175 0.026434705 
41 41 17 13 0.02558696 
0 66 13 17 0.02558696 
989 29 25 21 0.025519116 
71 3 69 37 0.025519116 
611 85 30 20 0.025519116 
67 205 50 44 0.025519116 
113 273 76 58 0.025519116 
155 248 82 71 0.024156325 
610 40 73 59 0.024156325 
25 34 17 12 0.02351288 
436 51 29 21 0.023349825 
816 176 56 46 0.023349825 
646 207 50 34 0.023349825 
192 242 62 51 0.023349825 
703 182 55 51 0.023349825 
455 7 46 33 0.023349825 
400 218 206 151 0.022069868 
252 103 87 70 0.022069868 
1009 7 8 6 0.021603195 
676 36 20 14 0.021603195 
828 152 46 36 0.021360904 
634 217 53 44 0.021360898 
587 195 49 41 0.021360898 
227 155 55 39 0.021360898 
63 97 69 51 0.021360898 
