12_Group_Team_Organized_Group_12_Group_Team_Organized_Group_12_67
63
306 14 153 198 0.9992632 
637 227 106 179 0.9902766 
557 -36 261 369 0.88435316 
141 520 242 328 0.65639776 
369 40 124 193 0.5 
168 -18 239 300 0.47689918 
1 61 55 139 0.28687313 
437 272 222 343 0.26558137 
588 121 175 291 0.24794048 
472 -15 215 300 0.2311026 
125 647 121 190 0.2311026 
743 218 48 92 0.21842523 
605 440 97 113 0.21842523 
104 338 298 415 0.18550259 
925 482 100 237 0.13594593 
111 565 56 100 0.12872262 
199 58 52 73 0.118850335 
-19 278 228 343 0.115646794 
777 268 222 328 0.115646794 
147 148 232 323 0.115646794 
428 78 68 115 0.109639935 
44 11 112 157 0.09803478 
41 469 206 275 0.09015675 
571 431 90 127 0.090156734 
839 203 212 305 0.090156734 
653 353 212 318 0.08285364 
506 160 24 34 0.07880669 
242 254 265 343 0.076092646 
491 279 114 223 0.064067975 
330 328 235 338 0.05874174 
831 373 239 358 0.053832818 
626 24 165 230 0.053832818 
291 0 38 44 0.047198545 
89 54 197 343 0.045153897 
123 46 57 86 0.04326818 
768 235 48 91 0.04326818 
498 82 116 182 0.04133061 
5 648 103 145 0.04133061 
49 270 119 217 0.04133061 
534 307 67 88 0.039651502 
243 624 149 217 0.03781825 
506 233 71 134 0.036325652 
715 222 58 100 0.033269096 
750 162 29 45 0.033269096 
41 585 209 300 0.03163486 
512 533 28 36 0.030461604 
565 233 30 43 0.030461596 
531 128 64 97 0.030461596 
763 154 16 26 0.030282615 
778 216 82 139 0.028921604 
892 384 123 240 0.028921604 
1 -43 183 255 0.028921604 
732 197 85 139 0.028921604 
282 623 218 305 0.02643471 
662 289 15 21 0.02558696 
133 670 78 111 0.025519116 
403 0 175 283 0.024156325 
273 39 20 32 0.02351288 
97 19 103 154 0.022069868 
538 342 69 108 0.021360898 
708 175 71 111 0.021360898 
473 107 60 92 0.021360898 
394 687 116 157 0.0201599 
