12_Group_Group_12_Group_Group_12_434
58
812 205 46 74 0.9979589 
548 181 30 48 0.9953797 
411 181 38 47 0.99204755 
165 174 45 63 0.98957527 
157 218 37 73 0.7815748 
729 238 51 74 0.61190087 
400 347 206 261 0.45389685 
886 205 23 40 0.30585763 
703 204 40 44 0.268611 
425 403 56 73 0.13928533 
0 246 239 289 0.13594593 
803 270 18 20 0.1293704 
151 189 50 74 0.12872264 
164 159 281 311 0.09803478 
215 432 232 281 0.09015675 
419 471 218 281 0.08285364 
73 172 212 261 0.076092646 
717 213 48 64 0.07244435 
528 241 58 76 0.07244435 
798 332 188 242 0.06984133 
35 202 6 8 0.0691498 
-10 365 225 294 0.064067975 
563 186 49 70 0.06111947 
767 463 215 261 0.05874174 
712 229 91 119 0.053832814 
670 256 47 83 0.047198545 
53 618 48 52 0.047198545 
443 390 128 165 0.045153886 
696 218 46 69 0.039651494 
76 569 107 111 0.03781825 
391 2 239 219 0.03781825 
752 216 78 111 0.034593605 
653 411 200 261 0.034593605 
173 267 116 151 0.034593593 
346 209 257 321 0.034593593 
342 362 59 57 0.033269096 
178 353 58 75 0.033269096 
80 563 79 63 0.027884193 
705 456 124 147 0.02643471 
608 354 116 123 0.026434705 
796 125 235 302 0.026434705 
780 217 52 69 0.025519116 
557 215 56 75 0.025519116 
106 441 212 277 0.024156325 
-8 302 153 183 0.024156325 
491 328 13 17 0.02351288 
15 221 5 6 0.02351288 
721 194 40 38 0.023349825 
744 277 36 43 0.023349825 
693 254 30 51 0.023349825 
831 203 51 64 0.023349825 
548 245 33 48 0.023349825 
795 240 25 35 0.023349825 
504 -12 242 311 0.022069868 
60 199 4 5 0.021603195 
393 178 26 38 0.021360898 
386 307 128 160 0.0201599 
404 389 93 121 0.0201599 
