12_Group_Group_12_Group_Group_12_268
97
445 215 32 45 0.9995652 
626 219 32 45 0.9994784 
855 228 31 44 0.9994784 
759 211 30 42 0.9994287 
487 191 31 46 0.9994287 
704 191 28 40 0.99937433 
572 223 31 45 0.99937433 
457 326 35 47 0.99931467 
895 209 34 49 0.9992494 
914 320 32 46 0.9990138 
586 361 37 51 0.9990138 
246 349 33 46 0.9990138 
103 244 34 44 0.9988171 
219 209 31 40 0.9985812 
708 383 35 46 0.99844605 
368 206 34 45 0.99813616 
808 223 28 39 0.9979589 
810 394 39 49 0.9979589 
150 263 29 39 0.9977647 
726 261 35 49 0.99678564 
342 354 41 57 0.9949414 
158 349 36 54 0.9944617 
306 244 28 36 0.993937 
22 288 132 265 0.93593204 
207 381 246 321 0.88435316 
605 202 25 33 0.79672164 
240 92 21 27 0.66669756 
425 166 24 29 0.6332934 
155 220 15 20 0.6271395 
141 -3 203 273 0.5 
662 459 235 303 0.3436022 
274 317 32 42 0.32552502 
729 0 225 312 0.26558137 
282 338 28 39 0.2511021 
-59 275 261 351 0.21508123 
771 432 22 32 0.1753677 
159 459 232 351 0.17193554 
318 393 26 34 0.12872264 
321 327 31 43 0.12872264 
284 359 26 34 0.09308393 
329 324 40 63 0.08567618 
660 145 5 8 0.08117401 
584 157 7 9 0.08117401 
784 371 209 307 0.076092646 
409 376 128 194 0.06984132 
287 378 24 32 0.06655858 
423 453 76 114 0.06655857 
582 544 235 290 0.064067975 
2 24 269 269 0.064067975 
412 164 25 34 0.06111947 
291 378 14 19 0.05879275 
344 459 212 298 0.05874174 
601 152 5 8 0.054176662 
616 206 31 42 0.051466707 
564 157 7 9 0.049903784 
534 467 225 290 0.04931264 
303 401 29 40 0.047198545 
580 148 5 7 0.045951538 
881 209 34 54 0.04326818 
400 542 6 10 0.04229837 
496 -36 257 351 0.03781825 
865 217 36 57 0.036325652 
669 157 6 8 0.035808332 
603 151 5 8 0.035808332 
860 409 18 24 0.035808332 
727 529 136 200 0.034593593 
225 51 58 64 0.033269096 
82 531 222 331 0.03163486 
293 394 26 34 0.030461604 
555 226 40 54 0.030461596 
860 385 21 32 0.027884193 
741 222 40 53 0.027884185 
557 247 17 26 0.027838783 
438 163 18 27 0.027838783 
121 378 218 316 0.026434705 
27 632 134 145 0.026434705 
279 367 43 54 0.025519116 
219 288 23 30 0.025519116 
414 149 41 54 0.025519116 
519 235 51 73 0.025519116 
409 483 261 307 0.024156325 
406 171 14 25 0.02351288 
634 151 5 7 0.02351288 
561 544 13 18 0.02351288 
152 231 20 26 0.02351288 
634 200 8 11 0.021603195 
249 89 19 24 0.021603195 
864 370 11 16 0.021603195 
550 152 5 7 0.021603195 
322 382 13 20 0.021603195 
894 501 8 12 0.021603195 
212 504 65 106 0.021360904 
317 372 45 57 0.021360904 
263 350 38 52 0.021360898 
897 373 49 88 0.021360898 
242 13 134 200 0.0201599 
17 37 144 189 0.0201599 
