12_Group_Large_Group_12_Group_Large_Group_12_253
183
486 365 30 44 0.9996031 
355 227 27 38 0.9995652 
973 390 30 42 0.99952376 
352 422 29 39 0.9994287 
657 383 30 42 0.99937433 
546 333 29 40 0.9991779 
410 236 25 34 0.9988171 
858 250 28 37 0.99870443 
39 263 33 45 0.9985812 
162 266 28 37 0.9979589 
873 386 28 39 0.9977647 
679 323 25 34 0.9973194 
131 415 35 49 0.99706453 
88 243 25 34 0.99678564 
245 401 29 41 0.9964803 
606 323 25 33 0.9957801 
683 237 20 29 0.9957628 
278 258 28 40 0.9949414 
617 287 25 32 0.9949414 
23 436 29 41 0.9944617 
759 372 25 34 0.9944617 
461 234 25 33 0.9944617 
733 233 19 29 0.9928939 
797 234 23 31 0.99204755 
500 209 21 29 0.9915604 
298 230 23 31 0.99129593 
160 212 24 32 0.99047405 
119 202 21 32 0.99047405 
767 201 20 29 0.989082 
895 239 21 34 0.98859274 
935 260 24 32 0.98751885 
613 210 20 28 0.98704255 
262 219 20 29 0.98704255 
590 422 26 35 0.9863452 
395 198 20 29 0.98462796 
29 202 24 34 0.98366195 
561 203 21 29 0.9832598 
332 202 21 29 0.9821322 
765 259 20 29 0.98015445 
709 248 22 31 0.9786391 
638 225 22 31 0.9721158 
206 196 23 32 0.9641916 
859 222 23 30 0.96107626 
214 270 27 32 0.96034855 
0 243 20 33 0.95009613 
566 323 19 29 0.9362244 
458 203 22 29 0.9362244 
395 431 35 46 0.8607147 
463 413 257 330 0.45389685 
203 1 9 11 0.35282937 
558 406 21 26 0.34582692 
282 17 6 9 0.19995552 
452 542 17 27 0.18645167 
1006 372 17 39 0.1293704 
635 541 20 22 0.111069925 
489 -4 203 302 0.090156734 
897 217 6 9 0.08787667 
285 242 29 42 0.08567616 
271 184 200 366 0.08285364 
192 1 7 9 0.08117401 
145 273 23 34 0.07880669 
743 384 22 30 0.07244435 
83 516 46 67 0.06655857 
203 30 6 8 0.06377564 
944 220 5 6 0.05879275 
-1 183 16 28 0.05879275 
221 50 5 8 0.05879275 
843 445 98 132 0.05874174 
788 254 7 11 0.054176662 
922 242 5 8 0.054176662 
455 215 16 23 0.054176662 
74 429 26 33 0.051466707 
186 55 5 8 0.04990379 
196 340 8 11 0.04990379 
85 469 27 41 0.047198545 
388 423 30 43 0.047198545 
456 216 26 36 0.047198545 
271 202 8 11 0.04595155 
125 296 21 32 0.04326818 
192 6 6 9 0.04229837 
686 228 16 23 0.04229837 
215 60 5 8 0.04229837 
284 26 206 307 0.04133061 
18 600 27 37 0.039651494 
879 242 24 39 0.039651494 
984 381 29 44 0.039651494 
834 370 14 18 0.038923774 
276 70 5 7 0.038923774 
33 88 8 11 0.038923774 
185 189 17 22 0.038923774 
604 310 14 18 0.038923774 
183 61 5 8 0.038923774 
275 104 5 6 0.038923774 
42 498 126 167 0.03781825 
899 220 14 20 0.035808332 
45 150 16 20 0.035808332 
205 56 6 7 0.035808332 
246 45 6 8 0.035808332 
83 242 18 27 0.035808332 
187 154 5 7 0.035808332 
624 217 22 33 0.033269096 
191 56 5 7 0.03293372 
216 78 5 8 0.032933712 
838 377 24 31 0.030461604 
831 367 24 33 0.030461596 
230 51 5 7 0.030282615 
289 238 6 10 0.030282615 
174 26 5 7 0.030282615 
221 71 4 6 0.030282615 
780 237 15 24 0.030282615 
232 22 5 7 0.030282615 
27 593 15 22 0.030282615 
785 246 12 20 0.030282615 
583 -1 215 285 0.028921604 
174 311 222 289 0.028921604 
75 443 26 33 0.027884193 
185 60 6 9 0.027838783 
97 74 6 9 0.027838783 
276 66 5 7 0.027838783 
211 188 7 10 0.027838783 
515 339 14 23 0.027838783 
205 60 6 9 0.027838783 
245 57 5 7 0.027838783 
945 227 7 9 0.027838783 
800 226 8 10 0.027838778 
164 197 8 11 0.027838778 
902 227 15 22 0.027838778 
299 421 14 21 0.027838778 
193 40 6 8 0.027838778 
903 218 8 10 0.027838778 
918 206 4 6 0.02558696 
284 41 6 8 0.02558696 
188 175 16 21 0.02558696 
210 193 16 23 0.02558696 
454 224 9 14 0.02558696 
271 40 6 9 0.02558696 
220 61 5 7 0.02558696 
195 56 4 6 0.02558696 
182 0 7 7 0.02558696 
275 73 5 8 0.02558696 
293 399 14 22 0.02558696 
203 199 17 23 0.02558696 
249 207 8 11 0.02558696 
517 293 22 32 0.025519116 
3 585 46 60 0.025519116 
606 458 232 289 0.024156325 
733 257 203 302 0.024156325 
891 216 4 6 0.02351288 
204 184 13 18 0.02351288 
453 205 16 23 0.02351288 
214 1 7 10 0.02351288 
192 341 14 24 0.02351288 
253 21 11 17 0.02351288 
973 223 5 7 0.02351288 
1009 390 14 30 0.02351288 
614 202 17 24 0.02351288 
203 41 6 7 0.02351288 
275 44 5 8 0.02351288 
238 23 5 8 0.02351288 
277 411 6 10 0.02351288 
448 552 16 22 0.02351288 
282 37 6 8 0.02351288 
247 500 79 100 0.023349825 
197 384 111 172 0.022069868 
706 -4 203 311 0.022069868 
193 195 9 13 0.021603195 
71 192 7 10 0.021603195 
214 295 18 20 0.021603195 
907 225 8 12 0.021603195 
245 284 14 20 0.021603195 
31 265 18 27 0.021603195 
209 268 20 26 0.021603195 
192 36 6 8 0.021603195 
181 32 6 9 0.021603195 
224 47 5 7 0.021603195 
850 380 15 21 0.021603195 
287 236 11 18 0.021603195 
595 322 24 35 0.021360898 
374 421 26 39 0.021360898 
533 54 69 89 0.021360898 
101 563 61 95 0.021360898 
647 482 28 37 0.021360898 
524 469 21 35 0.021360898 
