12_Group_Group_12_Group_Group_12_772
31
687 267 25 31 0.9990138 
239 548 59 79 0.5900683 
711 162 203 281 0.28400344 
91 150 218 289 0.24794048 
240 208 128 186 0.18550259 
165 388 261 269 0.15916686 
679 2 242 277 0.14717786 
263 409 140 147 0.115646794 
9 150 194 277 0.076092646 
617 492 177 142 0.076092646 
940 47 35 32 0.06655858 
657 284 21 32 0.056098126 
780 288 239 235 0.053832818 
228 509 55 79 0.051466707 
655 252 203 281 0.04931264 
558 449 302 215 0.045153897 
174 178 144 188 0.04133061 
220 304 242 265 0.034593593 
430 44 209 302 0.034593593 
57 213 51 78 0.030461596 
242 563 16 18 0.030282615 
369 580 130 119 0.028921604 
236 551 37 47 0.027884193 
227 580 33 47 0.027884193 
233 509 98 126 0.026434705 
926 47 34 37 0.025519116 
665 274 24 32 0.025519116 
220 562 56 73 0.023349825 
712 69 70 58 0.023349825 
269 246 78 121 0.021360898 
238 520 35 46 0.021360893 
