12_Group_Team_Organized_Group_12_Group_Team_Organized_Group_12_244
36
399 49 130 177 0.999798 
619 111 123 199 0.99871767 
154 108 126 140 0.99871767 
661 21 212 315 0.24794048 
345 137 239 260 0.14717786 
287 395 212 306 0.09803478 
275 101 24 39 0.09308393 
121 95 67 86 0.07880669 
669 163 116 174 0.076092646 
111 57 47 82 0.072444364 
491 593 94 71 0.072444364 
133 128 95 94 0.07244435 
599 131 228 268 0.06984133 
469 533 106 153 0.06984133 
127 572 7 8 0.05879275 
441 378 65 86 0.04326818 
118 56 26 51 0.04326818 
733 73 134 190 0.04133061 
95 85 186 252 0.04133061 
611 101 82 143 0.039651502 
300 71 26 37 0.039651494 
598 520 67 78 0.036325645 
323 367 132 167 0.034593605 
506 454 30 45 0.033269096 
465 414 31 47 0.033269096 
-1 370 40 80 0.033269096 
312 370 78 109 0.030461596 
263 217 222 284 0.028921604 
486 421 63 76 0.027884193 
473 296 62 90 0.023349825 
579 520 30 47 0.023349825 
249 87 57 76 0.021360904 
851 103 52 75 0.021360898 
287 102 24 36 0.021360898 
308 103 25 35 0.021360898 
651 202 212 292 0.0201599 
