12_Group_Large_Group_12_Group_Large_Group_12_86
421
620 394 8 11 0.9764871 
578 392 6 9 0.8384248 
822 395 9 12 0.8263381 
573 460 8 11 0.7217721 
918 408 9 13 0.64717066 
871 402 7 9 0.5858033 
879 418 13 19 0.56463194 
652 395 10 14 0.5432222 
702 396 9 11 0.5432222 
701 436 9 12 0.5216516 
673 399 8 11 0.5216516 
964 407 9 11 0.47834834 
958 397 8 10 0.45677772 
747 399 12 16 0.4141967 
48 361 7 11 0.3933377 
403 379 5 7 0.3933377 
598 396 6 9 0.3728605 
680 433 7 9 0.3728605 
776 401 6 8 0.33330244 
212 381 5 6 0.33330244 
14 388 8 11 0.31433132 
731 397 6 8 0.29596066 
901 407 9 11 0.29596066 
688 440 7 9 0.27822798 
930 417 8 10 0.27822798 
275 389 6 8 0.24479094 
767 397 6 8 0.24479094 
869 434 116 131 0.2311026 
691 437 12 15 0.22912635 
856 394 6 7 0.2141799 
464 357 9 15 0.2141799 
983 409 7 8 0.19995552 
717 401 9 10 0.1864517 
996 428 14 23 0.17366186 
780 398 5 7 0.16157512 
737 414 9 12 0.15017675 
277 362 5 6 0.15017675 
165 375 4 6 0.15017675 
394 370 5 7 0.15017675 
877 457 6 9 0.15017675 
938 383 6 8 0.13944872 
467 359 11 16 0.1394487 
722 427 16 21 0.1293704 
912 394 8 10 0.1293704 
563 392 6 8 0.1293704 
604 386 6 8 0.11991897 
698 437 9 12 0.102797605 
658 445 11 17 0.102797605 
545 413 7 9 0.09507551 
987 400 7 9 0.09507551 
262 382 6 7 0.09507551 
544 446 6 8 0.09507551 
268 379 5 7 0.09507551 
249 384 6 7 0.09507551 
950 381 5 6 0.08787667 
400 376 5 7 0.08787667 
264 391 5 6 0.08787667 
260 381 5 7 0.08117401 
843 407 5 7 0.08117401 
799 401 8 10 0.08117401 
696 424 9 12 0.074940585 
460 353 10 17 0.07494057 
371 -29 206 279 0.06984133 
403 393 9 11 0.069149815 
235 381 4 6 0.0691498 
1 378 6 8 0.0691498 
996 405 6 8 0.0691498 
610 396 5 7 0.0691498 
642 395 7 9 0.0691498 
462 399 15 19 0.0691498 
266 389 5 7 0.0691498 
685 392 7 9 0.06377564 
875 400 8 10 0.06377564 
579 509 8 10 0.06377564 
755 420 17 19 0.06377564 
346 394 26 35 0.06111947 
634 395 7 10 0.05879275 
858 395 7 9 0.05879275 
591 393 6 8 0.05879275 
831 418 7 8 0.05879275 
383 380 5 6 0.05879275 
746 407 8 12 0.05879275 
878 383 6 8 0.05879275 
770 399 7 10 0.05879275 
935 418 7 10 0.05879275 
835 383 5 7 0.05879275 
1008 395 7 9 0.05879275 
854 396 6 8 0.05879275 
689 395 7 9 0.054176662 
702 425 8 10 0.054176662 
474 511 8 11 0.054176662 
900 430 12 15 0.054176662 
255 389 5 7 0.054176662 
962 385 5 7 0.054176662 
429 406 6 8 0.054176662 
617 415 6 7 0.054176662 
408 365 6 7 0.054176662 
305 392 6 7 0.054176662 
395 374 5 7 0.054176662 
635 392 7 8 0.054176662 
50 345 61 93 0.051466707 
859 400 7 9 0.04990379 
237 384 5 6 0.04990379 
838 383 5 7 0.04990379 
251 392 6 7 0.04990379 
141 373 12 15 0.04990379 
631 396 7 10 0.04990379 
737 454 12 18 0.04990379 
532 477 14 21 0.04990379 
557 396 5 7 0.04990379 
685 436 7 9 0.04990379 
602 387 6 7 0.04990379 
298 406 6 8 0.04990379 
355 407 14 23 0.04990379 
846 397 5 7 0.04990379 
228 376 5 6 0.04990379 
912 406 10 15 0.04990379 
562 395 6 8 0.04990379 
148 387 5 6 0.04990379 
726 422 8 11 0.049903784 
980 407 6 9 0.049903784 
942 395 6 9 0.049903784 
682 460 7 8 0.049903784 
947 381 5 7 0.049903784 
986 461 20 32 0.047198545 
212 372 4 6 0.04595155 
292 435 7 9 0.04595155 
250 388 6 8 0.04595155 
791 423 5 7 0.04595155 
452 349 11 15 0.045951538 
576 459 8 11 0.045951538 
224 367 6 7 0.045951538 
902 428 7 9 0.045951538 
959 387 5 7 0.045951538 
931 411 8 10 0.045951538 
645 393 7 9 0.045951538 
986 410 7 8 0.045951538 
576 388 6 8 0.04229837 
926 409 10 13 0.04229837 
491 481 13 17 0.04229837 
583 459 5 8 0.04229837 
42 364 8 9 0.04229837 
553 391 7 9 0.04229837 
946 417 7 9 0.04229837 
603 395 5 8 0.04229837 
691 427 13 19 0.04229837 
502 407 11 16 0.04229837 
780 419 5 7 0.04229837 
969 405 8 11 0.04229837 
459 362 8 12 0.04229837 
961 393 7 8 0.04229837 
409 370 5 6 0.04229837 
406 379 5 7 0.04229837 
137 363 5 7 0.04229837 
737 411 6 8 0.038923774 
604 392 6 8 0.038923774 
718 407 9 11 0.038923774 
179 376 4 5 0.038923774 
672 393 7 9 0.038923774 
690 420 12 16 0.038923774 
588 395 6 8 0.038923774 
992 401 6 9 0.038923774 
949 366 6 8 0.038923774 
998 408 7 9 0.038923774 
721 405 7 10 0.038923774 
259 388 5 6 0.038923774 
557 375 5 7 0.038923774 
162 372 5 6 0.038923774 
332 366 11 18 0.038923774 
922 405 8 11 0.038923774 
985 398 5 7 0.038923774 
353 364 6 9 0.038923774 
738 432 9 11 0.035808332 
250 381 5 6 0.035808332 
865 401 6 8 0.035808332 
596 371 5 7 0.035808332 
473 363 9 12 0.035808332 
169 375 5 6 0.035808332 
379 389 5 7 0.035808332 
179 393 5 6 0.035808332 
575 456 6 8 0.035808332 
582 482 6 8 0.035808332 
210 381 4 5 0.035808332 
51 360 10 14 0.035808332 
876 453 11 16 0.035808332 
149 395 4 7 0.035808332 
417 27 114 184 0.034593593 
704 432 9 12 0.03293372 
877 421 10 11 0.03293372 
929 405 6 8 0.03293372 
880 428 10 13 0.03293372 
996 432 9 14 0.03293372 
464 348 6 9 0.03293372 
229 379 5 6 0.032933712 
530 392 7 9 0.032933712 
242 385 5 6 0.032933712 
906 374 6 7 0.032933712 
868 398 7 10 0.032933712 
732 415 10 14 0.032933712 
16 374 5 6 0.032933712 
400 398 12 16 0.032933712 
920 400 8 10 0.032933712 
137 365 6 7 0.032933712 
465 242 218 283 0.03163486 
685 81 253 287 0.03163486 
133 364 23 32 0.030461596 
463 363 22 29 0.030461596 
396 377 6 8 0.030282615 
719 429 8 11 0.030282615 
100 375 12 18 0.030282615 
596 365 5 7 0.030282615 
753 424 9 11 0.030282615 
683 433 7 9 0.030282615 
923 396 7 9 0.030282615 
672 432 6 8 0.030282615 
124 369 6 9 0.030282615 
868 384 7 9 0.030282615 
216 365 4 6 0.030282615 
899 410 8 11 0.030282615 
871 403 10 14 0.030282615 
266 382 6 8 0.030282615 
233 375 4 6 0.030282615 
386 383 5 6 0.030282615 
711 418 7 9 0.030282615 
738 409 11 15 0.030282615 
437 347 11 16 0.030282615 
873 386 5 7 0.030282615 
556 388 6 8 0.030282615 
457 352 8 11 0.030282615 
420 362 6 8 0.030282615 
238 387 5 6 0.030282615 
242 393 4 6 0.030282615 
124 13 4 5 0.030282615 
179 379 4 5 0.030282615 
369 354 5 6 0.030282615 
144 30 4 5 0.030282615 
857 389 6 8 0.030282615 
420 365 7 9 0.030282615 
948 436 6 8 0.030282615 
226 379 5 6 0.030282615 
1000 406 6 8 0.030282615 
772 397 10 14 0.030282615 
894 400 6 7 0.030282615 
211 386 6 8 0.030282615 
832 410 6 8 0.030282615 
411 348 24 30 0.027884193 
750 397 9 11 0.027838783 
514 361 13 16 0.027838783 
400 367 4 6 0.027838783 
3 387 6 9 0.027838783 
209 367 4 5 0.027838783 
411 361 6 7 0.027838783 
581 394 7 9 0.027838783 
216 376 4 6 0.027838783 
604 370 5 8 0.027838783 
588 410 6 8 0.027838783 
750 412 15 19 0.027838783 
591 358 4 5 0.027838783 
212 376 5 7 0.027838783 
940 422 6 8 0.027838783 
797 424 7 9 0.027838783 
276 369 5 7 0.027838783 
106 274 4 5 0.027838778 
466 352 8 12 0.027838778 
382 376 5 7 0.027838778 
570 375 5 6 0.027838778 
915 388 7 9 0.027838778 
970 401 8 10 0.027838778 
966 397 6 8 0.027838778 
846 443 8 11 0.027838778 
374 405 6 9 0.027838778 
580 483 6 8 0.027838778 
581 389 7 9 0.027838778 
231 417 107 129 0.02643471 
35 251 101 161 0.026434705 
718 425 136 154 0.026434705 
753 431 15 19 0.02558696 
655 445 8 12 0.02558696 
755 442 12 17 0.02558696 
409 482 6 7 0.02558696 
699 398 8 10 0.02558696 
763 398 8 10 0.02558696 
914 398 9 11 0.02558696 
327 392 14 19 0.02558696 
542 388 10 16 0.02558696 
251 395 5 7 0.02558696 
285 393 4 6 0.02558696 
106 7 5 6 0.02558696 
660 433 6 8 0.02558696 
697 431 9 13 0.02558696 
400 404 7 10 0.02558696 
335 369 14 21 0.02558696 
70 372 7 10 0.02558696 
247 379 5 6 0.02558696 
214 382 6 7 0.02558696 
281 378 6 7 0.02558696 
724 388 6 8 0.02558696 
233 387 5 7 0.02558696 
213 366 4 5 0.02558696 
61 363 8 10 0.02558696 
234 371 4 5 0.02558696 
943 371 5 6 0.02558696 
875 407 8 11 0.02558696 
124 384 4 6 0.02558696 
682 419 5 7 0.02558696 
613 410 7 9 0.02558696 
393 368 5 6 0.02558696 
571 388 5 8 0.02558696 
322 397 22 30 0.025519116 
321 384 44 58 0.025519116 
994 431 21 33 0.025519116 
430 119 51 79 0.025519116 
968 97 4 5 0.02351288 
147 351 8 9 0.02351288 
446 348 12 16 0.02351288 
303 395 6 8 0.02351288 
974 401 7 9 0.02351288 
865 405 6 8 0.02351288 
223 90 6 8 0.02351288 
844 400 6 8 0.02351288 
94 257 4 5 0.02351288 
255 380 5 6 0.02351288 
574 384 6 8 0.02351288 
919 216 5 6 0.02351288 
280 402 6 8 0.02351288 
278 365 5 7 0.02351288 
247 376 5 6 0.02351288 
409 374 5 7 0.02351288 
255 370 5 7 0.02351288 
407 409 8 11 0.02351288 
102 247 4 6 0.02351288 
241 388 5 6 0.02351288 
72 355 7 9 0.02351288 
514 351 7 9 0.02351288 
210 381 10 12 0.02351288 
221 396 5 6 0.02351288 
882 374 5 6 0.02351288 
637 376 5 7 0.02351288 
88 282 5 7 0.02351288 
276 359 5 7 0.02351288 
1004 408 8 10 0.02351288 
967 334 5 7 0.02351288 
617 344 4 7 0.02351288 
186 371 4 5 0.02351288 
361 370 6 7 0.02351288 
451 353 8 10 0.02351288 
982 408 12 14 0.02351288 
2 420 6 8 0.02351288 
37 362 6 9 0.02351288 
278 389 5 7 0.02351288 
556 428 6 7 0.02351288 
962 410 13 17 0.02351288 
997 417 7 11 0.02351288 
718 421 15 18 0.02351288 
203 367 5 6 0.02351288 
835 397 7 9 0.02351288 
538 481 8 13 0.02351288 
912 388 6 9 0.02351288 
777 437 13 15 0.02351288 
465 386 14 18 0.02351288 
260 392 5 6 0.02351288 
854 387 11 14 0.02351288 
864 397 6 9 0.02351288 
170 365 6 7 0.02351288 
560 446 6 8 0.02351288 
459 364 13 19 0.02351288 
703 389 7 9 0.02351288 
555 383 7 9 0.021603195 
413 378 6 8 0.021603195 
656 419 6 8 0.021603195 
409 404 11 16 0.021603195 
565 389 6 8 0.021603195 
795 424 12 16 0.021603195 
968 379 6 7 0.021603195 
1006 399 7 9 0.021603195 
19 385 7 9 0.021603195 
258 402 6 8 0.021603195 
146 382 7 9 0.021603195 
230 383 5 7 0.021603195 
669 399 8 10 0.021603195 
566 400 6 8 0.021603195 
892 367 5 6 0.021603195 
943 366 5 6 0.021603195 
399 370 4 6 0.021603195 
386 388 5 7 0.021603195 
664 421 8 10 0.021603195 
685 419 12 16 0.021603195 
293 386 5 8 0.021603195 
720 388 5 7 0.021603195 
954 384 5 6 0.021603195 
452 393 5 7 0.021603195 
318 422 11 18 0.021603195 
458 382 7 9 0.021603195 
571 383 6 7 0.021603195 
217 392 5 7 0.021603195 
938 305 5 6 0.021603195 
647 393 10 13 0.021603195 
534 503 7 8 0.021603195 
612 395 6 8 0.021603195 
466 346 8 10 0.021603195 
275 359 10 13 0.021603195 
217 363 4 6 0.021603195 
199 358 5 7 0.021603195 
356 357 8 9 0.021603195 
559 477 6 7 0.021603195 
368 356 5 6 0.021603195 
184 367 4 5 0.021603195 
103 260 4 6 0.021603195 
93 268 5 6 0.021603195 
520 282 5 7 0.021603195 
3 341 5 7 0.021603195 
1000 408 8 11 0.021603195 
513 402 9 12 0.021603195 
765 398 12 15 0.021603195 
984 403 10 13 0.021603195 
338 365 8 11 0.021603195 
912 385 5 7 0.021603195 
823 409 5 8 0.021603195 
706 251 28 33 0.021360898 
278 420 26 34 0.021360898 
821 396 206 214 0.0201599 
