12_Group_Group_12_Group_Group_12_728
46
650 106 83 119 0.9964803 
822 117 86 121 0.99614596 
355 123 94 125 0.995336 
46 182 98 115 0.995336 
238 121 88 109 0.9949414 
514 124 89 115 0.9944617 
432 581 112 150 0.30317584 
779 265 215 337 0.12544508 
638 596 7 12 0.08787667 
421 297 73 104 0.06655858 
741 243 61 77 0.056098126 
585 290 200 283 0.053832818 
744 477 111 187 0.053832818 
283 65 52 66 0.051466707 
52 120 9 11 0.04990379 
372 587 112 168 0.04931264 
82 234 218 342 0.045153886 
1 32 4 6 0.04229837 
474 -4 36 41 0.039651494 
211 687 8 9 0.038923774 
356 513 206 263 0.03781825 
217 465 277 304 0.03781825 
283 56 41 40 0.036325652 
476 197 35 43 0.036325652 
57 121 7 10 0.035808332 
19 117 6 8 0.035808332 
103 392 119 164 0.034593593 
826 139 203 296 0.03163486 
81 114 27 31 0.030461604 
768 59 11 19 0.030282615 
526 612 23 30 0.027884193 
37 1 28 37 0.027884185 
85 91 17 18 0.027838783 
377 26 5 6 0.027838783 
53 119 13 19 0.027838778 
78 101 29 31 0.025519116 
75 91 31 28 0.025519116 
150 72 27 31 0.025519116 
274 82 71 86 0.023349825 
489 601 71 98 0.023349825 
30 135 29 33 0.023349825 
92 95 8 8 0.021603195 
14 -1 17 19 0.021603195 
0 7 46 65 0.021360904 
650 329 116 181 0.020159906 
12 419 232 300 0.0201599 
