12_Group_Group_12_Group_Group_12_80
146
804 118 30 35 0.9998542 
219 129 35 37 0.9997701 
932 134 29 37 0.9997482 
349 129 32 36 0.9996031 
72 144 31 36 0.9996031 
303 304 32 36 0.9996031 
640 118 32 36 0.9996031 
595 117 30 32 0.9995652 
406 103 32 38 0.9994784 
468 123 35 37 0.9994784 
837 170 29 35 0.9994287 
523 101 30 35 0.9994287 
873 283 32 36 0.99937433 
132 115 34 36 0.9992494 
282 116 34 39 0.99891996 
650 218 38 44 0.99870443 
768 282 35 43 0.99870443 
540 224 35 42 0.9979589 
706 124 26 32 0.9977647 
182 292 40 47 0.9944617 
421 225 35 46 0.9933628 
433 400 56 67 0.30585766 
172 64 6 6 0.27822798 
5 92 8 9 0.26116365 
18 117 12 12 0.13944872 
626 512 38 33 0.13928533 
757 480 21 21 0.111069925 
1001 64 6 6 0.10279763 
37 114 7 8 0.08117401 
847 302 27 29 0.07880669 
508 460 23 26 0.07880669 
32 105 8 7 0.07494057 
127 248 13 16 0.0691498 
64 93 7 8 0.0691498 
665 193 23 23 0.06111947 
110 286 209 209 0.05874174 
1001 105 6 7 0.054176662 
1010 82 7 7 0.054176662 
171 52 4 4 0.054176662 
840 355 64 70 0.051466707 
34 107 8 8 0.04990379 
967 68 6 6 0.04990379 
208 80 232 253 0.04931264 
209 80 4 5 0.04595155 
729 310 228 235 0.045153897 
15 59 4 4 0.04229837 
1018 60 5 7 0.04229837 
11 105 7 8 0.04229837 
222 73 5 6 0.04229837 
29 103 7 7 0.04229837 
488 340 225 245 0.04133061 
53 106 5 6 0.038923774 
183 58 4 4 0.038923774 
981 83 6 6 0.038923774 
56 131 5 6 0.038923774 
75 91 5 5 0.035808332 
29 98 7 7 0.035808332 
47 82 5 6 0.035808332 
6 87 6 6 0.035808332 
198 87 5 5 0.035808332 
16 87 5 5 0.03293372 
36 115 12 13 0.03293372 
165 124 14 17 0.03293372 
973 75 6 7 0.03293372 
2 138 6 7 0.032933712 
0 80 4 5 0.032933712 
20 71 4 5 0.032933712 
0 125 8 8 0.032933712 
15 115 8 8 0.032933712 
605 316 218 242 0.03163486 
840 160 18 18 0.030282615 
179 59 4 4 0.030282615 
23 129 8 9 0.030282615 
74 117 7 8 0.030282615 
1010 58 5 6 0.030282615 
47 135 5 5 0.030282615 
0 108 5 6 0.030282615 
18 122 12 13 0.030282615 
627 496 64 60 0.027884193 
863 291 29 32 0.027884193 
184 53 4 4 0.027838783 
441 432 8 10 0.027838783 
38 87 4 4 0.027838783 
113 1 8 7 0.027838783 
30 80 4 4 0.027838783 
212 77 5 5 0.027838783 
14 110 9 8 0.027838783 
52 91 7 7 0.027838783 
190 63 5 6 0.027838778 
792 256 215 225 0.026434705 
248 94 14 16 0.02558696 
196 58 5 5 0.02558696 
1002 42 6 6 0.02558696 
975 65 5 6 0.02558696 
964 69 5 5 0.02558696 
10 108 9 9 0.02558696 
127 68 4 5 0.02558696 
252 88 14 14 0.02558696 
1004 106 6 6 0.02558696 
967 65 6 6 0.02558696 
13 61 4 5 0.02558696 
478 427 53 55 0.025519116 
682 290 62 64 0.025519116 
231 212 78 97 0.025519116 
169 341 124 132 0.024156325 
587 98 6 6 0.02351288 
45 122 7 8 0.02351288 
2 105 6 7 0.02351288 
79 102 5 6 0.02351288 
196 76 4 5 0.02351288 
365 275 8 8 0.02351288 
363 0 5 4 0.02351288 
989 66 6 7 0.02351288 
220 73 10 10 0.02351288 
126 52 6 7 0.02351288 
34 83 4 4 0.02351288 
217 76 5 5 0.02351288 
918 0 5 4 0.02351288 
167 54 4 4 0.02351288 
503 32 4 4 0.02351288 
188 61 4 5 0.02351288 
172 53 5 5 0.02351288 
66 7 12 13 0.02351288 
255 58 4 5 0.02351288 
259 59 4 5 0.02351288 
24 94 5 6 0.02351288 
115 492 27 29 0.023349825 
658 201 29 34 0.023349825 
34 86 4 5 0.021603195 
448 286 14 14 0.021603195 
46 90 5 6 0.021603195 
16 84 5 5 0.021603195 
7 99 7 8 0.021603195 
703 75 6 7 0.021603195 
211 79 5 6 0.021603195 
188 81 4 5 0.021603195 
71 93 6 7 0.021603195 
8 107 7 8 0.021603195 
67 5 6 6 0.021603195 
192 54 4 4 0.021603195 
981 68 6 6 0.021603195 
528 37 4 4 0.021603195 
11 73 5 5 0.021603195 
234 73 5 5 0.021603195 
252 58 4 5 0.021603195 
755 337 25 27 0.021360898 
