58_Hockey_icehockey_puck_58_825
53
574 233 29 37 0.99979013 
211 228 31 42 0.9997242 
716 122 25 36 0.9996692 
792 220 30 37 0.9994784 
342 214 31 41 0.9994784 
598 116 25 32 0.9994784 
685 222 28 37 0.99937433 
821 118 27 37 0.99937433 
253 111 23 31 0.99931467 
546 100 26 34 0.9992494 
213 118 26 34 0.9991779 
298 118 25 33 0.9991779 
770 102 25 33 0.9991779 
107 110 27 38 0.99870443 
500 126 25 32 0.99870443 
348 105 22 31 0.9985812 
391 118 25 31 0.99844605 
477 217 28 38 0.9982981 
641 104 23 31 0.9975521 
840 396 40 46 0.99614596 
97 386 42 46 0.9933628 
452 87 25 29 0.9927347 
137 421 62 74 0.2511021 
884 367 104 155 0.15916684 
857 503 30 29 0.13928533 
892 494 26 30 0.109639935 
378 287 215 257 0.08285364 
434 349 30 41 0.06655858 
708 -11 222 289 0.04931264 
900 401 61 88 0.04326818 
171 237 24 30 0.04326818 
880 418 27 35 0.04326818 
84 2 253 294 0.04133061 
732 451 52 74 0.039651502 
149 312 47 69 0.036325652 
887 405 47 66 0.033269096 
814 197 27 36 0.033269096 
517 232 8 9 0.032933712 
581 -11 228 289 0.03163486 
169 250 31 38 0.027884193 
802 -11 228 285 0.02643471 
-45 501 235 225 0.02643471 
548 165 206 265 0.026434705 
214 329 203 269 0.026434705 
844 485 51 52 0.025519116 
878 494 28 33 0.025519116 
798 203 30 39 0.025519116 
284 289 215 225 0.024156325 
171 232 17 22 0.02351288 
886 474 51 58 0.023349825 
404 348 14 16 0.021603195 
515 436 59 80 0.021360898 
900 439 23 34 0.021360898 
