58_Hockey_icehockey_puck_58_592
69
970 394 24 32 0.97665024 
181 329 15 21 0.9540484 
715 332 12 15 0.9458233 
544 348 25 29 0.9439019 
692 359 13 16 0.5216516 
45 165 94 121 0.4085711 
685 370 17 21 0.31433135 
687 363 16 19 0.31433135 
866 343 12 15 0.26116365 
540 370 265 293 0.17193554 
360 189 61 97 0.13928533 
420 181 57 91 0.10106142 
845 385 222 269 0.08285364 
688 360 9 12 0.08117401 
234 201 106 162 0.076092646 
953 398 14 22 0.069149815 
154 198 50 74 0.06655857 
-60 563 249 235 0.064067975 
437 -31 225 340 0.064067975 
927 44 101 180 0.058741733 
723 360 20 31 0.056098126 
428 178 39 52 0.056098126 
514 55 75 107 0.056098126 
361 184 98 162 0.053832814 
242 226 70 97 0.047198545 
633 315 242 302 0.045153886 
179 371 13 18 0.04229837 
484 207 206 293 0.04133061 
129 205 57 86 0.039651502 
592 355 26 33 0.039651494 
694 364 23 33 0.039651494 
699 359 8 12 0.038923774 
489 94 124 218 0.03781825 
-64 320 285 281 0.03781825 
685 357 9 13 0.035808332 
252 157 209 321 0.034593593 
282 223 65 86 0.033269096 
534 420 5 7 0.032933712 
177 207 55 89 0.030461596 
685 375 10 13 0.030282615 
30 72 73 68 0.027884193 
890 447 25 42 0.027884185 
679 345 13 20 0.027838783 
692 375 15 24 0.027838778 
682 393 6 8 0.027838778 
888 438 124 186 0.02643471 
712 332 8 13 0.02558696 
711 409 6 9 0.02558696 
692 337 6 8 0.02558696 
948 396 25 33 0.025519116 
606 158 235 321 0.02415633 
702 389 8 12 0.02351288 
684 364 10 13 0.02351288 
681 349 6 10 0.02351288 
684 348 8 11 0.02351288 
685 335 5 8 0.02351288 
559 245 51 72 0.023349825 
954 403 9 12 0.021603195 
676 333 8 10 0.021603195 
177 332 9 13 0.021603195 
535 345 20 28 0.021603195 
699 338 5 8 0.021603195 
380 193 38 57 0.021360904 
436 210 50 89 0.021360904 
676 244 34 44 0.021360898 
860 346 22 30 0.021360898 
637 371 53 55 0.021360898 
399 203 71 107 0.021360898 
584 506 232 269 0.020159906 
