58_Hockey_icehockey_puck_58_785
111
376 340 33 47 0.9996031 
482 337 29 42 0.9994784 
657 304 29 41 0.9994287 
286 364 31 41 0.9994287 
447 353 31 44 0.9994287 
422 290 31 44 0.99937433 
729 336 32 41 0.9992494 
132 327 35 47 0.9992494 
792 307 31 41 0.9990996 
245 358 32 43 0.9990996 
525 337 30 39 0.99891996 
328 331 32 44 0.9985812 
280 307 34 47 0.9985812 
687 336 27 35 0.99844605 
627 362 28 38 0.99813616 
917 308 35 50 0.9973194 
606 325 22 32 0.88114965 
689 461 20 29 0.33330244 
285 503 23 35 0.30585766 
56 366 7 10 0.13944872 
104 376 8 11 0.11991897 
602 324 17 26 0.08787667 
734 416 197 321 0.076092646 
833 448 22 26 0.07244435 
662 375 21 34 0.06655858 
226 566 31 40 0.06655858 
884 400 7 10 0.06377564 
284 336 33 49 0.06111947 
306 555 23 34 0.06111947 
800 428 23 32 0.06111947 
712 472 24 31 0.06111947 
695 465 23 30 0.056098126 
947 509 15 20 0.054176662 
750 461 30 35 0.047198545 
705 485 23 30 0.047198545 
570 495 13 18 0.04595155 
834 431 11 17 0.04229837 
188 720 8 10 0.04229837 
619 329 19 24 0.038923774 
237 250 8 11 0.038923774 
526 490 12 18 0.038923774 
554 455 14 18 0.038923774 
132 726 22 29 0.036325652 
524 555 57 86 0.036325652 
728 320 29 40 0.036325652 
834 396 28 37 0.036325645 
742 443 47 59 0.033269096 
971 473 8 11 0.03293372 
867 333 13 18 0.032933712 
835 430 8 11 0.032933712 
50 477 5 7 0.032933712 
597 454 232 316 0.03163486 
-11 369 203 298 0.03163486 
796 664 31 44 0.030461604 
1011 462 5 8 0.030282615 
1009 486 11 17 0.030282615 
302 599 23 30 0.027884193 
834 437 14 23 0.027838783 
662 370 15 23 0.027838783 
270 550 19 27 0.027838778 
612 336 22 29 0.027838778 
512 278 4 6 0.027838778 
568 526 11 17 0.02558696 
856 473 5 8 0.02558696 
964 354 17 23 0.02558696 
1012 446 6 10 0.02558696 
852 437 7 11 0.02558696 
242 510 7 11 0.02558696 
277 498 45 59 0.025519116 
219 -5 232 257 0.024156325 
570 -52 273 361 0.024156325 
543 478 11 17 0.02351288 
835 452 9 12 0.02351288 
543 509 13 19 0.02351288 
60 367 6 9 0.02351288 
229 505 13 20 0.02351288 
567 516 7 10 0.02351288 
687 38 5 7 0.02351288 
507 263 4 6 0.02351288 
341 567 7 10 0.02351288 
49 560 6 8 0.02351288 
771 45 64 88 0.023349825 
125 518 23 37 0.023349825 
258 200 52 74 0.023349825 
210 557 45 65 0.023349825 
149 145 23 36 0.023349825 
772 460 26 32 0.023349825 
465 345 29 44 0.023349825 
412 -14 228 307 0.022069868 
832 373 14 19 0.021603195 
68 375 7 10 0.021603195 
137 733 10 13 0.021603195 
96 632 5 8 0.021603195 
203 391 5 7 0.021603195 
55 404 6 8 0.021603195 
123 540 17 24 0.021603195 
883 438 5 8 0.021603195 
880 450 5 7 0.021603195 
969 544 14 22 0.021603195 
621 313 9 12 0.021603195 
613 304 7 9 0.021603195 
478 305 5 7 0.021603195 
522 9 5 7 0.021603195 
575 474 8 11 0.021603195 
757 471 17 20 0.021603195 
981 511 14 21 0.021603195 
569 511 7 10 0.021603195 
568 520 7 11 0.021603195 
267 576 22 37 0.021360898 
304 566 27 44 0.021360898 
799 5 203 285 0.0201599 
