58_Hockey_icehockey_puck_58_553
54
913 232 23 23 0.9695384 
478 213 23 23 0.8989386 
142 184 16 17 0.77087367 
827 168 17 14 0.5858033 
567 172 14 16 0.47834834 
374 291 222 184 0.115646794 
729 43 73 35 0.09308395 
809 48 228 207 0.08285364 
856 186 8 8 0.08117401 
924 141 6 5 0.08117401 
70 189 28 35 0.07880669 
77 191 40 42 0.07244435 
520 310 18 16 0.06377564 
150 181 16 14 0.05879275 
913 142 5 4 0.04595155 
766 43 6 5 0.045951538 
850 188 13 12 0.045951538 
725 156 5 5 0.045951538 
849 156 5 5 0.04229837 
902 233 16 18 0.04229837 
720 36 200 204 0.04133061 
940 156 4 4 0.038923774 
922 142 5 5 0.038923774 
475 264 242 217 0.03781825 
544 185 48 47 0.036325645 
96 202 19 22 0.035808332 
122 450 24 21 0.030461604 
818 457 68 51 0.030461596 
855 210 8 10 0.030282615 
165 445 14 13 0.030282615 
909 153 4 4 0.030282615 
562 36 293 210 0.028921604 
905 216 24 24 0.027884193 
941 158 5 5 0.027838783 
569 171 7 7 0.027838783 
827 173 8 7 0.027838778 
574 277 12 14 0.02558696 
958 163 5 5 0.02558696 
586 187 8 7 0.02558696 
915 140 6 5 0.02558696 
146 190 25 26 0.025519116 
496 254 63 69 0.025519116 
19 236 14 16 0.02351288 
847 192 14 13 0.02351288 
928 145 5 5 0.02351288 
956 164 5 5 0.02351288 
566 175 24 22 0.023349825 
824 253 25 25 0.023349825 
602 262 12 11 0.021603195 
903 237 7 9 0.021603195 
708 127 4 4 0.021603195 
927 140 7 6 0.021603195 
848 194 9 7 0.021603195 
153 183 25 24 0.021360898 
