58_Hockey_icehockey_puck_58_184
38
43 119 281 467 0.96836513 
228 39 222 397 0.9171464 
467 641 203 380 0.6352516 
562 388 52 100 0.5227497 
596 -28 235 454 0.3864298 
523 159 76 176 0.268611 
688 -88 239 447 0.14717786 
79 474 222 358 0.14717786 
341 511 249 409 0.14717786 
443 441 232 386 0.115646794 
153 514 246 358 0.1065206 
766 -25 257 467 0.090156734 
184 743 107 259 0.076092646 
528 103 119 266 0.076092646 
482 800 99 162 0.06111947 
124 234 146 342 0.05874174 
511 9 212 391 0.053832818 
159 651 209 397 0.04931264 
15 128 170 380 0.045153897 
555 363 89 171 0.03781825 
271 -90 253 440 0.03781825 
712 57 76 151 0.033269096 
797 751 26 38 0.027884193 
159 580 109 173 0.027884193 
512 160 52 143 0.027884193 
713 534 74 97 0.025519116 
88 643 39 56 0.025519116 
352 605 155 251 0.024156325 
577 445 269 348 0.024156325 
175 379 70 141 0.023349825 
337 629 68 89 0.023349825 
379 358 134 195 0.022069868 
803 322 249 415 0.022069868 
516 295 21 47 0.021360898 
105 513 103 187 0.0201599 
250 480 232 338 0.0201599 
80 103 151 279 0.0201599 
706 26 136 244 0.0201599 
