58_Hockey_icehockey_puck_58_653
44
688 147 60 73 0.99982506 
468 102 57 71 0.99982506 
900 31 60 70 0.9997701 
252 185 57 73 0.9995652 
62 154 59 77 0.9995652 
623 369 26 27 0.7815748 
73 95 222 233 0.18550259 
168 501 17 16 0.17366187 
150 498 16 15 0.16157512 
142 110 19 20 0.111069925 
770 338 69 84 0.10106142 
101 269 232 270 0.076092646 
763 332 103 143 0.05874174 
416 371 228 248 0.045153886 
679 197 215 237 0.045153886 
197 505 9 10 0.04229837 
159 161 94 127 0.04133062 
159 362 239 263 0.04133061 
758 380 209 270 0.04133061 
548 194 48 57 0.039651502 
907 192 28 35 0.039651502 
513 39 121 154 0.03781825 
832 392 117 156 0.03781825 
-9 336 235 270 0.034593593 
113 281 31 33 0.033269096 
286 140 124 161 0.03163486 
210 93 209 244 0.03163486 
699 50 33 31 0.030461596 
157 497 28 30 0.030461596 
663 344 13 16 0.030282615 
661 343 23 29 0.027884193 
144 488 51 58 0.027884185 
619 351 41 54 0.027884185 
660 354 28 38 0.027884185 
9 404 53 71 0.025519116 
651 350 48 61 0.025519116 
792 386 103 161 0.024156325 
412 454 46 64 0.023349825 
767 371 53 72 0.023349825 
686 421 200 244 0.022069868 
756 225 55 53 0.021360898 
780 226 32 32 0.021360898 
778 215 30 29 0.021360898 
842 167 30 38 0.021360898 
