58_Hockey_icehockey_puck_58_692
96
446 70 59 72 0.99891996 
568 92 57 70 0.91432387 
476 402 253 276 0.69682413 
254 48 46 68 0.5454055 
419 431 194 256 0.47689918 
604 41 46 53 0.36670664 
109 466 203 238 0.24794048 
471 122 222 297 0.2311026 
559 46 14 16 0.17366187 
413 183 52 55 0.13928533 
101 158 60 75 0.12872264 
583 35 28 37 0.12872264 
543 153 23 26 0.12872262 
597 37 30 40 0.109639935 
588 54 55 71 0.109639935 
684 156 52 70 0.109639935 
561 40 23 28 0.09308393 
380 144 188 227 0.09015675 
317 110 28 35 0.08567618 
567 106 32 46 0.08567616 
151 40 29 33 0.072444364 
559 117 59 69 0.07244435 
375 426 123 190 0.064067975 
82 61 14 20 0.06377564 
558 34 16 21 0.06377564 
216 157 44 61 0.06111947 
257 181 62 66 0.06111947 
385 85 26 34 0.056098126 
607 40 16 22 0.054176662 
486 131 132 174 0.053832818 
700 134 218 256 0.04931264 
428 200 49 55 0.047198545 
665 450 79 94 0.047198545 
377 64 47 58 0.047198545 
528 146 17 22 0.04595155 
576 43 18 22 0.04595155 
567 179 6 7 0.045951538 
170 159 20 30 0.04326818 
424 58 51 65 0.04326818 
573 36 45 58 0.04326818 
585 113 62 65 0.04326818 
557 123 28 37 0.039651502 
155 368 37 43 0.039651502 
670 173 61 87 0.039651502 
23 72 209 301 0.03781825 
322 111 17 19 0.035808332 
149 39 15 19 0.035808332 
387 89 12 16 0.035808332 
640 85 51 63 0.033269096 
420 464 71 111 0.033269096 
311 112 45 58 0.033269096 
399 51 40 59 0.033269096 
248 201 67 80 0.033269096 
125 255 28 38 0.033269096 
560 21 51 55 0.033269096 
133 352 60 69 0.033269096 
781 52 103 140 0.03163486 
205 137 100 138 0.03163486 
166 91 24 31 0.030461604 
704 250 69 100 0.030461596 
277 208 57 80 0.030461596 
330 111 9 9 0.030282615 
598 33 17 22 0.030282615 
68 334 253 297 0.028921604 
311 278 97 117 0.028921604 
217 152 28 43 0.027884193 
157 51 17 19 0.027838783 
389 100 19 26 0.027838778 
598 36 8 11 0.02558696 
571 98 19 19 0.02558696 
619 132 22 24 0.02558696 
269 59 51 66 0.025519116 
415 65 28 39 0.025519116 
140 47 30 35 0.025519116 
668 131 51 55 0.025519116 
355 130 46 58 0.025519116 
309 57 57 69 0.025519116 
249 -10 175 211 0.024156325 
579 432 138 179 0.024156325 
322 365 209 292 0.024156325 
129 32 17 21 0.02351288 
560 37 10 11 0.02351288 
153 46 16 18 0.02351288 
555 113 16 17 0.02351288 
315 88 51 61 0.023349825 
614 121 31 43 0.023349825 
645 122 52 61 0.023349825 
706 168 33 45 0.023349825 
654 147 59 68 0.023349825 
518 216 35 41 0.023349825 
539 165 121 205 0.022069868 
564 44 8 9 0.021603195 
550 137 27 35 0.021360898 
501 333 29 43 0.021360898 
165 369 69 82 0.021360898 
848 56 104 140 0.0201599 
