58_Hockey_icehockey_puck_58_290
119
604 43 16 25 0.9928939 
421 64 26 35 0.99047405 
364 -1 21 28 0.9881053 
661 37 21 30 0.98177195 
61 20 24 37 0.98046196 
744 32 20 31 0.97839683 
809 19 21 29 0.97216123 
560 44 23 32 0.9667309 
301 81 22 33 0.96367437 
864 0 22 30 0.96107626 
915 0 21 25 0.9577016 
491 468 25 44 0.95280147 
491 63 22 31 0.9439019 
180 12 19 27 0.9121234 
124 21 20 29 0.8972024 
359 71 23 33 0.86055124 
101 111 20 30 0.8263381 
329 343 26 37 0.7815748 
-5 217 232 324 0.69682413 
32 36 17 28 0.64717066 
676 467 58 84 0.5454055 
725 259 242 314 0.5 
73 86 24 32 0.47725022 
742 3 14 22 0.35282937 
341 22 50 80 0.21842523 
45 180 17 24 0.1864517 
346 423 111 202 0.14717786 
6 126 17 29 0.11991897 
687 347 22 32 0.118850335 
733 257 22 30 0.10106142 
737 270 27 33 0.10106142 
-19 287 153 217 0.09803478 
500 472 28 42 0.09308395 
773 26 21 28 0.09308393 
290 191 242 338 0.090156734 
906 229 14 22 0.08787667 
-28 402 257 370 0.08285364 
268 67 22 32 0.07880669 
738 337 25 38 0.07880669 
716 315 30 34 0.07880669 
334 32 32 51 0.07880669 
714 19 15 22 0.074940585 
142 88 8 12 0.0691498 
152 23 15 22 0.06377564 
911 230 16 24 0.06377564 
49 138 18 23 0.06377564 
853 198 19 25 0.05879275 
137 85 13 19 0.054176662 
608 667 37 41 0.051466707 
709 333 27 38 0.051466707 
726 332 28 33 0.051466707 
194 48 12 19 0.04990379 
108 32 14 22 0.04990379 
208 80 13 19 0.04990379 
527 463 17 29 0.04595155 
-1 124 13 26 0.045951538 
237 49 24 34 0.04326818 
252 11 15 21 0.04229837 
699 337 23 36 0.039651494 
933 62 26 38 0.039651494 
249 405 14 19 0.038923774 
239 101 6 10 0.038923774 
244 8 18 25 0.038923774 
72 353 212 348 0.03781825 
772 386 23 34 0.036325645 
943 5 23 31 0.036325645 
254 60 7 10 0.035808332 
268 53 16 22 0.035808332 
230 14 42 62 0.033269096 
517 466 24 41 0.033269096 
710 354 31 42 0.033269096 
715 278 46 63 0.033269096 
829 323 70 87 0.033269096 
157 78 21 31 0.033269096 
731 252 14 28 0.03293372 
248 57 14 21 0.032933712 
525 524 200 279 0.03163486 
696 463 38 45 0.030461604 
830 32 22 29 0.030461604 
838 253 62 77 0.030461596 
330 357 28 47 0.030461596 
25 32 16 27 0.030282615 
305 336 222 310 0.028921604 
585 651 62 63 0.027884193 
876 32 24 33 0.027884193 
741 251 25 33 0.027884193 
47 27 23 34 0.027884193 
706 350 51 72 0.027884185 
82 95 25 33 0.027884185 
134 25 14 23 0.02558696 
861 180 7 9 0.02558696 
859 1 16 22 0.02558696 
922 227 9 12 0.02558696 
161 73 15 21 0.02558696 
691 349 10 14 0.02558696 
722 330 46 57 0.025519116 
741 276 46 66 0.025519116 
948 10 64 87 0.025519116 
701 14 27 30 0.025519116 
242 59 25 36 0.025519116 
679 419 87 120 0.024156325 
808 320 121 179 0.024156325 
901 223 15 24 0.02351288 
70 96 19 26 0.02351288 
740 2 11 15 0.02351288 
698 53 23 30 0.023349825 
721 372 32 43 0.023349825 
710 300 29 39 0.023349825 
525 495 65 71 0.023349825 
187 47 21 32 0.023349825 
166 114 13 19 0.021603195 
432 57 19 28 0.021603195 
258 36 8 12 0.021603195 
12 11 14 24 0.021603195 
265 71 15 23 0.021603195 
351 61 40 54 0.021360904 
578 617 68 73 0.021360898 
654 472 89 139 0.0201599 
334 199 140 208 0.0201599 
