58_Hockey_icehockey_puck_58_455
44
439 100 114 197 0.9985935 
796 -31 249 492 0.9872077 
5 54 232 406 0.9301587 
-8 266 277 514 0.9301587 
911 493 116 335 0.59142894 
866 10 134 355 0.45389685 
112 288 228 437 0.4310897 
401 311 203 430 0.2311026 
521 490 197 383 0.2311026 
932 521 71 190 0.13928533 
355 830 191 361 0.1254451 
50 420 180 306 0.1254451 
131 23 218 418 0.1065206 
119 778 116 238 0.08285364 
-36 718 253 450 0.06984132 
379 449 30 65 0.06655857 
740 -23 178 400 0.064067975 
631 280 191 377 0.053832814 
654 413 188 400 0.04931264 
144 833 79 135 0.047198545 
876 732 35 79 0.047198545 
874 632 124 242 0.03781825 
492 783 257 470 0.03781825 
802 675 55 118 0.036325652 
592 146 5 11 0.035808332 
51 124 60 118 0.033269096 
790 213 281 514 0.03163486 
248 499 80 178 0.030461604 
748 287 82 138 0.030461596 
136 126 74 142 0.030461596 
258 106 73 150 0.030461596 
280 327 200 443 0.026434705 
579 166 6 12 0.02558696 
756 50 80 187 0.025519116 
412 40 170 361 0.02415633 
785 584 200 335 0.024156325 
588 161 6 12 0.02351288 
571 131 29 62 0.023349825 
822 756 37 72 0.023349825 
485 125 7 14 0.021603195 
595 152 7 14 0.021603195 
586 397 59 124 0.021360904 
557 95 47 106 0.021360904 
823 684 69 138 0.021360898 
