58_Hockey_icehockey_puck_58_835
116
440 411 35 52 0.9994784 
312 412 34 46 0.9992494 
852 406 36 52 0.9991779 
248 246 29 41 0.9991779 
164 399 34 49 0.9990138 
445 239 29 39 0.99891996 
356 239 31 43 0.99891996 
771 258 27 39 0.9988171 
54 306 34 53 0.99870443 
704 405 33 43 0.9985812 
877 304 29 43 0.99813616 
562 404 32 47 0.9979589 
149 244 30 40 0.9977647 
678 250 28 40 0.9977647 
291 176 26 37 0.993937 
218 183 26 37 0.9933628 
451 180 25 33 0.99047405 
553 186 25 34 0.98046196 
602 247 27 36 0.98046196 
359 178 26 35 0.97448087 
627 199 23 33 0.9667309 
764 214 22 33 0.9667309 
517 245 26 35 0.9275556 
930 613 67 100 0.849435 
693 202 24 32 0.755209 
175 514 79 113 0.6941424 
662 178 14 22 0.27822798 
59 352 65 125 0.23436876 
33 380 49 94 0.21842523 
551 261 11 18 0.19995552 
389 440 222 363 0.19988178 
411 553 138 210 0.18550259 
473 499 232 337 0.15916684 
275 497 194 278 0.1254451 
700 332 7 12 0.11991897 
700 187 25 31 0.118850335 
115 548 107 190 0.115646794 
903 629 12 22 0.09507551 
622 327 5 8 0.069149815 
392 374 23 34 0.06655857 
654 227 17 24 0.06377564 
351 179 20 28 0.05879275 
637 429 24 37 0.056098126 
213 259 23 35 0.056098126 
893 580 86 159 0.053832814 
480 240 21 32 0.051466707 
527 225 9 12 0.04990379 
791 223 8 12 0.04990379 
352 502 11 17 0.049903784 
521 208 12 20 0.049903784 
804 484 215 283 0.04931264 
891 392 34 52 0.047198545 
378 445 8 14 0.04595155 
349 174 14 23 0.045951538 
261 553 13 20 0.045951538 
615 422 25 39 0.04326818 
44 646 61 82 0.04326818 
326 520 60 83 0.04326818 
498 289 17 25 0.04229837 
596 20 235 342 0.04133061 
50 493 178 300 0.04133061 
261 549 119 187 0.04133061 
645 646 32 65 0.039651494 
352 464 23 33 0.039651494 
573 266 11 18 0.038923774 
276 202 12 19 0.038923774 
635 533 31 46 0.036325652 
838 351 6 9 0.035808332 
786 221 14 21 0.035808332 
804 351 7 11 0.035808332 
659 222 23 33 0.033269096 
350 539 34 46 0.033269096 
929 568 28 43 0.033269096 
518 199 13 24 0.03293372 
349 173 8 13 0.03293372 
882 567 29 42 0.030461596 
687 182 42 56 0.030461596 
572 270 7 11 0.030282615 
408 450 8 12 0.030282615 
376 333 7 11 0.030282615 
69 467 9 14 0.030282615 
523 219 13 21 0.030282615 
742 475 167 283 0.028921604 
704 165 26 35 0.027884193 
296 370 23 34 0.027884193 
656 365 25 41 0.027884185 
531 326 7 11 0.027838783 
655 227 9 14 0.027838783 
511 317 7 10 0.027838783 
623 328 8 12 0.02558696 
369 158 7 11 0.02558696 
570 274 8 13 0.02558696 
891 624 22 32 0.025519116 
363 542 126 198 0.024156325 
140 270 175 270 0.024156325 
344 181 15 25 0.02351288 
152 186 6 9 0.02351288 
617 332 6 9 0.02351288 
546 252 14 24 0.02351288 
758 329 53 74 0.023349825 
448 298 61 99 0.023349825 
735 381 25 37 0.023349825 
317 550 35 47 0.023349825 
876 526 59 76 0.023349825 
798 254 222 327 0.022069868 
419 330 235 353 0.022069868 
679 485 119 207 0.022069868 
955 219 5 8 0.021603195 
521 198 9 14 0.021603195 
716 111 18 25 0.021603195 
689 481 62 95 0.021360904 
627 526 51 78 0.021360904 
920 560 28 41 0.021360898 
781 537 25 38 0.021360898 
188 518 116 192 0.020159906 
42 457 104 171 0.0201599 
