58_Hockey_icehockey_puck_58_404
50
509 63 54 69 0.99870443 
483 216 51 70 0.9933628 
251 451 61 78 0.38809907 
409 382 33 49 0.30585766 
761 487 82 95 0.16258557 
433 223 197 257 0.15916684 
7 -22 215 265 0.08285364 
592 446 261 170 0.08285364 
338 112 34 30 0.07244435 
613 221 206 242 0.053832814 
467 242 52 61 0.047198545 
410 346 51 65 0.047198545 
447 183 73 106 0.045153897 
816 -43 242 302 0.045153886 
496 27 218 232 0.045153886 
459 292 112 151 0.04133061 
909 75 38 32 0.039651494 
412 178 69 85 0.036325652 
162 563 71 75 0.036325652 
312 105 65 58 0.036325652 
668 265 112 165 0.034593605 
261 439 35 44 0.033269096 
449 348 49 66 0.033269096 
463 365 203 232 0.03163486 
238 463 103 126 0.03163486 
373 137 31 40 0.030461604 
154 279 212 265 0.028921604 
319 121 65 78 0.027884193 
87 316 32 31 0.027884193 
68 32 68 89 0.027884185 
533 233 19 23 0.02558696 
441 247 50 72 0.025519116 
348 446 62 90 0.025519116 
354 126 53 68 0.025519116 
696 483 80 85 0.025519116 
353 461 31 47 0.025519116 
679 311 197 257 0.02415633 
659 96 117 158 0.024156325 
376 332 86 117 0.024156325 
518 35 83 126 0.024156325 
189 21 228 277 0.024156325 
828 135 109 136 0.024156325 
70 433 16 20 0.02351288 
545 134 30 36 0.023349825 
429 331 107 132 0.022069868 
404 551 6 6 0.021603195 
249 561 73 70 0.021360898 
274 356 71 92 0.021360898 
612 67 225 285 0.0201599 
-1 225 265 321 0.0201599 
