57_Angler_peoplefishing_57_401
27
619 213 22 26 0.9696166 
103 279 28 34 0.15856107 
254 399 9 10 0.11219813 
459 368 17 24 0.088622965 
785 301 42 56 0.08375994 
491 361 390 435 0.0675585 
437 367 49 48 0.058244374 
643 218 14 19 0.045406144 
425 381 31 30 0.040949766 
244 411 10 13 0.035264418 
442 377 17 20 0.031236535 
254 393 10 12 0.030476892 
635 215 15 21 0.02939212 
784 330 49 60 0.028996617 
453 374 16 21 0.027866194 
618 288 483 503 0.027015064 
75 365 29 33 0.025539959 
417 359 50 48 0.025029702 
110 334 29 36 0.024313487 
457 372 28 33 0.02420537 
450 376 55 50 0.023678448 
878 222 10 12 0.022896688 
681 220 11 13 0.022852339 
869 211 10 12 0.022359679 
641 231 16 19 0.021862386 
103 285 14 19 0.02182766 
177 366 30 34 0.020662645 
