7_Cheering_Cheering_7_313
65
162 123 47 61 0.9939997 
346 160 37 53 0.993936 
25 111 34 50 0.9934248 
651 153 35 47 0.99329245 
232 147 38 48 0.9920758 
950 187 41 61 0.97650415 
746 139 39 55 0.9532967 
967 150 39 55 0.84083617 
846 2 27 23 0.21107183 
880 109 18 23 0.19401994 
865 0 26 23 0.14732847 
599 257 64 88 0.14094342 
618 148 25 40 0.1292935 
467 239 41 68 0.12099221 
103 111 23 33 0.107722685 
218 156 30 39 0.09182235 
975 140 26 38 0.08291991 
909 187 31 47 0.06697602 
334 0 23 16 0.064928666 
-2 316 38 81 0.059445415 
42 0 17 14 0.054890577 
108 155 30 40 0.051444087 
312 299 66 74 0.051005315 
198 0 10 8 0.048311245 
880 3 15 18 0.047626305 
943 156 52 66 0.045183457 
621 246 51 67 0.044445384 
873 17 16 20 0.043538403 
590 217 14 18 0.0423796 
204 157 30 38 0.040717676 
377 165 28 39 0.04063655 
565 269 63 94 0.039855566 
586 212 26 31 0.038193945 
913 148 41 56 0.038152467 
789 130 27 39 0.036020886 
115 72 28 32 0.03448616 
870 122 13 19 0.033215355 
741 447 42 60 0.032379124 
876 117 17 22 0.03166713 
844 0 20 16 0.030919256 
889 183 39 57 0.029855438 
213 162 17 25 0.028368415 
79 1 36 28 0.02830737 
338 6 63 65 0.028249614 
986 139 17 25 0.027510732 
866 166 27 40 0.026819104 
829 524 27 27 0.026675927 
-1 91 24 43 0.026458716 
144 112 49 62 0.025754169 
707 145 31 46 0.025721671 
802 127 15 21 0.025116602 
616 165 23 35 0.02495531 
899 582 29 36 0.024949787 
721 164 27 42 0.024069175 
380 309 11 14 0.022099975 
803 475 254 232 0.021751484 
4 11 31 38 0.021444298 
882 176 25 38 0.02135143 
20 27 14 18 0.021289665 
9 46 25 33 0.020879384 
705 293 35 33 0.020488357 
125 223 35 36 0.020459646 
182 135 40 55 0.020341253 
918 206 32 43 0.02028826 
-3 321 67 121 0.020255499 
