7_Cheering_Cheering_7_404
39
473 211 31 34 0.9990208 
304 352 37 43 0.9977512 
584 339 40 49 0.9837769 
131 469 22 27 0.91146916 
719 461 23 27 0.87591773 
784 108 145 170 0.55708176 
481 607 79 66 0.26846623 
393 619 38 34 0.18480234 
507 612 44 39 0.09972403 
405 616 66 53 0.088138886 
598 634 42 64 0.08445217 
753 648 9 13 0.07833065 
39 154 99 122 0.065610096 
127 478 22 30 0.04079646 
432 614 78 66 0.03952672 
344 561 49 61 0.03912286 
427 511 15 22 0.037135914 
469 581 65 67 0.035518743 
294 683 22 29 0.034364432 
385 626 31 33 0.03330041 
709 452 39 51 0.03311198 
424 565 109 102 0.03246845 
656 299 44 64 0.030687898 
285 701 12 17 0.02995939 
614 623 39 67 0.029672872 
530 620 36 34 0.029588317 
622 607 15 24 0.028741442 
421 492 28 46 0.027938286 
467 554 17 22 0.02417013 
267 315 43 57 0.023674514 
36 459 13 18 0.022890097 
288 655 31 38 0.02183381 
740 712 45 55 0.021527674 
439 552 32 38 0.021525385 
515 601 93 102 0.02135079 
163 405 27 33 0.02089916 
288 328 47 58 0.020881457 
299 674 24 29 0.020862887 
311 715 14 17 0.020132145 
