7_Cheering_Cheering_7_171
1023
339 317 16 22 0.9892351 
292 268 18 23 0.98897153 
222 61 14 18 0.98261833 
349 270 15 21 0.9819025 
580 249 14 18 0.97887266 
419 147 13 18 0.97874486 
389 253 14 18 0.978733 
435 282 17 21 0.9781358 
628 227 14 17 0.9778535 
426 311 16 21 0.9764563 
555 294 17 20 0.97565186 
550 264 13 17 0.9754657 
510 260 15 19 0.97465885 
57 83 15 21 0.9732233 
117 5 14 18 0.97076553 
773 163 13 17 0.96877444 
935 217 13 16 0.96717227 
924 235 14 17 0.9661438 
423 65 13 17 0.9627989 
619 296 14 17 0.959401 
462 129 14 19 0.95681953 
690 249 14 18 0.95528907 
461 228 16 20 0.95521367 
622 67 12 16 0.95478314 
812 163 12 16 0.94838697 
57 59 17 21 0.9477048 
270 68 13 16 0.94494 
602 262 16 20 0.9445131 
330 4 11 15 0.9410441 
664 140 13 16 0.94058603 
535 186 14 18 0.9392564 
515 106 13 16 0.9372606 
95 159 19 22 0.9366507 
974 299 13 16 0.9365002 
346 97 13 17 0.936267 
611 237 13 18 0.9312513 
274 89 14 17 0.9297233 
613 186 14 17 0.92912287 
723 308 13 18 0.9286218 
714 233 13 17 0.92856914 
331 56 14 17 0.9282518 
907 252 12 15 0.92715436 
553 219 15 19 0.92493814 
509 130 12 16 0.9213809 
485 101 13 15 0.92124355 
472 180 15 19 0.92031354 
320 242 14 19 0.9197541 
597 138 12 16 0.9197176 
472 25 12 15 0.91394114 
497 160 16 19 0.9130094 
601 219 13 17 0.9113945 
524 65 13 17 0.9106672 
52 19 14 17 0.91059333 
546 101 13 16 0.90794134 
795 195 15 20 0.9031041 
735 85 11 14 0.90089566 
349 237 15 21 0.8954294 
958 280 14 16 0.8925063 
18 77 18 22 0.89103794 
442 145 13 16 0.8901673 
305 218 15 20 0.885266 
461 102 10 13 0.88470685 
147 114 18 22 0.8816925 
942 275 11 15 0.879243 
752 258 14 17 0.8790154 
201 35 13 16 0.8785156 
635 204 13 17 0.87825674 
962 260 12 14 0.87681174 
491 68 13 15 0.8759473 
288 41 14 17 0.87008214 
584 161 14 16 0.8666168 
657 212 12 16 0.8647828 
666 189 13 16 0.863923 
791 167 14 18 0.8629565 
491 126 12 16 0.86288315 
400 109 13 17 0.8614361 
522 208 15 17 0.858593 
753 210 13 18 0.8572001 
478 81 13 16 0.85056585 
87 88 17 23 0.8499669 
295 17 13 15 0.8404349 
129 142 16 20 0.8362868 
291 74 13 17 0.83600986 
991 308 13 18 0.8330757 
873 195 11 14 0.83197117 
741 119 11 14 0.8301399 
651 246 13 17 0.82994956 
3 9 14 18 0.8221329 
384 122 16 20 0.82009095 
262 183 15 20 0.8195731 
32 160 15 20 0.81906056 
881 293 14 17 0.81715554 
188 0 11 14 0.812516 
156 204 16 23 0.81062675 
160 30 13 17 0.80926025 
619 155 12 16 0.8071913 
153 92 16 20 0.80219334 
384 405 21 28 0.7986814 
132 171 18 21 0.7943044 
450 211 14 17 0.7940201 
997 245 10 12 0.7843442 
751 174 12 15 0.7815458 
325 78 12 16 0.7802832 
495 213 15 18 0.7791891 
553 244 15 19 0.7762348 
541 167 12 15 0.77377874 
499 237 15 18 0.77325547 
475 206 12 17 0.76592803 
221 10 12 16 0.76513255 
250 24 12 17 0.7638893 
365 11 11 14 0.7636259 
784 143 11 14 0.7623075 
699 233 13 17 0.7622573 
361 30 12 15 0.76126176 
512 33 11 15 0.7603446 
384 315 21 28 0.7580905 
304 1 11 13 0.75623626 
492 31 11 14 0.742594 
876 170 13 16 0.7423693 
691 93 11 14 0.7379573 
954 242 12 16 0.736921 
534 245 14 18 0.73291683 
25 389 17 20 0.72993606 
356 52 15 19 0.7255314 
862 227 11 14 0.72445065 
103 116 15 19 0.7223282 
442 76 14 17 0.7190592 
901 325 13 17 0.7175097 
782 124 13 17 0.7086143 
854 292 11 14 0.7082052 
1011 269 10 15 0.707428 
724 192 14 16 0.7052964 
651 164 13 15 0.7043079 
853 210 13 18 0.69609183 
154 146 15 18 0.69543606 
884 226 13 17 0.6951963 
424 112 14 17 0.6801902 
242 59 14 17 0.68013036 
568 134 13 17 0.67896086 
726 156 14 15 0.6754833 
139 -1 11 12 0.67020696 
312 88 13 17 0.66301525 
589 69 10 13 0.65698475 
239 79 13 16 0.6536124 
383 30 13 16 0.6395351 
892 368 15 17 0.6387942 
639 300 14 17 0.63409203 
105 67 13 17 0.6317378 
596 46 9 11 0.63059497 
783 309 12 15 0.62462354 
400 155 13 17 0.6200551 
662 89 11 14 0.6187848 
593 182 12 17 0.6106531 
237 43 13 15 0.6086379 
528 45 12 14 0.6068761 
954 328 13 16 0.603327 
578 113 13 15 0.6026366 
477 47 12 14 0.5869031 
680 80 11 15 0.58260274 
929 261 13 17 0.5767146 
699 277 14 18 0.5749194 
697 122 13 17 0.5748627 
549 127 14 17 0.56884843 
65 138 17 22 0.5668161 
572 46 11 12 0.56439525 
386 60 12 16 0.56421125 
421 16 9 12 0.550751 
635 110 11 13 0.55046 
634 182 12 15 0.5478573 
154 8 13 17 0.52960813 
761 116 12 16 0.5288294 
74 422 18 23 0.52605206 
760 108 12 15 0.5130327 
801 148 10 14 0.51241493 
176 11 12 16 0.49845815 
720 107 13 15 0.49652845 
753 317 12 18 0.4878442 
470 66 11 13 0.48269582 
344 216 16 18 0.48174754 
586 296 16 19 0.4745412 
669 60 9 11 0.47340277 
332 28 12 14 0.4731417 
877 219 12 17 0.4676597 
448 29 10 13 0.43934613 
708 257 14 16 0.43817797 
884 250 13 15 0.4376459 
270 307 17 22 0.4322158 
935 329 12 17 0.4243978 
618 88 13 16 0.41850454 
124 415 15 20 0.41480306 
390 19 11 14 0.4129721 
415 186 15 17 0.4086447 
558 59 12 14 0.40122864 
438 180 13 18 0.38910332 
574 110 13 15 0.38819385 
647 52 10 12 0.38649777 
422 41 12 14 0.3809737 
850 173 12 15 0.38087985 
648 77 13 15 0.3786353 
746 238 12 14 0.3770809 
685 177 12 15 0.36512187 
807 134 11 13 0.3634155 
563 190 17 20 0.35746628 
635 326 17 23 0.35452387 
716 135 12 15 0.34729666 
743 137 11 14 0.3432926 
83 423 21 24 0.3431592 
908 230 11 15 0.34219992 
644 92 12 15 0.34038368 
977 267 11 15 0.33954737 
990 287 13 15 0.33896884 
115 402 15 18 0.33869618 
985 372 14 17 0.33398533 
997 267 10 14 0.3283159 
169 420 16 21 0.32745734 
417 19 10 13 0.32477164 
597 117 13 15 0.3130167 
756 163 10 14 0.30433878 
506 187 14 17 0.30315048 
601 85 11 14 0.30033475 
722 214 12 15 0.29875177 
695 129 12 16 0.2965954 
836 197 11 14 0.29635388 
773 286 12 15 0.28365993 
126 174 26 32 0.28244168 
405 205 12 16 0.27214286 
66 28 15 20 0.27025703 
728 284 13 17 0.26629424 
419 98 16 18 0.26135188 
99 92 16 20 0.25876936 
383 327 16 22 0.2577598 
451 50 11 14 0.2526063 
219 35 12 16 0.2519066 
732 162 12 14 0.24684308 
718 114 13 15 0.24598376 
814 185 11 14 0.24537027 
238 51 15 19 0.24487288 
900 214 11 14 0.23679352 
788 425 13 17 0.23679177 
861 196 9 13 0.23637055 
951 366 12 13 0.23502651 
427 98 15 19 0.23342873 
784 189 12 16 0.22987364 
665 57 9 12 0.21972628 
696 195 12 15 0.21850458 
337 129 14 17 0.21771218 
662 297 13 22 0.209899 
694 180 12 14 0.20726746 
624 45 9 12 0.20519826 
674 28 8 10 0.20113595 
558 115 11 14 0.20046736 
175 42 13 14 0.19984771 
565 59 11 13 0.19053814 
444 23 11 13 0.1897896 
530 94 12 15 0.18950403 
124 220 16 23 0.18680342 
749 280 14 17 0.18639381 
571 103 11 13 0.18172695 
141 389 10 13 0.18093939 
730 195 11 15 0.1752712 
698 189 12 16 0.17183848 
752 167 13 15 0.16964857 
141 398 10 15 0.16915515 
975 245 11 14 0.16790624 
281 376 16 23 0.1667418 
850 166 13 15 0.16419011 
605 1 12 15 0.16234346 
418 285 12 16 0.1596384 
387 310 15 18 0.15747964 
852 376 11 13 0.15303262 
932 405 13 16 0.15284681 
795 369 15 23 0.15174414 
867 425 14 17 0.15136486 
389 90 12 16 0.15034924 
716 121 13 16 0.14995174 
437 172 14 17 0.14781962 
984 253 9 11 0.14574566 
651 83 13 16 0.14523672 
631 52 10 11 0.14348924 
653 238 14 17 0.14181419 
574 60 10 12 0.14049481 
564 219 14 17 0.1358346 
473 51 11 14 0.13348512 
853 189 12 15 0.13027287 
820 406 17 23 0.12967175 
366 227 16 19 0.12925681 
0 83 9 16 0.12557851 
678 64 9 10 0.12529835 
347 229 15 18 0.123219 
664 117 11 14 0.12180009 
107 155 14 20 0.12043905 
748 134 11 14 0.12014771 
860 240 13 18 0.11906053 
980 262 11 14 0.11898071 
968 225 8 11 0.11651141 
800 420 9 14 0.11452946 
77 29 14 19 0.11422338 
572 51 11 14 0.11417231 
532 116 12 15 0.11193819 
685 70 9 11 0.111572124 
635 131 12 15 0.11033035 
653 72 10 13 0.10928119 
412 203 14 18 0.1080713 
698 23 8 10 0.10784307 
537 179 14 19 0.10636636 
716 64 11 12 0.10626845 
460 94 12 15 0.10360344 
809 347 25 31 0.10359133 
1014 334 11 16 0.10326985 
1000 357 13 15 0.10116682 
440 54 11 14 0.10075859 
852 324 12 15 0.09967773 
442 186 14 18 0.09919876 
338 286 15 18 0.09918177 
850 435 13 17 0.098286755 
776 260 13 16 0.09766698 
223 0 11 12 0.09759208 
417 193 16 18 0.09728545 
126 59 12 15 0.097013965 
814 140 10 14 0.09663698 
383 23 11 14 0.09635026 
639 100 11 14 0.09628505 
248 -1 9 9 0.095767744 
836 364 15 20 0.09539043 
25 324 23 33 0.0943461 
567 53 12 15 0.09304778 
679 178 12 15 0.09248042 
852 155 14 16 0.09236046 
495 52 12 15 0.09219173 
445 59 12 14 0.09168403 
783 217 12 15 0.089884244 
677 25 8 10 0.08891123 
117 409 15 20 0.08674057 
704 53 9 11 0.08647288 
890 227 13 18 0.08646062 
328 25 12 13 0.086406924 
473 83 10 14 0.086370006 
462 85 12 14 0.08636512 
569 107 12 16 0.08629129 
602 139 12 16 0.08603669 
354 132 14 17 0.086035565 
996 291 9 12 0.08599625 
990 255 8 10 0.08434697 
453 35 11 13 0.08348659 
1011 315 11 16 0.083054125 
567 156 11 14 0.08258513 
684 54 9 10 0.08171909 
992 262 9 13 0.08127242 
902 232 14 18 0.08111033 
592 117 10 13 0.079797775 
635 311 14 20 0.078338385 
998 250 10 12 0.07784905 
484 76 11 15 0.076023534 
581 212 11 15 0.075926766 
848 430 12 15 0.0758159 
808 159 12 15 0.075170055 
831 235 13 17 0.07505244 
359 66 13 17 0.07494979 
265 36 11 15 0.074749656 
805 138 11 15 0.07467826 
456 94 10 12 0.07464034 
361 74 11 14 0.07439388 
667 136 11 14 0.0740331 
762 101 11 14 0.073264815 
614 109 11 15 0.07305047 
818 354 15 18 0.07291259 
545 130 11 15 0.07211993 
959 265 14 17 0.07131589 
319 36 13 16 0.07115806 
666 302 15 20 0.07101581 
531 213 12 15 0.07101332 
676 117 11 13 0.07078787 
948 276 12 16 0.06970328 
429 43 10 12 0.06932335 
254 0 9 9 0.06900737 
773 279 12 15 0.06861188 
146 190 26 33 0.06860517 
1004 145 17 25 0.06765101 
379 201 14 16 0.06756273 
389 303 14 17 0.06755052 
302 -4 18 21 0.067234546 
534 100 11 14 0.06631182 
981 247 10 12 0.06617079 
990 276 13 16 0.06586197 
315 96 13 17 0.06518747 
417 39 10 13 0.06477199 
821 143 9 12 0.06413142 
486 118 15 18 0.063918345 
848 372 11 15 0.06367745 
974 212 10 12 0.06365916 
528 256 13 19 0.063445516 
92 402 12 16 0.062933266 
815 148 12 15 0.0629198 
679 69 10 13 0.06267608 
633 376 17 20 0.06257906 
984 224 9 13 0.062189307 
402 117 14 18 0.06104629 
475 59 12 15 0.060926076 
613 135 10 13 0.06059741 
994 239 10 13 0.06056175 
329 81 13 18 0.06039268 
685 62 9 11 0.06017369 
186 393 25 29 0.05979328 
180 15 13 17 0.05918476 
293 354 11 13 0.059006613 
-1 58 9 14 0.058778413 
695 64 10 12 0.05819199 
845 330 12 15 0.057851776 
531 39 11 14 0.057224862 
564 202 14 17 0.05720503 
562 397 12 14 0.057063267 
806 463 17 19 0.057005506 
783 236 11 13 0.056638453 
680 47 9 12 0.056196216 
364 17 13 16 0.056185678 
727 241 12 16 0.056113053 
859 287 11 14 0.05603599 
671 45 9 12 0.05566801 
629 48 10 12 0.055536218 
716 257 11 16 0.05547235 
929 331 11 15 0.05505277 
463 121 13 15 0.054972555 
400 209 14 18 0.054819975 
724 236 12 16 0.054806188 
873 216 12 15 0.054668315 
376 96 11 17 0.05455971 
135 -7 19 22 0.054339815 
27 60 12 16 0.054326124 
502 126 11 14 0.054233838 
593 50 11 14 0.05412867 
348 84 13 15 0.05390241 
416 94 13 17 0.053713754 
505 234 14 20 0.05366182 
799 134 11 14 0.05352775 
583 63 8 11 0.0528863 
380 91 14 18 0.052690666 
428 139 13 18 0.052545562 
926 255 11 14 0.052469324 
192 72 13 17 0.05174928 
654 89 12 16 0.051588997 
568 126 12 17 0.051567473 
205 60 11 13 0.0515404 
20 69 17 21 0.051487073 
571 213 14 17 0.051249158 
944 205 10 12 0.0512267 
531 68 11 14 0.051041983 
645 109 12 14 0.050489545 
427 119 14 16 0.050484695 
312 62 11 14 0.05042327 
669 117 12 14 0.050332386 
120 139 21 28 0.049962536 
732 201 11 15 0.049946956 
362 7 11 13 0.04961735 
772 332 12 14 0.049210504 
786 130 12 15 0.04884374 
710 100 12 15 0.04878831 
1013 324 11 16 0.048687868 
640 4 10 13 0.04868481 
102 82 15 20 0.04861796 
752 78 9 12 0.048456952 
693 285 19 27 0.048263848 
397 29 9 12 0.048139513 
439 16 9 12 0.048011713 
465 62 10 13 0.047896918 
431 14 9 12 0.0478338 
390 109 13 16 0.04777348 
789 245 14 17 0.047687795 
597 40 11 13 0.047549002 
604 123 10 12 0.04754239 
76 414 15 20 0.047260232 
500 226 15 19 0.04723451 
787 210 14 18 0.047168147 
332 45 14 18 0.04711934 
466 102 11 14 0.04705835 
159 398 11 14 0.047021594 
647 160 12 16 0.0469721 
918 362 12 14 0.046875708 
469 119 11 14 0.046856776 
372 321 17 22 0.046834107 
340 355 11 16 0.04641136 
798 354 25 34 0.046365723 
796 248 13 16 0.046213742 
658 241 14 19 0.04615186 
527 98 11 15 0.045990825 
627 299 13 17 0.045846734 
700 253 13 16 0.04573592 
325 33 13 17 0.04565274 
606 133 11 16 0.045511812 
701 60 10 12 0.04540668 
820 225 13 15 0.0452194 
6 72 21 28 0.0449329 
713 69 11 14 0.044854585 
724 199 15 18 0.04462636 
718 96 11 14 0.04448118 
820 369 14 19 0.044443723 
446 17 9 12 0.044314645 
636 333 25 32 0.044267543 
461 38 10 13 0.04423035 
435 100 11 15 0.044095322 
911 359 11 14 0.044079956 
518 63 14 16 0.04396791 
744 173 11 16 0.04393351 
779 253 13 16 0.043929145 
894 219 13 16 0.043757986 
741 113 10 12 0.04358547 
252 16 12 16 0.043556478 
654 133 10 13 0.043403566 
978 294 13 15 0.043333698 
696 112 12 15 0.04329881 
392 117 19 23 0.04328832 
956 368 15 17 0.043155517 
871 176 15 18 0.043154903 
958 229 10 11 0.04284745 
700 202 11 15 0.04279943 
773 327 10 12 0.042770155 
592 135 13 15 0.042569134 
291 24 15 19 0.04245236 
755 371 14 17 0.042399455 
214 30 13 17 0.04231123 
927 317 12 14 0.04229157 
344 12 11 14 0.0421729 
613 2 12 15 0.042115986 
787 303 11 14 0.04210338 
831 361 14 20 0.042032246 
512 114 11 15 0.041972708 
498 149 15 17 0.041801192 
735 134 12 14 0.041565884 
1011 428 12 23 0.041420147 
548 84 13 16 0.041388273 
117 393 21 28 0.041328005 
805 436 11 14 0.041154977 
416 59 10 15 0.04085091 
150 102 21 26 0.040731855 
132 328 12 14 0.040531572 
626 155 13 15 0.040525794 
668 292 14 21 0.040393356 
808 70 10 12 0.040386833 
952 230 10 12 0.04032589 
190 113 14 19 0.0403205 
774 378 15 17 0.04026739 
512 63 11 14 0.039973006 
477 288 12 15 0.039724566 
756 237 13 15 0.03969451 
318 69 14 17 0.03958548 
74 143 14 20 0.039582588 
486 13 12 13 0.039449316 
605 80 11 14 0.03944606 
860 340 12 15 0.039395865 
704 148 11 15 0.03927645 
255 243 10 12 0.0392318 
536 217 12 16 0.038881183 
416 8 9 12 0.03865954 
845 356 12 15 0.038557705 
671 39 9 11 0.03850971 
188 414 16 20 0.038496595 
655 48 8 10 0.038390618 
508 228 13 17 0.03838793 
263 2 12 14 0.03836931 
830 166 10 13 0.03826483 
815 225 12 15 0.03825812 
10 141 21 27 0.038148604 
734 170 13 17 0.038133893 
579 364 14 19 0.038041454 
911 337 12 16 0.037941795 
63 420 23 31 0.037913363 
503 140 10 14 0.03760237 
675 298 15 21 0.037389304 
699 140 11 14 0.037328526 
631 139 13 15 0.0372972 
753 159 11 13 0.0371226 
292 62 14 16 0.037122514 
998 228 12 14 0.037069816 
224 52 18 23 0.03706146 
420 136 13 16 0.036991112 
111 436 10 14 0.036984127 
157 2 11 12 0.036974702 
831 199 14 19 0.036871586 
974 222 9 12 0.036848105 
73 425 27 34 0.036832787 
791 70 9 11 0.036735248 
960 223 10 12 0.036307 
942 196 11 14 0.036259726 
136 401 12 17 0.036244113 
403 149 14 18 0.036231793 
688 32 8 9 0.03616332 
684 47 10 11 0.036117747 
541 213 12 16 0.036047406 
534 139 12 16 0.035906695 
349 123 13 17 0.03583994 
600 3 12 15 0.03579367 
782 137 17 23 0.035691105 
337 217 13 18 0.035687204 
687 202 12 16 0.035670567 
653 278 12 16 0.035512846 
556 65 13 15 0.0354939 
492 106 12 15 0.03538577 
335 134 14 19 0.035334732 
751 311 12 17 0.035205703 
415 26 10 13 0.03512569 
808 181 13 17 0.035120744 
600 79 10 13 0.035014648 
731 150 12 15 0.03496098 
876 200 12 16 0.034921523 
907 332 13 16 0.034896925 
589 146 15 18 0.034765158 
157 21 14 18 0.034760606 
995 273 12 14 0.034692205 
617 45 9 12 0.034676906 
630 150 13 15 0.03466486 
700 267 16 20 0.034642383 
917 334 12 15 0.034637652 
356 123 12 16 0.03460182 
782 432 13 17 0.034587473 
695 45 9 11 0.03455547 
454 85 10 14 0.03447892 
90 409 16 20 0.034391835 
969 206 8 12 0.0341446 
759 96 11 13 0.034107286 
395 16 11 13 0.034099825 
853 383 14 17 0.03391013 
372 6 11 13 0.03389667 
640 52 10 12 0.033847354 
726 139 11 14 0.033823263 
901 398 11 14 0.033737503 
567 39 11 14 0.03371523 
725 257 13 17 0.033661906 
729 349 10 13 0.033656977 
84 412 15 20 0.033567443 
590 111 10 14 0.033481546 
734 256 12 18 0.033440392 
604 90 10 13 0.033438146 
430 178 14 19 0.033437714 
528 243 14 19 0.03330502 
781 319 13 16 0.03307459 
551 117 13 15 0.03302091 
445 101 10 13 0.03296878 
777 119 10 13 0.03279052 
762 236 12 16 0.032731313 
253 254 11 14 0.03271724 
188 55 14 18 0.03270634 
387 172 14 17 0.03266078 
624 52 9 11 0.032644745 
116 186 25 30 0.03247615 
365 121 13 17 0.032463223 
872 387 10 14 0.032443024 
580 133 11 14 0.03241944 
342 261 13 17 0.0323926 
858 149 13 15 0.03236053 
630 176 14 17 0.03234917 
543 77 10 14 0.03233642 
207 99 13 18 0.032300446 
370 222 15 18 0.032227725 
386 420 17 21 0.03206703 
619 3 12 14 0.03206579 
730 277 14 17 0.03204536 
716 84 11 13 0.032032315 
775 107 10 14 0.03199711 
527 30 10 13 0.031946126 
659 205 13 18 0.031859297 
85 130 13 17 0.03183385 
353 99 12 17 0.031692058 
814 370 14 20 0.031685177 
798 69 10 12 0.031444266 
1008 310 12 16 0.03143495 
814 359 15 21 0.031431712 
279 19 12 14 0.031409707 
320 30 11 14 0.031394187 
832 243 14 19 0.03136142 
297 0 10 11 0.031324532 
321 483 10 14 0.031313136 
734 70 9 12 0.031307027 
187 18 13 16 0.03130024 
748 289 14 16 0.03119292 
677 282 14 18 0.031150695 
870 298 12 15 0.031027758 
688 22 8 10 0.03091181 
653 295 17 25 0.030881405 
574 157 11 14 0.030767886 
229 386 13 19 0.030713385 
462 15 10 12 0.03069967 
981 275 13 16 0.03063517 
452 60 11 13 0.030590618 
866 224 13 18 0.03057471 
198 57 12 15 0.03055928 
500 203 15 20 0.03055828 
644 6 10 12 0.030528413 
715 73 13 16 0.030497428 
591 15 9 12 0.030378815 
594 297 14 19 0.030347265 
582 303 17 20 0.03034592 
643 342 26 33 0.030276671 
778 315 10 13 0.03020462 
514 254 13 19 0.030021923 
405 195 15 20 0.03000178 
701 27 9 11 0.029940601 
956 358 16 18 0.029897977 
273 63 15 18 0.02981334 
376 22 11 13 0.029771825 
641 203 14 18 0.029657211 
308 299 14 19 0.029648444 
399 35 9 13 0.029550431 
862 299 12 15 0.029518096 
390 194 12 17 0.029470144 
446 90 11 14 0.02944511 
992 126 32 52 0.029430758 
45 524 25 34 0.02939899 
334 309 16 21 0.029395718 
507 221 12 15 0.029378418 
671 66 12 14 0.029354734 
533 22 11 13 0.029336499 
704 99 11 14 0.029300092 
397 193 13 18 0.029275037 
900 334 16 19 0.02915718 
585 65 18 22 0.029064557 
664 14 9 11 0.029056542 
988 222 12 15 0.028979583 
407 185 14 19 0.02892821 
480 106 13 15 0.028922785 
676 123 11 14 0.028863734 
916 251 11 15 0.028835688 
664 21 10 12 0.028828181 
300 62 12 16 0.028803894 
832 100 9 11 0.028767154 
704 76 11 13 0.028752245 
87 398 12 15 0.028737953 
628 73 11 16 0.028545916 
216 54 11 15 0.028537462 
647 131 10 14 0.02849696 
583 206 11 16 0.028492954 
1014 280 10 14 0.028462643 
288 20 11 14 0.028456012 
480 125 11 14 0.028416464 
387 72 12 15 0.028352749 
5 146 12 17 0.028210677 
436 93 11 15 0.028172532 
509 22 11 13 0.028153928 
382 6 10 12 0.02812266 
565 181 15 18 0.028096084 
22 149 20 26 0.028043281 
255 3 11 13 0.028033754 
696 16 8 11 0.028013797 
515 186 12 16 0.02800362 
685 282 13 18 0.027982557 
377 451 14 21 0.027969327 
452 197 14 19 0.02794008 
23 56 20 26 0.027893709 
18 138 15 19 0.027849399 
586 243 15 20 0.02780217 
99 233 13 17 0.027794577 
586 170 14 16 0.027781589 
144 10 12 15 0.027755525 
597 20 11 15 0.027707247 
483 44 11 15 0.02768617 
618 191 14 18 0.027672254 
803 403 22 32 0.027512573 
293 94 13 19 0.027484503 
683 296 15 23 0.02741483 
525 197 13 17 0.027342094 
334 117 15 17 0.027057864 
344 239 14 21 0.026929291 
654 53 9 12 0.026807122 
494 24 11 14 0.026745101 
421 9 10 11 0.026724556 
833 227 15 21 0.026707409 
180 99 14 18 0.026662888 
983 285 12 15 0.026642341 
65 64 15 20 0.026562028 
778 291 13 14 0.026498407 
483 51 12 15 0.026496885 
551 7 10 11 0.026493544 
326 44 13 15 0.026439631 
768 327 10 12 0.02638677 
783 244 13 17 0.026349528 
728 306 14 19 0.02632291 
131 188 17 22 0.026313918 
568 15 9 11 0.026284864 
91 96 21 25 0.026282413 
893 250 10 13 0.02622265 
81 18 16 18 0.026174096 
476 36 13 15 0.026118187 
797 60 10 13 0.026078796 
548 75 13 16 0.026059255 
849 424 21 25 0.026027555 
413 114 13 17 0.025995646 
494 220 15 21 0.025903272 
22 381 17 20 0.025893006 
747 392 16 19 0.025861753 
270 95 14 18 0.025858572 
568 114 11 15 0.02585165 
469 106 11 15 0.025822898 
871 358 11 13 0.025680074 
742 232 13 16 0.02566698 
677 109 11 14 0.025660463 
246 3 11 14 0.025645735 
633 198 13 17 0.025639422 
862 306 11 14 0.025627237 
669 156 11 15 0.025611421 
366 131 11 16 0.025583725 
441 71 12 14 0.025556898 
622 40 10 13 0.02551927 
504 1 9 10 0.025467027 
759 47 9 12 0.025439989 
647 146 12 15 0.025426928 
932 255 11 15 0.025399659 
361 354 15 20 0.025355881 
159 426 15 17 0.025350695 
875 381 13 17 0.025341323 
636 174 13 16 0.02533682 
20 91 16 21 0.025272854 
812 438 12 15 0.025266102 
958 253 13 16 0.025254596 
542 43 11 14 0.025240572 
200 401 17 22 0.025194213 
907 319 11 14 0.025182575 
861 388 10 13 0.02513351 
340 5 12 15 0.025113733 
545 170 12 16 0.025109801 
503 23 10 12 0.025080226 
712 118 10 14 0.025078755 
572 94 11 13 0.025067462 
800 404 10 15 0.025055626 
111 409 14 19 0.025046682 
859 164 13 16 0.025046494 
269 44 11 14 0.025006725 
180 402 23 28 0.024958748 
672 8 8 10 0.024937226 
372 410 26 31 0.02485713 
802 427 12 17 0.024816675 
756 332 12 13 0.024809226 
710 181 11 15 0.024724672 
536 0 9 10 0.024719644 
756 310 12 17 0.024604516 
437 45 10 12 0.024583278 
597 11 12 15 0.024510305 
534 29 9 12 0.02449338 
765 309 13 16 0.024483172 
162 196 15 21 0.024471965 
894 166 10 13 0.024448266 
615 53 9 11 0.024444219 
765 380 12 15 0.024442645 
227 5 11 15 0.024433274 
880 365 10 13 0.024420947 
855 144 11 13 0.024419995 
819 164 11 15 0.024399344 
590 191 13 18 0.024385387 
576 0 10 12 0.024362814 
700 174 11 14 0.024342276 
787 188 17 22 0.02432134 
273 52 11 14 0.024316702 
711 107 12 15 0.024305005 
744 352 10 13 0.02430357 
599 365 23 29 0.02430303 
554 101 11 13 0.024295982 
62 426 14 19 0.02429192 
621 116 10 12 0.024248479 
0 101 9 15 0.024219383 
982 213 9 11 0.024140682 
858 202 13 18 0.02410347 
769 63 108 124 0.024067083 
492 13 11 13 0.024018854 
696 27 10 12 0.023986844 
844 337 13 16 0.023983905 
328 189 11 16 0.023967857 
212 97 15 20 0.023955638 
499 60 10 14 0.023869261 
318 210 12 16 0.023859527 
667 85 12 16 0.023857186 
1013 255 11 14 0.023855977 
702 48 10 12 0.02383604 
541 0 10 9 0.023826618 
107 110 14 19 0.023723535 
485 179 12 16 0.023700338 
372 208 16 18 0.023684762 
789 258 12 15 0.023678279 
731 237 12 15 0.023661917 
816 37 8 11 0.023657043 
789 176 13 18 0.02363997 
872 375 9 12 0.023545975 
479 90 12 16 0.023542434 
494 43 12 15 0.02352833 
446 225 14 20 0.023520028 
800 372 18 22 0.023503765 
541 158 13 17 0.023499005 
422 30 10 13 0.023493774 
32 392 15 19 0.023464609 
733 371 15 19 0.02344886 
791 76 11 12 0.023393711 
606 108 12 15 0.023360796 
262 29 10 15 0.023331732 
458 205 13 16 0.023221018 
195 3 12 14 0.023174208 
797 42 13 16 0.023155428 
640 314 15 20 0.023139529 
590 91 11 13 0.023057127 
662 39 10 11 0.022984704 
846 183 18 24 0.022983184 
388 98 14 18 0.022977218 
127 418 21 27 0.022903712 
417 294 21 26 0.022884555 
217 0 10 10 0.02287793 
268 104 14 18 0.022877825 
163 114 14 18 0.022826146 
621 183 12 17 0.02281677 
878 373 10 14 0.022816397 
589 203 12 17 0.022801325 
346 207 17 18 0.022795772 
772 35 23 26 0.022794869 
809 169 13 15 0.022780811 
348 78 12 14 0.022770243 
20 369 28 33 0.022748552 
860 375 10 13 0.022728536 
900 208 11 14 0.022722477 
269 364 11 15 0.022715917 
946 364 10 13 0.022633523 
405 139 13 16 0.02256219 
573 14 9 11 0.022543838 
216 42 12 16 0.022465365 
830 132 11 14 0.022387119 
948 299 13 16 0.022344518 
85 12 13 15 0.022310678 
1005 255 10 12 0.022303876 
370 156 12 15 0.022295136 
541 226 13 17 0.022263981 
515 125 13 16 0.02224437 
217 312 27 38 0.022216192 
700 95 11 13 0.0222147 
286 79 14 19 0.02219053 
919 181 11 14 0.022007521 
608 101 11 14 0.022004614 
520 44 11 14 0.021913217 
582 102 12 14 0.021904048 
500 29 11 14 0.021873549 
501 107 12 15 0.021853458 
134 428 25 29 0.021852618 
603 9 13 16 0.02176017 
687 38 9 11 0.0217284 
455 15 8 11 0.02170743 
180 417 14 19 0.02170252 
740 80 11 13 0.021696506 
478 5 10 11 0.021685973 
663 183 13 17 0.02167269 
136 139 17 22 0.021543324 
576 67 10 11 0.021517055 
503 183 14 16 0.02147283 
896 207 10 14 0.021462284 
994 302 12 17 0.021451863 
765 132 10 14 0.021359367 
751 83 11 14 0.021347359 
705 281 13 17 0.021334343 
410 21 9 12 0.021327365 
791 282 11 14 0.02131931 
609 261 14 17 0.021311624 
531 262 13 17 0.021294877 
996 140 17 19 0.021294843 
528 87 11 13 0.021205168 
860 431 16 20 0.02119408 
324 104 12 15 0.021174083 
846 388 14 16 0.021165233 
470 5 11 12 0.02115193 
551 12 11 12 0.021144437 
308 22 11 13 0.021124952 
997 23 8 10 0.021117916 
787 234 15 18 0.021103945 
916 385 14 18 0.021078143 
783 203 14 18 0.021067634 
932 240 10 14 0.021067122 
20 398 17 20 0.02101429 
842 325 11 15 0.020980483 
684 165 14 17 0.020959431 
464 21 11 12 0.020941475 
702 70 10 12 0.02093255 
509 202 12 16 0.02092549 
823 134 11 13 0.020913878 
160 94 16 21 0.020864198 
213 332 28 42 0.02085133 
453 23 10 13 0.020773554 
35 41 15 19 0.020771554 
859 411 24 31 0.020770064 
631 335 15 21 0.020758083 
533 146 14 17 0.020739969 
792 62 11 13 0.020732824 
607 298 13 18 0.020712074 
243 33 14 17 0.020699905 
161 200 22 30 0.020697588 
100 402 13 17 0.02068356 
845 309 11 14 0.020673325 
151 381 10 12 0.020658247 
1 148 20 28 0.02065698 
239 0 11 11 0.020633366 
565 321 12 15 0.020559167 
174 48 13 18 0.020551601 
752 68 11 13 0.020549837 
792 83 11 14 0.02052623 
487 210 14 19 0.020510107 
733 30 8 10 0.020506606 
777 219 11 15 0.020506596 
674 361 26 32 0.020479059 
113 159 15 20 0.02047759 
518 215 15 18 0.020471795 
430 85 13 15 0.020439269 
486 6 10 11 0.020432247 
367 2 10 11 0.020423029 
832 190 11 15 0.02036738 
626 382 20 23 0.020341843 
395 90 12 16 0.020338152 
475 68 12 15 0.020316862 
156 382 11 13 0.020281838 
544 252 16 23 0.020279687 
636 155 12 15 0.020261372 
83 136 14 20 0.020220583 
118 422 14 19 0.020217469 
173 27 14 17 0.020195162 
721 14 7 10 0.020177294 
893 317 23 27 0.020175083 
113 114 15 19 0.020174291 
314 242 13 19 0.020146115 
611 219 13 16 0.020144988 
261 219 15 18 0.02014401 
216 434 12 14 0.020112466 
997 29 8 10 0.020071227 
431 171 13 17 0.020056035 
1013 302 10 14 0.020042762 
669 173 13 16 0.020033563 
