7_Cheering_Cheering_7_195
92
457 470 52 59 0.997717 
188 593 61 59 0.9229594 
230 924 75 57 0.8329636 
337 526 37 50 0.5172186 
288 514 56 67 0.5154224 
676 615 54 59 0.42699003 
429 971 65 71 0.410411 
626 807 35 37 0.38493088 
238 894 73 57 0.37306032 
589 876 43 56 0.26429564 
601 484 57 73 0.18159635 
555 473 31 41 0.16722447 
413 509 42 52 0.15121572 
683 789 28 30 0.09766823 
270 366 26 33 0.08642816 
823 489 27 30 0.08594708 
639 805 23 25 0.08215225 
571 879 42 52 0.07594272 
353 781 29 36 0.072641626 
733 740 48 51 0.07047565 
514 503 48 61 0.068075895 
156 593 28 39 0.0619029 
789 106 29 38 0.061122097 
591 1040 46 58 0.0593764 
744 806 24 32 0.05933719 
387 523 44 56 0.05848965 
257 493 92 107 0.057572242 
176 764 55 62 0.056402188 
270 540 29 38 0.05616685 
269 867 61 59 0.05531197 
126 477 28 34 0.05495606 
597 864 28 43 0.05445811 
288 848 52 63 0.054236572 
614 464 53 62 0.050191578 
229 911 97 124 0.04881689 
846 911 25 31 0.040350668 
806 864 26 30 0.03937152 
598 894 54 60 0.03422413 
264 912 59 69 0.034099545 
714 750 47 52 0.03379002 
435 970 41 43 0.03369888 
951 157 27 33 0.033047922 
965 203 29 37 0.032713156 
536 48 30 39 0.031468324 
173 582 53 59 0.031441983 
596 712 23 36 0.031387676 
140 279 26 30 0.03134643 
298 872 53 57 0.031082574 
608 800 44 53 0.030866608 
595 852 56 69 0.030827679 
97 394 27 32 0.03038073 
191 903 61 54 0.03026374 
602 708 13 17 0.029739501 
618 502 56 66 0.029473908 
241 917 49 44 0.02854152 
563 892 33 40 0.02798149 
219 580 51 56 0.027892085 
682 774 26 33 0.027563253 
893 2 30 29 0.02665628 
691 763 52 56 0.026540799 
560 482 48 62 0.026374271 
239 569 46 58 0.026033167 
614 812 52 61 0.025903245 
178 337 26 32 0.025743967 
681 778 46 52 0.025176806 
205 110 29 36 0.023691721 
324 746 32 34 0.023674753 
599 498 36 47 0.023520675 
748 807 14 17 0.023295036 
948 799 27 30 0.023198761 
369 516 44 57 0.02304205 
44 321 29 35 0.022765128 
520 910 27 39 0.022230119 
715 778 52 63 0.022190962 
222 871 76 59 0.022095669 
337 755 20 21 0.022069806 
38 454 26 33 0.02204282 
594 734 31 40 0.02202912 
317 529 43 59 0.021996703 
161 767 43 40 0.021747045 
291 837 31 53 0.021721011 
631 802 15 20 0.021563401 
278 102 28 34 0.021528758 
827 1093 32 35 0.02093786 
545 950 48 57 0.020925237 
184 923 53 54 0.020853497 
140 827 42 38 0.020821905 
609 1392 28 32 0.020658968 
596 784 44 55 0.020550601 
601 471 38 52 0.020421645 
784 743 33 37 0.020389851 
596 809 28 41 0.020015398 
