7_Cheering_Cheering_7_536
91
329 306 26 33 0.9810432 
515 333 39 63 0.9486518 
246 232 26 31 0.8969916 
333 259 27 33 0.8714939 
206 224 26 33 0.8512992 
931 290 41 44 0.796104 
1 217 29 41 0.68785524 
0 343 19 32 0.6781152 
214 261 31 34 0.6038746 
176 255 28 32 0.5913152 
625 245 64 79 0.5363049 
999 239 24 41 0.5150655 
895 243 29 33 0.47578627 
98 240 28 30 0.42060763 
254 310 28 39 0.39537552 
134 247 29 35 0.35918847 
876 265 26 32 0.30022177 
315 229 24 28 0.244436 
645 260 39 47 0.1970113 
848 281 31 39 0.1898403 
-2 276 25 33 0.16982533 
507 256 41 48 0.16874406 
726 281 64 102 0.16848427 
43 216 30 33 0.14493275 
135 233 27 32 0.1252344 
126 332 27 30 0.1148588 
199 235 37 47 0.11312131 
266 253 24 28 0.09006828 
460 272 25 28 0.08498436 
356 239 22 26 0.08035091 
400 243 25 28 0.073091224 
603 248 54 68 0.06910151 
997 396 26 37 0.06787878 
433 248 26 29 0.0569324 
895 258 47 55 0.05392266 
1013 346 12 19 0.05245418 
190 245 30 36 0.050670188 
345 247 25 31 0.049122687 
974 475 42 55 0.046916313 
880 244 46 52 0.04689301 
87 355 28 34 0.04656719 
17 207 40 52 0.045625754 
525 268 31 37 0.04486673 
49 228 32 35 0.043235436 
598 282 34 45 0.043172497 
862 43 168 259 0.042663764 
23 294 25 31 0.0395577 
271 577 46 53 0.035803422 
995 415 32 42 0.035272863 
680 256 84 106 0.03524041 
315 222 19 22 0.034592506 
325 250 28 34 0.033846762 
828 125 11 13 0.033234086 
8 284 28 37 0.032379214 
33 224 33 36 0.030702854 
581 328 38 60 0.028484933 
852 265 43 51 0.028195277 
188 538 45 56 0.027462073 
121 307 41 45 0.026419098 
180 632 12 14 0.026348831 
531 335 46 68 0.026347594 
825 120 9 12 0.026194444 
62 237 28 32 0.02535412 
413 247 27 31 0.02503356 
372 270 26 28 0.02500411 
652 237 85 105 0.024763703 
364 241 26 30 0.024719179 
205 647 9 11 0.024686137 
513 488 36 45 0.02408223 
609 252 26 34 0.023967372 
120 285 43 49 0.023960639 
129 330 41 47 0.02282715 
565 338 42 65 0.022795709 
564 256 26 33 0.02252896 
258 261 27 33 0.022151696 
729 225 37 41 0.021878405 
589 295 32 41 0.021821976 
248 274 44 56 0.021802243 
79 315 26 31 0.021647617 
382 244 27 29 0.021548465 
232 264 29 35 0.021026215 
718 286 105 152 0.020961145 
143 288 43 48 0.020923557 
539 279 28 33 0.020922838 
77 280 28 33 0.020768039 
501 268 30 34 0.020677265 
553 488 32 42 0.020672197 
81 391 131 162 0.02056849 
119 249 30 34 0.020377344 
605 185 99 134 0.020260137 
189 535 22 35 0.020155167 
