7_Cheering_Cheering_7_386
212
763 291 33 41 0.98671144 
210 547 49 55 0.9807577 
765 434 33 42 0.96806806 
800 511 45 78 0.8648126 
53 506 53 84 0.83011156 
391 401 15 19 0.69431597 
286 401 17 21 0.66477466 
220 427 16 21 0.4311834 
301 431 25 28 0.37937507 
795 483 49 72 0.2743034 
663 440 27 33 0.26135886 
909 376 28 32 0.25294855 
355 430 18 24 0.22700045 
411 404 13 19 0.20083018 
80 327 96 133 0.18261649 
415 439 20 27 0.17967054 
558 467 37 47 0.1739741 
217 456 27 33 0.15964174 
331 454 23 29 0.14671743 
42 512 83 126 0.11989346 
984 344 28 31 0.11309777 
885 550 47 67 0.10367897 
871 380 26 30 0.099577986 
306 407 16 20 0.0950174 
813 391 25 32 0.09466499 
884 396 22 29 0.09212826 
396 379 11 14 0.08444152 
971 342 26 35 0.08399298 
384 401 14 19 0.08311258 
682 332 18 24 0.080172464 
329 395 15 19 0.07993853 
894 397 24 31 0.078556396 
228 422 24 27 0.07814831 
0 483 43 67 0.07771696 
341 454 23 30 0.07581514 
679 397 48 64 0.0751615 
566 489 114 150 0.07510936 
475 389 13 16 0.07428119 
32 354 83 118 0.07246205 
993 370 23 30 0.07115632 
10 383 15 19 0.07020809 
357 393 17 19 0.06974739 
243 375 14 19 0.06685225 
188 401 13 16 0.06489162 
812 404 30 38 0.063911654 
363 386 15 19 0.063746005 
41 537 35 49 0.06319012 
533 409 14 18 0.061956134 
434 424 16 21 0.06170935 
875 350 18 21 0.061481617 
461 435 18 23 0.06147776 
365 356 13 14 0.06093367 
333 553 60 70 0.059743002 
10 526 126 217 0.058263943 
155 356 14 17 0.0556664 
413 399 12 16 0.05562231 
1014 402 9 16 0.05338688 
525 424 15 19 0.052402988 
445 393 14 17 0.051873982 
71 370 57 83 0.05004666 
762 410 52 67 0.04983049 
496 362 12 13 0.04982564 
965 408 14 18 0.049018417 
546 451 29 34 0.04827054 
366 379 15 18 0.04817722 
154 704 60 60 0.045061756 
432 452 23 34 0.04371261 
437 415 13 15 0.043361824 
363 405 15 18 0.042117827 
907 390 18 23 0.041489266 
356 446 27 31 0.041104954 
581 394 17 22 0.04106819 
487 532 32 51 0.041007925 
824 383 25 31 0.040299475 
16 493 50 75 0.039840687 
884 383 25 31 0.0388258 
249 469 27 33 0.037956726 
371 435 16 20 0.037780877 
39 403 50 81 0.0376679 
303 414 26 29 0.037345856 
899 366 13 15 0.037175566 
565 420 15 19 0.036257673 
170 -13 427 492 0.035743218 
850 536 79 95 0.035200123 
400 442 27 31 0.033586092 
570 392 25 32 0.03331435 
529 417 16 21 0.03307596 
469 392 23 30 0.032866787 
991 353 27 35 0.03282725 
381 530 52 63 0.032755896 
424 428 21 28 0.03267377 
906 398 17 25 0.032537695 
768 338 37 38 0.032180827 
482 386 14 17 0.031217089 
315 568 55 61 0.03113422 
257 426 16 22 0.031124987 
5 378 22 31 0.031048695 
701 341 12 16 0.030920547 
543 391 10 14 0.030904781 
215 430 28 35 0.030523382 
64 445 24 37 0.029994005 
453 438 22 30 0.029872982 
204 539 78 89 0.02958146 
413 385 10 11 0.02956478 
285 392 44 55 0.029350284 
398 526 38 43 0.029316159 
860 434 28 35 0.02923547 
444 379 16 18 0.028986815 
397 386 13 16 0.028649604 
789 487 30 44 0.028576087 
441 453 27 36 0.028445782 
511 363 13 15 0.028399965 
371 383 15 19 0.028263034 
184 428 28 38 0.028197331 
346 370 15 19 0.028023675 
874 400 24 30 0.028001357 
425 334 10 12 0.027532052 
558 369 15 21 0.027477011 
407 387 11 14 0.027476411 
484 375 12 15 0.027451422 
518 423 26 31 0.02725465 
937 407 23 28 0.026992984 
139 346 59 91 0.026881564 
491 400 17 23 0.026713474 
317 403 14 19 0.02660635 
3 477 31 38 0.026381042 
490 381 24 29 0.026191678 
392 375 11 14 0.026159054 
201 424 27 35 0.02612413 
672 401 26 33 0.02605154 
594 425 17 20 0.025968023 
377 380 14 16 0.025962409 
16 417 53 82 0.025927885 
865 391 26 34 0.025876107 
361 540 58 72 0.025652999 
93 394 98 140 0.025489246 
524 405 23 30 0.025330905 
673 431 28 36 0.025298264 
363 416 16 19 0.024771791 
975 358 30 37 0.024771513 
708 403 51 75 0.024499265 
619 401 27 32 0.02441626 
858 412 28 33 0.024396995 
1003 398 21 33 0.024161192 
868 437 16 20 0.024129646 
872 418 16 20 0.02382857 
902 386 15 19 0.023689114 
690 397 29 41 0.023665072 
539 352 14 19 0.023463434 
819 524 77 94 0.023347452 
621 333 14 15 0.023216726 
828 412 25 32 0.02319599 
362 457 30 35 0.023162365 
435 425 24 32 0.023007067 
681 395 24 33 0.0229995 
1000 414 22 39 0.022989685 
374 394 13 16 0.022943005 
581 370 13 17 0.022928957 
754 345 31 37 0.022861056 
418 390 12 14 0.022828968 
427 19 387 451 0.022820216 
479 381 12 17 0.022626119 
769 446 51 74 0.022544175 
999 310 20 28 0.022514336 
316 444 40 51 0.02250042 
293 418 44 57 0.022437017 
357 420 14 18 0.022412138 
118 454 50 71 0.022336671 
480 394 24 31 0.022321466 
674 382 77 109 0.02222298 
581 474 39 43 0.02204103 
306 437 29 34 0.02201682 
501 386 16 19 0.021975027 
-8 181 89 159 0.021967495 
458 389 23 29 0.021967378 
369 409 15 19 0.021959698 
123 468 14 19 0.021955952 
469 407 14 19 0.021846553 
478 382 23 28 0.02181439 
857 381 28 32 0.021810573 
957 339 14 18 0.021810386 
848 391 26 33 0.02175955 
819 403 42 52 0.021653615 
563 365 13 17 0.021582281 
68 387 17 20 0.021510815 
237 461 30 35 0.021484656 
989 429 27 46 0.021465512 
950 322 38 51 0.021383122 
533 400 22 31 0.021242948 
962 332 22 32 0.02112603 
-2 361 87 126 0.021065343 
846 415 32 42 0.02102046 
387 386 23 26 0.021010716 
374 381 22 27 0.021010512 
456 452 25 32 0.021000225 
510 489 29 37 0.020992303 
541 355 24 33 0.020938417 
537 335 10 12 0.020924307 
370 354 14 16 0.020918267 
892 386 14 19 0.020879196 
281 584 52 64 0.020824442 
477 372 12 16 0.020640379 
542 402 24 30 0.020450875 
526 507 91 129 0.02043259 
378 459 31 33 0.020413551 
378 387 13 16 0.020315975 
377 440 15 19 0.020292917 
589 426 164 228 0.020226853 
475 405 16 22 0.020114008 
384 322 11 13 0.020097407 
317 404 23 29 0.020068223 
424 447 17 23 0.020001907 
