7_Cheering_Cheering_7_345
250
451 155 26 40 0.9919195 
229 376 23 32 0.9863819 
550 351 27 31 0.98511475 
253 371 23 29 0.9763849 
2 311 20 31 0.93582946 
803 395 25 34 0.87235343 
581 391 25 30 0.8386393 
601 191 27 35 0.82070506 
856 359 23 31 0.8100108 
355 402 23 28 0.78847706 
265 394 22 28 0.78720784 
238 373 23 31 0.74231315 
458 391 23 31 0.71917486 
877 378 17 21 0.63827527 
755 376 26 30 0.5737338 
903 358 24 30 0.46724206 
87 380 24 26 0.41350114 
210 413 15 18 0.39360902 
863 353 20 27 0.3086952 
870 348 16 20 0.2766133 
331 419 21 34 0.27319655 
467 386 25 37 0.2239324 
201 385 18 22 0.21859215 
915 333 12 16 0.20370227 
860 406 20 26 0.20183624 
339 386 13 21 0.1985832 
290 414 18 24 0.19175433 
146 408 23 31 0.18261413 
883 375 23 29 0.17761643 
866 369 24 30 0.17407502 
541 346 25 33 0.16968212 
27 369 15 19 0.15898682 
19 371 25 28 0.147711 
185 372 16 20 0.13808855 
979 425 32 43 0.118130155 
974 304 14 20 0.11735061 
754 386 31 39 0.11614143 
480 394 30 39 0.11227587 
159 408 21 30 0.10157826 
194 377 20 25 0.100448325 
889 368 25 30 0.09999746 
947 314 14 20 0.09853874 
433 156 34 41 0.091429114 
448 138 25 42 0.08995394 
200 397 24 29 0.089908585 
453 392 39 48 0.087426186 
683 235 14 23 0.087061085 
788 397 30 35 0.08520989 
40 427 28 28 0.085192494 
924 353 12 19 0.08482736 
915 357 14 20 0.08259216 
102 420 38 41 0.07970905 
587 72 30 36 0.07684713 
7 478 13 20 0.064638205 
186 401 15 20 0.064224824 
25 365 13 15 0.061808676 
403 191 26 36 0.0614059 
43 418 18 20 0.060773473 
940 299 13 17 0.05983526 
779 363 13 16 0.059720937 
642 315 17 18 0.059578486 
612 322 14 17 0.058047377 
979 275 12 16 0.057971846 
357 398 16 20 0.05730921 
912 328 10 12 0.056669608 
475 75 34 47 0.055596575 
92 374 17 20 0.054466553 
82 379 41 43 0.05409067 
890 390 17 23 0.053826857 
54 394 14 18 0.053632833 
170 410 15 24 0.053001944 
176 404 22 32 0.05199024 
815 397 17 24 0.051693432 
460 133 12 19 0.051127583 
690 431 15 18 0.05095185 
339 370 14 19 0.050136372 
326 56 42 53 0.049991556 
435 170 16 22 0.04895763 
332 367 16 20 0.04767619 
534 501 10 12 0.04660752 
768 383 18 22 0.046361 
525 366 14 19 0.04533797 
261 382 23 31 0.045305815 
587 379 24 32 0.04476152 
311 653 8 9 0.04449725 
98 436 33 32 0.044206545 
685 436 13 16 0.043711428 
27 393 12 16 0.043031383 
16 384 26 31 0.042689405 
437 386 26 37 0.041674223 
173 380 11 16 0.041420676 
185 368 11 14 0.04053041 
719 383 41 57 0.04051438 
196 493 28 33 0.039954133 
35 377 13 19 0.0396867 
350 407 17 21 0.03923802 
148 424 16 21 0.038810126 
593 86 28 35 0.038215883 
362 414 15 19 0.037804667 
165 364 12 14 0.037605297 
775 395 29 36 0.03746801 
941 305 14 20 0.037245497 
990 318 13 17 0.037062496 
674 429 29 32 0.037033763 
571 336 13 18 0.036755856 
44 382 12 16 0.036640555 
237 433 18 25 0.03641461 
186 394 40 47 0.0363937 
348 392 15 22 0.036009323 
333 377 17 24 0.035964575 
749 406 24 35 0.035864655 
175 372 10 14 0.035666544 
458 139 26 45 0.03561125 
197 435 17 23 0.035530943 
158 424 25 35 0.035245784 
750 421 13 23 0.034801435 
799 445 28 33 0.034464143 
13 384 16 21 0.0342488 
108 376 14 19 0.034086134 
478 490 12 17 0.033134855 
315 482 14 17 0.032668106 
173 402 14 23 0.032564346 
611 455 25 34 0.032233376 
395 376 24 32 0.03212568 
941 347 15 19 0.031882558 
643 416 14 19 0.031680748 
443 395 29 37 0.031648275 
810 388 18 24 0.031611793 
780 369 15 20 0.031400274 
284 411 18 22 0.031380672 
957 306 15 23 0.030932892 
165 384 15 19 0.030718053 
168 415 21 35 0.030673984 
965 304 15 24 0.030603476 
338 432 28 39 0.030249508 
15 364 12 14 0.029795801 
201 480 45 58 0.029727865 
26 379 22 27 0.029723916 
133 487 18 23 0.029531982 
181 395 15 23 0.029423095 
592 372 16 18 0.02936726 
836 418 18 21 0.029249195 
967 376 24 36 0.029145803 
993 324 13 16 0.02911089 
533 349 16 23 0.029012261 
403 400 16 23 0.028847238 
146 430 23 31 0.028584415 
901 415 23 30 0.028336588 
437 181 29 34 0.02831984 
734 377 41 52 0.028087802 
195 373 13 17 0.028016329 
828 419 16 20 0.027893644 
340 397 15 22 0.02765925 
668 441 33 39 0.027601814 
329 364 11 15 0.02759467 
326 389 24 27 0.027575715 
216 410 15 19 0.02733824 
907 349 16 19 0.027069226 
0 468 10 20 0.026927566 
305 417 24 32 0.026745053 
814 675 15 18 0.02652203 
84 389 20 24 0.02651673 
811 672 24 29 0.026516465 
978 378 16 22 0.026402686 
790 343 11 13 0.026300596 
157 361 14 16 0.026242051 
171 391 21 29 0.026169078 
876 358 13 19 0.026167814 
901 349 14 17 0.026062855 
164 370 15 17 0.02590559 
1012 606 12 20 0.025848823 
754 494 10 12 0.025837589 
867 396 25 31 0.02575478 
925 416 27 36 0.02565446 
762 398 18 23 0.02563766 
951 363 23 36 0.025635965 
501 393 25 33 0.02558758 
895 363 16 19 0.025571212 
173 366 9 14 0.025305478 
798 387 15 20 0.025253015 
749 395 14 22 0.025184797 
444 245 17 22 0.025117958 
197 410 14 18 0.025037495 
388 526 10 13 0.024988456 
810 406 26 32 0.02456879 
938 387 16 19 0.024549188 
172 427 23 36 0.024374561 
898 393 17 21 0.02410273 
651 317 16 21 0.024011796 
316 419 25 32 0.023969674 
658 320 15 21 0.023662131 
325 63 27 32 0.023639947 
406 398 24 30 0.02362246 
823 404 23 28 0.023421576 
423 164 31 35 0.02337573 
510 359 27 33 0.02333971 
442 385 16 24 0.023325881 
689 233 17 23 0.023306528 
778 552 15 16 0.023175843 
152 362 12 16 0.023075424 
356 498 19 20 0.023008771 
720 532 13 15 0.022993091 
49 400 17 20 0.022812359 
807 413 39 45 0.022751018 
161 389 23 31 0.022732452 
374 476 10 13 0.022455502 
939 380 25 30 0.022407494 
453 135 16 25 0.022406872 
512 525 11 14 0.02239789 
311 404 12 15 0.022309534 
876 388 17 23 0.022253595 
779 415 15 20 0.022222102 
244 402 14 19 0.022219982 
271 404 20 24 0.022143234 
589 154 12 16 0.022016056 
156 385 16 19 0.02200463 
167 376 21 26 0.021995144 
826 422 26 30 0.021905534 
445 377 39 49 0.021903649 
136 396 23 32 0.02189682 
349 465 14 17 0.021855118 
475 379 16 22 0.021794079 
160 533 32 39 0.02175473 
88 420 29 30 0.02156284 
276 415 25 32 0.021543168 
142 413 16 24 0.021464113 
133 392 14 19 0.021389548 
463 366 28 35 0.021178048 
906 401 16 21 0.021111077 
345 378 15 19 0.02108512 
282 401 15 19 0.021038102 
957 385 31 45 0.021002267 
43 438 18 20 0.0209489 
339 80 30 33 0.02092069 
603 188 18 23 0.020848656 
340 403 22 34 0.02078858 
685 52 104 121 0.020742489 
5 376 17 23 0.020640021 
280 685 11 12 0.020540543 
796 693 15 18 0.02027371 
343 400 36 47 0.020244984 
451 201 15 22 0.020220356 
0 444 8 17 0.020196946 
531 362 13 18 0.020187607 
855 409 16 22 0.020178962 
533 677 45 52 0.020156741 
934 403 37 49 0.020102413 
154 403 18 25 0.020097109 
693 232 26 29 0.020080179 
920 498 45 56 0.02003308 
