54_Rescue_firemanrescue_54_908
25
854 295 35 47 0.9952909 
858 158 31 38 0.98862875 
620 185 21 28 0.9646466 
438 291 52 56 0.9016028 
437 58 392 442 0.17643538 
463 296 49 56 0.16827436 
798 309 22 31 0.06446102 
426 278 45 53 0.05753885 
525 179 48 61 0.050098713 
881 166 18 24 0.048936877 
1012 60 10 16 0.04155631 
508 196 48 65 0.039271507 
518 276 120 168 0.035376783 
688 221 10 13 0.032002877 
553 175 44 54 0.031895537 
850 254 15 18 0.031183776 
409 254 51 63 0.030034771 
279 481 32 31 0.029661795 
734 157 10 11 0.02626541 
871 166 20 25 0.025054384 
980 227 42 60 0.024393665 
566 221 13 16 0.023733558 
391 95 24 33 0.023521787 
505 210 33 42 0.022288626 
571 185 15 18 0.021382682 
