54_Rescue_firemanrescue_54_939
60
158 109 77 105 0.99574393 
61 580 20 30 0.8586489 
578 599 15 16 0.32595497 
902 522 11 14 0.296908 
421 475 35 51 0.229681 
268 238 26 28 0.13413446 
924 562 15 18 0.123940565 
52 589 19 24 0.10678354 
627 542 15 20 0.102758355 
135 311 65 62 0.09911876 
133 608 26 32 0.096711375 
120 565 25 33 0.086233184 
898 525 10 14 0.081082664 
907 524 11 13 0.05875451 
127 574 29 34 0.043710988 
0 224 11 21 0.043021556 
704 30 33 44 0.041974995 
117 556 24 29 0.04127025 
945 561 12 15 0.03972435 
561 638 10 12 0.039544422 
471 619 9 11 0.03868967 
343 456 48 71 0.03699583 
900 530 13 14 0.03685574 
420 656 9 11 0.036651887 
917 524 11 13 0.035909712 
821 540 14 19 0.035579313 
941 513 11 15 0.03394456 
2 583 16 22 0.033727918 
651 9 45 57 0.03337463 
918 554 23 31 0.032179765 
5 605 16 21 0.03198109 
149 610 28 34 0.031712677 
562 631 9 11 0.029989788 
556 257 88 112 0.0288543 
159 669 25 31 0.02767365 
812 564 14 18 0.027489321 
367 109 32 38 0.027235039 
0 543 16 25 0.026341382 
581 593 13 14 0.026301848 
264 225 44 54 0.024663093 
182 690 12 15 0.024483895 
878 528 8 11 0.02431403 
901 518 19 23 0.023974568 
115 566 17 25 0.023892447 
704 646 7 10 0.023369754 
339 451 34 52 0.022968693 
691 482 116 155 0.022348152 
720 225 105 127 0.02228215 
533 678 9 12 0.02198938 
807 516 10 14 0.021684885 
628 530 15 19 0.021654919 
711 646 8 9 0.02161044 
418 659 9 12 0.02110738 
909 532 11 13 0.021070227 
7 624 22 29 0.021042528 
836 509 13 15 0.020936664 
907 153 113 167 0.020825503 
715 30 54 65 0.020614503 
730 663 7 10 0.020562897 
941 557 21 25 0.020517092 
