54_Rescue_rescuepeople_54_529
38
408 24 68 87 0.9982722 
828 165 65 82 0.9826266 
464 195 56 66 0.97856826 
301 228 62 81 0.96006346 
407 284 50 57 0.37949535 
845 195 59 81 0.31999618 
522 303 18 22 0.165183 
571 162 27 29 0.13337973 
523 296 30 35 0.118746966 
584 74 435 437 0.1036301 
410 262 48 54 0.10192291 
403 298 36 36 0.081670426 
394 302 52 64 0.06843505 
389 257 84 92 0.05298292 
315 294 64 68 0.05013037 
715 220 41 51 0.047548555 
565 167 42 49 0.04669073 
649 139 239 250 0.042681746 
411 266 30 34 0.040325116 
533 295 35 40 0.039503086 
293 250 91 103 0.038212325 
482 130 44 54 0.036155146 
483 314 43 51 0.033060774 
476 162 51 64 0.032795474 
704 202 104 126 0.03188705 
417 299 55 66 0.029742321 
108 152 359 438 0.027963717 
433 278 50 61 0.026617507 
313 215 37 55 0.024674477 
665 160 19 21 0.023561813 
430 276 34 39 0.023256015 
606 361 27 39 0.02294976 
652 338 14 20 0.022719674 
797 173 59 77 0.02192733 
494 198 34 48 0.02187207 
414 249 34 38 0.02157483 
817 246 158 267 0.021445125 
457 208 43 43 0.021212792 
