54_Rescue_rescuepeople_54_406
36
736 318 40 44 0.98514426 
431 351 36 38 0.77119726 
411 355 35 36 0.12278403 
254 159 9 10 0.07464431 
756 598 12 14 0.057682704 
407 73 9 10 0.03829537 
296 232 10 12 0.03605922 
400 183 9 10 0.03068645 
313 166 9 12 0.028975328 
389 160 9 10 0.028842084 
864 334 16 19 0.028543347 
369 149 8 11 0.028012453 
398 46 7 10 0.027756086 
374 148 9 11 0.027744178 
253 113 11 14 0.026432045 
368 128 8 10 0.024954073 
510 381 407 456 0.024384355 
485 468 30 32 0.024331328 
384 166 9 10 0.023924593 
412 368 18 21 0.023851153 
353 127 9 11 0.023764547 
408 312 44 42 0.023602458 
556 651 11 13 0.023491172 
400 176 8 10 0.022407085 
277 231 12 14 0.022400308 
263 149 10 12 0.022137335 
401 72 8 10 0.022090279 
202 91 14 16 0.021315716 
254 187 10 12 0.021209693 
318 168 8 10 0.021047438 
665 561 36 39 0.02098467 
169 65 8 10 0.020905888 
417 152 7 8 0.020894496 
319 126 10 12 0.020681897 
990 142 8 10 0.020622112 
229 150 9 12 0.020501914 
