54_Rescue_rescuepeople_54_855
28
444 139 60 70 0.9986798 
767 209 59 68 0.99453676 
556 335 60 63 0.9536755 
647 192 60 75 0.942531 
344 335 49 63 0.54447657 
255 544 19 23 0.3372083 
299 531 13 17 0.16665123 
616 455 86 118 0.10816173 
236 330 42 35 0.07132094 
878 265 13 15 0.05859638 
6 804 94 133 0.057074934 
957 768 39 48 0.05625785 
871 261 12 13 0.054978874 
282 451 28 35 0.0517649 
675 369 43 55 0.04143603 
460 316 28 38 0.035820533 
876 259 22 25 0.034263644 
776 325 37 50 0.033011694 
293 459 15 19 0.03229069 
366 571 13 17 0.031718947 
250 312 51 62 0.027031096 
738 196 29 37 0.02505885 
31 532 12 15 0.02371782 
744 192 53 66 0.02309858 
490 709 445 457 0.023092236 
283 434 31 38 0.021731237 
177 439 43 61 0.021545643 
83 401 17 21 0.020012839 
