54_Rescue_rescuepeople_54_777
19
692 119 59 76 0.9987853 
776 335 69 88 0.9985403 
286 41 64 94 0.9942417 
410 299 78 106 0.99237555 
644 432 33 35 0.617885 
1004 352 18 30 0.20440088 
842 613 51 60 0.16176748 
969 427 16 20 0.06242552 
948 426 15 22 0.050009746 
910 419 16 23 0.037989795 
1010 349 13 21 0.034238182 
510 32 194 258 0.031426217 
174 511 9 11 0.02834039 
1010 409 14 18 0.026319947 
927 386 16 21 0.02599396 
176 272 135 147 0.025426308 
875 147 11 13 0.022260329 
443 15 97 145 0.021655273 
915 343 14 17 0.020246413 
