54_Rescue_rescuepeople_54_926
23
525 195 100 140 0.9997845 
153 94 99 114 0.9997458 
366 202 69 91 0.9948881 
744 213 374 485 0.099132076 
298 485 13 16 0.058876615 
242 485 11 14 0.044332936 
315 110 16 26 0.042968884 
11 495 19 21 0.04074281 
307 69 19 24 0.03977911 
710 283 276 310 0.03614442 
326 15 27 35 0.035546508 
17 487 18 22 0.035058465 
310 101 36 52 0.034559578 
5 497 16 20 0.0296806 
240 499 10 14 0.028636098 
199 14 30 33 0.02758972 
860 334 34 33 0.026959188 
298 77 23 28 0.024406128 
236 509 10 12 0.02368086 
317 55 11 14 0.023678258 
324 529 32 34 0.022502549 
280 461 12 14 0.021177704 
259 507 12 14 0.020120023 
