32_Worker_Laborer_Worker_Laborer_32_530
18
256 116 120 154 0.9998964 
605 171 125 165 0.9997702 
375 786 15 17 0.190227 
321 575 9 11 0.098349586 
244 619 44 52 0.07142501 
280 639 38 42 0.059725113 
159 532 33 42 0.053960584 
762 749 46 61 0.03585682 
251 606 61 51 0.029218815 
538 752 23 32 0.027258037 
5 790 11 14 0.026238346 
588 756 41 49 0.025536591 
578 569 18 21 0.024752697 
1013 615 9 13 0.023587838 
407 770 14 16 0.023555152 
684 493 28 35 0.022190912 
403 760 25 30 0.020326933 
131 587 27 38 0.020319851 
