32_Worker_Laborer_Worker_Laborer_32_786
18
468 529 186 236 0.9994351 
541 1925 96 115 0.13774022 
836 163 18 23 0.09544061 
467 1901 114 127 0.08547432 
878 71 23 33 0.08081425 
701 1227 176 280 0.072702065 
978 92 27 34 0.052257232 
971 2014 16 20 0.044205647 
939 2014 46 61 0.039562397 
875 60 41 53 0.038311027 
600 1048 343 524 0.034465477 
884 1939 126 142 0.03188722 
604 1577 14 16 0.030170439 
952 2039 31 39 0.025206236 
89 1538 80 115 0.022399122 
610 32 16 20 0.022189628 
331 267 12 15 0.021635491 
48 1458 166 244 0.021202864 
