1_Handshaking_Handshaking_1_766
32
413 93 215 397 0.9999393 
353 229 209 409 0.65639776 
151 476 293 518 0.30317584 
727 540 261 454 0.26558137 
334 51 209 421 0.24794048 
250 404 289 409 0.19988176 
565 855 75 151 0.12872262 
689 371 242 460 0.115646794 
293 717 119 283 0.09803478 
359 719 60 113 0.08567618 
551 802 121 270 0.08285364 
538 609 232 454 0.076092646 
680 621 197 409 0.076092646 
381 363 228 397 0.064067975 
619 509 88 164 0.06111947 
479 674 203 454 0.04931264 
68 612 246 364 0.04133061 
612 449 235 460 0.03781825 
498 541 126 244 0.034593593 
562 422 186 369 0.028921604 
569 25 209 369 0.02643471 
441 509 194 409 0.02643471 
102 787 119 263 0.026434705 
738 603 54 105 0.025519116 
734 678 116 270 0.024156325 
543 599 76 134 0.023349825 
396 643 194 386 0.022069868 
409 403 83 179 0.021360904 
365 758 67 146 0.021360904 
587 638 64 129 0.021360904 
-3 827 65 170 0.021360898 
389 700 114 240 0.0201599 
