1_Handshaking_Handshaking_1_781
49
741 296 132 315 0.99755305 
422 138 138 329 0.9883244 
669 374 239 577 0.4085711 
50 295 68 178 0.28687313 
262 353 32 77 0.2032784 
6 889 52 158 0.188928 
240 334 117 324 0.17193554 
614 493 45 122 0.16258557 
552 1199 123 365 0.15916684 
318 275 235 640 0.14717786 
23 156 116 297 0.12544508 
725 350 92 208 0.118850335 
51 220 32 90 0.109639935 
448 388 206 577 0.09803478 
17 3 194 544 0.08285364 
259 331 75 175 0.07880669 
387 649 15 56 0.074940585 
601 440 30 81 0.06655858 
630 483 50 143 0.06655858 
610 481 32 90 0.06655857 
778 26 228 631 0.05874174 
370 828 73 158 0.056098126 
389 39 200 577 0.053832814 
75 1255 79 201 0.051466707 
796 901 200 560 0.04931264 
588 405 51 133 0.047198545 
711 414 61 161 0.047198545 
588 740 265 669 0.045153897 
408 1171 67 187 0.039651502 
944 436 85 222 0.039651494 
37 209 62 166 0.036325652 
57 1181 121 365 0.034593593 
0 1100 206 603 0.034593593 
377 742 28 76 0.033269096 
251 346 191 498 0.03163486 
823 462 215 595 0.03163486 
54 1351 55 161 0.030461596 
196 219 188 513 0.02643471 
249 340 56 114 0.025519116 
940 733 74 178 0.025519116 
277 564 80 181 0.025519116 
675 460 63 161 0.025519116 
484 207 91 215 0.025519116 
559 622 206 595 0.024156325 
592 902 70 201 0.023349825 
23 892 130 334 0.022069868 
512 1026 239 631 0.022069868 
46 1200 76 208 0.021360898 
715 452 37 97 0.021360898 
