1_Handshaking_Handshaking_1_275
29
466 201 167 412 0.98934454 
548 564 206 661 0.3436022 
688 1084 215 651 0.19988178 
448 976 242 596 0.18550259 
610 603 111 366 0.15916684 
194 794 218 478 0.1065206 
631 665 232 681 0.09015675 
374 745 277 579 0.08285364 
579 43 249 642 0.053832818 
257 866 124 302 0.04931264 
744 1195 128 372 0.045153897 
411 1369 99 176 0.039651494 
368 127 232 579 0.03781825 
462 300 100 235 0.033269096 
572 421 175 499 0.03163486 
644 308 212 614 0.028921604 
754 101 242 661 0.028921604 
475 276 209 587 0.028921604 
601 1007 222 671 0.028921604 
7 165 212 570 0.024156325 
192 917 265 632 0.024156325 
438 1254 142 285 0.024156325 
363 1063 228 499 0.024156325 
538 868 225 632 0.024156325 
489 789 134 388 0.024156325 
596 592 82 255 0.023349825 
266 623 47 136 0.021360898 
395 526 60 131 0.021360898 
23 -62 197 538 0.020159906 
