1_Handshaking_Handshaking_1_602
157
842 237 9 13 0.9641916 
255 344 22 29 0.88008106 
754 245 6 10 0.87062967 
374 240 11 16 0.78582007 
645 223 9 12 0.7388364 
547 225 7 11 0.7388364 
688 227 8 11 0.7040394 
678 232 7 10 0.6856687 
509 224 7 9 0.6856687 
916 271 9 13 0.64717066 
611 228 9 12 0.60666233 
476 218 8 11 0.60666233 
577 218 7 10 0.5432222 
653 406 209 281 0.52310073 
437 232 8 11 0.43536806 
118 303 19 19 0.43536806 
928 248 18 19 0.4141967 
138 196 7 11 0.3728605 
453 460 222 277 0.36474833 
190 189 8 11 0.29596066 
504 320 17 28 0.29596066 
801 28 249 350 0.2840034 
945 243 16 23 0.27822798 
489 15 225 345 0.24794048 
200 20 222 330 0.2150812 
719 236 8 12 0.19995552 
289 283 15 19 0.19995552 
472 297 29 40 0.188928 
400 322 11 20 0.1864517 
722 257 12 18 0.17366187 
640 247 9 11 0.16157512 
361 237 12 18 0.13944872 
678 303 11 19 0.11991897 
676 243 11 17 0.111069925 
721 239 8 11 0.111069925 
660 40 253 355 0.1065206 
609 459 140 180 0.09803478 
801 522 206 325 0.09803478 
546 236 12 17 0.09507551 
613 279 20 30 0.09308393 
307 64 212 265 0.09015675 
79 520 239 335 0.090156734 
473 292 14 20 0.08787667 
130 286 249 335 0.076092646 
-12 560 232 321 0.076092646 
437 240 12 19 0.074940585 
727 262 13 16 0.074940585 
48 294 44 75 0.07244435 
533 342 26 36 0.06655858 
252 498 235 307 0.064067975 
611 288 12 25 0.06377564 
773 258 7 10 0.06377564 
496 334 30 48 0.06111947 
535 336 40 68 0.056098126 
453 291 46 64 0.056098126 
665 250 7 11 0.054176662 
547 342 23 41 0.051466707 
475 248 6 10 0.04990379 
444 240 12 17 0.04990379 
535 379 197 316 0.04931264 
366 236 14 20 0.04595155 
683 306 8 15 0.045951538 
644 244 8 11 0.045951538 
713 252 222 293 0.045153897 
742 369 246 340 0.045153897 
934 246 21 24 0.04326818 
556 250 7 11 0.04229837 
434 235 8 13 0.04229837 
472 247 7 11 0.04229837 
113 302 7 13 0.04229837 
557 518 269 302 0.04133061 
308 289 197 289 0.04133061 
474 301 41 58 0.039651494 
643 219 9 12 0.038923774 
674 245 8 12 0.038923774 
506 227 13 18 0.038923774 
590 309 15 21 0.038923774 
723 270 16 20 0.038923774 
638 248 14 20 0.038923774 
1 537 119 235 0.03781825 
108 305 23 30 0.036325652 
284 278 15 22 0.035808332 
697 245 9 12 0.035808332 
735 260 12 17 0.035808332 
722 234 8 11 0.035808332 
473 244 11 17 0.035808332 
674 232 7 10 0.035808332 
578 235 7 10 0.035808332 
661 366 132 228 0.034593593 
127 224 25 39 0.033269096 
274 681 64 88 0.033269096 
464 285 25 41 0.033269096 
752 275 7 9 0.03293372 
287 287 10 13 0.03293372 
112 299 13 21 0.03293372 
582 248 7 11 0.032933712 
639 265 15 24 0.032933712 
691 229 8 12 0.032933712 
348 394 29 49 0.030461596 
233 345 24 31 0.030461596 
487 335 58 85 0.030461596 
544 537 7 10 0.030282615 
553 251 8 11 0.030282615 
720 259 9 13 0.030282615 
923 246 8 14 0.030282615 
363 244 13 18 0.030282615 
888 264 8 12 0.030282615 
548 514 144 153 0.028921604 
673 235 23 32 0.027884193 
519 338 26 37 0.027884193 
647 291 24 29 0.027884193 
509 316 21 32 0.027884193 
684 247 6 9 0.027838783 
719 244 8 11 0.027838783 
682 311 14 18 0.027838783 
477 75 5 8 0.027838778 
608 224 9 11 0.027838778 
716 234 6 10 0.027838778 
468 261 12 15 0.02558696 
926 246 10 14 0.02558696 
561 248 5 9 0.02558696 
433 240 8 15 0.02558696 
630 241 8 13 0.02558696 
581 221 7 10 0.02558696 
405 325 9 15 0.02558696 
458 276 24 39 0.025519116 
398 675 30 41 0.025519116 
294 609 107 162 0.024156325 
595 265 7 12 0.02351288 
25 165 7 10 0.02351288 
108 170 14 21 0.02351288 
188 193 7 10 0.02351288 
650 220 7 11 0.02351288 
536 255 7 10 0.02351288 
539 240 14 20 0.02351288 
477 239 12 19 0.02351288 
667 445 59 99 0.023349825 
640 457 43 72 0.023349825 
394 314 21 31 0.023349825 
475 322 55 69 0.023349825 
244 340 25 32 0.023349825 
166 79 160 242 0.022069868 
853 584 124 203 0.022069868 
52 344 232 307 0.022069868 
381 238 8 13 0.0216032 
479 247 6 10 0.021603195 
575 231 7 10 0.021603195 
484 239 8 12 0.021603195 
667 245 10 15 0.021603195 
476 242 7 11 0.021603195 
616 293 13 24 0.021603195 
578 494 59 99 0.021360904 
673 300 21 28 0.021360898 
653 220 175 285 0.0201599 
395 281 194 302 0.0201599 
-14 420 101 188 0.0201599 
599 52 212 277 0.0201599 
