1_Handshaking_Handshaking_1_313
42
261 37 90 145 0.9992632 
632 114 80 114 0.9944617 
815 94 242 296 0.71599656 
470 417 52 56 0.61190087 
420 137 197 287 0.5461031 
219 39 90 145 0.4310897 
190 61 67 112 0.32552502 
779 16 203 248 0.24794048 
0 345 16 31 0.1753677 
697 85 269 353 0.17193554 
349 438 119 133 0.13594593 
325 380 218 230 0.13594593 
805 63 128 150 0.115646794 
-24 209 215 300 0.1065206 
329 40 116 179 0.090156734 
297 131 249 275 0.090156734 
831 1 109 154 0.08285364 
479 17 228 267 0.08285364 
813 55 79 93 0.06111947 
327 307 23 27 0.06111947 
170 461 239 244 0.053832814 
739 287 56 64 0.047198545 
325 354 28 28 0.036325652 
744 55 126 190 0.034593605 
644 319 203 259 0.034593593 
884 401 34 34 0.033269096 
749 123 56 86 0.030461596 
482 433 63 55 0.030461596 
325 341 17 17 0.027838783 
659 342 15 21 0.027838783 
121 515 194 263 0.02643471 
390 323 265 220 0.02643471 
-26 70 200 291 0.026434705 
586 76 100 166 0.024156325 
584 427 242 300 0.024156325 
474 285 25 36 0.023349825 
700 460 242 296 0.022069868 
311 450 104 124 0.022069868 
110 540 65 80 0.021360898 
774 399 121 154 0.0201599 
295 23 107 148 0.0201599 
69 559 121 135 0.0201599 
