1_Handshaking_Handshaking_1_380
91
686 -17 136 149 0.98934454 
391 35 235 316 0.9171464 
595 251 277 307 0.85282207 
806 271 253 316 0.8144974 
461 199 235 269 0.7520595 
-20 95 215 285 0.56891036 
562 26 257 307 0.5461031 
785 371 206 316 0.45389688 
631 370 249 307 0.4310897 
648 579 27 30 0.38809907 
797 98 215 265 0.3647484 
380 510 206 253 0.2311026 
619 583 9 11 0.2141799 
659 -5 215 228 0.19988178 
60 -45 209 269 0.17193554 
456 238 149 155 0.15916684 
886 7 89 91 0.14717786 
267 253 63 75 0.13928533 
468 -26 188 285 0.13594593 
287 59 24 25 0.109639935 
909 334 119 197 0.1065206 
465 530 134 172 0.09015675 
686 1 82 97 0.07880669 
501 23 123 172 0.076092646 
225 -45 222 281 0.076092646 
551 597 18 22 0.07494057 
365 482 45 68 0.072444364 
525 348 242 269 0.06984132 
616 600 22 28 0.06655858 
445 623 25 31 0.06655857 
468 468 215 273 0.064067975 
679 0 14 19 0.06377564 
677 651 27 32 0.06111947 
362 482 26 38 0.051466707 
837 105 124 180 0.04931264 
636 571 48 48 0.047198545 
548 593 68 82 0.047198545 
-63 199 212 307 0.045153897 
642 -53 136 228 0.045153886 
549 144 246 316 0.045153886 
452 636 62 54 0.04326818 
342 482 44 59 0.04326818 
312 47 23 25 0.04326818 
298 22 215 285 0.04133061 
705 499 136 188 0.04133061 
496 600 11 16 0.038923774 
521 590 15 19 0.038923774 
516 591 65 71 0.036325652 
680 641 23 27 0.036325652 
245 233 188 261 0.034593605 
517 571 114 125 0.034593593 
291 544 93 119 0.034593593 
526 627 71 62 0.033269096 
268 355 6 9 0.03293372 
463 602 13 14 0.03293372 
716 113 212 298 0.03163486 
568 290 153 212 0.03163486 
288 71 19 22 0.030282615 
293 52 17 20 0.030282615 
259 71 7 9 0.030282615 
247 222 106 125 0.028921604 
457 656 39 32 0.027884193 
611 661 38 30 0.027884193 
594 597 27 30 0.027884193 
467 286 60 69 0.027884193 
441 582 56 57 0.027884185 
318 229 5 7 0.027838783 
454 602 13 18 0.027838783 
1 129 117 203 0.02643471 
644 306 160 191 0.026434705 
358 319 222 253 0.026434705 
377 485 18 25 0.02558696 
437 611 51 51 0.025519116 
268 289 59 74 0.025519116 
477 303 34 40 0.025519116 
575 609 58 69 0.025519116 
526 433 56 64 0.025519116 
163 236 194 228 0.024156325 
887 144 132 186 0.024156325 
377 460 98 123 0.024156325 
547 -58 191 281 0.024156325 
369 515 124 186 0.024156325 
242 225 12 18 0.02351288 
654 592 19 23 0.021603195 
572 582 17 25 0.021603195 
328 501 50 58 0.021360904 
328 313 68 87 0.021360898 
481 547 76 83 0.021360898 
539 589 31 34 0.021360898 
823 540 67 90 0.021360898 
668 644 44 51 0.021360898 
