8_Election_Campain_Election_Campaign_8_118
217
531 168 34 45 0.9996692 
293 165 51 70 0.9995652 
405 205 69 91 0.99931467 
649 202 36 44 0.99891996 
715 370 90 138 0.9983083 
892 327 55 78 0.9979589 
213 191 45 55 0.9964803 
697 247 68 102 0.99614596 
531 289 63 108 0.9957801 
993 238 30 38 0.9944617 
361 176 43 58 0.99129593 
170 215 39 48 0.99129593 
144 188 45 66 0.98957527 
959 275 34 39 0.98046196 
214 282 33 48 0.96367437 
55 193 26 43 0.88114965 
958 497 59 83 0.79672164 
958 225 16 18 0.78582007 
324 18 95 163 0.73441863 
106 192 38 66 0.73138905 
125 188 45 70 0.71312684 
887 230 23 34 0.61190087 
902 199 9 11 0.60666233 
817 223 27 54 0.56787485 
885 253 21 34 0.5454055 
857 186 16 20 0.3933377 
982 202 10 15 0.3728605 
115 248 13 22 0.31433135 
774 183 8 11 0.31433135 
586 166 8 13 0.29596066 
523 398 200 257 0.28400344 
196 203 45 54 0.268611 
309 397 186 277 0.26558137 
912 256 21 29 0.21842524 
452 64 70 91 0.21842523 
377 187 48 69 0.2032784 
951 233 25 27 0.188928 
328 27 61 97 0.188928 
138 359 10 11 0.17366187 
811 218 28 37 0.16258557 
58 244 18 22 0.16157512 
598 197 11 17 0.16157512 
1012 189 11 19 0.13944872 
334 318 29 44 0.12872262 
991 327 31 50 0.12872262 
581 332 203 253 0.115646794 
92 386 8 11 0.111069925 
929 193 8 10 0.111069925 
951 200 10 11 0.111069925 
624 157 16 19 0.111069925 
870 227 34 48 0.109639935 
397 199 31 46 0.109639935 
938 491 89 142 0.1065206 
865 472 183 257 0.1065206 
957 227 10 12 0.10279763 
251 595 76 78 0.10106142 
824 232 31 64 0.10106142 
7 558 19 26 0.08787667 
636 194 14 23 0.08787667 
723 196 16 21 0.08787667 
889 27 12 16 0.08787667 
128 550 60 75 0.08567618 
972 372 54 85 0.08567618 
956 61 17 20 0.08117401 
981 206 16 19 0.08117401 
712 220 50 80 0.07880669 
213 580 14 17 0.07494057 
897 231 16 22 0.07494057 
397 187 53 83 0.07244435 
169 181 28 40 0.07244435 
911 251 14 22 0.0691498 
946 243 23 28 0.06655858 
201 185 28 34 0.06655857 
109 221 28 46 0.06655857 
335 325 40 60 0.06111947 
889 242 25 35 0.06111947 
79 380 8 11 0.05879275 
85 374 86 103 0.05874174 
84 189 45 60 0.056098126 
26 -6 97 82 0.056098126 
474 185 32 47 0.056098126 
728 175 8 9 0.054176662 
559 294 76 99 0.051466707 
329 171 53 70 0.051466707 
945 279 25 33 0.051466707 
947 604 70 94 0.051466707 
953 226 9 11 0.04990379 
657 161 16 19 0.04990379 
929 189 8 10 0.04595155 
1007 200 15 21 0.04595155 
771 185 13 16 0.045951538 
235 424 14 18 0.045951538 
112 252 9 13 0.045951538 
383 442 218 281 0.045153897 
226 322 215 302 0.045153897 
686 45 25 34 0.04326818 
921 258 17 23 0.04229837 
100 347 11 16 0.04229837 
199 620 14 18 0.04229837 
17 -20 228 311 0.04133061 
861 319 53 85 0.039651502 
778 218 54 60 0.039651502 
341 297 41 33 0.039651494 
983 280 28 34 0.039651494 
651 164 25 27 0.039651494 
136 496 16 24 0.038923774 
124 302 15 19 0.038923774 
113 256 18 25 0.038923774 
592 160 14 19 0.038923774 
701 276 112 136 0.03781825 
907 328 116 138 0.03781825 
405 183 31 45 0.036325652 
639 196 26 33 0.036325652 
716 200 28 37 0.036325652 
980 257 30 38 0.036325645 
811 215 19 23 0.035808332 
980 198 9 13 0.035808332 
974 43 9 10 0.035808332 
263 17 112 144 0.034593605 
721 216 31 49 0.033269096 
931 255 21 30 0.033269096 
41 195 29 42 0.033269096 
823 184 7 9 0.03293372 
629 170 7 10 0.03293372 
173 584 9 11 0.03293372 
119 295 16 18 0.03293372 
587 75 5 7 0.032933712 
935 195 8 10 0.032933712 
309 -5 178 253 0.03163486 
888 56 23 28 0.030461596 
5 368 28 40 0.030461596 
681 42 17 20 0.030282615 
899 198 9 10 0.030282615 
804 180 13 16 0.030282615 
121 272 13 18 0.030282615 
100 242 8 11 0.030282615 
800 164 6 8 0.030282615 
126 344 11 15 0.030282615 
73 380 13 18 0.030282615 
863 185 9 10 0.030282607 
675 336 149 212 0.028921604 
411 47 97 136 0.028921604 
181 191 30 39 0.027884193 
592 149 22 29 0.027884193 
643 155 25 29 0.027884193 
94 238 20 26 0.027884185 
845 221 44 59 0.027884185 
118 364 8 9 0.027838783 
767 185 8 10 0.027838783 
91 241 14 17 0.027838783 
989 205 9 11 0.027838778 
954 199 14 16 0.027838778 
118 295 8 10 0.027838778 
999 282 19 25 0.02558696 
893 197 8 10 0.02558696 
916 191 5 7 0.02558696 
722 200 10 12 0.02558696 
473 407 9 11 0.02558696 
728 199 18 23 0.02558696 
632 159 16 20 0.02558696 
722 172 14 16 0.02558696 
977 39 8 10 0.02558696 
158 176 49 64 0.025519116 
587 231 23 29 0.025519116 
803 393 63 94 0.025519116 
224 274 47 63 0.025519116 
596 294 61 86 0.025519116 
60 189 40 58 0.025519116 
95 259 13 17 0.02351288 
106 252 16 23 0.02351288 
947 233 16 20 0.02351288 
100 427 18 20 0.02351288 
911 252 9 13 0.02351288 
950 65 18 22 0.02351288 
927 184 13 16 0.02351288 
101 252 7 9 0.02351288 
88 385 8 11 0.02351288 
105 247 14 16 0.02351288 
724 176 8 9 0.02351288 
125 361 55 71 0.023349825 
921 337 61 62 0.023349825 
259 618 47 47 0.023349825 
930 285 24 32 0.023349825 
800 183 49 59 0.023349825 
730 204 28 37 0.023349825 
799 210 26 31 0.023349825 
13 193 80 132 0.022069868 
586 160 8 11 0.0216032 
91 383 8 10 0.0216032 
914 249 8 11 0.0216032 
898 194 8 10 0.021603195 
62 344 14 20 0.021603195 
94 251 8 10 0.021603195 
590 228 16 20 0.021603195 
970 44 8 10 0.021603195 
203 430 11 18 0.021603195 
69 412 15 18 0.021603195 
101 386 7 10 0.021603195 
892 32 13 16 0.021603195 
208 191 16 21 0.021603195 
650 166 14 18 0.021603195 
740 182 7 8 0.021603195 
642 162 7 8 0.021603195 
899 187 5 7 0.021603195 
89 248 15 18 0.021603195 
109 288 7 10 0.021603195 
998 53 26 43 0.021360904 
96 421 32 34 0.021360904 
786 -1 32 23 0.021360898 
672 42 55 69 0.021360898 
822 66 21 24 0.021360898 
477 84 35 54 0.021360898 
591 191 21 28 0.021360898 
895 194 19 22 0.021360898 
940 256 22 30 0.021360898 
919 265 41 52 0.021360898 
107 -16 249 285 0.0201599 
