8_Election_Campain_Election_Campaign_8_32
131
468 280 25 31 0.9996979 
109 239 28 32 0.9996692 
221 260 28 34 0.9995652 
362 287 25 28 0.99952376 
872 289 26 29 0.9994287 
951 273 27 30 0.9990996 
663 274 26 30 0.9990996 
615 294 24 26 0.99870443 
321 292 23 26 0.9982981 
561 305 22 25 0.99706453 
724 277 24 27 0.9933628 
31 262 27 32 0.99129593 
910 262 35 37 0.98859274 
789 290 28 31 0.9821322 
958 255 20 23 0.8263381 
884 514 11 12 0.35282937 
923 506 27 26 0.28687313 
664 497 8 10 0.24479094 
999 493 22 22 0.2032784 
988 254 20 20 0.16157512 
359 4 249 250 0.15916686 
107 522 8 8 0.15017675 
343 492 6 7 0.15017673 
861 514 11 12 0.13944872 
699 1 78 55 0.13928533 
823 379 18 13 0.12937039 
814 515 13 13 0.11991897 
340 493 8 9 0.111069925 
124 517 8 9 0.111069925 
476 523 7 7 0.102797605 
1 12 281 269 0.09803478 
233 274 106 134 0.09803478 
436 510 14 15 0.09507551 
574 514 7 8 0.09507551 
973 254 25 26 0.09308393 
876 331 109 151 0.09015675 
548 414 11 17 0.08787667 
193 494 17 17 0.08117401 
565 515 8 8 0.08117401 
140 495 25 26 0.07880669 
810 511 22 23 0.07880669 
955 547 9 8 0.074940585 
904 531 11 11 0.074940585 
173 233 191 203 0.06984133 
693 500 8 9 0.069149815 
588 524 12 14 0.069149815 
368 355 17 16 0.069149815 
485 19 222 206 0.064067975 
834 376 13 12 0.06377564 
372 492 9 9 0.06377564 
428 357 28 28 0.06111947 
728 -25 261 235 0.053832818 
394 510 9 9 0.049903784 
841 377 10 9 0.045951538 
71 510 13 14 0.045951538 
22 -35 209 209 0.045153886 
316 9 85 63 0.04326818 
317 512 20 23 0.04326818 
952 248 36 39 0.04326818 
327 400 27 42 0.039651502 
15 40 58 60 0.039651494 
66 4 92 80 0.039651494 
701 502 7 8 0.038923774 
711 522 7 7 0.038923774 
437 539 8 9 0.038923774 
437 509 9 9 0.038923774 
241 262 54 55 0.036325652 
862 432 28 28 0.036325652 
363 492 23 23 0.036325652 
553 394 8 9 0.035808332 
118 501 9 9 0.035808332 
826 28 209 212 0.034593593 
403 147 235 232 0.034593593 
382 344 26 22 0.033269096 
876 512 20 21 0.033269096 
537 505 7 6 0.03293372 
248 505 7 8 0.03293372 
114 505 7 7 0.032933712 
863 512 21 21 0.030461604 
980 259 29 31 0.030461596 
424 507 26 25 0.030461596 
655 501 54 44 0.030461596 
900 526 21 20 0.030461596 
373 352 17 15 0.030282615 
207 499 7 7 0.030282615 
421 337 25 24 0.027884193 
10 266 25 28 0.027884193 
8 19 48 51 0.027884193 
934 511 19 18 0.027838783 
562 532 7 8 0.027838783 
557 520 6 6 0.027838783 
121 500 7 7 0.027838778 
111 523 6 6 0.027838778 
399 497 13 12 0.02558696 
569 513 7 7 0.02558696 
889 514 7 7 0.02558696 
588 508 7 7 0.02558696 
929 485 14 14 0.02558696 
505 369 19 15 0.02558696 
860 386 13 13 0.02558696 
913 490 46 43 0.025519116 
392 496 20 22 0.025519116 
170 7 54 55 0.025519116 
136 294 49 74 0.025519116 
993 509 27 29 0.025519116 
301 -1 44 51 0.025519116 
71 320 218 246 0.024156325 
334 492 13 13 0.02351288 
320 519 12 13 0.02351288 
535 531 15 15 0.02351288 
708 522 6 7 0.02351288 
324 487 23 23 0.023349825 
543 417 20 24 0.023349825 
915 0 58 45 0.023349825 
217 9 62 51 0.023349825 
367 517 25 27 0.023349825 
411 498 47 45 0.023349825 
187 497 25 26 0.023349825 
74 2 117 140 0.022069868 
860 514 7 7 0.0216032 
958 520 5 5 0.021603195 
434 511 9 10 0.021603195 
133 504 7 8 0.021603195 
283 493 15 12 0.021603195 
430 516 15 16 0.021603195 
257 524 7 7 0.021603195 
924 505 7 7 0.021603195 
202 498 8 9 0.021603195 
871 539 17 17 0.021603195 
347 490 47 48 0.021360904 
131 65 232 212 0.020159906 
