8_Election_Campain_Election_Campaign_8_113
45
358 102 73 110 0.9994287 
700 43 45 62 0.99870443 
236 177 47 78 0.9973194 
817 346 45 58 0.99706453 
551 210 203 260 0.8001182 
135 399 197 256 0.56891036 
11 299 228 311 0.13594593 
846 117 197 249 0.13594593 
-32 31 242 306 0.115646794 
451 1 206 289 0.09015675 
863 3 197 272 0.08285364 
800 455 13 18 0.05879275 
832 279 209 315 0.05874174 
240 268 12 15 0.054176662 
819 472 18 22 0.054176662 
542 247 25 32 0.051466707 
431 84 6 7 0.049903784 
331 273 215 306 0.04931264 
49 -1 281 365 0.04931264 
264 384 215 311 0.045153897 
749 513 51 72 0.04326818 
547 399 206 280 0.03781825 
812 495 64 64 0.036325652 
479 228 183 260 0.034593605 
4 103 13 18 0.03293372 
39 439 253 276 0.03163486 
884 643 21 31 0.027884193 
487 240 60 66 0.027884185 
637 255 183 276 0.026434705 
879 461 17 23 0.02558696 
734 501 22 32 0.025519116 
725 290 186 272 0.024156325 
189 444 206 276 0.024156325 
619 121 215 284 0.024156325 
249 195 63 87 0.023349825 
347 632 25 37 0.023349825 
920 236 8 10 0.021603195 
546 671 14 19 0.021603195 
676 83 24 36 0.021360904 
550 433 74 107 0.021360904 
732 500 49 69 0.021360898 
346 658 27 38 0.021360898 
1 490 65 110 0.021360898 
792 371 178 249 0.020159906 
161 300 191 242 0.0201599 
