8_Election_Campain_Election_Campaign_8_120
30
451 145 249 635 0.9883244 
207 125 246 635 0.97107834 
325 136 281 704 0.94616723 
928 141 82 220 0.2511021 
577 180 222 590 0.2311026 
141 901 257 548 0.2150812 
387 597 261 617 0.14717786 
152 66 200 532 0.115646794 
400 27 235 548 0.1065206 
822 60 119 384 0.09015675 
553 602 225 459 0.076092646 
771 104 86 209 0.06655858 
39 312 249 626 0.064067975 
163 140 132 270 0.045153897 
784 49 249 599 0.045153886 
735 144 119 278 0.04133062 
715 51 188 509 0.03781825 
660 910 235 573 0.03781825 
197 146 74 154 0.036325645 
104 79 111 240 0.034593593 
260 370 78 159 0.033269096 
523 389 232 524 0.03163486 
570 149 151 402 0.03163486 
744 178 86 151 0.027884193 
918 1135 101 278 0.024156325 
433 1104 242 487 0.024156325 
570 905 222 565 0.024156325 
132 140 76 130 0.023349825 
456 859 215 494 0.022069868 
287 689 281 617 0.022069868 
