8_Election_Campain_Election_Campaign_8_252
426
141 449 79 97 0.9992494 
922 309 28 35 0.9990996 
896 296 16 21 0.9987368 
292 438 55 73 0.9977647 
108 421 14 18 0.9972487 
791 336 15 19 0.9970004 
876 312 16 18 0.9964348 
671 349 16 19 0.9945117 
853 301 13 17 0.99225557 
885 333 18 22 0.99080336 
414 393 25 33 0.9863452 
755 335 13 16 0.97839683 
843 326 20 23 0.9764871 
987 288 20 25 0.9764871 
87 454 17 22 0.95009613 
493 382 24 28 0.9439019 
825 350 17 26 0.9362244 
365 388 28 30 0.9211933 
648 348 14 18 0.9121234 
651 363 14 19 0.8135483 
609 366 15 17 0.7708736 
118 402 7 9 0.755209 
75 426 14 20 0.7388364 
949 313 16 27 0.7217721 
936 650 25 29 0.56787485 
913 305 9 12 0.56463194 
63 476 14 27 0.5432222 
706 355 9 11 0.4141967 
663 323 7 9 0.4141967 
676 374 12 18 0.35282937 
809 557 68 92 0.34582695 
406 87 212 246 0.32305852 
726 355 13 18 0.26116365 
777 351 8 11 0.26116365 
308 403 28 31 0.2511021 
571 353 22 26 0.2511021 
711 296 16 19 0.24479094 
294 376 7 10 0.24479094 
865 293 12 14 0.19995552 
642 346 12 18 0.19995552 
261 385 9 11 0.1864517 
282 390 12 17 0.1864517 
632 344 13 17 0.18645167 
979 180 16 22 0.18645167 
716 377 21 30 0.1753677 
176 115 23 29 0.1753677 
177 403 18 19 0.17366187 
738 337 9 10 0.17366186 
732 351 7 9 0.17366186 
863 100 194 273 0.17193554 
1010 278 12 20 0.16157512 
160 395 7 8 0.16157512 
225 378 6 8 0.15017675 
235 392 9 10 0.13944872 
1005 312 18 32 0.13928533 
835 244 13 15 0.1293704 
672 381 16 18 0.1293704 
100 413 9 12 0.12937039 
754 409 36 43 0.12872264 
75 415 15 21 0.111069925 
68 431 16 19 0.111069925 
365 464 28 44 0.109639935 
18 486 23 30 0.109639935 
147 394 6 7 0.10279763 
655 306 8 10 0.09507551 
268 395 6 9 0.09507551 
259 383 6 8 0.09507551 
207 401 7 10 0.09507551 
723 403 43 48 0.09308393 
847 333 23 27 0.09308393 
544 406 23 31 0.09308393 
355 389 24 29 0.09308393 
785 405 21 34 0.09308393 
790 364 9 11 0.08787667 
76 411 13 16 0.08787667 
101 408 6 8 0.08787667 
131 402 11 15 0.08787667 
779 393 19 29 0.07880669 
8 457 13 22 0.074940585 
842 287 7 10 0.074940585 
205 395 11 14 0.074940585 
178 390 5 6 0.07494057 
729 317 6 8 0.07494057 
728 450 30 39 0.072444364 
788 365 14 16 0.069149815 
681 370 12 17 0.0691498 
66 437 8 10 0.0691498 
470 376 16 20 0.0691498 
36 426 13 16 0.0691498 
45 482 30 41 0.06655858 
126 70 235 273 0.064067975 
284 0 281 257 0.064067975 
710 300 9 10 0.06377564 
270 399 7 10 0.06377564 
746 301 7 9 0.06377564 
145 393 6 7 0.06377564 
557 370 8 10 0.06377564 
828 229 14 17 0.06377564 
222 406 14 15 0.06377564 
768 397 23 32 0.06111947 
340 391 20 25 0.06111947 
776 445 25 34 0.06111947 
935 311 27 36 0.06111947 
542 390 21 29 0.06111947 
71 429 22 27 0.06111947 
838 318 8 11 0.05879275 
226 380 8 9 0.05879275 
843 318 14 16 0.05879275 
490 336 7 9 0.05879275 
770 350 13 18 0.05879275 
855 379 200 273 0.058741733 
225 386 7 8 0.054176662 
693 389 8 11 0.054176662 
39 424 8 10 0.054176662 
653 360 11 13 0.054176662 
114 400 7 10 0.054176662 
710 318 6 8 0.054176662 
934 289 17 20 0.054176662 
619 406 21 28 0.051466707 
36 452 23 26 0.051466707 
31 482 27 34 0.051466707 
441 398 12 17 0.04990379 
13 503 15 20 0.04990379 
26 461 16 24 0.04990379 
127 389 4 5 0.04990379 
300 394 9 11 0.04990379 
689 361 7 9 0.049903784 
400 402 15 21 0.049903784 
979 298 14 17 0.049903784 
246 402 7 9 0.049903784 
303 556 57 78 0.047198545 
259 438 60 70 0.047198545 
263 476 31 39 0.047198545 
173 127 30 37 0.047198545 
648 352 21 25 0.047198545 
842 316 9 11 0.04595155 
845 244 12 15 0.04595155 
207 416 8 9 0.04595155 
299 376 12 14 0.04595155 
647 334 7 8 0.04595155 
152 395 6 7 0.04595155 
302 379 16 19 0.045951538 
685 365 12 17 0.045951538 
279 357 7 10 0.045951538 
162 398 8 10 0.045951538 
184 392 14 17 0.045951538 
719 427 47 55 0.04326818 
554 380 26 27 0.04326818 
933 71 34 38 0.04326818 
28 444 24 28 0.04326818 
447 398 21 30 0.04326818 
2 451 14 25 0.04229837 
829 299 7 9 0.04229837 
288 391 11 15 0.04229837 
127 397 7 9 0.04229837 
529 336 8 10 0.04229837 
1 429 13 19 0.04229837 
855 345 17 22 0.04229837 
296 394 7 10 0.04229837 
264 378 7 8 0.04229837 
442 395 7 9 0.04229837 
613 370 17 22 0.04229837 
824 426 14 26 0.04229837 
769 515 90 142 0.04133061 
19 498 54 62 0.039651502 
31 428 20 25 0.039651494 
525 338 12 14 0.038923774 
654 318 7 10 0.038923774 
398 338 6 9 0.038923774 
657 318 12 14 0.038923774 
274 399 6 9 0.038923774 
97 411 8 11 0.038923774 
714 384 14 19 0.038923774 
619 363 14 19 0.038923774 
238 393 11 14 0.038923774 
520 0 16 13 0.038923774 
820 347 17 22 0.038923774 
519 345 13 15 0.038923774 
684 515 9 11 0.038923774 
962 245 8 10 0.038923774 
65 435 13 19 0.038923774 
1009 269 14 21 0.038923774 
253 470 20 26 0.038923774 
627 351 14 17 0.038923774 
632 554 50 76 0.036325652 
247 502 26 44 0.036325645 
280 389 9 10 0.035808332 
59 412 6 8 0.035808332 
765 327 7 9 0.035808332 
346 386 13 20 0.035808332 
113 405 8 11 0.035808332 
999 189 8 8 0.035808332 
716 342 7 8 0.035808332 
831 235 15 19 0.035808332 
554 409 23 26 0.035808332 
28 425 14 18 0.035808332 
559 368 13 15 0.035808332 
304 371 13 15 0.035808332 
463 140 14 18 0.035808332 
573 25 7 9 0.035808332 
126 403 7 10 0.035808332 
737 343 12 16 0.035808332 
735 372 10 11 0.035808332 
102 416 12 15 0.035808332 
983 175 8 9 0.035808332 
740 372 9 10 0.035808332 
445 475 69 96 0.033269096 
293 391 46 50 0.033269096 
628 405 21 30 0.033269096 
4 475 40 52 0.033269096 
292 403 23 26 0.033269096 
302 397 24 28 0.033269096 
564 362 24 26 0.033269096 
800 514 33 33 0.033269096 
431 392 23 29 0.033269096 
773 415 26 39 0.033269096 
32 474 15 23 0.03293372 
664 303 7 9 0.03293372 
177 406 10 11 0.03293372 
302 407 17 24 0.03293372 
720 369 6 8 0.032933712 
372 357 12 16 0.032933712 
277 369 5 7 0.032933712 
544 352 9 10 0.032933712 
588 22 6 7 0.032933712 
210 395 7 10 0.032933712 
621 355 7 9 0.032933712 
691 315 5 7 0.032933712 
402 368 22 24 0.030461604 
208 460 53 78 0.030461596 
378 390 24 32 0.030461596 
479 357 47 52 0.030461596 
531 373 40 50 0.030461596 
997 199 21 27 0.030461596 
5 498 13 19 0.030282615 
128 397 12 15 0.030282615 
215 392 7 9 0.030282615 
635 415 8 11 0.030282615 
590 408 15 22 0.030282615 
109 414 9 10 0.030282615 
123 504 16 22 0.030282615 
649 368 11 14 0.030282615 
175 390 5 6 0.030282615 
164 391 6 8 0.030282615 
82 423 9 14 0.030282615 
628 364 9 10 0.030282615 
706 303 8 11 0.030282615 
886 258 7 9 0.030282615 
147 411 7 11 0.030282615 
402 351 8 10 0.030282615 
496 346 9 10 0.030282615 
112 411 7 9 0.030282615 
75 410 9 11 0.030282615 
12 461 16 21 0.030282615 
377 359 6 9 0.030282615 
720 362 13 17 0.030282615 
351 385 8 11 0.030282615 
733 358 9 12 0.030282615 
488 -33 206 265 0.028921604 
720 415 27 41 0.027884193 
0 425 20 32 0.027884193 
19 470 22 26 0.027884193 
716 351 19 24 0.027884193 
341 334 21 27 0.027884193 
734 393 24 33 0.027884193 
764 384 22 26 0.027884193 
749 455 46 54 0.027884185 
36 485 51 60 0.027884185 
606 374 15 19 0.027838783 
220 398 14 16 0.027838783 
203 402 7 9 0.027838783 
1004 193 7 8 0.027838783 
641 347 8 11 0.027838783 
608 365 10 12 0.027838783 
723 356 8 12 0.027838783 
705 309 7 10 0.027838783 
959 233 6 7 0.027838783 
206 391 7 8 0.027838783 
220 390 7 9 0.027838778 
834 355 15 21 0.027838778 
385 330 12 16 0.027838778 
104 407 7 8 0.027838778 
714 317 7 9 0.027838778 
773 322 7 9 0.027838778 
157 397 6 8 0.027838778 
248 411 6 8 0.027838778 
679 419 8 10 0.027838778 
379 378 7 9 0.027838778 
544 4 6 7 0.027838778 
472 136 123 167 0.026434705 
162 402 9 10 0.02558696 
728 372 8 11 0.02558696 
702 348 13 16 0.02558696 
716 299 9 11 0.02558696 
786 391 15 22 0.02558696 
706 349 8 10 0.02558696 
469 380 10 12 0.02558696 
745 303 12 16 0.02558696 
493 336 12 15 0.02558696 
408 261 16 20 0.02558696 
772 315 5 7 0.02558696 
126 416 8 10 0.02558696 
279 362 7 9 0.02558696 
48 445 15 18 0.02558696 
295 389 11 16 0.02558696 
710 352 12 16 0.02558696 
625 360 8 10 0.02558696 
138 424 13 15 0.02558696 
620 381 12 18 0.02558696 
715 385 7 11 0.02558696 
703 352 8 10 0.02558696 
920 288 7 10 0.02558696 
403 402 8 11 0.02558696 
727 365 9 12 0.02558696 
181 390 6 7 0.02558696 
769 325 9 11 0.02558696 
246 405 8 10 0.02558696 
501 344 6 7 0.02558696 
743 179 44 64 0.025519116 
167 406 25 26 0.025519116 
310 418 32 37 0.025519116 
827 417 23 37 0.025519116 
993 294 23 31 0.025519116 
660 354 21 25 0.025519116 
348 452 40 62 0.025519116 
99 480 21 25 0.025519116 
358 214 107 117 0.024156325 
208 383 5 6 0.02351288 
654 343 13 17 0.02351288 
212 395 12 16 0.02351288 
258 379 6 8 0.02351288 
265 382 9 11 0.02351288 
753 406 21 24 0.02351288 
66 471 14 23 0.02351288 
147 397 7 8 0.02351288 
841 362 8 12 0.02351288 
369 428 6 7 0.02351288 
783 361 13 17 0.02351288 
604 370 9 12 0.02351288 
625 352 7 9 0.02351288 
109 400 10 14 0.02351288 
189 390 8 9 0.02351288 
204 389 6 8 0.02351288 
226 388 8 11 0.02351288 
309 383 14 18 0.02351288 
371 384 17 23 0.02351288 
442 380 12 15 0.02351288 
439 388 12 17 0.02351288 
187 387 6 7 0.02351288 
58 412 12 17 0.02351288 
82 418 9 12 0.02351288 
1000 284 17 21 0.02351288 
842 276 8 11 0.02351288 
673 363 16 22 0.02351288 
577 27 6 7 0.02351288 
371 334 6 7 0.02351288 
476 338 6 9 0.02351288 
623 354 13 17 0.02351288 
202 412 13 16 0.02351288 
183 406 10 11 0.02351288 
151 410 8 11 0.02351288 
145 275 26 30 0.023349825 
480 371 25 29 0.023349825 
563 337 40 49 0.023349825 
182 459 59 82 0.023349825 
488 332 23 25 0.023349825 
877 317 20 25 0.023349825 
176 142 30 33 0.023349825 
477 331 23 26 0.023349825 
452 91 20 24 0.023349825 
118 480 49 69 0.023349825 
232 480 43 71 0.023349825 
688 359 12 16 0.021603195 
157 392 7 9 0.021603195 
766 355 14 19 0.021603195 
425 358 6 9 0.021603195 
369 363 7 9 0.021603195 
194 391 6 7 0.021603195 
771 317 7 10 0.021603195 
682 383 8 12 0.021603195 
651 317 7 10 0.021603195 
189 389 13 17 0.021603195 
759 330 12 15 0.021603195 
846 349 20 23 0.021603195 
579 426 14 19 0.021603195 
938 218 14 18 0.021603195 
303 388 10 12 0.021603195 
117 408 8 10 0.021603195 
313 383 7 8 0.021603195 
1002 210 6 8 0.021603195 
766 351 7 9 0.021603195 
27 484 9 11 0.021603195 
394 335 11 15 0.021603195 
899 242 8 9 0.021603195 
653 372 11 13 0.021603195 
959 258 7 9 0.021603195 
373 324 7 9 0.021603195 
921 284 13 17 0.021603195 
207 387 6 7 0.021603195 
368 349 9 10 0.021603195 
271 396 12 16 0.021603195 
26 484 17 22 0.021603195 
963 237 6 7 0.021603195 
604 532 5 6 0.021603195 
262 391 8 11 0.021603195 
925 285 18 22 0.021603195 
607 381 8 10 0.021603195 
290 414 19 22 0.021603195 
815 343 15 20 0.021603195 
646 343 8 10 0.021603195 
959 250 13 17 0.021603195 
199 387 5 7 0.021603195 
774 392 35 54 0.021360904 
757 450 32 34 0.021360898 
387 338 23 28 0.021360898 
440 332 51 52 0.021360898 
537 493 27 40 0.021360898 
784 435 23 34 0.021360898 
387 243 67 69 0.021360898 
286 394 23 25 0.021360898 
131 202 46 70 0.021360898 
6 248 21 32 0.021360898 
791 387 21 29 0.021360898 
755 381 22 26 0.021360898 
881 91 121 180 0.0201599 
148 170 126 158 0.0201599 
