8_Election_Campain_Election_Campaign_8_173
48
226 37 206 298 0.9996793 
722 127 191 277 0.9943938 
651 97 186 289 0.6968242 
516 238 203 285 0.3864298 
496 -26 222 307 0.28400344 
155 -3 186 289 0.26558137 
324 -28 188 293 0.24794048 
399 473 191 298 0.13594593 
19 -60 194 257 0.13594593 
744 406 194 289 0.1254451 
447 -1 109 183 0.12544508 
588 -2 206 345 0.09803478 
224 99 80 134 0.09308395 
217 467 239 372 0.08285364 
406 25 64 92 0.056098126 
28 527 209 285 0.04931264 
320 483 191 298 0.04931264 
377 620 55 74 0.047198545 
350 154 41 47 0.047198545 
309 253 178 269 0.04133061 
483 13 134 197 0.04133061 
154 288 69 95 0.039651494 
425 188 46 69 0.039651494 
130 675 101 132 0.03781825 
689 308 197 285 0.034593593 
617 446 24 37 0.033269096 
754 365 25 52 0.033269096 
847 117 57 85 0.033269096 
77 -10 197 257 0.03163486 
25 183 215 307 0.03163486 
359 418 121 246 0.03163486 
876 59 103 180 0.03163486 
551 298 130 175 0.028921604 
332 145 69 82 0.027884193 
493 514 112 197 0.026434705 
226 429 85 167 0.026434705 
417 312 100 162 0.026434705 
663 330 119 183 0.024156325 
184 332 100 153 0.024156325 
648 62 27 41 0.023349825 
860 139 34 52 0.023349825 
796 585 75 125 0.023349825 
637 340 17 24 0.021603195 
959 77 17 24 0.021603195 
55 369 65 92 0.021360904 
750 343 54 79 0.021360898 
418 59 69 113 0.021360898 
212 680 123 134 0.0201599 
