8_Election_Campain_Election_Campaign_8_452
62
422 386 53 69 0.9990138 
971 393 46 68 0.9985812 
788 321 86 102 0.9985812 
647 289 71 80 0.9953797 
361 403 40 61 0.98957527 
76 449 41 48 0.98751885 
152 445 49 59 0.9695384 
584 351 50 68 0.12872262 
321 380 14 19 0.11991897 
598 357 30 39 0.08567618 
266 256 206 261 0.06984133 
375 398 52 68 0.06655858 
59 432 44 54 0.06111947 
341 387 50 73 0.06111947 
403 487 23 26 0.056098126 
854 459 246 307 0.053832814 
113 456 30 36 0.051466707 
477 553 37 44 0.051466707 
341 391 15 22 0.04595155 
24 428 16 19 0.045951538 
59 431 25 33 0.04326818 
747 471 46 70 0.04326818 
677 321 58 68 0.04326818 
118 448 45 55 0.04326818 
10 488 31 40 0.039651502 
478 531 67 64 0.039651502 
221 402 242 294 0.03781825 
548 340 65 86 0.036325652 
468 114 21 31 0.036325652 
144 459 31 39 0.036325645 
65 426 6 7 0.035808332 
65 412 5 6 0.035808332 
754 203 235 257 0.034593593 
94 447 48 58 0.033269096 
1 461 48 70 0.033269096 
211 547 23 30 0.030461596 
21 424 28 31 0.030461596 
-12 262 249 340 0.028921604 
132 128 242 294 0.028921604 
728 351 30 44 0.027884193 
245 422 28 43 0.027884193 
279 269 14 20 0.027838778 
-3 84 257 307 0.026434705 
66 432 14 20 0.02558696 
58 465 8 11 0.02558696 
59 407 5 6 0.02558696 
916 594 39 39 0.025519116 
300 357 90 126 0.024156325 
219 553 7 9 0.02351288 
707 548 25 37 0.023349825 
984 537 28 35 0.023349825 
32 427 7 8 0.0216032 
0 337 6 8 0.021603195 
710 354 15 19 0.021603195 
28 428 9 10 0.021603195 
679 507 58 56 0.021360898 
207 544 44 66 0.021360898 
775 311 60 91 0.021360898 
400 397 56 70 0.021360898 
72 222 249 307 0.0201599 
628 295 103 128 0.0201599 
-8 401 87 125 0.0201599 
