8_Election_Campain_Election_Campaign_8_266
27
306 90 106 229 0.99883074 
633 217 94 186 0.94616723 
511 480 225 486 0.59142894 
701 418 206 516 0.45389685 
602 444 218 501 0.17193554 
874 892 80 193 0.15056497 
103 865 126 277 0.14717786 
63 787 209 432 0.14717786 
-1 310 228 508 0.12544508 
710 770 203 413 0.09803478 
290 145 212 458 0.076092646 
676 206 116 261 0.064067975 
491 188 56 124 0.06111947 
622 181 212 445 0.05874174 
820 859 104 239 0.053832818 
59 469 136 308 0.04133061 
448 333 232 516 0.04133061 
256 44 160 396 0.04133061 
388 109 206 452 0.03781825 
519 23 225 508 0.03163486 
568 275 25 52 0.027884193 
1 54 116 273 0.026434705 
90 395 215 493 0.024156325 
365 741 65 165 0.021360904 
117 897 83 162 0.021360898 
277 104 88 199 0.021360898 
221 425 35 74 0.021360898 
