8_Election_Campain_Election_Campaign_8_347
84
215 132 27 46 0.9944617 
754 167 23 37 0.99047405 
922 586 13 18 0.9832598 
24 571 11 19 0.9308502 
178 562 10 18 0.86055124 
79 295 132 194 0.52310073 
1010 572 11 20 0.3933377 
960 586 9 13 0.35282937 
291 446 130 197 0.26558137 
887 575 14 19 0.13944872 
20 576 18 26 0.12872264 
475 582 8 15 0.11991897 
734 190 116 183 0.115646794 
747 243 71 113 0.109639935 
24 589 111 158 0.1065206 
965 579 13 17 0.102797605 
852 573 10 17 0.08787667 
1005 559 19 35 0.06111947 
106 243 235 321 0.053832814 
-4 193 222 307 0.053832814 
171 566 18 26 0.051466707 
56 589 62 102 0.051466707 
929 560 16 23 0.04990379 
961 613 63 125 0.047198545 
1000 641 7 10 0.04595155 
964 586 13 16 0.04595155 
598 336 188 269 0.045153886 
803 21 54 71 0.04326818 
780 679 28 44 0.04326818 
262 316 253 346 0.04133061 
879 577 17 23 0.038923774 
479 581 12 19 0.038923774 
774 115 218 326 0.03781825 
136 289 144 206 0.03781825 
34 628 53 75 0.036325652 
470 587 12 16 0.035808332 
913 594 7 10 0.035808332 
1010 570 7 10 0.032933712 
108 518 18 23 0.032933712 
15 584 19 26 0.032933712 
150 689 17 23 0.032933712 
336 474 206 298 0.03163486 
174 5 194 277 0.03163486 
402 295 242 307 0.03163486 
397 54 54 85 0.030461596 
316 463 69 108 0.030461596 
-1 607 12 26 0.030282615 
43 606 23 29 0.030282615 
966 630 12 16 0.030282615 
929 554 14 18 0.030282615 
168 564 9 13 0.030282615 
321 515 116 212 0.028921604 
361 598 61 117 0.027884193 
666 298 58 76 0.027884193 
1005 642 6 9 0.027838783 
134 266 6 9 0.027838783 
915 588 8 11 0.027838783 
15 572 8 13 0.027838783 
148 565 7 9 0.027838778 
712 240 212 289 0.026434705 
699 118 197 285 0.026434705 
137 569 7 10 0.02558696 
956 591 11 16 0.02558696 
147 569 9 12 0.02558696 
20 573 8 13 0.02558696 
174 564 9 13 0.02558696 
91 68 56 78 0.025519116 
38 599 18 26 0.02351288 
58 575 5 8 0.02351288 
896 577 9 14 0.02351288 
585 95 32 46 0.023349825 
417 549 228 331 0.022069868 
251 537 106 140 0.022069868 
114 77 285 406 0.022069868 
512 619 4 6 0.021603195 
182 562 14 20 0.021603195 
933 614 12 17 0.021603195 
144 566 6 8 0.021603195 
699 219 53 70 0.021360904 
303 619 24 39 0.021360904 
13 600 21 32 0.021360898 
198 136 32 44 0.021360898 
16 352 228 273 0.020159906 
688 246 91 114 0.0201599 
