8_Election_Campain_Election_Campaign_8_300
26
85 57 119 173 0.9997335 
581 70 130 203 0.9995359 
710 445 128 189 0.999491 
224 469 116 156 0.99883074 
329 34 100 144 0.5461031 
351 49 16 24 0.47834834 
866 116 206 273 0.2150812 
194 466 183 273 0.09015675 
379 235 302 269 0.08285364 
143 91 188 232 0.06984133 
549 281 132 186 0.053832818 
224 187 71 97 0.04326818 
360 198 126 180 0.04133061 
253 225 253 303 0.04133061 
180 252 218 298 0.03781825 
228 348 212 307 0.03781825 
-5 500 128 206 0.03781825 
313 -25 206 298 0.034593593 
333 67 16 26 0.032933712 
403 158 191 277 0.03163486 
3 155 269 316 0.028921604 
333 399 31 37 0.027884193 
588 192 228 285 0.026434705 
570 441 33 47 0.025519116 
741 68 261 257 0.02415633 
587 416 29 39 0.023349825 
