8_Election_Campain_Election_Campaign_8_218
88
432 319 59 78 0.9995652 
536 340 51 59 0.99870443 
839 243 93 140 0.9983083 
673 547 59 79 0.9982981 
178 376 79 101 0.9982981 
789 252 59 74 0.9977647 
158 340 39 45 0.9973194 
603 341 43 52 0.9933628 
692 333 50 59 0.99047405 
120 280 50 73 0.9821322 
399 338 27 37 0.7815747 
279 326 69 89 0.76563126 
69 309 64 91 0.6744751 
412 327 49 63 0.43212515 
89 287 67 88 0.43212515 
803 240 97 116 0.3864298 
647 434 29 33 0.188928 
758 491 119 186 0.17193554 
187 143 212 277 0.13594593 
287 292 34 44 0.12872264 
474 561 21 26 0.12872264 
618 362 228 340 0.115646794 
646 447 12 16 0.10279763 
512 537 83 119 0.09308393 
267 347 46 58 0.07244435 
254 380 31 37 0.06655858 
156 348 57 73 0.06655858 
231 371 51 69 0.06111947 
136 305 46 56 0.06111947 
256 385 19 20 0.05879275 
721 338 218 273 0.05874174 
53 182 24 31 0.056098126 
572 292 32 41 0.056098126 
241 336 9 10 0.054176662 
273 366 12 18 0.04990379 
341 -11 235 265 0.04931264 
723 336 106 170 0.04931264 
476 339 29 41 0.047198545 
734 277 55 75 0.047198545 
22 296 15 20 0.045951538 
738 314 31 44 0.04326818 
466 103 29 32 0.04326818 
303 323 22 27 0.04229837 
613 655 40 30 0.039651502 
239 314 23 30 0.039651494 
868 424 55 69 0.036325652 
726 330 68 104 0.036325652 
282 303 54 74 0.036325645 
242 315 5 7 0.035808332 
359 192 28 34 0.033269096 
618 575 54 76 0.033269096 
677 264 22 18 0.032933712 
232 506 121 194 0.03163486 
796 242 183 246 0.03163486 
270 361 28 35 0.030461604 
641 562 59 76 0.030461596 
957 20 64 52 0.027884193 
739 7 55 86 0.027884185 
580 323 6 8 0.027838783 
465 566 14 19 0.027838778 
80 498 114 180 0.026434705 
527 1 112 116 0.026434705 
2 276 46 64 0.025519116 
842 387 62 59 0.025519116 
159 374 63 82 0.025519116 
253 364 52 67 0.025519116 
675 379 25 34 0.025519116 
596 642 39 38 0.025519116 
578 646 26 34 0.025519116 
506 3 62 60 0.025519116 
649 61 206 298 0.024156325 
75 180 7 9 0.02351288 
273 366 6 8 0.02351288 
600 624 57 61 0.023349825 
666 265 43 30 0.023349825 
731 312 25 36 0.023349825 
291 314 31 41 0.023349825 
676 352 48 58 0.023349825 
35 154 54 63 0.023349825 
30 471 215 285 0.022069868 
854 277 114 144 0.022069868 
66 186 18 21 0.021603195 
246 316 8 10 0.021603195 
153 421 17 25 0.021603195 
466 546 41 52 0.021360904 
636 440 27 30 0.021360898 
716 500 100 165 0.0201599 
42 217 111 134 0.0201599 
