20_Family_Group_Family_Group_20_326
112
861 201 27 34 0.9996979 
703 222 34 42 0.9996031 
149 214 32 40 0.99937433 
345 237 25 32 0.99891996 
436 234 26 33 0.99870443 
395 249 23 30 0.99870443 
218 223 29 35 0.99813616 
630 196 38 46 0.9977647 
816 226 25 30 0.9975521 
452 278 22 27 0.99706453 
805 290 23 28 0.9964803 
870 336 22 27 0.9949414 
423 378 20 24 0.9945117 
514 250 22 27 0.9695384 
468 49 206 245 0.13594593 
429 352 8 9 0.111069925 
239 146 4 5 0.08117401 
747 422 19 24 0.07494057 
525 -25 191 256 0.06984133 
455 365 257 256 0.06984133 
202 150 5 6 0.0691498 
333 498 32 39 0.06655858 
388 470 109 128 0.064067975 
20 389 98 119 0.058741733 
84 43 114 128 0.053832814 
597 0 123 157 0.04931264 
695 514 8 9 0.045951538 
166 147 4 4 0.045951538 
713 66 69 99 0.04326818 
194 254 16 19 0.04229837 
280 128 4 5 0.04229837 
425 356 14 18 0.04229837 
191 486 6 9 0.04229837 
5 339 104 121 0.03781825 
161 -36 228 264 0.03781825 
199 45 132 148 0.03781825 
622 283 68 98 0.036325652 
166 149 5 5 0.035808332 
255 145 4 5 0.035808332 
700 499 18 21 0.035808332 
173 45 5 6 0.03293372 
256 113 4 5 0.03293372 
15 21 6 7 0.032933712 
30 41 4 5 0.032933712 
12 163 4 4 0.032933712 
214 137 4 5 0.032933712 
180 148 4 5 0.032933712 
35 75 106 124 0.03163486 
618 415 228 253 0.03163486 
255 150 4 4 0.030282615 
877 146 7 9 0.030282615 
246 121 4 5 0.030282615 
89 398 4 5 0.030282615 
209 132 5 5 0.027838783 
63 383 4 4 0.027838783 
242 161 4 5 0.027838783 
382 352 7 10 0.027838783 
3 91 7 9 0.027838783 
260 150 4 4 0.027838778 
200 376 13 16 0.027838778 
176 113 6 7 0.027838778 
55 79 6 7 0.027838778 
760 390 261 206 0.02643471 
390 338 7 8 0.02558696 
0 512 5 9 0.02558696 
16 60 4 5 0.02558696 
44 415 4 5 0.02558696 
260 153 4 5 0.02558696 
582 337 64 94 0.025519116 
79 451 114 142 0.024156325 
209 129 5 6 0.02351288 
238 148 5 6 0.02351288 
68 382 5 5 0.02351288 
208 126 4 4 0.02351288 
79 427 5 5 0.02351288 
66 102 15 17 0.02351288 
414 398 6 7 0.02351288 
194 45 6 7 0.02351288 
85 422 5 6 0.02351288 
106 23 5 5 0.02351288 
877 467 7 7 0.02351288 
42 60 4 5 0.02351288 
182 137 4 4 0.02351288 
274 133 4 5 0.02351288 
264 170 4 4 0.02351288 
217 121 4 4 0.02351288 
196 108 5 5 0.02351288 
751 397 30 37 0.023349825 
250 15 239 280 0.022069868 
-2 266 106 136 0.022069868 
568 274 107 160 0.022069868 
231 97 121 144 0.022069868 
236 291 215 293 0.022069868 
136 46 130 132 0.022069868 
102 509 4 4 0.021603195 
72 394 5 6 0.021603195 
9 370 4 4 0.021603195 
188 146 4 5 0.021603195 
13 64 5 5 0.021603195 
232 114 4 5 0.021603195 
243 136 4 5 0.021603195 
267 129 4 5 0.021603195 
269 170 4 4 0.021603195 
213 142 4 5 0.021603195 
246 138 4 4 0.021603195 
11 43 4 4 0.021603195 
602 57 4 5 0.021603195 
158 7 4 4 0.021603195 
278 126 4 5 0.021603195 
285 120 5 6 0.021603195 
569 445 128 155 0.020159906 
166 352 180 235 0.0201599 
