20_Family_Group_Family_Group_20_799
121
908 447 76 161 0.97448087 
540 141 82 191 0.9721158 
116 609 64 143 0.9567318 
134 610 76 194 0.9275556 
506 335 138 361 0.71599656 
471 136 222 605 0.24794048 
398 357 18 41 0.19995552 
424 340 18 43 0.16157512 
292 357 8 26 0.16157512 
985 415 35 117 0.12872264 
112 9 111 330 0.115646794 
447 333 25 68 0.109639935 
56 799 218 530 0.1065206 
534 213 14 36 0.09507551 
654 -30 218 642 0.09015675 
163 406 30 94 0.08567616 
335 894 183 530 0.076092646 
138 713 203 562 0.076092646 
254 344 5 14 0.074940585 
657 470 29 85 0.072444364 
304 345 5 13 0.0691498 
431 349 9 22 0.0691498 
210 350 6 17 0.0691498 
385 961 100 383 0.064067975 
190 339 8 20 0.06377564 
193 345 7 20 0.06377564 
360 362 8 22 0.06377564 
1006 348 17 55 0.05879275 
388 -3 222 623 0.05874174 
409 750 116 340 0.05874174 
391 347 29 72 0.056098126 
843 530 149 400 0.053832818 
679 42 134 377 0.053832814 
367 619 194 570 0.053832814 
380 365 68 188 0.051466707 
414 339 19 48 0.04990379 
234 333 5 13 0.04990379 
188 336 5 13 0.049903784 
941 411 70 164 0.047198545 
618 230 218 562 0.045153897 
149 384 32 88 0.04326818 
642 467 51 138 0.04326818 
991 7 18 50 0.04229837 
275 358 6 20 0.04229837 
197 346 7 20 0.04229837 
509 1024 104 293 0.04133061 
709 775 112 293 0.04133061 
384 332 49 123 0.039651502 
662 849 128 277 0.03781825 
132 -46 218 530 0.03781825 
842 678 75 239 0.036325652 
817 400 23 68 0.036325652 
145 381 48 179 0.036325652 
508 293 28 68 0.036325645 
128 378 32 88 0.036325645 
847 358 12 29 0.035808332 
468 345 6 18 0.035808332 
416 381 7 22 0.035808332 
301 345 8 22 0.035808332 
390 360 14 32 0.035808332 
202 372 6 16 0.035808332 
910 469 103 350 0.034593593 
-21 73 228 632 0.034593593 
398 748 28 67 0.033269096 
216 349 5 17 0.032933712 
295 349 8 26 0.032933712 
289 352 8 23 0.032933712 
208 359 6 18 0.032933712 
567 346 121 321 0.03163486 
516 800 87 281 0.028921604 
550 732 116 335 0.028921604 
528 462 92 212 0.027884193 
220 375 5 16 0.027838783 
352 349 6 17 0.027838783 
237 334 5 14 0.027838783 
231 335 4 12 0.027838783 
733 15 232 681 0.02643471 
338 294 109 316 0.026434705 
268 379 5 14 0.02558696 
193 337 13 33 0.02558696 
647 45 6 18 0.02558696 
218 372 5 16 0.02558696 
207 371 5 16 0.02558696 
87 992 71 167 0.025519116 
167 385 45 136 0.025519116 
415 342 28 71 0.025519116 
373 277 25 67 0.025519116 
118 240 25 71 0.025519116 
697 1246 123 242 0.024156325 
463 788 95 335 0.024156325 
114 439 111 355 0.024156325 
161 2 123 345 0.024156325 
199 377 7 19 0.02351288 
233 338 6 16 0.02351288 
202 348 7 20 0.02351288 
265 315 5 14 0.02351288 
373 357 8 23 0.02351288 
843 364 6 16 0.02351288 
284 356 12 30 0.02351288 
403 343 19 46 0.02351288 
279 357 7 21 0.02351288 
65 76 32 94 0.023349825 
173 330 25 58 0.023349825 
443 308 42 111 0.023349825 
279 164 180 562 0.022069868 
395 604 116 355 0.022069868 
361 356 6 17 0.0216032 
67 189 5 15 0.021603195 
257 361 7 19 0.021603195 
297 343 6 18 0.021603195 
379 355 14 35 0.021603195 
356 353 6 17 0.021603195 
458 332 16 43 0.021603195 
274 349 10 34 0.021603195 
184 340 13 32 0.021603195 
50 239 6 15 0.021603195 
828 453 29 78 0.021360898 
530 1099 68 179 0.021360898 
94 139 24 67 0.021360898 
549 6 191 499 0.0201599 
81 121 126 400 0.0201599 
