20_Family_Group_Family_Group_20_1026
57
674 217 70 146 0.9964803 
204 438 52 104 0.99129593 
370 271 55 106 0.98859274 
470 456 68 128 0.98859274 
594 237 43 85 0.96367437 
221 204 80 128 0.8712774 
210 806 144 343 0.6135702 
314 734 218 462 0.26558137 
770 409 109 301 0.24794048 
862 457 33 72 0.1753677 
148 582 106 305 0.13594593 
350 827 140 260 0.13594593 
681 223 100 252 0.13594593 
731 569 98 241 0.12544508 
567 719 188 476 0.090156734 
500 941 128 314 0.08285364 
151 548 180 483 0.076092646 
392 621 95 171 0.07244435 
221 860 80 206 0.06655857 
618 167 197 435 0.053832818 
207 629 225 585 0.053832814 
343 317 32 64 0.051466707 
403 746 209 497 0.04931264 
459 400 209 410 0.04931264 
725 377 71 151 0.047198545 
773 688 48 67 0.047198545 
558 468 60 139 0.047198545 
306 134 16 32 0.045951538 
723 388 194 483 0.045153897 
420 824 111 267 0.045153897 
756 653 76 108 0.04326818 
780 227 246 620 0.04133061 
251 489 58 123 0.039651502 
405 836 95 154 0.039651502 
622 478 30 64 0.039651502 
361 204 82 188 0.03781825 
792 481 73 174 0.036325652 
351 566 62 113 0.036325652 
341 800 85 141 0.036325652 
359 304 37 72 0.036325645 
488 452 94 227 0.034593605 
728 327 134 292 0.034593593 
310 115 28 42 0.030461604 
223 450 53 109 0.030461596 
368 604 67 111 0.030461596 
356 309 67 146 0.027884193 
549 49 209 490 0.026434705 
368 816 97 154 0.025519116 
213 911 273 387 0.024156325 
518 477 126 267 0.024156325 
646 142 107 252 0.024156325 
943 55 74 177 0.023349825 
628 450 55 123 0.023349825 
284 529 55 132 0.023349825 
360 660 128 267 0.022069868 
837 442 62 128 0.021360893 
240 411 222 455 0.0201599 
