20_Family_Group_Family_Group_20_427
38
823 87 51 71 0.9996692 
91 157 51 61 0.9996031 
362 162 43 56 0.99678564 
240 180 43 44 0.993937 
731 266 42 45 0.9927347 
578 215 41 51 0.99129593 
460 347 42 48 0.98859274 
239 231 37 42 0.5 
177 251 191 281 0.13594593 
528 484 53 63 0.10106142 
513 124 239 298 0.09803478 
233 194 47 58 0.08567618 
689 437 212 265 0.08285364 
606 283 27 33 0.07880669 
482 456 212 298 0.076092646 
147 479 67 88 0.07244435 
142 35 242 311 0.06984133 
647 502 123 175 0.05874174 
558 502 15 20 0.054176662 
551 434 265 285 0.053832818 
884 428 175 261 0.045153886 
470 467 25 30 0.04326818 
254 201 44 56 0.04326818 
552 480 13 19 0.04229837 
107 441 225 285 0.04133061 
546 495 28 35 0.036325645 
896 401 67 101 0.036325645 
210 375 215 298 0.034593593 
259 408 57 71 0.030461596 
932 472 91 178 0.028921604 
356 276 95 132 0.028921604 
975 79 49 117 0.027884193 
660 483 60 82 0.027884185 
561 505 8 10 0.027838783 
546 476 27 37 0.025519116 
325 422 21 28 0.02351288 
272 197 41 68 0.023349825 
871 145 106 167 0.0201599 
