20_Family_Group_Family_Group_20_636
119
883 98 22 18 0.95280147 
945 67 20 18 0.9211933 
190 130 20 21 0.8989386 
621 108 18 17 0.8972024 
509 107 16 14 0.88893 
300 91 16 15 0.8135483 
834 83 20 19 0.79672164 
730 109 20 17 0.79672164 
464 103 17 16 0.7217721 
806 82 18 17 0.56463194 
345 102 18 17 0.3728605 
664 120 15 14 0.29596066 
187 22 95 89 0.26558137 
711 85 20 16 0.2511021 
902 141 79 60 0.23436876 
565 169 14 18 0.2141799 
904 133 20 19 0.188928 
491 115 20 16 0.188928 
165 192 265 168 0.17193554 
477 126 13 15 0.13944872 
507 91 9 7 0.1293704 
55 356 7 5 0.111069925 
231 117 11 13 0.102797605 
510 80 8 6 0.09507551 
146 54 25 23 0.09308393 
219 101 13 11 0.08787667 
137 359 8 7 0.08787667 
309 83 23 19 0.08567618 
363 109 25 18 0.07880669 
579 162 21 18 0.07244435 
221 43 225 192 0.06984133 
316 132 235 181 0.06984132 
29 99 101 94 0.06984132 
469 119 20 17 0.06655858 
933 106 25 18 0.06111947 
800 135 24 22 0.06111947 
271 116 16 16 0.05879275 
547 97 20 19 0.056098126 
711 149 15 12 0.054176662 
283 206 246 178 0.053832818 
303 266 281 183 0.053832814 
441 20 98 80 0.053832814 
-31 66 203 189 0.04931264 
466 217 228 173 0.04931264 
179 38 62 57 0.047198545 
126 44 46 41 0.047198545 
531 89 7 6 0.04595155 
53 78 7 7 0.04229837 
711 -7 200 156 0.04133061 
448 59 197 168 0.04133061 
482 17 104 90 0.03781825 
178 130 23 21 0.036325645 
11 85 8 7 0.035808332 
11 82 14 12 0.035808332 
134 37 91 71 0.034593605 
404 108 23 19 0.033269096 
259 104 15 14 0.03293372 
34 356 7 5 0.03293372 
229 116 8 9 0.032933712 
228 22 119 96 0.03163486 
5 18 48 48 0.030461596 
877 130 22 19 0.030461596 
841 87 21 18 0.030461596 
270 391 27 20 0.030461596 
145 42 49 41 0.030461596 
851 127 20 19 0.030461596 
237 117 12 12 0.030282615 
792 120 12 13 0.030282615 
488 110 19 15 0.030282615 
194 127 16 15 0.030282615 
430 119 16 14 0.030282615 
152 51 8 7 0.030282615 
714 251 246 203 0.028921604 
680 169 26 19 0.027884193 
271 387 46 37 0.027884185 
467 110 21 18 0.027884185 
289 61 53 43 0.027884185 
508 153 23 23 0.027884185 
300 96 10 9 0.027838778 
197 106 12 12 0.027838778 
628 -1 21 12 0.027838778 
-40 149 285 197 0.026434705 
162 294 225 170 0.026434705 
274 38 119 106 0.026434705 
5 85 14 10 0.02558696 
774 131 16 16 0.02558696 
528 105 7 5 0.02558696 
481 129 17 13 0.02558696 
203 80 7 6 0.02558696 
959 14 65 47 0.025519116 
752 92 26 19 0.025519116 
457 403 37 19 0.025519116 
573 153 40 34 0.025519116 
465 150 28 23 0.025519116 
392 123 130 138 0.024156325 
166 137 16 19 0.02351288 
280 117 14 14 0.02351288 
69 356 6 5 0.02351288 
443 96 6 5 0.02351288 
501 109 18 15 0.02351288 
193 53 30 29 0.023349825 
395 31 83 65 0.023349825 
898 135 49 44 0.023349825 
844 120 36 34 0.023349825 
35 37 194 168 0.022069868 
716 90 11 9 0.021603195 
494 93 12 10 0.021603195 
43 89 13 11 0.021603195 
189 72 8 7 0.021603195 
907 139 30 24 0.021360904 
608 156 56 45 0.021360904 
866 131 20 19 0.021360898 
300 70 32 25 0.021360898 
33 85 22 17 0.021360898 
999 349 17 16 0.021360898 
798 128 22 20 0.021360898 
915 105 23 18 0.021360898 
565 161 25 21 0.021360898 
828 130 23 22 0.021360898 
