20_Family_Group_Family_Group_20_412
63
256 151 64 99 0.9996031 
409 158 65 100 0.9996031 
663 270 55 89 0.9982981 
771 303 197 317 0.8408331 
400 93 212 336 0.3864298 
84 716 69 106 0.36670664 
731 464 273 407 0.18550259 
743 467 15 22 0.16157512 
741 56 232 351 0.13594593 
109 290 65 94 0.12872264 
12 11 67 108 0.118850335 
84 448 53 91 0.118850335 
73 482 51 83 0.118850335 
273 340 242 413 0.115646794 
574 56 249 395 0.09803478 
591 487 235 401 0.09015675 
62 374 209 281 0.09015675 
275 38 114 229 0.076092646 
38 443 54 92 0.07244435 
351 551 74 125 0.06111947 
101 428 73 83 0.056098126 
96 454 30 48 0.051466707 
76 428 112 163 0.04931264 
58 469 32 60 0.047198545 
47 450 34 55 0.04326818 
73 747 34 54 0.04326818 
169 665 119 189 0.04133062 
98 600 218 351 0.04133061 
318 306 59 92 0.039651502 
829 293 64 104 0.039651502 
149 418 64 109 0.039651502 
823 196 69 106 0.039651502 
85 332 62 95 0.039651494 
72 495 31 57 0.039651494 
681 460 14 21 0.038923774 
527 -3 206 336 0.03781825 
822 256 117 222 0.034593605 
262 212 242 326 0.034593593 
791 104 75 86 0.033269096 
58 645 111 212 0.03163486 
26 469 273 294 0.03163486 
389 430 31 41 0.030461604 
224 -17 209 331 0.028921604 
90 485 59 108 0.027884193 
460 171 116 200 0.026434705 
47 492 57 82 0.025519116 
640 453 69 83 0.025519116 
96 734 43 67 0.025519116 
737 462 26 37 0.025519116 
623 410 119 138 0.024156325 
201 54 17 28 0.02351288 
235 315 65 83 0.023349825 
328 323 34 53 0.023349825 
475 163 64 92 0.023349825 
143 563 68 70 0.023349825 
575 416 55 80 0.023349825 
125 282 228 384 0.022069868 
484 546 197 362 0.022069868 
499 492 16 26 0.021603195 
718 83 68 102 0.021360904 
823 101 73 92 0.021360898 
713 540 41 52 0.021360898 
105 389 26 48 0.021360898 
