20_Family_Group_Family_Group_20_100
41
498 173 76 97 0.99979013 
303 155 69 92 0.99979013 
163 149 68 91 0.99979013 
874 37 98 139 0.9997335 
688 191 76 104 0.99931467 
753 467 89 122 0.93593204 
620 477 36 40 0.268611 
127 377 74 61 0.2032784 
212 256 31 40 0.188928 
712 440 103 157 0.15916684 
745 283 265 263 0.14717786 
733 143 232 292 0.12544508 
967 97 26 36 0.072444364 
144 125 6 7 0.054176662 
32 -7 239 279 0.045153897 
909 506 73 64 0.04326818 
634 473 34 38 0.04326818 
769 425 114 127 0.04133062 
637 488 34 38 0.039651494 
138 381 94 104 0.03781825 
747 430 76 110 0.036325652 
848 471 116 112 0.034593593 
112 388 52 63 0.033269096 
951 85 45 60 0.027884185 
659 516 16 20 0.027838778 
520 432 59 74 0.025519116 
364 452 242 283 0.024156325 
465 275 206 267 0.024156325 
137 380 41 42 0.023349825 
843 191 183 283 0.022069868 
188 388 90 113 0.022069868 
142 123 11 13 0.021603195 
935 511 68 76 0.021360904 
622 481 56 66 0.021360904 
888 521 73 64 0.021360898 
437 441 69 74 0.021360898 
8 609 46 30 0.021360898 
196 250 51 66 0.021360893 
610 299 218 275 0.0201599 
193 260 232 230 0.0201599 
897 459 112 133 0.0201599 
