20_Family_Group_Family_Group_20_730
45
539 228 200 265 0.99984694 
139 129 194 257 0.99964833 
429 172 222 316 0.999491 
382 184 175 250 0.9961204 
752 391 265 298 0.89347935 
782 309 194 273 0.8280645 
518 376 218 281 0.5461031 
328 260 47 68 0.2511021 
826 235 225 294 0.17193554 
773 111 209 269 0.115646794 
826 497 160 180 0.115646794 
631 376 180 250 0.115646794 
730 261 163 242 0.08285364 
-11 118 101 200 0.076092646 
71 168 175 265 0.07609263 
679 63 228 277 0.06984133 
445 35 239 285 0.06984132 
149 401 215 246 0.064067975 
542 28 242 302 0.05874174 
99 279 203 265 0.05874174 
261 186 167 222 0.053832818 
452 474 203 261 0.04931264 
0 118 186 273 0.04931264 
903 179 48 69 0.04326818 
223 0 35 30 0.04326818 
866 438 119 163 0.04133061 
773 178 124 142 0.04133061 
685 252 112 158 0.034593605 
264 -9 128 144 0.034593593 
424 47 59 58 0.030461604 
2 307 50 96 0.027884193 
8 -5 27 24 0.027884193 
956 123 31 33 0.027884185 
964 120 18 22 0.02558696 
297 94 64 62 0.025519116 
398 34 68 60 0.025519116 
246 354 215 250 0.024156325 
668 303 172 242 0.022069868 
358 516 194 250 0.022069868 
19 261 98 163 0.022069868 
731 130 59 67 0.021360904 
525 72 75 67 0.021360898 
954 421 53 74 0.021360898 
250 390 62 61 0.021360893 
345 287 215 273 0.0201599 
