20_Family_Group_Family_Group_20_387
42
499 237 89 174 0.9973194 
294 328 95 193 0.9872077 
468 422 101 199 0.9798401 
600 646 89 171 0.9667309 
710 301 95 171 0.96034855 
684 607 249 520 0.2311026 
820 471 94 305 0.15916684 
714 506 60 171 0.15056497 
256 590 212 543 0.13594593 
704 532 101 319 0.09803478 
93 629 121 349 0.09803478 
643 523 183 455 0.09015675 
106 464 261 602 0.076092646 
478 307 103 248 0.064067975 
350 250 26 56 0.06111947 
65 59 117 275 0.053832818 
68 793 128 263 0.045153897 
755 452 165 442 0.045153897 
304 844 285 520 0.045153886 
50 0 186 469 0.045153886 
238 245 29 57 0.04326818 
309 630 130 338 0.03781825 
760 902 67 151 0.036325652 
10 750 228 423 0.034593593 
621 768 218 476 0.03163486 
274 359 54 130 0.030461596 
379 222 14 33 0.027838783 
340 249 9 18 0.027838778 
357 244 8 18 0.027838778 
318 214 7 15 0.02558696 
71 75 70 159 0.025519116 
232 222 59 121 0.025519116 
653 95 29 65 0.025519116 
27 186 246 593 0.024156325 
538 1158 5 12 0.02351288 
575 941 31 72 0.023349825 
169 327 261 559 0.022069868 
715 768 149 310 0.022069868 
515 1101 7 16 0.021603195 
392 244 24 54 0.021360898 
824 965 75 130 0.021360893 
168 919 232 423 0.0201599 
