20_Family_Group_Family_Group_20_648
22
725 173 124 191 0.999798 
112 494 111 151 0.9995359 
453 474 104 149 0.999491 
587 287 91 142 0.99911374 
323 491 98 126 0.99796546 
672 315 225 293 0.15916684 
308 -22 242 242 0.115646794 
380 480 94 142 0.09015675 
376 15 215 316 0.064067975 
82 -62 249 335 0.05874174 
361 38 134 165 0.053832814 
470 412 28 43 0.047198545 
583 373 249 311 0.04133061 
841 172 218 330 0.034593593 
514 28 222 311 0.03163486 
787 35 215 298 0.028921604 
394 473 197 285 0.028921604 
426 30 124 200 0.026434705 
842 394 232 355 0.026434705 
405 93 89 97 0.023349825 
473 589 63 89 0.021360898 
-5 13 218 345 0.0201599 
