20_Family_Group_Family_Group_20_663
529
655 193 35 44 0.9990996 
529 184 45 60 0.9982981 
337 239 44 62 0.9979589 
478 293 37 45 0.99678564 
237 291 39 55 0.99614596 
778 256 40 56 0.99614596 
542 322 43 57 0.9933628 
629 280 15 22 0.60666233 
144 329 50 62 0.56787485 
286 153 15 20 0.3933377 
575 13 8 11 0.3933377 
908 585 11 15 0.27822798 
424 148 51 70 0.2511021 
307 147 13 17 0.24479094 
597 59 13 18 0.24479094 
641 31 11 16 0.22912635 
332 163 20 26 0.19995552 
45 115 9 11 0.17366186 
663 96 9 11 0.17366186 
288 70 16 22 0.16157512 
637 25 12 18 0.16157512 
662 39 16 20 0.16157512 
825 610 8 11 0.16157512 
354 164 9 12 0.15017675 
875 599 8 11 0.15017675 
997 603 8 10 0.15017675 
864 614 7 9 0.13944872 
597 16 14 16 0.12937039 
676 21 8 11 0.11991897 
26 137 8 13 0.11991897 
266 170 14 19 0.11991897 
41 143 12 16 0.11991897 
830 631 6 8 0.11991897 
676 361 20 26 0.111069925 
659 45 9 13 0.111069925 
699 82 7 9 0.111069925 
856 603 5 7 0.111069925 
483 2 25 26 0.109639935 
10 184 18 25 0.10279763 
35 173 17 22 0.10279763 
13 207 7 10 0.10279763 
814 617 7 9 0.09507551 
628 101 8 9 0.09507551 
498 167 20 26 0.09507551 
692 15 11 16 0.09507551 
852 592 5 7 0.09507551 
40 42 97 124 0.09015675 
614 0 16 18 0.08787667 
890 614 5 7 0.08787667 
364 119 9 12 0.08117401 
787 598 6 9 0.08117401 
54 133 13 18 0.08117401 
580 39 8 11 0.08117401 
569 36 8 12 0.08117401 
811 578 6 8 0.08117401 
1 134 12 16 0.074940585 
662 99 12 17 0.074940585 
975 580 6 8 0.074940585 
600 24 13 17 0.074940585 
34 469 5 7 0.074940585 
271 438 23 27 0.069149815 
866 605 6 8 0.0691498 
932 616 12 17 0.0691498 
12 197 13 19 0.0691498 
691 85 7 9 0.06377564 
11 522 8 11 0.06377564 
308 144 9 12 0.06377564 
805 630 7 9 0.06377564 
639 241 12 18 0.06377564 
653 12 15 21 0.06377564 
882 614 6 8 0.06377564 
1015 575 5 7 0.06377564 
890 599 7 9 0.06377564 
789 616 6 9 0.06377564 
595 533 5 7 0.06377564 
931 610 21 28 0.06111947 
629 479 52 68 0.06111947 
886 630 7 10 0.05879275 
666 34 15 19 0.05879275 
32 426 7 9 0.05879275 
299 146 14 19 0.05879275 
1018 634 5 9 0.05879275 
935 713 8 10 0.05879275 
1007 618 6 8 0.05879275 
152 318 30 37 0.056098126 
83 434 37 39 0.056098126 
874 585 5 6 0.054176662 
873 588 6 8 0.054176662 
402 1 15 16 0.054176662 
910 620 8 10 0.054176662 
776 44 7 9 0.054176662 
643 100 7 9 0.054176662 
319 123 16 21 0.054176662 
671 21 11 16 0.054176662 
807 632 7 9 0.054176662 
535 54 12 15 0.054176662 
545 0 10 10 0.054176662 
587 0 8 10 0.054176662 
142 503 28 35 0.051466707 
848 615 5 8 0.04990379 
149 162 12 17 0.04990379 
868 591 7 9 0.04990379 
5 519 6 9 0.04990379 
927 557 15 18 0.04990379 
360 99 6 8 0.04990379 
863 588 6 7 0.04990379 
873 591 8 9 0.04990379 
45 102 7 9 0.04990379 
781 636 9 11 0.049903784 
40 108 11 14 0.049903784 
650 324 188 252 0.04931264 
597 51 22 28 0.047198545 
151 307 26 30 0.047198545 
845 611 5 8 0.04595155 
37 78 8 11 0.04595155 
551 42 8 11 0.04595155 
362 116 8 11 0.045951538 
551 26 9 11 0.045951538 
964 716 6 9 0.045951538 
645 72 8 11 0.045951538 
334 155 12 19 0.045951538 
36 105 8 12 0.045951538 
292 147 15 21 0.045951538 
720 88 7 10 0.045951538 
560 61 9 11 0.045951538 
101 355 26 36 0.04326818 
450 495 95 73 0.04326818 
25 173 22 28 0.04326818 
64 326 29 41 0.04326818 
199 514 26 35 0.04326818 
916 14 59 79 0.04326818 
602 32 9 12 0.04229837 
60 547 4 6 0.04229837 
724 69 8 11 0.04229837 
490 144 7 9 0.04229837 
369 104 7 10 0.04229837 
351 140 8 12 0.04229837 
38 100 11 15 0.04229837 
761 53 7 9 0.04229837 
748 635 15 18 0.04229837 
574 52 9 12 0.04229837 
673 0 9 10 0.04229837 
363 113 6 8 0.04229837 
853 597 6 8 0.04229837 
730 89 21 26 0.04229837 
396 131 5 7 0.04229837 
1015 462 6 9 0.04229837 
60 127 14 17 0.04229837 
835 609 7 9 0.04229837 
552 13 8 10 0.04229837 
454 219 32 45 0.039651502 
938 588 7 9 0.038923774 
989 587 7 9 0.038923774 
963 577 6 9 0.038923774 
683 1 11 11 0.038923774 
808 16 7 10 0.038923774 
650 10 12 18 0.038923774 
829 609 13 17 0.038923774 
839 593 5 7 0.038923774 
27 62 8 12 0.038923774 
592 46 9 11 0.038923774 
66 127 9 11 0.038923774 
885 614 7 9 0.038923774 
712 10 7 9 0.038923774 
128 562 4 6 0.038923774 
44 611 8 9 0.038923774 
49 610 6 8 0.038923774 
454 146 14 17 0.038923774 
376 181 12 16 0.038923774 
445 156 58 79 0.036325652 
626 97 7 9 0.035808332 
556 39 8 11 0.035808332 
889 618 7 10 0.035808332 
826 632 8 9 0.035808332 
28 424 7 9 0.035808332 
367 116 9 11 0.035808332 
381 119 8 11 0.035808332 
2 131 9 11 0.035808332 
565 5 8 12 0.035808332 
935 626 8 10 0.035808332 
760 652 13 16 0.035808332 
117 552 6 7 0.035808332 
763 307 13 18 0.035808332 
848 590 6 9 0.035808332 
1000 568 6 8 0.035808332 
864 593 7 9 0.035808332 
912 625 12 18 0.035808332 
546 63 12 17 0.035808332 
829 591 6 8 0.035808332 
251 39 106 138 0.034593605 
126 476 54 67 0.033269096 
34 311 48 58 0.033269096 
581 198 30 41 0.033269096 
84 36 80 91 0.033269096 
44 321 30 35 0.033269096 
484 505 43 31 0.033269096 
28 192 27 36 0.033269096 
227 128 22 26 0.033269096 
651 4 25 35 0.033269096 
821 606 22 28 0.033269096 
354 158 9 11 0.03293372 
43 502 5 7 0.03293372 
28 131 12 17 0.03293372 
759 442 5 7 0.03293372 
56 717 5 6 0.03293372 
822 589 7 9 0.03293372 
859 623 9 11 0.03293372 
665 103 15 18 0.03293372 
13 406 5 6 0.03293372 
29 424 12 16 0.03293372 
590 74 7 10 0.03293372 
616 89 12 15 0.03293372 
813 633 6 8 0.03293372 
447 103 5 7 0.03293372 
7 521 7 11 0.03293372 
836 593 4 6 0.032933712 
549 120 17 23 0.032933712 
336 194 7 10 0.032933712 
132 138 6 9 0.032933712 
0 141 9 14 0.032933712 
719 107 6 9 0.032933712 
673 15 7 10 0.032933712 
944 642 6 8 0.032933712 
453 293 15 25 0.032933712 
472 159 17 20 0.032933712 
1016 486 7 12 0.032933712 
673 12 6 8 0.032933712 
552 37 13 18 0.032933712 
646 30 13 19 0.032933712 
652 1 16 19 0.032933712 
609 41 8 10 0.032933712 
889 538 6 8 0.032933712 
761 1 8 9 0.032933712 
257 137 24 31 0.030461604 
623 338 25 34 0.030461604 
440 184 55 78 0.030461596 
380 526 54 70 0.030461596 
25 48 70 94 0.030461596 
821 634 6 8 0.030282615 
751 281 18 25 0.030282615 
794 429 4 6 0.030282615 
801 629 6 8 0.030282615 
886 514 5 7 0.030282615 
848 606 5 7 0.030282615 
860 615 11 15 0.030282615 
929 619 7 10 0.030282615 
746 110 15 17 0.030282615 
853 606 6 7 0.030282615 
761 619 6 8 0.030282615 
781 433 4 6 0.030282615 
894 586 7 9 0.030282615 
862 576 4 6 0.030282615 
812 574 6 8 0.030282615 
842 639 7 9 0.030282615 
169 345 20 26 0.030282615 
909 602 7 11 0.030282615 
826 590 7 9 0.030282615 
854 589 5 7 0.030282615 
780 637 14 17 0.030282615 
802 585 5 7 0.030282615 
786 637 8 9 0.030282615 
25 449 5 6 0.030282615 
548 21 9 11 0.030282615 
568 1 8 10 0.030282615 
657 0 10 11 0.030282615 
575 48 14 19 0.030282615 
645 38 9 12 0.030282615 
51 165 13 22 0.030282615 
646 179 12 18 0.030282615 
731 83 16 21 0.030282615 
592 68 12 17 0.030282615 
421 160 8 12 0.030282615 
541 57 12 17 0.030282615 
649 13 7 10 0.030282615 
426 130 8 10 0.030282615 
245 417 235 297 0.028921604 
184 282 22 29 0.027884193 
284 490 23 32 0.027884193 
304 145 21 28 0.027884193 
565 51 25 33 0.027884185 
95 339 45 58 0.027884185 
253 448 23 31 0.027884185 
553 64 14 21 0.027838783 
105 722 9 9 0.027838783 
30 99 13 18 0.027838783 
699 78 6 8 0.027838783 
594 9 14 18 0.027838783 
754 446 5 7 0.027838783 
723 0 8 8 0.027838783 
656 44 16 22 0.027838783 
744 425 15 18 0.027838783 
854 615 7 9 0.027838783 
33 131 12 17 0.027838783 
219 134 9 12 0.027838783 
650 24 13 19 0.027838783 
266 134 14 19 0.027838783 
753 0 9 10 0.027838783 
565 30 9 12 0.027838783 
377 90 8 10 0.027838783 
842 626 6 8 0.027838783 
928 533 6 8 0.027838783 
823 606 8 11 0.027838783 
15 406 6 7 0.027838778 
879 614 6 8 0.027838778 
886 625 7 9 0.027838778 
887 597 7 9 0.027838778 
115 555 6 7 0.027838778 
734 34 6 8 0.027838778 
38 192 17 20 0.027838778 
698 87 7 9 0.027838778 
1004 585 6 8 0.027838778 
336 180 14 19 0.027838778 
699 122 100 138 0.026434705 
632 98 6 9 0.02558696 
814 609 12 17 0.02558696 
50 49 6 8 0.02558696 
54 608 5 6 0.02558696 
859 602 6 7 0.02558696 
0 208 6 11 0.02558696 
608 45 9 12 0.02558696 
869 534 4 5 0.02558696 
70 715 5 6 0.02558696 
896 625 12 17 0.02558696 
851 565 4 6 0.02558696 
869 579 5 6 0.02558696 
399 143 7 9 0.02558696 
866 579 4 6 0.02558696 
455 152 12 17 0.02558696 
267 138 7 10 0.02558696 
873 575 4 6 0.02558696 
417 125 11 16 0.02558696 
497 34 14 17 0.02558696 
506 16 14 18 0.02558696 
34 573 6 8 0.02558696 
331 131 9 11 0.02558696 
110 571 5 7 0.02558696 
549 45 12 17 0.02558696 
835 617 7 10 0.02558696 
655 44 9 13 0.02558696 
24 468 6 8 0.02558696 
956 624 7 9 0.02558696 
757 11 7 9 0.02558696 
763 446 5 7 0.02558696 
526 352 13 20 0.02558696 
627 105 7 9 0.02558696 
940 620 7 9 0.02558696 
791 0 8 9 0.02558696 
769 0 7 8 0.02558696 
100 302 16 20 0.02558696 
731 3 6 7 0.02558696 
39 120 13 18 0.02558696 
553 77 8 11 0.02558696 
452 1 11 11 0.02558696 
644 29 8 12 0.02558696 
566 93 7 9 0.02558696 
663 90 7 9 0.02558696 
749 637 9 11 0.02558696 
692 80 12 14 0.02558696 
260 86 8 11 0.02558696 
38 181 17 23 0.02558696 
250 193 9 11 0.02558696 
96 369 16 21 0.02558696 
672 5 8 10 0.02558696 
815 430 4 5 0.02558696 
727 290 15 20 0.02558696 
647 488 30 44 0.025519116 
238 374 27 42 0.025519116 
297 40 68 82 0.025519116 
720 -41 188 249 0.024156325 
319 8 194 268 0.024156325 
907 255 106 144 0.024156325 
40 611 14 14 0.02351288 
802 443 4 5 0.02351288 
45 116 12 17 0.02351288 
828 612 8 11 0.02351288 
909 508 4 6 0.02351288 
822 597 6 8 0.02351288 
759 457 5 7 0.02351288 
836 529 5 6 0.02351288 
0 534 6 10 0.02351288 
89 485 6 8 0.02351288 
16 412 6 8 0.02351288 
143 305 17 23 0.02351288 
42 469 5 7 0.02351288 
396 128 5 7 0.02351288 
44 99 12 16 0.02351288 
446 141 8 10 0.02351288 
874 581 5 6 0.02351288 
388 211 16 22 0.02351288 
98 563 6 8 0.02351288 
894 628 7 10 0.02351288 
168 159 12 17 0.02351288 
809 630 12 14 0.02351288 
369 177 14 18 0.02351288 
721 327 13 19 0.02351288 
874 524 4 6 0.02351288 
551 31 9 12 0.02351288 
608 57 13 17 0.02351288 
560 8 9 11 0.02351288 
765 66 6 9 0.02351288 
713 71 6 8 0.02351288 
571 37 11 15 0.02351288 
532 14 7 10 0.02351288 
654 103 13 18 0.02351288 
6 662 5 6 0.02351288 
56 73 14 19 0.02351288 
936 663 8 11 0.02351288 
556 71 16 22 0.02351288 
658 14 8 12 0.02351288 
0 520 5 9 0.02351288 
369 110 9 11 0.02351288 
214 134 9 12 0.02351288 
813 622 8 10 0.02351288 
810 437 4 5 0.02351288 
664 147 19 23 0.02351288 
909 620 12 16 0.02351288 
50 134 8 12 0.02351288 
278 161 14 20 0.02351288 
-1 76 6 9 0.02351288 
20 708 7 9 0.02351288 
143 705 5 7 0.02351288 
607 22 9 11 0.02351288 
458 280 25 35 0.023349825 
178 69 57 71 0.023349825 
659 26 25 31 0.023349825 
706 412 25 30 0.023349825 
59 303 47 62 0.023349825 
71 313 28 37 0.023349825 
110 347 27 35 0.023349825 
259 441 24 30 0.023349825 
666 133 25 30 0.023349825 
54 346 46 60 0.023349825 
104 230 28 37 0.023349825 
6 173 45 59 0.023349825 
935 161 95 164 0.022069868 
550 73 14 18 0.021603195 
647 87 7 9 0.021603195 
690 82 6 8 0.021603195 
634 87 6 9 0.021603195 
134 722 7 8 0.021603195 
724 72 13 18 0.021603195 
839 642 7 9 0.021603195 
891 628 12 16 0.021603195 
38 676 6 9 0.021603195 
919 671 19 22 0.021603195 
575 69 6 8 0.021603195 
498 70 6 10 0.021603195 
243 57 19 24 0.021603195 
615 57 8 10 0.021603195 
626 47 14 19 0.021603195 
617 69 8 10 0.021603195 
744 47 13 16 0.021603195 
777 47 8 10 0.021603195 
489 124 6 8 0.021603195 
912 579 12 16 0.021603195 
771 51 7 9 0.021603195 
771 47 13 16 0.021603195 
547 55 12 17 0.021603195 
975 718 4 6 0.021603195 
332 131 13 17 0.021603195 
361 133 7 9 0.021603195 
867 598 11 15 0.021603195 
890 604 6 8 0.021603195 
604 35 11 14 0.021603195 
353 136 12 16 0.021603195 
0 41 10 19 0.021603195 
638 138 8 10 0.021603195 
1001 581 5 6 0.021603195 
844 587 6 8 0.021603195 
803 587 6 8 0.021603195 
885 631 12 17 0.021603195 
639 102 9 11 0.021603195 
611 102 7 9 0.021603195 
24 97 12 16 0.021603195 
585 44 12 17 0.021603195 
582 40 11 16 0.021603195 
262 148 7 9 0.021603195 
560 2 9 11 0.021603195 
385 202 7 10 0.021603195 
120 569 7 9 0.021603195 
633 207 8 11 0.021603195 
675 14 12 17 0.021603195 
17 442 5 6 0.021603195 
55 161 16 22 0.021603195 
894 512 5 5 0.021603195 
570 8 10 14 0.021603195 
478 161 9 11 0.021603195 
665 309 15 20 0.021603195 
136 560 5 7 0.021603195 
10 25 7 10 0.021603195 
122 353 16 23 0.021603195 
918 546 6 8 0.021603195 
447 0 19 17 0.021603195 
875 539 5 6 0.021603195 
80 565 4 6 0.021603195 
756 5 8 9 0.021603195 
425 148 17 23 0.021603195 
531 150 8 10 0.021603195 
816 8 7 8 0.021603195 
558 82 8 11 0.021603195 
344 138 14 17 0.021603195 
666 107 8 10 0.021603195 
813 629 7 9 0.021603195 
707 422 15 24 0.021603195 
369 157 8 12 0.021603195 
729 12 6 8 0.021603195 
557 9 8 10 0.021603195 
899 530 4 6 0.021603195 
588 0 12 15 0.021603195 
796 428 5 6 0.021603195 
45 470 4 6 0.021603195 
354 153 8 11 0.021603195 
4 432 5 7 0.021603195 
278 142 44 54 0.021360904 
135 428 65 71 0.021360904 
583 196 47 63 0.021360904 
559 185 43 63 0.021360904 
51 136 20 26 0.021360898 
1004 78 20 40 0.021360898 
146 358 70 92 0.021360898 
251 48 29 35 0.021360898 
554 147 30 37 0.021360898 
9 163 22 27 0.021360898 
172 286 24 31 0.021360898 
76 297 26 34 0.021360898 
608 155 27 35 0.021360898 
94 220 49 63 0.021360898 
774 -18 228 276 0.020159906 
63 397 232 297 0.0201599 
