36_Football_Football_36_194
45
826 238 17 20 0.9952893 
421 219 16 21 0.99209654 
453 255 22 32 0.97825706 
455 189 13 17 0.968083 
69 191 11 15 0.92257273 
557 296 22 27 0.90076256 
988 137 12 14 0.7321344 
404 147 11 13 0.4122408 
568 298 20 21 0.18656343 
408 562 21 35 0.17672327 
430 269 17 21 0.106016144 
445 260 22 34 0.058901284 
981 223 7 10 0.0526255 
415 175 8 10 0.05185375 
396 175 10 13 0.049949408 
742 137 11 14 0.049457807 
380 184 10 12 0.04845828 
78 216 10 12 0.04390442 
701 134 8 10 0.04298277 
436 279 14 21 0.042746924 
375 549 22 34 0.04250245 
846 372 9 11 0.03495104 
824 348 16 19 0.03045201 
854 294 11 15 0.030437253 
437 238 12 13 0.029392771 
405 558 17 24 0.029238878 
434 257 16 22 0.028558189 
408 174 9 12 0.028409474 
411 285 25 29 0.028381007 
534 483 12 17 0.027958514 
393 547 26 31 0.027308097 
392 182 9 11 0.027143363 
553 296 15 22 0.026714826 
74 299 12 16 0.025437813 
481 259 15 21 0.02500705 
552 168 10 12 0.024656374 
427 279 17 22 0.024403004 
398 573 27 31 0.022950437 
472 264 18 21 0.022749947 
76 226 12 14 0.022660848 
443 247 23 31 0.022639759 
81 183 8 10 0.022259427 
976 173 9 13 0.021333236 
438 245 12 16 0.021195967 
570 166 9 11 0.020684078 
