36_Football_Football_36_80
38
750 295 32 36 0.9965264 
192 231 26 31 0.9950889 
599 176 20 28 0.981649 
845 193 27 49 0.9637189 
790 323 37 43 0.81377214 
92 221 23 32 0.29595098 
149 231 16 23 0.08287329 
768 261 14 17 0.079066455 
929 239 17 21 0.072855294 
673 383 14 17 0.060238667 
123 226 22 31 0.051887956 
141 222 20 34 0.03738675 
881 189 20 33 0.033892546 
64 253 10 13 0.03192566 
302 351 29 28 0.031912614 
844 190 18 35 0.029772341 
469 215 8 9 0.028946329 
63 196 10 12 0.028607631 
8 152 8 10 0.027137201 
466 215 7 8 0.026513547 
386 279 8 11 0.026412806 
98 235 28 29 0.025804264 
684 114 13 16 0.025314622 
408 263 9 11 0.025040867 
112 238 26 29 0.024156896 
423 281 9 11 0.022691222 
47 182 8 10 0.022581002 
40 184 7 9 0.021538405 
40 189 7 10 0.021256128 
622 262 12 14 0.021170953 
1 173 7 11 0.021080814 
926 226 23 30 0.021061115 
729 160 9 11 0.021014258 
340 270 9 11 0.02074865 
341 261 9 11 0.020597093 
110 221 28 32 0.020555465 
822 314 15 17 0.020445317 
712 157 8 10 0.020096188 
