36_Football_americanfootball_ball_36_132
60
794 75 37 45 0.9919159 
788 192 44 52 0.544556 
697 131 12 16 0.41224805 
282 234 38 35 0.17866667 
374 249 57 37 0.16267921 
595 97 36 41 0.1557706 
82 138 45 60 0.15155831 
147 81 29 35 0.10331297 
564 11 22 30 0.090338305 
113 208 48 46 0.08717509 
5 92 16 22 0.07721776 
232 244 54 67 0.06966749 
392 236 45 41 0.06552842 
571 91 56 62 0.061059117 
957 143 18 23 0.058925673 
803 178 33 42 0.047266673 
372 217 53 53 0.04692674 
870 106 48 65 0.044182245 
585 74 34 46 0.041803986 
887 165 12 16 0.04098512 
36 62 35 41 0.04030342 
2 102 17 23 0.039320793 
302 231 31 34 0.037981205 
621 4 32 33 0.03764887 
606 80 36 39 0.0366329 
963 187 38 52 0.03594095 
162 83 17 24 0.03559878 
399 215 42 47 0.035492785 
529 1 46 50 0.0339392 
553 6 26 33 0.033628594 
706 54 40 50 0.031825945 
970 115 14 16 0.030922009 
565 33 14 18 0.03032278 
260 83 15 19 0.029862344 
547 34 15 19 0.028505513 
60 145 61 80 0.027337337 
521 55 44 54 0.026989948 
853 87 76 104 0.02640257 
61 211 36 38 0.026402244 
558 33 13 19 0.026054334 
255 232 56 57 0.02598301 
543 83 13 18 0.02550149 
982 185 29 44 0.024712756 
523 53 14 16 0.023217006 
947 132 14 16 0.023171559 
6 84 29 34 0.02316758 
996 74 15 17 0.022578228 
666 161 55 56 0.022392629 
538 24 25 31 0.022119692 
112 161 30 45 0.022050142 
-1 109 17 29 0.022043994 
537 9 27 32 0.02188485 
624 205 73 69 0.021357408 
137 75 28 37 0.021332331 
518 58 28 33 0.02109927 
86 132 28 34 0.021095134 
985 62 26 30 0.020428205 
7 84 14 20 0.020209566 
689 131 13 17 0.02011553 
314 107 50 72 0.02002301 
