36_Football_americanfootball_ball_36_114
40
727 96 68 90 0.9959293 
45 27 31 38 0.99338126 
216 29 33 41 0.9903301 
437 12 31 34 0.9765237 
603 22 32 41 0.9467619 
111 54 29 36 0.5582447 
54 252 99 124 0.47716722 
106 84 56 88 0.17550641 
68 87 56 76 0.17165849 
657 96 32 41 0.12741466 
905 26 34 50 0.10361819 
109 98 81 120 0.08127324 
620 77 42 51 0.067523986 
107 60 48 68 0.066985466 
502 112 47 61 0.05889341 
1 643 49 108 0.053331565 
19 107 58 77 0.05076868 
529 117 50 66 0.04724945 
93 112 56 79 0.046126544 
20 265 13 17 0.044179212 
24 211 32 39 0.043232508 
627 81 18 23 0.04026222 
622 71 30 36 0.03896821 
555 135 28 39 0.033052985 
641 71 46 59 0.03126209 
22 144 62 84 0.030086813 
456 292 45 61 0.02903489 
-2 365 36 75 0.026219554 
13 258 16 20 0.025815522 
436 112 56 70 0.0251926 
588 166 46 58 0.024773873 
0 125 53 74 0.02415267 
391 779 40 46 0.022521323 
95 44 44 60 0.022388423 
660 101 41 58 0.022317879 
460 110 52 65 0.020994525 
621 86 17 21 0.020902125 
573 91 49 58 0.020646393 
613 81 30 35 0.020220041 
602 87 44 53 0.020116655 
