36_Football_Football_36_23
48
382 94 56 67 0.99955696 
736 54 56 73 0.9994123 
227 54 55 75 0.99916136 
600 46 61 82 0.9908228 
547 117 28 35 0.7880175 
71 0 23 25 0.4278369 
140 5 20 24 0.40721005 
565 25 18 22 0.33104214 
180 25 19 22 0.29880193 
369 12 19 23 0.2950593 
228 -1 52 56 0.26371953 
83 33 18 23 0.24042688 
361 13 29 38 0.17953885 
303 -1 27 25 0.17708233 
27 55 25 32 0.15784717 
801 13 19 23 0.12212414 
224 27 54 70 0.10245341 
494 34 17 22 0.07888177 
73 8 27 32 0.068156876 
640 5 30 36 0.05981977 
963 120 25 28 0.052696254 
14 114 34 40 0.051390596 
424 522 33 41 0.05040876 
349 20 36 48 0.043396905 
850 74 26 31 0.041555785 
10 0 29 29 0.040108383 
58 -2 29 31 0.038911153 
428 443 29 37 0.033736896 
954 101 41 48 0.030886443 
615 16 61 85 0.030249542 
554 74 17 21 0.029048685 
148 7 25 33 0.028413005 
195 42 43 62 0.02758149 
446 35 23 31 0.02649407 
207 1 49 55 0.025276272 
169 8 28 36 0.024593875 
485 3 17 20 0.024310688 
541 82 42 58 0.02413754 
934 114 27 33 0.024134224 
660 0 29 35 0.022393089 
413 2 27 33 0.021645783 
172 13 42 54 0.021279968 
819 77 23 29 0.021086013 
996 209 18 23 0.021063967 
556 54 11 14 0.020741848 
63 13 42 49 0.020690434 
552 36 72 102 0.020374274 
135 2 17 22 0.020311838 
