49_Greeting_peoplegreeting_49_894
207
484 244 47 66 0.9990996 
773 381 57 67 0.99891996 
779 260 48 59 0.99678564 
710 251 51 68 0.9964803 
92 258 41 62 0.99204755 
902 272 34 45 0.99129593 
930 255 43 52 0.99129593 
411 288 45 73 0.98859274 
48 289 43 71 0.9850627 
558 286 32 64 0.9567318 
568 327 37 44 0.7815748 
275 248 30 50 0.76563126 
672 292 30 40 0.47725022 
67 271 43 65 0.4099317 
798 454 116 198 0.4085711 
0 249 13 22 0.3933377 
256 466 50 71 0.36670664 
1001 274 21 45 0.34582692 
334 500 51 83 0.30585766 
575 101 23 31 0.28687313 
389 288 46 72 0.2511021 
0 256 21 33 0.23436876 
520 179 8 10 0.22912635 
924 222 6 9 0.2141799 
651 285 33 41 0.188928 
622 57 7 9 0.18645167 
985 182 8 11 0.15017675 
974 209 8 10 0.13944872 
507 86 7 8 0.13944872 
200 233 42 70 0.13928533 
256 256 31 55 0.12872264 
281 -19 218 287 0.1254451 
936 214 5 7 0.11991897 
749 256 51 64 0.118850335 
110 462 74 84 0.118850335 
496 455 68 90 0.118850335 
557 419 55 57 0.118850335 
357 304 56 67 0.109639935 
830 82 8 10 0.10279763 
566 94 23 28 0.10106142 
226 254 41 66 0.10106142 
925 189 6 7 0.09507551 
937 45 8 10 0.09507551 
238 238 43 65 0.09308395 
478 468 49 67 0.09308395 
868 192 6 9 0.08787667 
835 253 28 43 0.08567618 
863 77 12 15 0.08117401 
219 243 24 46 0.07880669 
831 221 28 31 0.07880669 
510 179 6 9 0.07494057 
829 32 6 8 0.07494057 
142 213 57 76 0.07244435 
209 260 29 54 0.07244435 
645 278 26 36 0.07244435 
720 58 7 9 0.069149815 
878 47 6 8 0.0691498 
980 266 7 11 0.0691498 
439 533 26 36 0.06655857 
356 517 54 66 0.06655857 
996 217 7 9 0.06377564 
679 214 9 11 0.06377564 
839 104 7 8 0.06377564 
57 276 31 51 0.06111947 
940 189 7 8 0.05879275 
881 48 5 7 0.05879275 
793 136 8 10 0.05879275 
426 -8 194 259 0.05874174 
34 273 228 295 0.05874174 
622 284 46 62 0.056098126 
683 267 46 61 0.056098126 
973 85 8 9 0.054176662 
208 115 8 10 0.054176662 
60 594 13 15 0.054176662 
979 62 11 14 0.054176662 
467 272 14 19 0.054176662 
210 -13 188 244 0.053832818 
382 295 32 55 0.051466707 
883 291 27 40 0.051466707 
922 413 69 81 0.051466707 
466 179 7 10 0.04990379 
837 160 13 16 0.049903784 
1001 219 7 9 0.049903784 
8 549 90 125 0.04931264 
983 280 30 46 0.047198545 
427 518 44 56 0.047198545 
886 420 31 36 0.047198545 
751 143 12 16 0.04595155 
1013 177 8 12 0.045951538 
568 294 45 64 0.04326818 
811 255 44 59 0.04326818 
842 256 40 61 0.04326818 
340 183 6 8 0.04229837 
32 185 7 8 0.04229837 
122 547 19 21 0.04229837 
867 57 6 8 0.04229837 
348 383 74 93 0.039651502 
876 411 50 65 0.039651502 
25 291 47 68 0.039651494 
838 199 8 10 0.038923774 
629 189 6 7 0.038923774 
556 64 7 9 0.038923774 
311 445 83 141 0.03781825 
8 50 188 244 0.03781825 
60 264 25 34 0.036325652 
74 302 30 40 0.036325652 
506 180 7 9 0.035808332 
793 217 6 8 0.035808332 
890 27 6 7 0.035808332 
870 188 26 37 0.033269096 
227 220 43 63 0.033269096 
637 62 24 33 0.033269096 
861 265 43 62 0.033269096 
620 107 27 35 0.033269096 
792 128 25 35 0.033269096 
384 520 51 60 0.033269096 
467 104 13 18 0.03293372 
631 246 8 10 0.03293372 
652 193 6 7 0.032933712 
89 432 114 143 0.03163486 
846 156 56 84 0.030461604 
566 438 53 70 0.030461596 
518 239 27 37 0.030461596 
444 531 11 18 0.030282615 
899 218 5 7 0.030282615 
195 236 70 105 0.028921604 
291 248 28 42 0.027884193 
864 232 24 30 0.027884193 
800 386 61 60 0.027884193 
-10 251 36 50 0.027884185 
0 226 6 10 0.027838783 
306 207 7 9 0.027838783 
748 200 6 8 0.027838783 
226 252 14 29 0.027838783 
732 36 6 8 0.027838783 
860 165 6 8 0.027838783 
643 77 14 21 0.027838783 
1014 170 8 12 0.027838783 
975 263 13 18 0.027838783 
1010 64 8 10 0.027838783 
662 207 8 10 0.027838778 
84 -4 228 262 0.026434705 
863 74 9 11 0.02558696 
775 173 9 11 0.02558696 
0 106 7 12 0.02558696 
321 173 7 8 0.02558696 
959 56 7 9 0.02558696 
989 90 8 9 0.02558696 
902 34 8 10 0.02558696 
488 157 7 9 0.02558696 
925 217 11 15 0.02558696 
663 223 7 10 0.02558696 
484 210 6 7 0.02558696 
578 48 6 8 0.02558696 
830 343 26 38 0.025519116 
907 255 26 33 0.025519116 
87 282 34 47 0.025519116 
822 194 51 60 0.025519116 
931 430 32 40 0.025519116 
253 181 29 35 0.025519116 
730 137 5 7 0.02351288 
684 291 19 29 0.02351288 
906 31 7 10 0.02351288 
664 220 12 14 0.02351288 
809 35 6 7 0.02351288 
654 294 19 23 0.02351288 
318 200 8 10 0.02351288 
993 214 7 10 0.02351288 
904 57 6 8 0.02351288 
135 191 7 9 0.02351288 
641 206 8 10 0.02351288 
780 53 6 8 0.02351288 
397 196 8 9 0.02351288 
984 85 7 8 0.02351288 
635 281 28 39 0.023349825 
893 284 30 42 0.023349825 
709 283 36 44 0.023349825 
603 297 32 49 0.023349825 
611 9 183 255 0.022069868 
901 573 100 106 0.022069868 
603 424 212 266 0.022069868 
128 176 103 129 0.022069868 
461 532 5 7 0.021603195 
951 219 4 5 0.021603195 
349 134 4 6 0.021603195 
1011 147 12 20 0.021603195 
359 183 8 9 0.021603195 
300 140 8 11 0.021603195 
8 121 13 15 0.021603195 
933 44 8 11 0.021603195 
872 194 7 10 0.021603195 
890 31 6 8 0.021603195 
982 83 11 14 0.021603195 
978 85 7 8 0.021603195 
971 86 13 15 0.021603195 
630 198 5 7 0.021603195 
1012 0 9 12 0.021603195 
569 86 7 9 0.021603195 
455 478 56 73 0.021360904 
302 248 44 54 0.021360904 
643 449 50 61 0.021360904 
782 116 41 57 0.021360904 
563 88 41 48 0.021360898 
536 439 52 72 0.021360898 
829 236 32 40 0.021360898 
348 333 64 103 0.021360898 
325 290 93 115 0.0201599 
