49_Greeting_peoplegreeting_49_10
33
722 101 91 144 0.99796546 
271 85 82 140 0.99776876 
40 61 91 153 0.9621817 
659 421 209 269 0.5461031 
302 76 86 160 0.4768992 
45 134 75 109 0.23436876 
53 204 222 289 0.17193554 
348 415 285 372 0.15916684 
44 438 73 100 0.109639935 
89 488 191 273 0.09803478 
950 364 65 121 0.08567618 
238 656 7 9 0.08117401 
12 205 104 170 0.06984132 
885 21 119 209 0.064067975 
150 387 225 311 0.053832818 
207 62 222 289 0.04931264 
931 536 97 153 0.045153897 
951 458 75 127 0.04326818 
892 168 60 83 0.04326818 
328 53 121 188 0.034593605 
38 86 20 27 0.032933712 
915 291 104 144 0.03163486 
681 106 170 242 0.02643471 
21 365 104 170 0.026434705 
424 313 59 63 0.025519116 
1 256 191 277 0.024156325 
753 459 134 197 0.024156325 
39 67 55 90 0.023349825 
633 328 239 235 0.022069868 
88 695 5 6 0.021603195 
991 243 13 19 0.021603195 
-7 22 153 232 0.0201599 
869 54 186 277 0.0201599 
