49_Greeting_peoplegreeting_49_923
104
659 70 54 89 0.99937433 
390 144 54 82 0.9990996 
496 127 51 74 0.9990138 
541 154 50 69 0.9985812 
603 275 49 68 0.99844605 
654 351 289 346 0.93593204 
704 270 186 294 0.2840034 
49 88 212 299 0.26558137 
501 310 225 336 0.24794048 
689 406 67 109 0.23436873 
696 359 101 189 0.2150812 
218 629 5 7 0.2141799 
291 473 10 12 0.15017675 
664 223 51 82 0.109639935 
435 391 225 326 0.09803478 
311 398 228 294 0.09803478 
212 384 232 308 0.076092646 
599 357 200 261 0.076092646 
787 349 225 290 0.076092646 
444 397 5 6 0.074940585 
502 294 5 6 0.074940585 
610 353 31 43 0.072444364 
103 342 200 273 0.06984133 
414 356 5 6 0.069149815 
30 526 116 170 0.064067975 
483 281 6 8 0.06377564 
431 319 14 16 0.054176662 
501 263 6 7 0.054176662 
26 154 111 170 0.053832818 
810 202 200 286 0.053832814 
483 258 27 31 0.051466707 
421 364 4 6 0.04990379 
273 2 9 11 0.049903784 
436 323 7 9 0.04595155 
893 443 18 23 0.04595155 
396 317 24 31 0.04326818 
518 281 5 6 0.04229837 
331 226 6 9 0.04229837 
437 422 15 20 0.04229837 
419 377 5 6 0.04229837 
191 266 206 273 0.04133061 
404 1 114 165 0.04133061 
26 23 114 183 0.04133061 
223 70 22 32 0.039651502 
672 244 32 51 0.039651502 
385 318 14 22 0.038923774 
414 396 4 6 0.038923774 
498 317 5 6 0.038923774 
334 226 12 15 0.038923774 
-9 415 100 173 0.03781825 
460 345 6 8 0.035808332 
787 -46 249 308 0.034593605 
925 488 23 28 0.033269096 
945 569 25 31 0.033269096 
258 160 49 75 0.033269096 
446 281 23 31 0.033269096 
429 378 5 6 0.032933712 
192 1 8 9 0.032933712 
526 324 5 6 0.032933712 
426 393 7 8 0.032933712 
683 499 64 97 0.030461604 
335 224 5 7 0.030282615 
284 86 5 7 0.030282615 
232 80 8 10 0.030282615 
685 155 203 290 0.028921604 
79 -6 172 254 0.028921604 
57 429 209 303 0.028921604 
926 241 71 99 0.027884185 
0 607 5 8 0.027838783 
425 315 5 7 0.027838783 
418 375 5 6 0.027838778 
53 234 12 18 0.027838778 
422 386 5 6 0.027838778 
644 169 95 147 0.02643471 
228 75 14 18 0.02558696 
499 295 6 7 0.02558696 
421 381 5 6 0.02558696 
443 383 7 9 0.02558696 
410 375 4 5 0.02558696 
519 243 20 24 0.02558696 
809 75 49 68 0.025519116 
9 268 203 303 0.02415633 
826 14 109 181 0.024156325 
492 260 14 19 0.02351288 
425 364 5 7 0.02351288 
497 265 7 9 0.02351288 
430 375 4 6 0.02351288 
447 316 46 60 0.023349825 
279 361 20 26 0.023349825 
416 298 50 64 0.023349825 
625 133 25 30 0.023349825 
662 518 58 79 0.023349825 
640 243 47 69 0.023349825 
118 79 116 219 0.022069868 
6 490 103 173 0.022069868 
287 228 13 17 0.021603195 
212 73 5 7 0.021603195 
437 425 9 12 0.021603195 
502 292 5 6 0.021603195 
525 322 5 7 0.021603195 
458 348 11 16 0.021603195 
853 81 51 86 0.021360904 
427 320 29 38 0.021360898 
266 234 197 258 0.0201599 
