49_Greeting_peoplegreeting_49_387
88
635 235 29 46 0.9988171 
253 272 17 25 0.99347997 
523 221 25 44 0.97448087 
692 245 23 40 0.7488979 
225 318 40 71 0.6541731 
778 177 121 188 0.6135702 
277 274 9 12 0.45677772 
491 227 37 47 0.45459446 
543 87 111 202 0.3436022 
724 144 200 301 0.30317584 
414 290 5 8 0.27822798 
820 275 212 310 0.19988178 
564 259 8 14 0.1864517 
451 273 8 11 0.1864517 
284 284 13 19 0.17366187 
479 212 23 43 0.16258557 
487 399 18 22 0.16157512 
223 269 16 23 0.1293704 
654 341 28 38 0.109639935 
279 276 13 18 0.102797605 
693 230 44 63 0.10106142 
404 443 215 344 0.09803478 
493 47 126 224 0.09015675 
408 289 6 8 0.08787667 
102 127 6 8 0.08787667 
416 287 6 8 0.069149815 
422 286 5 8 0.06377564 
405 290 5 8 0.05879275 
496 298 203 284 0.05874174 
534 226 20 33 0.054176662 
425 288 5 8 0.054176662 
876 420 97 188 0.053832818 
592 306 228 324 0.053832814 
690 402 58 87 0.051466707 
674 265 203 301 0.04931264 
240 322 51 80 0.047198545 
555 57 180 264 0.045153886 
509 227 32 46 0.04326818 
734 51 28 42 0.04326818 
651 327 46 61 0.04326818 
688 254 15 27 0.04229837 
471 208 39 67 0.039651502 
588 257 12 20 0.038923774 
417 292 6 8 0.038923774 
229 4 134 191 0.03781825 
705 165 58 81 0.036325652 
748 384 26 43 0.036325652 
557 255 13 22 0.035808332 
769 61 188 272 0.034593593 
421 282 5 8 0.03293372 
274 263 14 19 0.03293372 
632 447 225 349 0.03163486 
52 57 194 315 0.028921604 
628 55 126 172 0.028921604 
277 284 13 19 0.027838783 
229 64 8 11 0.027838783 
401 290 5 7 0.027838783 
557 253 7 11 0.027838783 
392 282 5 6 0.027838783 
104 123 6 8 0.027838783 
165 286 5 7 0.027838783 
442 289 7 9 0.027838783 
650 44 232 297 0.02643471 
434 290 6 8 0.02558696 
442 279 7 10 0.02558696 
103 128 7 10 0.02558696 
152 287 4 6 0.02558696 
892 255 103 224 0.024156325 
271 204 215 301 0.024156325 
425 282 6 8 0.02351288 
387 290 5 8 0.02351288 
162 285 5 7 0.02351288 
652 448 20 29 0.02351288 
703 254 20 35 0.02351288 
241 267 8 13 0.02351288 
809 160 62 77 0.023349825 
123 158 60 89 0.023349825 
188 401 24 29 0.023349825 
724 228 46 67 0.023349825 
206 297 81 144 0.022069868 
840 343 121 214 0.022069868 
62 256 235 315 0.022069868 
447 270 7 10 0.021603195 
374 287 4 6 0.021603195 
398 308 6 10 0.021603195 
486 58 14 21 0.021603195 
426 294 5 7 0.021603195 
408 293 5 7 0.021603195 
