49_Greeting_peoplegreeting_49_656
62
433 214 106 263 0.9815879 
353 891 239 648 0.52310073 
554 550 222 687 0.5 
223 596 212 567 0.3436022 
323 719 64 196 0.32552502 
333 327 95 263 0.28400344 
505 783 31 88 0.23436876 
276 710 225 657 0.2311026 
130 429 65 203 0.21842523 
599 -77 194 559 0.21508123 
212 654 29 88 0.16258557 
-3 153 228 648 0.14717786 
280 631 109 359 0.14717786 
151 700 249 697 0.13594593 
237 -52 138 416 0.13594593 
226 588 117 375 0.12544508 
515 192 249 718 0.115646794 
134 366 101 305 0.09015675 
478 432 203 575 0.08285364 
738 33 200 551 0.08285364 
675 12 140 369 0.076092646 
469 824 265 593 0.06984133 
342 651 123 324 0.064067975 
928 524 34 91 0.06111947 
338 762 71 232 0.06111947 
481 756 27 72 0.056098126 
379 595 239 504 0.053832814 
620 315 242 718 0.04931264 
671 590 225 667 0.045153886 
197 624 51 152 0.04326818 
369 262 112 310 0.04133061 
198 -17 246 629 0.04133061 
304 684 58 177 0.039651502 
598 819 146 404 0.03781825 
637 580 149 441 0.03781825 
452 1024 160 441 0.03781825 
504 583 76 186 0.036325652 
506 747 52 144 0.036325652 
725 396 218 619 0.03163486 
581 531 140 428 0.03163486 
398 752 61 162 0.030461596 
758 571 265 593 0.028921604 
284 163 142 416 0.028921604 
317 711 33 103 0.027884193 
922 343 57 174 0.027884185 
-17 859 265 559 0.02643471 
907 34 68 177 0.025519116 
633 659 80 210 0.025519116 
341 771 119 375 0.024156325 
392 690 121 333 0.024156325 
0 775 69 262 0.023349825 
416 1128 65 183 0.023349825 
578 892 257 475 0.022069868 
95 946 249 593 0.022069868 
482 367 123 359 0.022069868 
384 194 194 519 0.022069868 
648 107 212 610 0.022069868 
-30 404 281 784 0.022069868 
63 63 53 157 0.021360904 
492 771 34 88 0.021360898 
271 313 112 338 0.0201599 
63 -14 239 707 0.0201599 
