49_Greeting_peoplegreeting_49_73
30
481 84 64 88 0.99952376 
256 103 74 97 0.9988171 
664 47 91 111 0.95866936 
475 143 257 259 0.59142894 
226 261 123 210 0.47689918 
835 301 191 227 0.4085711 
398 323 197 220 0.30317584 
778 212 101 137 0.30317584 
183 442 114 135 0.26558137 
665 29 191 210 0.26558137 
179 352 206 251 0.13594593 
473 343 218 244 0.1254451 
702 189 218 244 0.09803478 
728 -3 85 48 0.08567618 
172 236 142 179 0.076092646 
619 154 218 266 0.06984133 
786 -3 225 263 0.064067975 
578 362 188 207 0.053832818 
881 365 114 150 0.053832818 
773 219 69 86 0.051466707 
250 338 128 164 0.04133061 
163 12 30 25 0.039651494 
726 282 242 263 0.03781825 
676 451 28 27 0.033269096 
437 459 71 66 0.027884185 
907 255 62 83 0.027884185 
440 309 109 174 0.026434705 
487 404 126 164 0.024156325 
592 275 225 207 0.022069868 
602 431 117 127 0.022069868 
