49_Greeting_peoplegreeting_49_344
36
220 211 82 181 0.9953797 
635 301 80 204 0.9933628 
568 706 98 294 0.71599656 
152 444 43 147 0.12872262 
667 733 126 350 0.09803478 
202 272 27 76 0.09308393 
767 758 54 169 0.06655857 
355 471 149 400 0.064067975 
286 215 228 652 0.064067975 
533 603 172 522 0.064067975 
233 871 39 100 0.06111947 
205 247 53 131 0.051466707 
597 687 222 588 0.045153897 
384 504 31 73 0.04326818 
592 463 51 158 0.036325652 
613 382 63 169 0.036325652 
550 1090 253 652 0.034593593 
487 717 253 671 0.03163486 
726 1166 242 538 0.03163486 
672 819 6 19 0.030282615 
608 697 124 311 0.028921604 
346 477 64 187 0.027884185 
702 781 5 13 0.027838778 
735 813 19 55 0.02558696 
892 525 29 70 0.025519116 
683 933 228 546 0.024156325 
767 625 53 169 0.023349825 
861 885 54 155 0.023349825 
18 822 119 311 0.022069868 
596 310 111 311 0.022069868 
614 456 29 89 0.021360904 
853 1034 63 153 0.021360898 
795 995 62 190 0.021360898 
176 475 101 307 0.0201599 
910 1024 114 281 0.0201599 
278 756 109 250 0.0201599 
