52_Photographers_taketouristphotos_52_328
151
254 140 136 191 0.99902797 
234 78 68 83 0.2511021 
179 132 183 256 0.24794048 
670 680 26 33 0.10106142 
629 90 222 339 0.08285364 
817 611 9 11 0.069149815 
801 612 15 19 0.06377564 
367 293 86 71 0.06111947 
751 471 6 8 0.05879275 
779 670 17 23 0.05879275 
748 500 6 10 0.05879275 
967 566 26 32 0.056098126 
961 640 9 11 0.054176662 
755 511 13 19 0.054176662 
778 477 15 20 0.054176662 
571 459 111 134 0.053832814 
256 436 111 157 0.053832814 
809 453 5 7 0.04990379 
988 699 8 11 0.04595155 
494 535 7 10 0.045951538 
554 636 27 32 0.04326818 
918 726 20 30 0.04326818 
773 709 19 27 0.04229837 
627 418 5 7 0.04229837 
990 716 7 10 0.04229837 
979 623 23 34 0.039651502 
602 638 27 33 0.039651494 
733 465 8 10 0.038923774 
704 476 5 7 0.038923774 
894 415 5 7 0.038923774 
689 500 14 19 0.038923774 
831 610 13 17 0.038923774 
436 236 20 32 0.036325652 
523 641 26 30 0.036325652 
780 469 8 10 0.035808332 
959 539 15 20 0.035808332 
636 401 4 6 0.035808332 
706 470 7 9 0.035808332 
37 359 89 81 0.033269096 
295 448 26 34 0.033269096 
962 660 14 20 0.03293372 
744 520 11 16 0.03293372 
945 723 15 19 0.03293372 
778 494 12 17 0.032933712 
761 513 15 20 0.032933712 
935 636 17 23 0.032933712 
787 375 119 130 0.03163486 
755 513 7 12 0.030282615 
626 397 4 6 0.030282615 
809 610 13 17 0.030282615 
949 613 12 17 0.030282615 
799 662 16 21 0.030282615 
821 461 6 9 0.030282615 
920 611 13 19 0.030282615 
296 143 25 38 0.027884193 
998 575 23 30 0.027884185 
807 613 9 11 0.027838783 
794 495 7 9 0.027838783 
720 568 13 18 0.027838783 
782 480 9 11 0.027838783 
506 543 12 18 0.027838783 
851 525 8 11 0.027838783 
654 487 8 10 0.027838783 
976 716 18 22 0.027838783 
1014 665 7 10 0.027838783 
941 593 15 21 0.027838783 
843 401 5 7 0.027838783 
962 604 9 12 0.027838783 
960 632 15 20 0.027838783 
626 462 6 8 0.027838783 
753 504 6 9 0.027838783 
525 637 18 23 0.027838778 
740 500 7 11 0.027838778 
759 470 6 9 0.027838778 
754 572 14 17 0.027838778 
738 522 15 20 0.027838778 
962 642 15 19 0.027838778 
627 401 5 7 0.027838778 
750 35 218 324 0.026434705 
506 544 7 10 0.02558696 
982 642 9 11 0.02558696 
561 595 17 23 0.02558696 
63 662 17 22 0.02558696 
980 594 15 19 0.02558696 
761 534 13 18 0.02558696 
849 401 4 6 0.02558696 
742 597 6 8 0.02558696 
630 401 5 6 0.02558696 
636 405 4 6 0.02558696 
841 401 5 6 0.02558696 
703 476 14 19 0.02558696 
765 532 8 11 0.02558696 
936 688 23 28 0.025519116 
18 283 124 148 0.024156325 
829 656 13 17 0.02351288 
566 503 7 9 0.02351288 
717 506 13 18 0.02351288 
992 532 9 12 0.02351288 
750 517 11 17 0.02351288 
496 536 7 9 0.02351288 
771 468 5 8 0.02351288 
750 474 6 9 0.02351288 
655 482 6 8 0.02351288 
694 445 5 6 0.02351288 
740 494 7 10 0.02351288 
639 396 5 6 0.02351288 
635 397 4 6 0.02351288 
452 147 27 35 0.023349825 
368 43 32 41 0.023349825 
784 662 23 30 0.023349825 
-44 -56 242 284 0.022069868 
105 374 228 293 0.022069868 
728 684 7 10 0.021603195 
907 564 15 21 0.021603195 
737 505 7 10 0.021603195 
761 523 16 21 0.021603195 
537 748 15 17 0.021603195 
957 592 15 20 0.021603195 
795 534 9 11 0.021603195 
1008 529 12 19 0.021603195 
744 496 7 11 0.021603195 
646 438 6 8 0.021603195 
782 489 8 12 0.021603195 
750 482 5 8 0.021603195 
583 396 5 6 0.021603195 
638 387 5 6 0.021603195 
793 467 6 8 0.021603195 
708 457 6 9 0.021603195 
799 614 9 12 0.021603195 
826 481 6 8 0.021603195 
921 654 16 21 0.021603195 
711 477 7 10 0.021603195 
693 477 6 8 0.021603195 
623 396 5 6 0.021603195 
580 401 4 6 0.021603195 
667 452 6 8 0.021603195 
980 636 15 20 0.021603195 
757 485 8 11 0.021603195 
710 467 7 9 0.021603195 
576 416 5 6 0.021603195 
835 423 5 7 0.021603195 
583 425 4 5 0.021603195 
630 416 4 6 0.021603195 
678 434 5 6 0.021603195 
278 582 54 86 0.021360904 
945 728 22 25 0.021360898 
2 659 23 34 0.021360898 
525 663 25 32 0.021360898 
958 634 24 33 0.021360898 
232 76 114 167 0.0201599 
39 569 94 130 0.0201599 
