52_Photographers_taketouristphotos_52_80
51
332 510 48 61 0.9786391 
625 566 225 284 0.2311026 
869 264 7 10 0.16157512 
548 190 180 284 0.15916686 
706 84 239 310 0.13594593 
329 370 7 10 0.11991897 
979 296 6 9 0.08787667 
-41 141 206 297 0.076092646 
145 674 76 72 0.07244435 
870 291 13 22 0.049903784 
505 252 257 355 0.04931264 
978 315 12 18 0.045951538 
553 424 228 355 0.045153897 
986 271 6 8 0.04229837 
375 369 7 9 0.04229837 
646 285 31 43 0.039651494 
364 367 6 8 0.038923774 
989 289 8 11 0.038923774 
539 79 242 306 0.03781825 
815 72 257 276 0.03781825 
871 268 8 13 0.035808332 
25 43 239 360 0.034593593 
258 147 261 301 0.034593593 
955 313 6 9 0.03293372 
981 299 7 10 0.032933712 
15 511 191 297 0.03163486 
984 274 8 12 0.030282615 
987 277 8 12 0.030282615 
98 67 94 64 0.027884193 
312 85 51 75 0.027884193 
868 282 16 23 0.027838783 
989 290 12 18 0.027838783 
950 297 13 17 0.027838783 
987 283 8 11 0.027838778 
954 300 7 9 0.027838778 
79 166 212 334 0.026434705 
999 282 7 9 0.02558696 
737 348 14 18 0.02558696 
-24 244 218 334 0.024156325 
853 298 7 9 0.02351288 
997 275 7 9 0.02351288 
999 323 9 13 0.02351288 
984 285 13 19 0.02351288 
950 303 7 10 0.02351288 
854 281 27 37 0.023349825 
999 267 5 7 0.021603195 
898 301 17 22 0.021603195 
793 322 70 81 0.021360904 
502 77 31 39 0.021360898 
716 47 31 39 0.021360898 
642 271 55 75 0.021360898 
