52_Photographers_photographertakingphoto_52_303
28
433 224 70 86 0.9997701 
331 342 203 246 0.7688974 
460 202 186 261 0.71599656 
455 186 35 38 0.13928533 
282 222 73 80 0.109639935 
439 185 61 82 0.10106142 
216 213 136 170 0.076092646 
452 167 26 30 0.06655857 
492 181 9 10 0.054176662 
394 332 27 36 0.04326818 
470 188 13 17 0.04229837 
432 275 132 167 0.04133061 
476 598 71 82 0.039651494 
631 49 30 35 0.036325652 
215 238 64 86 0.036325645 
446 155 27 28 0.033269096 
458 173 15 20 0.03293372 
475 190 8 10 0.030282615 
290 219 31 35 0.027884193 
441 160 47 55 0.027884185 
464 179 17 22 0.027838783 
468 191 19 25 0.027838778 
292 261 55 80 0.025519116 
124 307 215 285 0.024156325 
484 176 15 17 0.02351288 
253 302 209 250 0.022069868 
440 325 69 82 0.021360904 
244 234 68 92 0.021360898 
