52_Photographers_photographertakingphoto_52_721
40
295 244 261 664 0.9997335 
428 274 212 599 0.96540636 
684 512 82 153 0.61190087 
620 148 232 635 0.36474833 
692 921 232 664 0.26558137 
386 780 222 556 0.26558137 
48 769 242 674 0.24794048 
499 507 215 664 0.2150812 
306 552 253 684 0.19988176 
131 56 249 635 0.15916686 
226 166 225 664 0.13594593 
573 422 235 645 0.1065206 
237 987 225 694 0.1065206 
488 915 65 167 0.09308393 
651 484 107 295 0.09015675 
143 827 239 654 0.09015675 
951 1362 70 231 0.08567618 
295 868 273 684 0.076092646 
432 885 132 332 0.058741733 
487 985 56 148 0.056098126 
0 980 116 446 0.053832818 
515 955 56 164 0.051466707 
489 812 134 368 0.04931264 
307 1178 130 408 0.04931264 
549 379 132 390 0.04931264 
590 857 242 626 0.045153886 
217 604 235 617 0.04133061 
70 471 239 704 0.04133061 
547 714 119 373 0.03781825 
43 122 242 684 0.03781825 
747 1002 149 402 0.03781825 
496 864 65 143 0.030461604 
92 860 138 414 0.028921604 
606 437 112 379 0.028921604 
241 191 65 159 0.027884185 
-23 679 203 532 0.02643471 
758 1119 67 153 0.025519116 
768 834 218 590 0.024156325 
841 941 126 390 0.022069868 
443 822 273 654 0.022069868 
