52_Photographers_taketouristphotos_52_123
78
159 700 111 352 0.864054 
656 216 34 91 0.79672164 
157 885 228 645 0.78491884 
713 195 67 192 0.56787485 
84 530 186 524 0.4310897 
763 252 79 168 0.32552502 
630 204 57 134 0.2032784 
683 191 218 599 0.15916686 
191 799 121 396 0.13594593 
156 117 76 192 0.12872262 
718 115 134 384 0.115646794 
947 404 51 144 0.09308395 
871 278 27 91 0.09308395 
975 907 18 45 0.08787667 
818 266 67 156 0.08567618 
628 216 37 88 0.07880669 
903 307 5 13 0.0691498 
695 262 121 402 0.064067975 
943 112 16 42 0.054176662 
600 913 239 599 0.053832818 
878 951 123 304 0.045153897 
163 82 119 313 0.045153897 
113 689 75 261 0.04326818 
806 664 69 156 0.04326818 
889 200 5 17 0.04229837 
965 906 20 58 0.04229837 
185 1079 128 420 0.04133061 
123 450 6 18 0.038923774 
891 673 6 19 0.038923774 
854 255 50 141 0.036325652 
905 747 8 21 0.035808332 
713 271 79 199 0.033269096 
947 875 48 134 0.033269096 
980 60 6 16 0.03293372 
121 206 35 79 0.030461604 
661 343 51 146 0.030461596 
593 291 62 149 0.030461596 
357 402 73 209 0.030461596 
918 992 5 15 0.030282615 
971 338 5 13 0.030282615 
946 101 7 18 0.030282615 
199 658 206 581 0.028921604 
859 790 186 590 0.028921604 
121 733 209 599 0.028921604 
642 413 215 581 0.028921604 
876 262 46 139 0.027884193 
172 165 37 103 0.027884193 
715 241 39 112 0.027884193 
639 276 55 162 0.027884185 
984 312 5 14 0.027838783 
950 332 6 17 0.027838783 
917 578 6 15 0.027838783 
556 909 91 352 0.026434705 
924 188 6 17 0.02558696 
906 578 5 14 0.02558696 
901 737 13 37 0.02558696 
663 1044 67 186 0.025519116 
607 247 69 165 0.025519116 
0 772 124 313 0.024156325 
906 1002 6 17 0.02351288 
901 329 16 40 0.02351288 
913 314 5 14 0.02351288 
889 674 10 32 0.02351288 
883 678 12 31 0.02351288 
942 304 6 17 0.02351288 
917 223 6 18 0.02351288 
910 748 7 19 0.02351288 
895 74 27 75 0.023349825 
962 442 31 89 0.023349825 
982 867 6 16 0.021603195 
904 299 6 16 0.021603195 
969 342 6 16 0.021603195 
919 673 7 18 0.021603195 
701 317 19 53 0.021603195 
902 390 57 154 0.021360898 
895 722 23 72 0.021360898 
769 509 117 362 0.0201599 
730 813 209 590 0.0201599 
