52_Photographers_photographertakingphoto_52_113
18
407 158 144 277 0.9993284 
668 687 117 325 0.19988178 
633 305 228 530 0.08285364 
465 484 206 500 0.076092646 
462 737 249 538 0.05874174 
414 322 222 514 0.045153897 
147 341 273 605 0.045153886 
587 460 209 492 0.04133061 
391 195 94 208 0.036325652 
473 706 130 273 0.03163486 
942 181 75 201 0.030461596 
956 1064 8 17 0.030282615 
549 944 149 377 0.028921604 
666 681 82 197 0.025519116 
408 1070 78 191 0.025519116 
234 857 203 507 0.024156325 
459 227 269 418 0.022069868 
272 958 124 261 0.0201599 
