52_Photographers_photographertakingphoto_52_428
50
501 307 123 139 0.65639776 
762 280 101 166 0.24794048 
342 22 126 234 0.24794048 
998 253 14 23 0.17366187 
335 446 212 314 0.13594593 
382 309 180 292 0.13594593 
736 243 175 252 0.115646794 
871 1 74 91 0.08567618 
256 -21 246 305 0.06984133 
706 154 13 20 0.06377564 
959 281 12 17 0.05879275 
776 282 67 97 0.056098126 
961 281 7 10 0.054176662 
457 283 191 231 0.053832818 
637 278 73 97 0.051466707 
984 262 8 11 0.04229837 
707 133 25 37 0.039651494 
996 222 7 10 0.038923774 
1002 240 7 9 0.038923774 
702 107 43 66 0.036325652 
911 252 8 10 0.035808332 
971 247 8 11 0.035808332 
931 242 8 10 0.035808332 
779 279 28 44 0.033269096 
1003 227 9 10 0.03293372 
947 225 6 9 0.030282615 
573 278 101 157 0.028921604 
625 447 61 86 0.027884185 
966 243 6 9 0.027838783 
710 154 8 12 0.027838783 
871 6 97 177 0.02643471 
984 258 7 10 0.02558696 
986 220 7 9 0.02558696 
1014 217 8 10 0.02558696 
668 627 8 12 0.02558696 
923 237 14 17 0.02351288 
962 277 6 8 0.02351288 
999 223 9 12 0.02351288 
711 70 8 11 0.02351288 
720 102 44 69 0.023349825 
699 144 21 30 0.023349825 
713 97 27 47 0.023349825 
938 309 90 166 0.022069868 
483 -5 212 329 0.022069868 
959 273 6 8 0.021603195 
966 240 5 8 0.021603195 
973 266 7 10 0.021603195 
59 142 55 74 0.021360904 
168 -20 228 283 0.0201599 
236 21 140 171 0.0201599 
