52_Photographers_taketouristphotos_52_86
26
422 355 76 100 0.9995652 
181 448 116 162 0.32305852 
77 151 232 301 0.30317584 
472 171 257 276 0.076092646 
805 33 232 268 0.05874174 
134 348 235 268 0.05874174 
13 183 109 153 0.04133061 
138 205 46 60 0.039651502 
30 168 73 79 0.039651494 
383 34 33 35 0.036325645 
-14 142 178 242 0.034593593 
77 172 29 38 0.030461596 
832 114 123 155 0.028921604 
222 534 14 15 0.027838783 
190 533 11 13 0.027838783 
312 655 7 8 0.027838778 
779 126 29 37 0.025519116 
771 333 209 253 0.024156325 
167 166 265 268 0.024156325 
10 185 6 9 0.02351288 
315 649 5 6 0.02351288 
605 128 78 91 0.023349825 
392 100 31 35 0.023349825 
73 388 200 245 0.022069868 
603 155 222 256 0.022069868 
145 502 101 132 0.022069868 
