52_Photographers_photographertakingphoto_52_578
95
942 164 69 76 0.9997482 
752 176 54 74 0.9994287 
355 140 49 65 0.9990996 
805 153 50 62 0.9975521 
281 180 65 83 0.9964803 
66 149 78 100 0.99614596 
111 121 67 86 0.993937 
500 255 51 63 0.98957527 
572 151 46 62 0.98859274 
775 170 49 64 0.5454055 
871 170 206 280 0.3864298 
623 221 19 29 0.2511021 
893 229 13 16 0.17366187 
459 212 9 12 0.17366187 
3 334 106 167 0.14717786 
883 226 24 27 0.12872264 
449 247 30 41 0.12872264 
598 15 132 142 0.115646794 
671 201 8 10 0.111069925 
948 394 75 102 0.10106142 
549 241 25 28 0.10106142 
224 417 249 340 0.09803478 
539 -44 197 268 0.09803478 
917 393 23 37 0.07880669 
512 280 52 64 0.072444364 
207 216 24 28 0.07244435 
862 234 29 31 0.06655857 
492 500 239 280 0.064067975 
633 179 9 10 0.05879275 
89 4 7 8 0.05879275 
43 165 53 78 0.056098126 
538 305 17 22 0.054176662 
576 184 30 42 0.051466707 
866 347 49 68 0.051466707 
485 284 51 71 0.051466707 
330 -47 212 276 0.04931264 
539 311 27 36 0.047198545 
284 288 140 188 0.045153886 
884 213 8 10 0.04229837 
461 210 13 16 0.04229837 
816 -5 194 276 0.04133061 
929 16 94 146 0.04133061 
618 198 23 29 0.036325652 
584 287 29 35 0.036325645 
872 222 24 27 0.036325645 
228 203 12 15 0.035808332 
1008 343 15 24 0.035808332 
607 200 25 33 0.033269096 
582 172 45 65 0.033269096 
626 177 15 16 0.03293372 
245 238 5 7 0.032933712 
8 345 172 225 0.03163486 
884 25 104 167 0.03163486 
987 598 25 38 0.030461604 
403 0 83 97 0.030461596 
622 186 19 25 0.030282615 
566 377 7 10 0.030282615 
470 216 13 18 0.030282615 
625 184 9 11 0.030282615 
422 21 128 142 0.028921604 
523 372 106 124 0.028921604 
702 360 191 261 0.028921604 
565 337 26 29 0.027884193 
453 249 52 58 0.027884193 
603 258 21 28 0.027884193 
599 186 45 58 0.027884185 
616 206 36 52 0.027884185 
613 203 14 19 0.027838783 
548 326 18 24 0.027838783 
519 204 7 10 0.027838778 
307 150 78 91 0.026434705 
643 245 232 285 0.026434705 
464 215 13 17 0.02558696 
799 175 38 52 0.025519116 
552 340 30 34 0.025519116 
251 124 27 44 0.025519116 
867 210 46 51 0.025519116 
477 317 116 155 0.024156325 
917 212 103 183 0.024156325 
224 395 12 13 0.02351288 
580 365 5 7 0.02351288 
617 195 15 19 0.02351288 
455 214 8 10 0.02351288 
6 632 20 31 0.023349825 
535 291 27 38 0.023349825 
291 185 209 257 0.022069868 
670 200 6 8 0.0216032 
616 201 8 10 0.021603195 
222 228 9 12 0.021603195 
203 410 12 18 0.021603195 
803 70 7 8 0.021603195 
628 623 51 62 0.021360904 
338 -10 63 65 0.021360904 
628 657 25 25 0.021360898 
395 202 175 228 0.020159906 
