52_Photographers_photographertakingphoto_52_263
106
627 262 23 33 0.99614596 
137 294 19 30 0.97448087 
685 247 21 38 0.97448087 
352 299 21 31 0.9695384 
754 284 19 36 0.9667309 
39 278 19 29 0.9577016 
404 293 21 28 0.90492445 
65 391 15 21 0.86055124 
471 306 13 18 0.8263381 
804 288 21 33 0.82463235 
42 429 15 24 0.60666233 
317 309 12 18 0.56463194 
598 478 180 276 0.45389685 
75 387 16 25 0.3933377 
21 370 32 41 0.38809907 
775 362 35 48 0.30585766 
295 344 186 289 0.30317584 
716 -66 261 335 0.30317584 
456 443 12 16 0.29596066 
660 366 45 64 0.268611 
719 510 188 268 0.24794048 
676 420 209 272 0.24794048 
746 426 51 72 0.16258557 
369 338 209 297 0.13594593 
79 394 18 30 0.1293704 
111 272 239 306 0.09803478 
633 307 24 28 0.09308393 
460 280 194 280 0.09015675 
426 23 7 9 0.08117401 
766 425 68 82 0.07880669 
793 284 22 36 0.07880669 
176 314 16 20 0.074940585 
476 302 14 19 0.07494057 
964 562 65 112 0.072444364 
473 256 119 194 0.06984133 
859 462 61 81 0.06655857 
48 41 123 151 0.064067975 
142 177 188 272 0.064067975 
48 134 134 191 0.05874174 
690 546 136 191 0.05874174 
685 401 29 48 0.051466707 
274 301 12 18 0.04990379 
313 308 11 14 0.049903784 
429 317 21 29 0.047198545 
79 319 17 20 0.045951538 
590 366 17 24 0.045951538 
704 52 119 138 0.045153897 
730 424 106 155 0.045153897 
703 246 23 39 0.04326818 
775 368 49 76 0.04326818 
443 190 6 8 0.04229837 
468 307 8 14 0.04229837 
83 402 18 28 0.04229837 
780 450 215 293 0.04133061 
61 420 22 32 0.039651502 
67 393 41 59 0.039651502 
254 330 23 38 0.039651502 
647 270 15 20 0.038923774 
760 383 49 77 0.036325652 
807 297 30 37 0.036325652 
269 302 9 13 0.035808332 
53 461 32 34 0.033269096 
793 355 40 62 0.033269096 
340 302 14 19 0.03293372 
180 325 9 12 0.03293372 
94 338 16 25 0.032933712 
446 336 20 29 0.030461604 
50 419 24 32 0.030461604 
415 336 21 34 0.030461596 
247 311 43 64 0.030461596 
505 292 59 80 0.030461596 
173 314 8 10 0.030282615 
400 319 7 9 0.030282615 
91 399 16 23 0.030282615 
398 291 16 27 0.030282615 
37 366 8 11 0.030282615 
220 199 183 268 0.028921604 
72 408 24 38 0.027884193 
671 390 51 72 0.027884185 
309 310 9 14 0.027838783 
35 367 15 23 0.027838778 
789 -1 149 177 0.026434705 
179 360 246 340 0.026434705 
369 30 17 20 0.02558696 
167 312 14 19 0.02558696 
775 287 23 34 0.025519116 
796 276 36 51 0.025519116 
-32 72 206 302 0.024156325 
176 326 16 20 0.02351288 
577 346 6 8 0.02351288 
174 309 6 8 0.02351288 
677 524 45 71 0.023349825 
80 340 23 28 0.023349825 
724 376 51 63 0.023349825 
116 329 57 68 0.023349825 
263 300 12 18 0.021603195 
39 379 20 28 0.021603195 
55 462 15 19 0.021603195 
812 297 16 24 0.021603195 
623 455 5 7 0.021603195 
813 434 61 94 0.021360904 
783 424 32 42 0.021360898 
148 319 49 66 0.021360898 
805 361 49 74 0.021360898 
501 -11 253 302 0.0201599 
781 229 235 335 0.0201599 
