52_Photographers_photographertakingphoto_52_315
65
477 163 57 79 0.99952376 
691 86 94 142 0.99845755 
171 168 87 125 0.99814475 
239 122 52 82 0.9944617 
286 184 20 27 0.9308502 
632 200 9 10 0.60666233 
274 65 124 212 0.45389685 
811 91 93 173 0.3864298 
651 90 191 254 0.26558137 
583 193 8 11 0.26116365 
571 191 8 10 0.2141799 
557 413 212 285 0.18550259 
348 128 50 79 0.16258557 
200 154 74 99 0.118850335 
273 166 29 44 0.109639935 
154 459 209 250 0.09803478 
7 229 13 22 0.09507551 
2 230 21 36 0.09308393 
134 248 111 180 0.09015675 
428 9 242 290 0.090156734 
812 80 58 119 0.072444364 
142 145 212 261 0.06984133 
815 11 134 186 0.06984133 
760 332 235 290 0.05874174 
822 310 128 183 0.05874174 
168 579 111 145 0.053832814 
248 513 206 265 0.053832814 
247 153 51 74 0.051466707 
745 97 83 140 0.04931264 
740 512 83 67 0.047198545 
611 202 8 11 0.04595155 
189 0 235 265 0.045153897 
606 318 43 66 0.04326818 
647 185 7 9 0.04229837 
269 270 232 294 0.04133061 
561 218 200 277 0.04133061 
998 336 9 11 0.038923774 
222 162 239 303 0.03781825 
322 142 111 145 0.03781825 
606 342 27 38 0.036325652 
644 423 273 219 0.034593593 
580 492 130 180 0.034593593 
671 282 71 86 0.033269096 
263 181 21 27 0.032933712 
872 25 71 96 0.030461604 
579 192 8 11 0.030282615 
11 230 8 13 0.030282615 
66 12 90 151 0.028921604 
821 142 60 104 0.027884185 
213 668 13 14 0.02558696 
0 246 23 37 0.025519116 
355 105 52 66 0.025519116 
711 141 119 153 0.024156325 
223 393 206 265 0.024156325 
501 355 242 232 0.024156325 
120 160 55 77 0.023349825 
708 219 215 265 0.022069868 
134 176 106 170 0.022069868 
671 655 17 21 0.021603195 
127 194 17 29 0.021603195 
-7 218 33 60 0.021360904 
818 189 69 92 0.021360904 
144 577 70 81 0.021360898 
812 305 80 86 0.021360898 
294 406 249 307 0.0201599 
