58_Hockey_icehockey_puck_58_655
36
858 75 68 90 0.99835384 
656 86 64 86 0.9943593 
109 174 66 77 0.9877685 
286 210 76 80 0.9565907 
337 125 46 49 0.6136892 
972 2 47 37 0.5468974 
8 259 39 59 0.12908432 
17 6 59 69 0.118963875 
496 53 56 70 0.09328814 
261 248 96 120 0.08857168 
654 347 104 131 0.08325474 
923 23 34 42 0.08046653 
830 446 35 38 0.06484878 
683 82 97 98 0.061021242 
147 272 58 65 0.060496476 
329 129 62 81 0.050238676 
487 29 53 64 0.045603957 
445 493 111 105 0.04232049 
961 3 62 69 0.037242718 
834 58 46 64 0.035999402 
4 129 29 41 0.034426924 
724 62 57 61 0.03349963 
169 360 26 29 0.031235037 
699 144 200 207 0.031038525 
946 0 46 36 0.028957557 
122 167 93 109 0.028222738 
29 268 31 41 0.024867458 
746 89 62 64 0.024399957 
365 203 15 20 0.024373546 
55 238 32 40 0.024350528 
275 300 64 74 0.022840394 
864 408 25 34 0.022485187 
35 234 43 55 0.021418383 
823 456 34 40 0.021093389 
717 128 61 65 0.020981558 
499 18 33 38 0.020597057 
