58_Hockey_icehockey_puck_58_248
62
494 187 39 42 0.97786444 
566 68 22 27 0.91480947 
85 44 18 19 0.6159947 
407 239 35 43 0.5467994 
384 240 45 51 0.5393386 
81 129 9 12 0.2711246 
337 523 55 68 0.26585135 
365 241 39 51 0.16867645 
449 220 14 18 0.15975344 
244 491 56 50 0.15871036 
554 194 17 23 0.15864757 
409 463 26 29 0.15592825 
497 146 17 19 0.14833687 
366 472 36 39 0.14707549 
487 282 15 20 0.124446906 
534 135 34 39 0.12302368 
225 34 12 15 0.105591096 
366 31 13 17 0.08394359 
431 214 26 35 0.0574057 
565 119 12 17 0.056477323 
350 517 100 86 0.055329543 
251 485 41 34 0.05515511 
566 37 12 16 0.04734401 
495 140 29 32 0.04643276 
327 53 12 14 0.044884503 
575 0 359 415 0.04412655 
541 186 27 35 0.04175035 
417 248 22 26 0.03883933 
316 27 16 20 0.038212277 
399 254 36 48 0.037475478 
422 223 32 41 0.036859248 
417 428 29 34 0.03636159 
495 142 15 17 0.034366023 
499 323 25 30 0.033946656 
487 274 25 33 0.03282262 
573 103 11 15 0.030720722 
559 120 13 18 0.030568589 
408 415 27 34 0.030122912 
407 537 39 32 0.030096857 
308 27 17 19 0.028723741 
412 433 17 20 0.027520021 
11 108 10 13 0.026800254 
532 111 42 51 0.025704414 
677 36 23 33 0.024316594 
548 102 26 33 0.024168264 
690 18 13 17 0.02395457 
221 31 20 25 0.023777382 
508 197 47 54 0.023519361 
711 22 47 62 0.023356067 
577 79 15 19 0.023068322 
549 100 13 15 0.022691356 
566 107 14 20 0.02213743 
407 405 22 30 0.021914106 
529 209 48 59 0.021852508 
387 224 40 44 0.021791775 
596 131 13 14 0.021460436 
594 447 31 31 0.02099386 
670 33 41 56 0.02093388 
344 494 64 70 0.020892914 
226 474 92 84 0.020691754 
84 52 16 21 0.020629259 
555 132 13 16 0.020121796 
