58_Hockey_icehockey_puck_58_835
75
310 412 35 44 0.997988 
164 398 36 47 0.99796814 
677 250 30 38 0.997806 
149 246 31 37 0.99761766 
444 239 32 38 0.99748516 
357 177 29 37 0.99743843 
515 243 30 36 0.9969068 
770 257 30 40 0.99675214 
246 245 32 40 0.99670714 
355 239 34 41 0.9966731 
439 410 37 50 0.996555 
852 407 37 47 0.99653095 
216 181 29 39 0.99643046 
876 306 32 39 0.99629587 
561 404 37 46 0.9953744 
702 404 36 43 0.9953068 
450 179 27 33 0.9944806 
600 247 30 36 0.9943416 
553 184 28 34 0.99412125 
290 174 29 37 0.9938438 
52 308 38 49 0.9927759 
626 197 25 32 0.98565555 
693 202 26 32 0.984718 
762 213 26 34 0.9843759 
573 270 11 15 0.22146343 
549 257 16 22 0.20170479 
663 180 13 18 0.17405401 
597 324 12 16 0.1408846 
406 446 14 17 0.10582259 
652 359 30 32 0.08484834 
621 326 12 16 0.08059175 
362 550 18 20 0.05656292 
799 347 12 17 0.048210554 
767 331 23 30 0.04238447 
968 224 7 8 0.041898318 
661 228 14 18 0.037416138 
532 247 23 31 0.036954686 
668 228 15 19 0.034915633 
276 193 13 20 0.03307412 
489 512 32 42 0.03170892 
657 228 12 16 0.031077083 
421 444 12 16 0.030982988 
627 431 23 30 0.030612914 
616 428 24 33 0.03038059 
256 540 26 33 0.030362636 
569 264 19 25 0.03027131 
558 256 22 27 0.029666767 
957 214 8 9 0.028121492 
392 360 28 32 0.027483521 
77 482 16 20 0.027219571 
676 328 12 17 0.027073171 
350 504 12 17 0.02663279 
575 329 11 14 0.02645794 
816 206 8 10 0.026343578 
647 443 13 16 0.02524411 
688 319 28 36 0.024788821 
701 191 26 30 0.024239209 
641 538 24 32 0.023975233 
205 493 11 15 0.023868036 
714 209 15 21 0.023763614 
905 553 30 32 0.02360505 
795 341 20 27 0.0234188 
831 207 7 9 0.023126824 
690 408 29 37 0.02308721 
841 206 7 10 0.022466455 
1000 213 7 9 0.022462215 
277 184 22 31 0.022254054 
269 194 14 19 0.022091769 
415 438 20 27 0.021713471 
301 422 28 36 0.021592362 
563 361 30 33 0.021429406 
704 206 24 32 0.021187205 
828 416 22 34 0.02115301 
525 222 11 16 0.021042733 
580 178 12 17 0.020959802 
