58_Hockey_icehockey_puck_58_592
35
182 330 16 22 0.96567076 
966 396 29 31 0.95774066 
542 350 25 28 0.9164098 
716 332 12 15 0.764302 
692 356 15 17 0.49708328 
864 345 12 16 0.2602856 
179 372 14 17 0.07150498 
669 371 16 18 0.05453101 
177 314 12 15 0.049593616 
649 376 10 12 0.04628771 
853 347 13 16 0.04389771 
685 373 14 16 0.041022785 
677 390 12 13 0.03904745 
813 392 12 17 0.03809921 
457 488 11 13 0.037623 
851 353 14 17 0.034954756 
702 390 9 12 0.034093246 
1001 298 16 18 0.03148608 
531 413 41 57 0.028184524 
877 346 12 17 0.02781769 
981 317 12 18 0.027326532 
427 212 388 440 0.027323732 
535 399 8 10 0.02711941 
691 371 13 16 0.02630927 
661 374 27 28 0.025056314 
697 388 10 13 0.024667975 
567 493 11 14 0.023442289 
471 383 8 11 0.023426272 
711 336 14 16 0.022338506 
692 379 11 13 0.02209591 
863 347 21 25 0.022009965 
968 484 13 15 0.021938482 
828 348 14 16 0.021732979 
633 384 9 11 0.02106902 
710 408 8 11 0.02051551 
