58_Hockey_icehockey_puck_58_113
63
308 122 50 58 0.9905248 
83 41 25 29 0.9796775 
660 52 23 27 0.92803 
226 44 17 20 0.8626564 
186 43 17 21 0.8049192 
523 50 45 59 0.7521865 
274 33 27 33 0.72017753 
995 96 28 41 0.5343813 
489 54 16 21 0.43250614 
244 17 13 16 0.25067487 
842 0 24 23 0.22127102 
432 41 21 26 0.14902149 
435 38 14 17 0.13182433 
132 51 16 20 0.112972 
1009 75 14 20 0.1037727 
86 24 25 29 0.10373508 
1013 419 9 16 0.10155668 
444 46 16 21 0.097699694 
330 116 375 463 0.0898926 
131 82 15 19 0.08891747 
98 25 15 19 0.07804967 
569 57 34 43 0.06509756 
544 57 37 46 0.063954584 
275 28 19 20 0.0567643 
161 112 17 21 0.05089037 
158 79 15 19 0.049797587 
1 19 11 18 0.039453235 
397 51 16 20 0.03834824 
312 46 24 29 0.03709716 
126 46 14 18 0.03613674 
83 26 17 19 0.035596333 
1 14 21 33 0.033055343 
511 24 76 94 0.032947056 
128 58 24 31 0.032713126 
94 22 14 17 0.03177089 
98 32 17 23 0.03160782 
239 13 20 25 0.031460024 
20 63 23 31 0.031033661 
441 231 225 291 0.029834757 
223 38 16 19 0.029567365 
525 52 13 18 0.028750626 
157 120 21 27 0.0284604 
601 129 43 56 0.027513795 
99 72 14 18 0.027115159 
919 74 14 17 0.026998801 
998 45 13 19 0.026023416 
228 84 15 18 0.025829138 
518 64 32 43 0.024771232 
286 39 18 23 0.024682526 
421 27 12 14 0.023927854 
415 27 12 15 0.023852691 
391 0 11 10 0.023305975 
-3 6 41 54 0.023186358 
138 45 14 19 0.02272555 
429 29 13 16 0.022651242 
70 177 39 43 0.022234984 
156 98 24 31 0.021679118 
1009 105 15 24 0.020797702 
416 20 24 28 0.020521639 
245 42 12 17 0.020377 
415 20 14 16 0.020344505 
523 39 30 39 0.020281587 
89 65 24 30 0.020176603 
