58_Hockey_icehockey_puck_58_507
161
723 113 62 79 0.9988918 
849 213 63 87 0.993277 
462 69 34 41 0.98465997 
416 107 34 39 0.98231137 
291 47 16 19 0.5258158 
142 17 17 22 0.35737497 
636 221 54 77 0.33358115 
519 101 39 42 0.32509434 
882 214 56 69 0.2840298 
213 0 14 13 0.24618836 
517 78 34 35 0.18675254 
354 56 18 22 0.1835819 
335 161 60 78 0.16855338 
228 71 24 25 0.15072122 
312 52 13 18 0.14898014 
365 71 31 36 0.13537383 
370 34 13 18 0.12993287 
311 11 14 17 0.12615295 
225 371 39 45 0.1007241 
346 49 18 24 0.09554062 
206 14 13 17 0.095130466 
358 60 26 31 0.092232436 
504 113 47 54 0.08554181 
92 68 11 13 0.084474236 
292 39 14 17 0.0769221 
176 73 28 39 0.074517146 
962 424 38 45 0.072238475 
286 42 15 19 0.07075173 
271 11 12 15 0.066994146 
284 38 13 16 0.06631828 
496 32 11 14 0.064857386 
385 1 22 20 0.061081734 
539 7 15 19 0.060570672 
210 9 15 18 0.059603732 
941 436 12 18 0.057514288 
358 28 12 15 0.056016207 
760 330 16 18 0.055635944 
612 237 76 93 0.05369524 
509 15 17 20 0.05189981 
171 17 13 18 0.05153735 
347 623 14 14 0.051467005 
159 -1 13 12 0.050803963 
40 -5 466 456 0.05023422 
414 31 24 28 0.050056837 
411 93 30 35 0.049339514 
235 0 12 12 0.049045417 
406 119 34 44 0.04723975 
387 39 21 28 0.046916205 
265 46 15 19 0.045115445 
796 0 12 13 0.04480746 
189 4 14 15 0.04477349 
275 5 12 15 0.043441564 
741 311 14 17 0.04263264 
986 425 28 38 0.04237738 
485 38 21 25 0.041329123 
270 18 12 15 0.041011784 
307 105 13 18 0.040203594 
355 35 22 28 0.03950395 
532 119 17 21 0.03864818 
179 71 16 25 0.038404003 
189 83 47 59 0.038133122 
390 450 52 59 0.03809582 
196 11 14 18 0.037419133 
118 11 11 15 0.03657806 
587 183 50 68 0.03550733 
313 3 15 17 0.035324737 
418 47 23 28 0.03505164 
222 74 17 20 0.034888096 
147 9 21 28 0.03472505 
408 102 12 14 0.03456267 
367 36 21 26 0.034546155 
317 75 27 32 0.034337837 
268 125 36 38 0.034081962 
383 121 44 53 0.034066625 
1012 453 11 19 0.033584166 
396 35 26 32 0.03336464 
174 78 16 25 0.03287795 
307 89 27 33 0.032148015 
966 445 31 35 0.031758804 
418 292 54 73 0.031219818 
493 33 21 25 0.030882478 
604 193 57 75 0.030688975 
187 70 32 37 0.030378988 
437 29 21 25 0.030134672 
428 95 29 37 0.029846348 
509 138 16 19 0.029739447 
430 2 14 14 0.029475657 
540 92 31 36 0.029299771 
310 83 47 57 0.02910171 
410 27 19 23 0.029059326 
182 62 12 15 0.028882867 
404 25 16 20 0.028844288 
382 43 15 20 0.028406031 
292 134 93 125 0.028368443 
38 0 12 10 0.028171299 
508 24 16 18 0.028049434 
750 321 27 30 0.028019946 
272 27 12 15 0.027907692 
475 48 24 27 0.027842086 
393 46 24 33 0.027255641 
496 133 42 46 0.027207552 
137 52 15 19 0.02710647 
476 25 14 17 0.027033923 
325 0 15 17 0.026914256 
883 13 13 15 0.026649317 
534 73 26 32 0.026325691 
206 0 21 22 0.025851397 
148 4 14 18 0.02543805 
545 120 17 22 0.025357142 
462 175 45 61 0.025355576 
515 86 20 21 0.0252934 
93 101 11 14 0.02525091 
455 58 12 16 0.025013104 
342 26 11 13 0.02482464 
149 98 13 17 0.024686584 
190 0 23 24 0.02452712 
276 29 12 16 0.024503896 
221 59 13 17 0.023936199 
302 21 11 14 0.023928868 
82 12 14 17 0.02388083 
407 29 41 48 0.023867993 
525 70 43 54 0.023712995 
109 98 11 15 0.023679443 
750 19 12 16 0.02365043 
278 101 39 50 0.023587475 
498 23 21 25 0.023354955 
985 403 17 19 0.023083866 
529 117 33 39 0.022800112 
199 44 12 16 0.022614356 
942 430 22 29 0.022607163 
316 0 14 12 0.022583295 
155 81 17 20 0.022307655 
431 45 24 30 0.022302175 
226 -3 22 21 0.022150377 
164 74 17 22 0.022146245 
898 431 25 30 0.021906223 
438 19 15 18 0.021849195 
298 124 14 18 0.021694621 
446 55 42 49 0.021238599 
528 77 20 23 0.021193773 
468 12 13 16 0.021189608 
669 109 41 54 0.02111022 
426 323 38 47 0.020931128 
369 85 20 22 0.020926768 
162 438 18 20 0.020906674 
394 0 17 14 0.020854041 
507 69 29 36 0.020803297 
207 78 45 54 0.020800443 
350 615 13 15 0.020707835 
406 104 29 37 0.020675505 
349 39 14 16 0.020662075 
206 69 26 31 0.020607851 
291 1 14 16 0.020606674 
371 48 29 35 0.020577742 
976 2 11 11 0.02053236 
220 65 16 21 0.020524679 
252 12 11 14 0.020439949 
391 9 26 30 0.020385424 
279 40 14 18 0.020185258 
741 309 28 36 0.020114396 
315 97 14 19 0.020093942 
