47_Matador_Bullfighter_matadorbullfighting_47_266
41
257 104 56 68 0.9995652 
480 295 67 97 0.5 
717 189 203 259 0.28400344 
492 244 200 256 0.28400344 
606 161 222 292 0.24794048 
481 112 191 227 0.18550259 
10 215 78 58 0.13928533 
495 258 121 144 0.1065206 
642 397 48 69 0.08567616 
713 328 180 256 0.08285364 
36 315 218 230 0.08285364 
835 127 225 271 0.06984133 
238 344 249 267 0.06984133 
225 9 225 259 0.05874174 
508 274 91 73 0.056098126 
484 -10 228 252 0.053832818 
390 335 49 66 0.047198545 
936 25 73 84 0.047198545 
808 369 191 256 0.045153886 
-55 348 249 292 0.045153886 
567 139 172 234 0.045153886 
67 233 7 8 0.04229837 
885 146 121 157 0.04133061 
11 184 119 115 0.034593593 
634 415 33 42 0.030461596 
667 160 126 193 0.028921604 
450 496 71 69 0.027884193 
25 222 35 29 0.027884185 
636 395 13 16 0.02558696 
34 225 19 16 0.02558696 
731 426 65 70 0.025519116 
632 408 222 224 0.024156325 
741 212 70 91 0.023349825 
301 249 57 68 0.023349825 
318 -6 194 244 0.022069868 
413 344 28 40 0.021360898 
670 493 26 43 0.021360898 
420 152 32 37 0.021360898 
692 276 132 190 0.020159906 
473 165 134 139 0.0201599 
430 19 121 150 0.0201599 
