47_Matador_Bullfighter_Matador_Bullfighter_47_254
87
461 95 121 153 0.99883074 
747 346 222 257 0.8408331 
371 253 51 62 0.7488979 
427 371 92 78 0.5454055 
668 398 209 272 0.5 
320 220 67 58 0.47725022 
402 385 56 70 0.38809907 
251 432 130 172 0.26558137 
748 583 14 17 0.22912638 
727 505 29 39 0.1753677 
-53 377 212 264 0.13594593 
902 564 116 146 0.115646794 
792 334 58 63 0.109639935 
420 254 43 60 0.10106142 
399 398 35 41 0.10106142 
709 511 52 70 0.09308395 
653 493 116 172 0.08285364 
492 304 48 70 0.07880669 
309 222 43 41 0.07880669 
851 485 32 41 0.07244435 
344 214 65 76 0.07244435 
-4 417 121 180 0.06984132 
449 328 106 117 0.064067975 
995 495 27 43 0.06111947 
208 544 32 46 0.06111947 
736 569 27 36 0.056098126 
491 352 91 91 0.047198545 
737 406 86 91 0.047198545 
833 483 58 79 0.047198545 
418 332 222 268 0.045153897 
737 449 16 20 0.04229837 
375 357 101 121 0.04133062 
695 484 107 140 0.04133061 
168 437 257 215 0.04133061 
715 248 203 246 0.04133061 
657 369 56 60 0.039651502 
706 547 50 74 0.039651502 
680 375 37 41 0.039651494 
721 581 25 35 0.039651494 
793 344 34 39 0.039651494 
518 323 249 276 0.03781825 
508 322 75 75 0.036325652 
689 615 69 70 0.036325652 
727 485 50 63 0.036325652 
48 403 130 183 0.034593593 
762 459 55 70 0.033269096 
803 493 58 70 0.033269096 
392 245 55 75 0.033269096 
777 502 16 21 0.03293372 
-49 268 232 268 0.03163486 
930 475 30 34 0.030461604 
197 519 55 73 0.030461596 
266 345 67 89 0.030461596 
302 319 97 123 0.028921604 
789 459 62 73 0.027884185 
634 605 68 75 0.027884185 
427 344 74 63 0.027884185 
755 535 17 24 0.027838783 
728 514 17 24 0.027838778 
455 269 6 8 0.027838778 
332 179 95 95 0.026434705 
820 513 15 21 0.02558696 
452 322 9 12 0.02558696 
827 505 16 21 0.02558696 
685 627 25 31 0.025519116 
742 471 53 67 0.025519116 
734 557 46 59 0.025519116 
814 503 27 34 0.025519116 
485 311 134 155 0.024156325 
834 467 200 261 0.024156325 
918 459 49 62 0.023349825 
0 311 50 95 0.023349825 
755 525 48 63 0.023349825 
834 490 28 37 0.023349825 
690 360 54 57 0.023349825 
849 455 60 79 0.023349825 
847 410 85 89 0.023349825 
460 381 121 124 0.022069868 
723 596 18 23 0.021603195 
831 500 14 18 0.021603195 
756 485 53 71 0.021360904 
689 645 30 32 0.021360898 
780 526 53 71 0.021360898 
335 248 55 65 0.021360898 
718 428 75 85 0.021360898 
247 283 111 142 0.0201599 
-5 302 107 177 0.0201599 
