47_Matador_Bullfighter_matadorbullfighting_47_491
101
316 196 13 18 0.97441304 
7 152 12 17 0.88008106 
347 195 11 16 0.8384248 
950 64 9 12 0.755209 
101 190 13 18 0.6856687 
917 140 11 15 0.5858033 
892 137 11 17 0.5216516 
405 190 14 19 0.45677772 
983 198 13 17 0.3728605 
749 192 15 20 0.31433135 
871 140 9 13 0.17366187 
517 391 246 307 0.15916684 
186 158 8 12 0.15017675 
34 192 9 12 0.13944872 
341 242 6 8 0.1293704 
87 133 13 18 0.11991897 
609 398 107 191 0.09015675 
364 169 8 12 0.08787667 
0 103 4 8 0.08787667 
478 229 35 35 0.08567618 
38 188 9 12 0.08117401 
264 240 242 325 0.076092646 
12 18 124 197 0.076092646 
32 195 8 11 0.074940585 
353 303 8 11 0.074940585 
911 141 8 12 0.07494057 
308 324 17 28 0.07494057 
362 188 7 10 0.0691498 
314 227 5 7 0.06377564 
198 160 5 8 0.05879275 
890 137 8 12 0.05879275 
749 193 9 12 0.054176662 
229 374 239 321 0.053832814 
437 225 33 40 0.051466707 
141 240 8 10 0.04990379 
289 242 5 7 0.04990379 
118 185 14 20 0.049903784 
765 306 200 293 0.04931264 
97 192 6 10 0.045951538 
343 -16 249 316 0.045153897 
244 455 75 95 0.04326818 
736 116 8 10 0.04229837 
11 114 5 7 0.04229837 
754 197 13 19 0.04229837 
194 159 7 11 0.04229837 
675 298 188 273 0.04133061 
698 113 209 277 0.04133061 
114 187 23 37 0.039651494 
2 154 9 12 0.038923774 
915 138 9 13 0.038923774 
55 230 5 6 0.038923774 
189 156 11 16 0.038923774 
922 138 10 17 0.038923774 
158 343 232 277 0.03781825 
229 191 8 10 0.035808332 
79 238 5 7 0.035808332 
961 234 61 94 0.033269096 
408 230 67 78 0.033269096 
869 138 8 10 0.032933712 
892 133 9 12 0.032933712 
104 186 23 32 0.030461604 
501 331 59 79 0.030461596 
311 224 6 8 0.030282615 
102 229 4 6 0.030282615 
198 204 9 11 0.030282615 
125 190 9 13 0.030282615 
1011 181 11 18 0.030282615 
58 193 7 11 0.030282615 
190 152 6 9 0.027838783 
7 179 16 22 0.027838783 
130 193 7 11 0.027838778 
927 136 6 12 0.02558696 
117 187 9 12 0.02558696 
29 244 4 6 0.02558696 
900 139 8 13 0.02558696 
824 212 8 12 0.02558696 
908 143 8 12 0.02558696 
337 306 6 9 0.02558696 
647 111 50 72 0.025519116 
463 220 60 63 0.025519116 
103 184 10 13 0.02351288 
361 173 12 17 0.02351288 
131 205 6 9 0.02351288 
93 224 5 7 0.02351288 
532 215 5 7 0.02351288 
890 128 6 9 0.02351288 
104 180 8 10 0.0216032 
938 127 8 11 0.021603195 
127 223 6 9 0.021603195 
959 83 7 10 0.021603195 
308 221 11 15 0.021603195 
196 195 5 7 0.021603195 
836 123 5 7 0.021603195 
209 196 5 8 0.021603195 
319 239 5 7 0.021603195 
482 269 20 27 0.021603195 
737 361 89 121 0.021360898 
11 310 97 203 0.020159906 
28 0 212 289 0.020159906 
325 259 119 165 0.0201599 
224 -2 242 307 0.0201599 
