47_Matador_Bullfighter_Matador_Bullfighter_47_715
34
100 461 203 578 0.2150812 
582 663 65 194 0.13928533 
416 430 78 158 0.12872264 
884 391 126 325 0.115646794 
670 442 37 87 0.10106142 
441 834 212 545 0.076092646 
79 618 58 158 0.06111947 
658 458 54 116 0.06111947 
628 432 28 83 0.04326818 
753 730 239 514 0.04133061 
583 630 107 298 0.04133061 
127 359 246 444 0.04133061 
625 441 57 133 0.039651502 
942 370 82 264 0.036325652 
-27 897 246 605 0.034593593 
211 775 91 212 0.033269096 
779 238 235 623 0.03163486 
12 520 48 167 0.030461596 
680 527 33 66 0.030461596 
456 444 60 181 0.030461596 
524 747 215 651 0.028921604 
316 662 215 605 0.028921604 
395 454 65 138 0.025519116 
216 590 31 95 0.025519116 
957 513 65 247 0.025519116 
198 613 65 194 0.025519116 
366 569 111 325 0.024156325 
662 515 57 103 0.023349825 
634 489 62 127 0.023349825 
344 951 123 311 0.022069868 
392 1188 5 14 0.021603195 
656 434 35 85 0.021360898 
619 520 58 129 0.021360898 
725 65 30 78 0.021360898 
