47_Matador_Bullfighter_Matador_Bullfighter_47_827
36
710 43 62 76 0.9990996 
199 29 212 223 0.24794048 
-30 71 203 243 0.2150812 
634 342 80 137 0.19988178 
292 438 222 282 0.14717786 
620 365 61 95 0.118850335 
683 11 261 295 0.1065206 
557 590 11 12 0.09507551 
142 321 76 104 0.08567618 
762 474 53 76 0.07880669 
-20 158 215 274 0.06984133 
784 247 253 229 0.05874174 
358 58 203 250 0.053832818 
25 38 126 154 0.053832814 
235 308 111 131 0.045153897 
331 494 64 89 0.04326818 
0 457 97 156 0.03781825 
765 429 222 274 0.03781825 
11 197 144 156 0.03781825 
538 591 12 15 0.03293372 
0 354 191 254 0.028921604 
756 227 17 23 0.027838783 
431 103 203 254 0.02643471 
761 -26 239 243 0.02643471 
69 -23 200 247 0.02643471 
580 583 16 20 0.02558696 
940 98 52 60 0.025519116 
594 602 26 26 0.025519116 
538 356 228 286 0.024156325 
425 358 200 243 0.024156325 
635 69 197 266 0.024156325 
132 443 225 258 0.022069868 
258 343 62 79 0.021360898 
182 296 112 125 0.0201599 
577 342 97 141 0.0201599 
780 108 246 286 0.0201599 
