47_Matador_Bullfighter_matadorbullfighting_47_38
62
622 90 34 34 0.7815748 
612 75 29 39 0.5 
803 166 188 274 0.4085711 
635 97 37 37 0.38809907 
605 65 27 42 0.30585766 
179 379 235 304 0.28400344 
715 139 8 10 0.27822798 
672 437 8 10 0.22912635 
137 -5 225 270 0.2150812 
283 46 218 278 0.18550259 
644 83 33 37 0.16258557 
652 190 119 168 0.13594593 
625 161 191 274 0.13594593 
-38 31 261 299 0.12544508 
673 462 41 65 0.118850335 
692 -15 225 262 0.09803478 
-28 445 170 274 0.09015675 
-9 221 212 216 0.08285364 
109 465 112 156 0.076092646 
41 436 194 243 0.076092646 
773 19 222 278 0.076092646 
670 465 27 42 0.07244435 
661 85 16 27 0.0691498 
174 421 142 176 0.064067975 
590 64 30 44 0.06111947 
558 446 18 22 0.05879275 
510 504 59 77 0.051466707 
46 -14 218 266 0.04931264 
667 435 14 17 0.04229837 
591 430 218 262 0.04133062 
459 438 94 129 0.04133062 
268 279 30 34 0.039651502 
706 141 7 8 0.038923774 
668 423 7 7 0.038923774 
445 27 228 278 0.03781825 
683 419 54 82 0.036325652 
668 458 23 30 0.036325652 
6 17 121 156 0.034593605 
201 157 307 282 0.034593593 
596 50 45 50 0.033269096 
777 380 246 332 0.03163486 
722 185 180 243 0.028921604 
656 126 109 158 0.028921604 
628 420 24 34 0.027884193 
655 105 30 39 0.027884193 
378 80 215 251 0.026434705 
710 113 67 90 0.025519116 
688 136 60 70 0.025519116 
262 266 53 52 0.025519116 
113 275 51 58 0.025519116 
697 242 114 145 0.024156325 
804 227 114 171 0.024156325 
0 320 97 173 0.024156325 
643 83 215 229 0.024156325 
655 241 6 7 0.02351288 
661 477 30 45 0.023349825 
697 150 29 37 0.023349825 
453 421 209 254 0.022069868 
397 475 15 21 0.021603195 
656 109 18 23 0.021603195 
652 431 6 8 0.021603195 
687 418 25 34 0.021360898 
