47_Matador_Bullfighter_Matador_Bullfighter_47_785
17
432 224 134 305 0.9098432 
68 520 130 300 0.3647484 
363 138 212 519 0.14717786 
466 575 55 159 0.06655858 
0 380 215 542 0.04133062 
672 388 232 489 0.03781825 
99 104 242 575 0.03781825 
412 524 89 259 0.03163486 
-41 536 249 677 0.028921604 
-1 906 191 504 0.028921604 
240 263 257 647 0.028921604 
464 521 90 255 0.028921604 
847 406 114 305 0.026434705 
2 489 107 359 0.022069868 
224 668 277 610 0.022069868 
705 614 212 542 0.022069868 
781 348 191 511 0.020159906 
