47_Matador_Bullfighter_matadorbullfighting_47_300
112
225 546 34 30 0.99931467 
818 339 31 31 0.9821322 
841 99 23 28 0.89036 
11 158 23 28 0.79672164 
924 356 45 52 0.76563126 
89 477 34 33 0.6541731 
382 337 33 34 0.5454055 
905 13 61 66 0.45459446 
137 555 25 21 0.268611 
969 65 20 23 0.26116365 
562 444 49 56 0.2511021 
826 21 23 25 0.21842523 
11 0 17 21 0.17366187 
994 317 27 34 0.16258557 
246 4 21 27 0.16258556 
472 83 188 207 0.15916684 
115 198 64 88 0.12872264 
841 9 17 16 0.11991897 
935 364 53 56 0.118850335 
52 310 14 22 0.111069925 
634 43 76 85 0.109639935 
240 203 228 259 0.09803478 
74 482 33 29 0.08567616 
509 17 232 230 0.08285364 
1000 416 16 17 0.07494057 
573 457 32 32 0.06655858 
930 27 52 55 0.06111947 
136 -3 112 97 0.058741733 
892 13 13 17 0.054176662 
483 280 46 46 0.051466707 
527 400 9 9 0.04990379 
789 114 206 223 0.04931264 
989 238 19 21 0.047198545 
57 343 21 26 0.047198545 
30 268 26 24 0.047198545 
122 546 28 23 0.047198545 
14 400 12 15 0.045951538 
20 324 29 24 0.04326818 
586 454 19 16 0.04229837 
596 451 15 17 0.04229837 
545 399 15 17 0.04229837 
19 155 14 20 0.04229837 
349 410 106 135 0.04133061 
684 279 209 240 0.04133061 
383 -20 203 230 0.04133061 
118 144 63 91 0.039651502 
58 469 46 53 0.039651494 
73 245 18 23 0.038923774 
724 374 188 217 0.03781825 
329 363 206 233 0.03781825 
114 65 212 251 0.03781825 
885 78 22 25 0.036325645 
117 137 126 131 0.034593605 
513 157 206 214 0.034593593 
370 336 27 30 0.033269096 
387 418 65 75 0.033269096 
836 86 25 27 0.033269096 
781 1 25 27 0.033269096 
34 316 23 24 0.033269096 
818 9 13 14 0.03293372 
1009 411 14 20 0.032933712 
305 296 188 207 0.03163486 
368 67 67 74 0.030461604 
375 201 55 51 0.030461596 
457 189 34 39 0.030461596 
6 7 19 20 0.030282615 
592 63 232 248 0.028921604 
382 117 197 217 0.028921604 
135 543 24 23 0.027884193 
547 441 30 37 0.027884193 
539 427 48 64 0.027884185 
879 22 55 57 0.027884185 
839 17 18 18 0.027838778 
560 401 93 107 0.02643471 
23 53 191 207 0.026434705 
598 54 126 164 0.026434705 
0 102 12 17 0.02558696 
467 441 20 20 0.02558696 
375 48 19 20 0.02558696 
234 538 21 21 0.02558696 
171 329 60 73 0.025519116 
854 162 21 22 0.025519116 
12 203 27 31 0.025519116 
688 139 206 220 0.024156325 
473 355 277 251 0.024156325 
17 1 10 11 0.02351288 
24 163 20 23 0.02351288 
849 13 9 10 0.02351288 
44 315 16 18 0.02351288 
608 10 16 23 0.02351288 
293 192 33 31 0.023349825 
271 169 34 30 0.023349825 
823 100 22 27 0.023349825 
864 31 45 50 0.023349825 
640 33 58 58 0.023349825 
591 436 56 67 0.023349825 
903 418 55 62 0.023349825 
926 346 32 39 0.023349825 
530 398 24 21 0.023349825 
358 341 25 27 0.023349825 
597 419 15 16 0.021603195 
847 14 15 16 0.021603195 
725 352 15 17 0.021603195 
18 328 15 13 0.021603195 
579 456 18 16 0.021603195 
468 164 67 58 0.021360898 
181 340 34 40 0.021360898 
166 111 28 28 0.021360898 
392 240 58 60 0.021360898 
138 148 35 36 0.021360898 
757 268 203 198 0.0201599 
925 350 89 95 0.0201599 
