47_Matador_Bullfighter_Matador_Bullfighter_47_193
40
319 135 23 34 0.9069161 
521 52 225 271 0.3436022 
751 441 257 271 0.2840034 
684 210 265 288 0.24794048 
476 370 261 288 0.15916684 
738 327 222 280 0.14717786 
306 46 222 252 0.1065206 
737 120 235 275 0.1065206 
950 58 73 109 0.10106142 
617 17 222 256 0.09803478 
292 153 222 280 0.09015675 
895 36 111 144 0.08285364 
4 403 98 199 0.08285364 
328 128 13 18 0.08117401 
240 68 31 28 0.06111947 
777 11 212 271 0.053832814 
599 229 9 10 0.04990379 
-15 126 249 301 0.04931264 
301 150 12 14 0.04595155 
768 286 140 227 0.045153886 
543 291 222 252 0.04133062 
658 425 257 245 0.04133061 
28 299 345 199 0.03781825 
641 299 212 252 0.03781825 
-34 280 180 267 0.03781825 
9 46 91 152 0.03781825 
694 309 55 67 0.036325652 
404 27 225 275 0.034593593 
226 241 257 292 0.03163486 
272 100 23 31 0.030461596 
485 245 64 67 0.030461596 
-33 483 265 284 0.028921604 
96 330 194 130 0.028921604 
278 77 9 10 0.027838783 
302 140 26 29 0.025519116 
84 175 235 284 0.024156325 
469 217 116 133 0.024156325 
628 331 117 172 0.0201599 
610 506 246 227 0.0201599 
407 322 246 264 0.0201599 
