47_Matador_Bullfighter_matadorbullfighting_47_812
24
482 303 80 164 0.99047405 
232 826 191 562 0.71599656 
50 521 242 681 0.13594593 
489 208 285 661 0.115646794 
392 664 215 661 0.06984132 
584 958 269 538 0.05874174 
732 93 212 538 0.05874174 
363 45 246 671 0.04931264 
233 1006 138 298 0.045153897 
-7 503 206 546 0.04133061 
0 985 123 293 0.03781825 
359 346 203 605 0.03781825 
135 463 261 651 0.03163486 
-4 747 116 377 0.028921604 
726 717 261 623 0.028921604 
440 853 239 661 0.028921604 
730 1178 130 228 0.028921604 
-26 735 222 546 0.026434705 
298 812 128 361 0.026434705 
141 74 239 681 0.022069868 
4 7 239 651 0.022069868 
533 727 228 661 0.022069868 
299 683 225 587 0.0201599 
291 949 225 596 0.0201599 
