47_Matador_Bullfighter_matadorbullfighting_47_72
57
635 9 23 26 0.9821322 
327 69 53 52 0.9567318 
505 14 30 30 0.9211933 
911 7 29 30 0.8712774 
571 11 23 24 0.6332934 
500 -23 218 227 0.56891036 
594 114 128 176 0.5461031 
750 4 23 27 0.5227497 
688 1 21 23 0.5 
551 33 218 248 0.32305852 
345 67 32 34 0.28687313 
-33 23 218 237 0.28400344 
279 434 212 185 0.18550259 
383 311 34 28 0.16258556 
359 66 21 23 0.16157512 
578 361 212 252 0.15916684 
226 0 25 23 0.15056497 
-1 407 112 179 0.14717786 
481 245 246 271 0.115646794 
737 437 136 148 0.115646794 
370 321 41 31 0.109639935 
283 145 261 252 0.1065206 
971 15 24 26 0.08567616 
365 38 121 152 0.076092646 
286 13 232 259 0.076092646 
736 -31 253 283 0.053832818 
12 181 215 244 0.053832818 
67 -2 178 185 0.053832814 
334 326 112 129 0.04931264 
752 366 225 248 0.04931264 
520 158 239 234 0.045153897 
835 395 117 157 0.045153897 
189 414 12 12 0.04229837 
342 324 67 53 0.033269096 
138 33 63 79 0.033269096 
543 2 126 154 0.03163486 
396 276 232 208 0.028921604 
108 476 73 92 0.027884185 
166 35 57 58 0.027884185 
163 45 24 35 0.027884185 
765 13 123 124 0.02643471 
226 319 13 14 0.02558696 
784 4 80 78 0.025519116 
522 174 30 27 0.025519116 
484 9 48 50 0.025519116 
636 8 257 220 0.024156325 
302 461 61 43 0.023349825 
223 21 23 23 0.023349825 
791 459 106 105 0.022069868 
599 129 257 234 0.022069868 
206 312 8 9 0.0216032 
197 327 8 9 0.021603195 
315 12 26 27 0.021360898 
223 8 26 26 0.021360898 
351 297 59 52 0.021360898 
244 205 188 202 0.0201599 
424 -48 200 227 0.0201599 
