31_Waiter_Waitress_Waiter_Waitress_31_230
27
403 184 101 148 0.9846489 
477 364 261 510 0.85282207 
384 660 209 403 0.6135702 
421 523 197 364 0.19988176 
88 11 261 428 0.19988176 
528 574 130 270 0.18550259 
119 736 232 434 0.17193556 
551 676 75 109 0.16258556 
536 555 228 454 0.09803478 
111 482 200 391 0.09015675 
590 579 293 574 0.076092646 
850 -9 191 369 0.064067975 
201 18 8 14 0.05879275 
638 475 242 403 0.05874174 
340 556 203 397 0.053832818 
83 648 200 391 0.053832814 
433 334 203 391 0.04931264 
202 31 289 454 0.045153886 
269 704 212 415 0.045153886 
445 -27 232 409 0.045153886 
314 36 8 16 0.030282615 
565 702 48 63 0.027884193 
475 450 68 125 0.027884185 
392 749 119 266 0.026434705 
347 19 7 13 0.02351288 
65 -12 57 102 0.023349825 
410 114 235 447 0.0201599 
