31_Waiter_Waitress_Waiter_Waitress_31_667
43
707 114 70 127 0.9990996 
281 93 76 154 0.99891996 
410 -7 218 551 0.7520595 
195 457 165 441 0.6968242 
848 641 31 74 0.5 
179 350 111 343 0.3436022 
601 140 203 519 0.30317584 
279 196 76 189 0.188928 
292 341 91 267 0.17193556 
324 643 257 602 0.15916686 
509 13 209 527 0.14717786 
487 485 51 159 0.13928533 
111 -62 180 461 0.13594593 
647 629 104 271 0.1254451 
443 206 153 398 0.115646794 
249 352 95 271 0.1065206 
502 236 200 497 0.090156734 
86 360 232 576 0.08285364 
520 469 13 29 0.0691498 
683 365 78 199 0.06655857 
668 3 232 559 0.064067975 
645 185 116 324 0.053832814 
252 730 215 543 0.04931264 
406 561 253 543 0.04931264 
598 571 183 448 0.045153897 
310 258 191 543 0.045153886 
830 613 48 123 0.039651502 
766 577 69 141 0.039651502 
651 634 61 173 0.033269096 
492 509 33 91 0.030461596 
730 375 71 189 0.025519116 
697 122 121 283 0.024156325 
515 476 18 39 0.02351288 
520 396 60 127 0.023349825 
273 512 228 584 0.022069868 
328 353 106 333 0.022069868 
499 529 20 49 0.021603195 
844 666 21 47 0.021603195 
169 803 12 27 0.021603195 
363 813 132 328 0.0201599 
622 392 121 353 0.0201599 
-8 740 206 497 0.0201599 
873 37 112 314 0.0201599 
