31_Waiter_Waitress_Waiter_Waitress_31_304
36
400 201 242 266 0.99997354 
694 150 242 254 0.99997354 
87 148 212 236 0.9999496 
640 368 191 213 0.8144974 
688 306 249 266 0.71599656 
-3 313 285 295 0.5461031 
331 266 209 258 0.4085711 
258 357 191 233 0.26558137 
170 -41 253 266 0.24794048 
353 337 285 308 0.21508123 
633 269 26 30 0.2032784 
678 75 67 53 0.1753677 
362 153 197 243 0.12544508 
782 -23 215 251 0.1065206 
458 -25 228 251 0.06984133 
164 357 209 236 0.06984133 
705 51 64 44 0.06111947 
568 271 246 258 0.053832814 
672 97 46 53 0.051466707 
265 -6 242 286 0.04931264 
249 426 130 145 0.045153897 
630 119 206 258 0.045153886 
-1 -34 222 290 0.04133061 
751 235 206 247 0.04133061 
693 61 59 50 0.039651502 
253 247 206 247 0.034593593 
37 213 302 295 0.03163486 
7 371 111 154 0.03163486 
706 70 39 28 0.030461596 
363 -4 232 247 0.026434705 
573 78 175 189 0.024156325 
730 53 44 29 0.023349825 
880 2 130 145 0.022069868 
500 351 246 236 0.022069868 
205 169 194 226 0.020159906 
265 -7 138 166 0.0201599 
