31_Waiter_Waitress_Waiter_Waitress_31_188
41
316 229 74 141 0.99047405 
577 331 88 182 0.96034855 
570 1106 56 161 0.5900683 
84 169 218 457 0.3436022 
543 772 23 64 0.2511021 
325 693 75 176 0.118850335 
719 551 19 54 0.111069925 
593 3 269 701 0.076092646 
364 218 50 125 0.056098126 
272 207 101 253 0.053832814 
612 26 82 195 0.047198545 
558 228 8 16 0.045951538 
756 67 249 579 0.045153886 
424 467 200 485 0.03781825 
245 516 232 579 0.03781825 
499 815 218 464 0.03781825 
249 901 194 485 0.03781825 
139 265 73 153 0.036325652 
221 185 186 451 0.034593593 
346 1131 68 195 0.033269096 
295 240 58 141 0.033269096 
597 67 56 151 0.033269096 
533 754 38 105 0.030461596 
255 628 58 161 0.030461596 
67 305 123 246 0.028921604 
545 1025 89 269 0.028921604 
712 566 37 79 0.027884193 
362 906 212 546 0.02643471 
380 65 209 530 0.02643471 
298 286 6 16 0.02558696 
1015 117 6 16 0.02351288 
237 1036 7 18 0.02351288 
445 227 17 40 0.02351288 
727 549 7 22 0.0216032 
540 780 15 42 0.021603195 
867 313 7 19 0.021603195 
117 352 7 18 0.021603195 
279 231 49 125 0.021360898 
297 261 29 76 0.021360898 
300 415 31 82 0.021360898 
614 30 119 330 0.0201599 
