31_Waiter_Waitress_Waiter_Waitress_31_410
42
475 89 106 171 0.99871767 
-5 743 246 421 0.3864298 
238 128 206 397 0.21508123 
614 257 218 454 0.19988176 
376 616 246 397 0.18550259 
161 231 285 460 0.14717786 
389 606 128 270 0.13594593 
850 215 56 104 0.109639935 
402 762 215 440 0.1065206 
88 276 232 467 0.090156734 
848 146 121 259 0.08285364 
640 646 225 428 0.076092646 
585 15 191 353 0.06984133 
642 89 246 496 0.06984132 
556 432 239 447 0.064067975 
76 449 16 31 0.05879275 
556 729 212 481 0.05874174 
715 383 232 474 0.05874174 
793 562 29 61 0.056098126 
150 33 242 434 0.053832818 
847 237 35 69 0.051466707 
190 575 206 447 0.045153886 
830 164 206 397 0.045153886 
13 814 138 237 0.04133061 
30 55 265 397 0.04133061 
244 84 144 287 0.034593605 
772 47 218 415 0.034593593 
153 920 89 102 0.033269096 
328 304 121 217 0.03163486 
352 430 298 447 0.028921604 
4 670 104 304 0.028921604 
63 613 235 460 0.02643471 
245 368 35 52 0.025519116 
768 758 215 403 0.024156325 
771 518 222 460 0.024156325 
635 321 97 237 0.022069868 
11 292 194 428 0.022069868 
80 347 12 23 0.021603195 
813 322 13 26 0.021603195 
924 684 60 100 0.021360904 
790 540 49 102 0.021360898 
307 98 33 52 0.021360898 
