31_Waiter_Waitress_Waiter_Waitress_31_118
52
391 75 136 219 0.99796546 
547 449 253 432 0.85282207 
517 394 146 372 0.7520595 
692 -91 215 432 0.6352516 
545 117 232 500 0.4310897 
624 371 117 229 0.28400344 
632 246 209 401 0.2311026 
533 10 128 298 0.17193556 
290 81 206 389 0.14717786 
726 -1 126 290 0.115646794 
196 59 27 59 0.109639935 
710 504 206 401 0.1065206 
561 284 136 372 0.1065206 
402 391 178 336 0.09803478 
155 343 117 243 0.09015675 
349 106 58 110 0.08567616 
80 373 239 432 0.08285364 
186 -62 232 500 0.08285364 
744 77 206 451 0.076092646 
634 813 63 122 0.06655857 
324 585 228 367 0.064067975 
452 264 197 419 0.05874174 
490 -13 228 486 0.058741733 
321 249 146 265 0.04931264 
451 123 91 131 0.047198545 
692 17 7 14 0.045951538 
765 845 56 92 0.04326818 
553 32 8 14 0.04229837 
553 31 68 122 0.036325652 
133 349 46 100 0.033269096 
8 556 232 407 0.03163486 
653 2 117 232 0.03163486 
621 761 104 200 0.03163486 
220 207 203 419 0.03163486 
935 80 53 120 0.030461596 
666 346 19 40 0.030282615 
11 674 19 37 0.030282615 
44 341 18 35 0.030282615 
829 777 106 178 0.028921604 
14 184 228 426 0.028921604 
385 522 119 277 0.028921604 
785 -2 140 294 0.028921604 
8 277 106 192 0.028921604 
771 755 23 49 0.027884185 
0 808 14 40 0.027838783 
690 716 23 40 0.025519116 
552 787 8 15 0.02351288 
421 554 73 133 0.023349825 
450 524 232 426 0.022069868 
674 19 5 10 0.021603195 
-26 67 186 432 0.0201599 
817 68 257 451 0.0201599 
