31_Waiter_Waitress_Waiter_Waitress_31_111
40
208 118 121 204 0.9994417 
704 96 104 164 0.99871767 
664 278 165 386 0.93593204 
716 202 121 291 0.65639776 
263 731 83 113 0.23436876 
727 245 175 369 0.19988178 
58 349 218 428 0.19988176 
679 789 209 397 0.18550259 
168 298 228 421 0.18550259 
890 629 103 233 0.13594593 
717 375 144 358 0.12544508 
598 368 126 259 0.12544508 
843 309 60 113 0.118850335 
219 699 109 159 0.115646794 
103 872 71 141 0.09308395 
303 374 85 148 0.09308395 
676 271 114 220 0.076092646 
587 670 218 447 0.06984133 
45 436 138 283 0.06984132 
209 718 194 323 0.064067975 
77 680 225 374 0.05874174 
100 803 121 237 0.053832814 
651 319 114 266 0.04133062 
436 681 203 403 0.03781825 
654 615 228 403 0.03781825 
6 56 75 164 0.036325652 
852 283 64 89 0.036325645 
229 596 119 230 0.034593593 
162 708 136 207 0.034593593 
67 716 76 121 0.030461596 
193 456 134 259 0.028921604 
10 68 106 263 0.028921604 
290 -20 188 353 0.028921604 
660 780 130 270 0.028921604 
288 477 69 134 0.025519116 
259 737 126 174 0.024156325 
247 385 136 233 0.024156325 
673 455 228 391 0.022069868 
159 103 232 415 0.0201599 
318 312 109 198 0.0201599 
