31_Waiter_Waitress_Waiter_Waitress_31_915
66
468 188 111 175 0.999757 
943 559 20 28 0.8384248 
-30 -3 206 316 0.8001182 
527 -42 215 341 0.71599656 
622 -27 222 312 0.52310073 
17 362 215 316 0.30317584 
591 374 203 273 0.24794048 
564 -5 136 206 0.24794048 
692 343 7 10 0.17366187 
739 293 106 165 0.15916686 
563 560 76 109 0.118850335 
55 33 249 356 0.09803478 
620 13 132 180 0.09803478 
232 285 215 351 0.09803478 
694 238 197 303 0.09803478 
530 528 54 82 0.08567616 
663 413 117 178 0.08285364 
770 240 218 331 0.08285364 
929 198 51 74 0.07244435 
655 67 126 215 0.06984133 
746 553 123 200 0.06984133 
274 489 203 331 0.06984132 
682 330 7 9 0.069149815 
661 455 194 307 0.064067975 
-8 0 130 183 0.05874174 
661 322 48 68 0.047198545 
135 479 222 269 0.045153886 
793 6 215 289 0.045153886 
605 478 34 37 0.039651494 
285 670 79 108 0.039651494 
154 23 218 303 0.03781825 
140 141 222 346 0.034593593 
743 160 194 303 0.03163486 
694 13 121 209 0.03163486 
664 47 228 356 0.03163486 
379 5 203 312 0.03163486 
335 360 78 121 0.030461604 
587 431 63 75 0.030461596 
676 330 29 40 0.030461596 
669 331 6 8 0.030282615 
722 352 7 10 0.030282615 
-16 237 222 321 0.028921604 
29 416 138 191 0.028921604 
397 498 65 83 0.027884193 
539 558 70 83 0.027884185 
843 468 188 269 0.02643471 
-15 112 132 242 0.026434705 
205 538 50 69 0.025519116 
676 340 52 67 0.025519116 
666 332 27 40 0.025519116 
860 26 117 168 0.024156325 
753 316 15 25 0.02351288 
964 561 12 21 0.02351288 
702 362 7 10 0.02351288 
729 334 6 10 0.02351288 
922 585 25 31 0.023349825 
116 507 26 31 0.023349825 
711 86 121 209 0.022069868 
767 479 180 298 0.022069868 
859 321 128 197 0.022069868 
878 248 103 147 0.022069868 
682 326 6 8 0.021603195 
937 593 16 24 0.021603195 
723 330 6 10 0.021603195 
688 333 7 9 0.021603195 
895 415 76 111 0.021360898 
