31_Waiter_Waitress_Waiter_Waitress_31_176
58
93 81 277 266 0.9995359 
773 397 246 229 0.7520595 
211 34 232 262 0.5461031 
33 114 194 233 0.3864298 
99 314 253 273 0.3436022 
665 400 194 216 0.24794045 
635 383 58 54 0.188928 
390 377 215 201 0.1254451 
228 332 206 236 0.12544508 
562 364 75 57 0.109639935 
590 365 206 222 0.1065206 
790 254 209 198 0.09803478 
272 0 44 50 0.09308395 
320 308 215 250 0.06984133 
526 227 94 100 0.06984133 
911 328 17 18 0.06377564 
967 330 24 24 0.051466707 
685 225 212 189 0.045153886 
934 367 23 22 0.04326818 
314 73 197 207 0.03781825 
284 4 18 21 0.035808332 
82 175 203 222 0.034593593 
70 398 188 222 0.034593593 
761 307 46 54 0.033269096 
941 317 14 14 0.03293372 
-24 203 232 243 0.03163486 
167 249 218 226 0.03163486 
42 166 107 136 0.03163486 
50 12 106 145 0.03163486 
475 25 67 60 0.030461596 
956 292 14 15 0.030282615 
367 173 232 262 0.028921604 
632 253 203 233 0.028921604 
285 -19 206 219 0.028921604 
643 125 60 75 0.027884185 
382 19 70 69 0.027884185 
958 354 16 14 0.027838783 
748 278 307 282 0.026434705 
941 373 9 10 0.02558696 
968 341 18 20 0.02558696 
732 8 59 66 0.025519116 
916 326 23 24 0.025519116 
939 361 23 22 0.025519116 
65 37 215 219 0.024156325 
973 301 15 14 0.02351288 
701 57 18 19 0.02351288 
816 397 37 30 0.023349825 
939 489 62 59 0.023349825 
736 314 58 53 0.023349825 
617 78 194 210 0.022069868 
485 354 222 236 0.022069868 
953 357 16 14 0.021603195 
964 308 16 14 0.021603195 
990 317 19 18 0.021603195 
963 350 17 16 0.021603195 
848 336 23 22 0.021360904 
730 38 56 59 0.021360904 
833 349 30 29 0.021360898 
