31_Waiter_Waitress_Waiter_Waitress_31_726
29
710 69 116 210 0.99983203 
299 85 123 210 0.9995359 
280 346 200 428 0.9098432 
198 453 249 421 0.85282207 
602 509 194 380 0.6769414 
704 302 209 454 0.47689918 
345 428 239 454 0.15916684 
729 543 218 447 0.09803478 
598 317 225 447 0.08285364 
603 601 273 488 0.064067975 
266 541 253 454 0.04931264 
266 395 64 92 0.047198545 
662 143 228 421 0.04133061 
214 425 123 244 0.03781825 
792 435 225 488 0.034593593 
-1 676 82 134 0.033269096 
609 362 56 141 0.030461604 
9 670 136 210 0.028921604 
154 362 212 403 0.028921604 
325 408 63 83 0.027884185 
471 479 228 421 0.02643471 
124 455 101 223 0.02643471 
827 397 114 287 0.024156325 
763 382 6 12 0.02351288 
-53 -17 203 434 0.022069868 
362 342 138 304 0.022069868 
-57 522 228 338 0.022069868 
640 365 83 141 0.021360898 
282 413 41 56 0.021360898 
