31_Waiter_Waitress_Waiter_Waitress_31_932
40
483 280 85 169 0.9949414 
686 152 167 469 0.47689918 
224 -51 140 442 0.45389685 
169 603 186 513 0.3647484 
164 65 209 577 0.3436022 
567 665 212 544 0.3436022 
744 110 212 560 0.2311026 
550 884 200 536 0.2150812 
793 619 19 60 0.188928 
380 799 302 775 0.15916684 
825 197 218 585 0.14717786 
579 104 239 594 0.14717786 
-28 923 242 621 0.09803478 
636 530 194 585 0.09803478 
1 -27 225 577 0.09015675 
923 666 34 100 0.08567618 
745 784 235 568 0.08285364 
100 699 218 568 0.076092646 
145 954 232 505 0.06984133 
870 74 126 405 0.06984133 
497 731 86 150 0.06111947 
267 600 209 536 0.053832818 
186 723 265 630 0.053832814 
277 24 144 310 0.04931264 
768 212 121 376 0.04931264 
90 191 222 594 0.045153897 
650 870 249 568 0.04133061 
793 -13 239 568 0.03781825 
79 414 209 659 0.034593605 
62 943 212 469 0.034593593 
92 -91 239 612 0.03163486 
924 642 56 147 0.030461604 
804 609 8 22 0.030282615 
707 345 121 387 0.028921604 
6 896 132 393 0.028921604 
903 638 43 126 0.027884185 
282 977 293 462 0.026434705 
684 603 265 577 0.022069868 
735 293 83 242 0.021360893 
329 -7 215 505 0.020159906 
