31_Waiter_Waitress_Waiter_Waitress_31_227
43
632 186 106 257 0.9911277 
279 74 109 235 0.9815879 
279 491 206 588 0.9621817 
560 746 257 712 0.5461031 
54 763 277 838 0.52310073 
649 631 160 406 0.4085711 
120 219 235 606 0.3864298 
284 711 249 723 0.30317584 
707 -2 197 571 0.2311026 
177 888 242 662 0.19988178 
242 695 91 242 0.188928 
805 571 126 383 0.17193554 
48 320 225 633 0.115646794 
406 57 242 745 0.1065206 
391 462 180 597 0.09803478 
265 669 144 336 0.064067975 
7 1237 117 383 0.064067975 
183 406 225 643 0.05874174 
269 572 64 153 0.051466707 
545 191 54 135 0.047198545 
-22 1135 222 633 0.04133061 
636 79 175 546 0.03781825 
359 977 151 419 0.03781825 
0 1314 80 259 0.036325652 
751 108 111 400 0.034593605 
223 165 257 756 0.034593605 
575 464 253 662 0.034593593 
503 263 29 81 0.033269096 
558 245 35 86 0.033269096 
606 601 126 406 0.03163486 
883 260 116 431 0.03163486 
790 249 58 211 0.030461596 
797 40 180 530 0.028921604 
734 501 215 633 0.028921604 
143 618 215 615 0.024156325 
73 429 126 372 0.024156325 
234 1117 126 361 0.024156325 
840 767 7 24 0.02351288 
641 430 58 155 0.023349825 
353 676 155 378 0.022069868 
658 687 209 588 0.020159906 
198 36 197 563 0.0201599 
-25 658 212 633 0.0201599 
