55_Sports_Coach_Trainer_sportcoaching_55_786
24
550 252 105 140 0.99995637 
717 265 102 127 0.9999517 
474 120 98 134 0.99990535 
362 268 97 133 0.9998129 
751 152 9 11 0.26336482 
335 214 381 489 0.07376237 
621 301 88 115 0.07132279 
846 461 94 124 0.06478037 
659 302 60 76 0.061052848 
371 438 44 62 0.055102468 
638 348 88 99 0.05190408 
286 467 24 31 0.03834384 
27 146 31 35 0.034054346 
214 194 12 14 0.033525426 
699 174 23 30 0.03005789 
692 162 11 14 0.029822398 
703 179 13 17 0.028650945 
427 163 16 22 0.028393159 
898 287 95 106 0.027940229 
815 409 62 76 0.024062308 
158 189 11 14 0.023978718 
764 156 24 30 0.022880912 
747 151 9 11 0.02137048 
428 156 14 17 0.021030033 
