55_Sports_Coach_Trainer_sportcoaching_55_774
153
443 170 26 34 0.99940705 
846 59 56 81 0.99929106 
793 272 61 86 0.9982206 
750 122 62 83 0.99605006 
475 197 27 35 0.9937358 
603 146 27 33 0.9934366 
660 102 23 29 0.99326706 
125 263 42 53 0.9712811 
518 296 40 45 0.96204853 
329 78 20 22 0.9184869 
381 72 14 19 0.8969419 
363 178 24 30 0.7772524 
384 6 11 13 0.65926665 
488 171 17 20 0.6102606 
420 42 12 13 0.5802091 
388 11 12 15 0.5689062 
420 107 14 19 0.40322202 
540 160 22 27 0.3819661 
341 98 23 30 0.33214694 
410 13 9 12 0.32297486 
673 13 9 11 0.27161643 
367 46 10 12 0.22150435 
321 18 11 14 0.20145558 
491 121 17 19 0.17062639 
413 73 11 17 0.1687589 
344 6 12 12 0.15788847 
361 164 16 19 0.14592457 
372 22 13 16 0.13978586 
413 60 10 13 0.13417177 
493 154 14 17 0.12061266 
376 52 9 11 0.10844501 
352 99 17 23 0.10739102 
546 159 14 17 0.09905126 
166 269 11 16 0.09890919 
374 46 10 13 0.09176386 
406 88 13 17 0.08330474 
448 126 11 13 0.07796212 
416 31 9 11 0.07040522 
542 142 12 15 0.06498024 
330 88 23 32 0.06412563 
365 194 19 23 0.06174975 
397 209 17 22 0.06172476 
375 179 16 21 0.060813397 
406 69 20 27 0.059126068 
532 140 11 14 0.05828731 
413 52 12 14 0.057903726 
382 54 7 10 0.05575778 
585 150 23 31 0.055735264 
348 173 39 47 0.05565801 
408 20 10 12 0.05390869 
445 324 34 33 0.05324946 
416 102 11 16 0.05260025 
374 15 10 13 0.052490775 
391 53 9 11 0.052097704 
359 69 13 17 0.051479805 
425 114 13 16 0.050837018 
413 8 10 12 0.050588887 
538 146 23 30 0.049684476 
455 315 33 32 0.048760857 
363 158 13 15 0.04633337 
160 282 26 31 0.04494569 
587 141 13 18 0.044805948 
365 72 14 17 0.04213035 
359 13 9 11 0.04109507 
167 289 15 20 0.04108374 
880 0 36 47 0.040836766 
361 106 15 21 0.039410137 
528 147 11 14 0.039034087 
348 12 10 12 0.03853938 
365 63 11 14 0.036723226 
431 0 11 10 0.03651415 
425 15 10 12 0.03646509 
407 71 12 15 0.036458906 
455 0 11 10 0.03610505 
413 22 8 10 0.035815883 
469 137 23 26 0.035523333 
374 39 11 14 0.03520741 
325 84 17 23 0.034657322 
343 2 12 11 0.034372117 
363 127 18 23 0.034179132 
354 166 26 32 0.033589505 
480 180 26 33 0.033507597 
367 82 13 16 0.033006847 
320 98 13 19 0.031958252 
421 32 10 12 0.031665523 
408 55 11 14 0.031641025 
586 148 11 16 0.03161839 
348 94 16 22 0.031167343 
424 1 11 10 0.030901406 
677 8 11 13 0.030261718 
380 18 13 17 0.030257637 
371 128 14 20 0.029819975 
428 20 12 14 0.029533574 
402 83 20 27 0.02930394 
357 22 10 12 0.029275492 
329 101 25 35 0.029087631 
976 5 28 32 0.02837367 
444 6 12 12 0.028308235 
375 78 12 18 0.028307548 
392 48 9 11 0.02828967 
467 309 26 30 0.02817178 
156 266 26 38 0.028089697 
985 -4 36 50 0.028087933 
354 92 17 21 0.027960438 
444 126 20 24 0.027478104 
326 133 16 24 0.027117623 
15 413 12 16 0.026946729 
380 27 11 14 0.026876526 
348 61 13 15 0.026432008 
526 133 20 25 0.026400892 
403 206 11 15 0.025774527 
335 20 10 13 0.025357107 
361 45 12 15 0.02517175 
358 51 12 14 0.02486933 
552 168 16 20 0.024767585 
397 20 10 13 0.02470378 
427 43 11 14 0.024188032 
319 13 18 25 0.024108259 
765 73 25 31 0.02400141 
340 0 20 23 0.023929434 
506 210 14 18 0.023890853 
947 0 46 50 0.023852553 
375 59 11 13 0.02380292 
638 1 14 15 0.023457045 
971 47 49 65 0.023375135 
429 165 13 18 0.023149054 
581 138 21 29 0.023006788 
350 68 14 17 0.022851348 
429 122 11 15 0.022817748 
351 111 27 32 0.022718858 
419 46 14 17 0.022665655 
535 137 21 26 0.02264381 
557 129 15 19 0.022616288 
324 106 11 17 0.022581367 
394 13 11 13 0.022533763 
438 118 10 13 0.022470186 
418 72 13 18 0.022359565 
416 0 11 10 0.022056622 
354 146 18 20 0.022037568 
585 132 13 16 0.022034386 
342 19 9 11 0.021781202 
541 134 13 16 0.021522513 
539 170 18 24 0.021153351 
351 28 13 15 0.020911055 
546 148 12 15 0.020839324 
352 22 10 12 0.020761825 
528 155 11 15 0.020731797 
533 156 13 16 0.020335514 
530 144 21 27 0.020335127 
425 172 23 31 0.020321162 
407 165 12 16 0.02018291 
357 60 23 28 0.02017762 
383 62 10 14 0.020012984 
