55_Sports_Coach_Trainer_sportcoaching_55_179
23
128 280 35 43 0.4859977 
82 245 34 39 0.42079163 
227 9 54 49 0.35241923 
148 152 40 38 0.2578903 
189 89 32 38 0.1950242 
84 15 37 49 0.15350752 
320 0 42 29 0.10000911 
182 67 26 30 0.08802522 
67 250 53 58 0.08399884 
101 264 51 60 0.06771802 
242 28 37 39 0.045750763 
268 2 16 18 0.044643603 
193 70 14 17 0.03931096 
96 255 27 36 0.039015092 
258 -2 28 28 0.032781806 
57 235 83 95 0.028281255 
175 67 42 52 0.026590375 
272 226 40 56 0.02638143 
127 159 59 57 0.026053898 
195 82 18 22 0.024384338 
26 -3 67 63 0.024200654 
228 3 38 32 0.020627964 
336 9 21 18 0.020155836 
