55_Sports_Coach_Trainer_sportcoaching_55_764
18
554 76 64 81 0.999607 
774 12 70 92 0.999366 
121 85 72 90 0.99902797 
340 94 70 94 0.99769396 
89 22 54 71 0.29856297 
453 135 48 53 0.1799914 
981 289 42 64 0.09916906 
153 25 62 79 0.07977141 
933 250 32 52 0.048914537 
107 12 73 94 0.047586087 
967 215 55 68 0.03249051 
424 71 28 38 0.031552363 
278 171 31 33 0.030341206 
972 252 49 82 0.028770765 
134 42 75 103 0.02386761 
77 77 23 33 0.02217493 
971 316 36 40 0.021212485 
471 140 52 65 0.021017881 
