10_People_Marching_People_Marching_2_395
193
581 180 28 42 0.9964803 
956 176 31 44 0.98957527 
219 160 30 43 0.9863452 
831 214 21 27 0.9577016 
745 217 22 27 0.9362244 
930 146 17 26 0.91882604 
299 342 14 20 0.86055124 
9 230 17 24 0.84982324 
321 228 18 23 0.8263381 
152 178 25 38 0.61190087 
334 235 22 27 0.56463194 
674 403 78 129 0.5454055 
94 170 17 19 0.5 
755 214 30 40 0.32552502 
464 183 27 35 0.30585766 
164 184 23 36 0.28687313 
96 169 23 31 0.2511021 
668 222 8 10 0.22912635 
110 190 28 36 0.188928 
621 415 22 34 0.1753677 
1012 318 11 23 0.16157512 
691 39 58 80 0.15056497 
398 1 7 9 0.13944872 
667 218 14 18 0.1293704 
671 93 9 13 0.1293704 
238 169 31 40 0.12872264 
287 262 13 17 0.11991897 
32 193 22 31 0.118850335 
148 190 19 23 0.111069925 
517 194 24 35 0.109639935 
408 364 46 83 0.109639935 
0 235 8 12 0.09507551 
669 415 222 287 0.09015675 
1007 350 8 11 0.08117401 
864 217 9 12 0.08117401 
379 384 64 110 0.07880669 
64 220 23 31 0.07880669 
630 387 91 143 0.076092646 
719 520 138 176 0.076092646 
110 291 91 147 0.076092646 
175 189 25 33 0.07244435 
105 170 15 18 0.0691498 
820 198 33 45 0.06655858 
471 197 25 33 0.06655857 
142 317 90 143 0.064067975 
744 462 232 270 0.064067975 
517 210 17 22 0.06377564 
454 4 19 21 0.06377564 
467 204 17 22 0.06377564 
739 352 47 70 0.06111947 
332 52 82 71 0.06111947 
969 182 30 46 0.06111947 
321 223 41 52 0.06111947 
325 236 19 25 0.05879275 
128 189 25 32 0.056098126 
140 193 17 22 0.054176662 
158 171 18 26 0.054176662 
857 214 16 19 0.054176662 
-4 200 45 58 0.051466707 
249 461 25 31 0.051466707 
984 337 23 32 0.051466707 
518 217 7 10 0.049903784 
361 239 7 10 0.049903784 
740 369 29 42 0.047198545 
356 264 28 40 0.047198545 
801 401 56 77 0.047198545 
186 -3 39 38 0.047198545 
622 439 17 23 0.045951538 
91 170 40 55 0.04326818 
841 207 31 38 0.04326818 
2 224 29 41 0.04326818 
144 162 46 53 0.04326818 
685 249 22 25 0.04229837 
297 243 4 6 0.04229837 
104 195 21 27 0.04229837 
586 3 51 60 0.039651502 
572 47 32 40 0.039651494 
397 214 29 38 0.039651494 
669 170 23 33 0.039651494 
1014 221 8 11 0.038923774 
428 218 19 23 0.038923774 
621 191 23 33 0.036325652 
516 74 63 75 0.036325652 
651 82 24 32 0.036325652 
135 175 38 55 0.036325652 
719 421 58 103 0.036325645 
638 418 56 87 0.036325645 
517 222 7 10 0.035808332 
652 328 7 10 0.035808332 
278 413 14 19 0.035808332 
765 230 20 27 0.035808332 
916 286 6 9 0.035808332 
318 242 15 19 0.035808332 
675 337 20 30 0.035808332 
760 352 28 39 0.033269096 
986 188 27 43 0.033269096 
19 203 27 35 0.033269096 
935 153 41 57 0.033269096 
735 234 49 70 0.033269096 
691 255 23 28 0.03293372 
40 195 10 13 0.03293372 
318 234 9 12 0.03293372 
739 383 17 24 0.032933712 
528 290 5 8 0.032933712 
146 194 9 12 0.032933712 
41 199 19 28 0.032933712 
788 503 138 163 0.03163486 
57 323 21 33 0.030461604 
306 339 24 32 0.030461604 
4 596 55 90 0.030461604 
303 227 47 62 0.030461596 
456 185 42 54 0.030461596 
927 155 26 35 0.030461596 
284 257 22 29 0.030461596 
488 200 18 23 0.030282615 
855 219 9 11 0.030282615 
859 217 9 11 0.030282615 
318 281 6 9 0.030282615 
637 97 7 10 0.030282615 
663 222 14 21 0.030282615 
121 193 19 22 0.030282615 
482 205 17 21 0.030282615 
920 272 24 36 0.027884193 
388 208 25 34 0.027884193 
639 289 22 33 0.027884193 
669 346 27 38 0.027884193 
186 269 35 43 0.027884185 
508 181 40 56 0.027884185 
892 463 18 25 0.027838783 
1 232 17 25 0.027838783 
151 195 9 11 0.027838783 
402 1 7 8 0.027838783 
365 2 8 10 0.027838783 
111 174 8 10 0.027838778 
72 223 7 9 0.027838778 
578 197 17 25 0.027838778 
558 300 97 161 0.026434705 
26 203 17 20 0.02558696 
493 194 16 21 0.02558696 
144 198 7 10 0.02558696 
21 262 16 21 0.02558696 
321 249 7 10 0.02558696 
912 330 6 9 0.02558696 
1009 369 7 12 0.02558696 
618 412 17 25 0.02558696 
13 222 15 22 0.02558696 
933 410 14 19 0.02558696 
70 217 16 21 0.02558696 
248 457 18 19 0.02558696 
636 434 13 22 0.02558696 
322 231 11 13 0.02558696 
1010 394 5 9 0.02558696 
666 85 14 21 0.02558696 
1001 348 13 19 0.02558696 
661 210 23 32 0.025519116 
943 227 23 33 0.025519116 
738 231 32 43 0.025519116 
665 45 49 72 0.025519116 
739 203 37 50 0.025519116 
407 208 30 36 0.025519116 
380 0 5 6 0.02351288 
355 277 17 26 0.02351288 
810 273 18 25 0.02351288 
279 418 8 12 0.02351288 
668 86 8 11 0.02351288 
156 179 7 10 0.02351288 
1008 218 15 22 0.02351288 
276 384 23 27 0.023349825 
972 337 24 33 0.023349825 
317 339 26 32 0.023349825 
979 267 27 35 0.023349825 
343 365 59 81 0.023349825 
164 418 55 85 0.023349825 
45 370 27 40 0.023349825 
401 341 76 137 0.022069868 
704 9 81 143 0.022069868 
1007 367 14 23 0.021603195 
330 261 8 11 0.021603195 
948 150 16 21 0.021603195 
295 267 8 11 0.021603195 
674 175 10 13 0.021603195 
277 373 18 24 0.021603195 
920 272 6 10 0.021603195 
310 255 12 16 0.021603195 
227 327 51 73 0.021360904 
396 342 52 75 0.021360898 
614 397 40 61 0.021360898 
23 230 25 35 0.021360898 
689 59 37 51 0.021360898 
750 191 52 65 0.021360898 
168 177 45 55 0.021360898 
55 233 23 30 0.021360898 
405 2 27 40 0.021360898 
