10_People_Marching_People_Marching_2_591
601
55 129 56 142 0.61190087 
682 957 25 60 0.56787485 
850 181 17 41 0.5216516 
400 1226 13 38 0.5216516 
672 189 12 32 0.5 
514 1179 16 38 0.3933377 
462 181 13 34 0.3728605 
452 1134 13 34 0.35282937 
567 1241 17 42 0.33330244 
444 1267 24 59 0.32552502 
99 1168 22 59 0.28687313 
708 1266 16 43 0.27822798 
698 1342 16 47 0.27822798 
765 1079 16 39 0.26116365 
283 1097 15 39 0.26116365 
282 269 27 77 0.2511021 
361 1138 9 24 0.22912635 
416 1137 13 34 0.22912635 
453 1191 18 43 0.22912635 
642 1275 18 42 0.22912635 
2 26 49 150 0.21842523 
854 198 28 65 0.21842523 
333 188 20 55 0.2141799 
71 158 37 84 0.188928 
861 742 6 18 0.18645167 
771 1261 15 39 0.17366187 
403 1173 12 30 0.16157512 
600 185 10 24 0.16157512 
458 1138 9 26 0.15017675 
610 1272 18 41 0.15017675 
156 179 14 32 0.15017675 
565 177 209 533 0.14717786 
44 1217 17 46 0.13944872 
757 174 35 79 0.13928533 
156 291 27 75 0.13928533 
411 1268 18 43 0.1293704 
286 1093 10 25 0.1293704 
129 173 16 40 0.1293704 
540 1217 16 39 0.1293704 
426 1210 17 39 0.1293704 
68 1143 20 50 0.12937039 
908 703 15 34 0.12937039 
572 1238 22 60 0.12872264 
484 1223 8 23 0.11991897 
701 1262 16 43 0.11991897 
589 1179 20 50 0.11991897 
324 1225 17 43 0.111069925 
46 1201 15 42 0.111069925 
128 1243 13 33 0.111069925 
621 1232 16 40 0.111069925 
42 1216 28 75 0.109639935 
201 1210 19 57 0.10279763 
679 1108 17 45 0.10279763 
880 1340 9 25 0.10279763 
680 188 13 36 0.102797605 
734 1257 15 39 0.102797605 
215 187 14 33 0.102797605 
726 195 18 63 0.10106142 
480 1190 25 61 0.10106142 
908 694 23 61 0.10106142 
690 523 5 14 0.09507551 
739 1108 15 35 0.09507551 
366 124 24 59 0.08787667 
695 1264 13 35 0.08787667 
752 75 124 391 0.08285364 
382 1172 16 43 0.08117401 
730 1319 16 45 0.08117401 
242 1122 17 39 0.074940585 
762 1241 12 35 0.074940585 
943 1306 16 35 0.07494057 
705 1095 8 21 0.07494057 
359 1396 23 51 0.072444364 
665 980 25 62 0.07244435 
839 1232 26 62 0.07244435 
766 15 209 541 0.06984133 
767 1277 16 45 0.069149815 
478 1187 16 42 0.0691498 
900 143 35 71 0.06655858 
613 1242 21 57 0.06655857 
367 690 8 18 0.06377564 
771 1396 13 34 0.06377564 
754 1258 12 31 0.06377564 
568 1192 14 38 0.06377564 
374 690 7 17 0.06377564 
732 1286 15 39 0.06377564 
937 1165 8 20 0.06377564 
505 1117 15 39 0.06377564 
301 1104 8 21 0.06377564 
624 244 13 37 0.06377564 
417 1248 23 60 0.06111947 
279 188 10 25 0.05879275 
319 1144 18 46 0.05879275 
793 1237 12 31 0.05879275 
653 1125 14 36 0.05879275 
535 1126 14 35 0.05879275 
765 1102 17 40 0.05879275 
502 1234 15 38 0.05879275 
735 1359 14 35 0.05879275 
539 1225 10 26 0.05879275 
304 1138 13 36 0.05879275 
510 219 22 58 0.056098126 
350 1206 18 43 0.054176662 
910 1340 13 32 0.054176662 
770 1123 9 22 0.054176662 
894 1344 12 31 0.054176662 
878 1313 15 37 0.054176662 
747 1307 18 44 0.054176662 
763 1255 15 40 0.054176662 
719 1232 12 33 0.054176662 
907 706 10 23 0.054176662 
814 1146 18 43 0.054176662 
642 190 11 32 0.054176662 
598 366 11 32 0.054176662 
241 1111 25 69 0.051466707 
507 1254 13 37 0.04990379 
986 1388 15 44 0.04990379 
881 699 8 19 0.04990379 
420 179 9 21 0.04990379 
670 1108 18 45 0.04990379 
852 42 7 18 0.04990379 
253 1212 21 53 0.04990379 
768 1373 14 36 0.04990379 
898 1305 12 32 0.049903784 
359 1133 16 45 0.049903784 
677 203 16 34 0.049903784 
848 137 121 332 0.04931264 
737 1187 24 60 0.047198545 
370 140 27 63 0.047198545 
186 1115 52 145 0.047198545 
563 320 11 33 0.04595155 
365 1114 7 21 0.04595155 
913 1361 6 17 0.04595155 
486 1215 15 39 0.04595155 
696 201 8 24 0.045951538 
170 175 14 38 0.045951538 
587 495 14 34 0.045951538 
296 1130 27 72 0.04326818 
553 1127 23 51 0.04326818 
132 166 23 57 0.04326818 
556 1223 47 114 0.04326818 
710 1127 13 33 0.04229837 
366 1139 9 23 0.04229837 
794 1387 12 37 0.04229837 
798 1089 13 38 0.04229837 
285 1087 8 22 0.04229837 
856 1238 19 45 0.04229837 
598 195 16 38 0.04229837 
620 190 7 20 0.04229837 
411 1275 9 24 0.04229837 
761 1122 17 42 0.04229837 
293 1101 15 35 0.04229837 
553 1110 12 31 0.04229837 
469 184 9 27 0.04229837 
548 1105 6 18 0.04229837 
701 1267 9 22 0.04229837 
940 159 18 45 0.04229837 
619 1215 16 41 0.04229837 
408 1178 12 33 0.04229837 
93 59 6 15 0.04229837 
885 133 58 120 0.039651502 
36 1180 47 118 0.039651502 
462 168 21 58 0.039651494 
467 1316 8 19 0.038923774 
733 1303 16 41 0.038923774 
429 1096 6 18 0.038923774 
942 1086 8 21 0.038923774 
544 1104 7 19 0.038923774 
956 1187 9 24 0.038923774 
889 1078 7 20 0.038923774 
881 1206 16 41 0.038923774 
945 83 8 20 0.038923774 
510 1231 16 39 0.038923774 
662 1312 15 38 0.038923774 
85 167 21 47 0.038923774 
103 17 4 12 0.038923774 
855 1455 9 20 0.038923774 
647 1265 16 40 0.038923774 
630 1118 12 31 0.038923774 
398 1267 18 43 0.038923774 
93 -7 228 574 0.03781825 
298 176 253 557 0.03781825 
27 141 46 138 0.036325652 
375 160 27 69 0.036325652 
886 1446 7 18 0.035808332 
731 1149 8 23 0.035808332 
888 1202 17 44 0.035808332 
417 1092 7 18 0.035808332 
701 1222 13 34 0.035808332 
118 18 5 14 0.035808332 
501 1238 9 25 0.035808332 
390 1270 18 43 0.035808332 
401 1175 8 22 0.035808332 
81 1197 16 40 0.035808332 
376 1179 14 42 0.035808332 
573 1187 9 22 0.035808332 
756 1251 9 23 0.035808332 
561 1241 15 41 0.035808332 
485 1265 12 32 0.035808332 
884 81 9 24 0.035808332 
516 255 13 39 0.035808332 
550 1120 16 40 0.035808332 
27 56 89 255 0.034593593 
287 1103 52 126 0.033269096 
413 1132 21 58 0.033269096 
15 80 61 161 0.033269096 
634 1106 6 17 0.03293372 
415 1131 10 25 0.03293372 
349 469 5 14 0.03293372 
527 1174 14 38 0.03293372 
856 1199 16 36 0.03293372 
774 1273 15 40 0.03293372 
786 1154 9 26 0.03293372 
932 1138 15 39 0.03293372 
781 1277 8 25 0.032933712 
786 1388 12 34 0.032933712 
908 1129 17 42 0.032933712 
773 1080 13 34 0.032933712 
747 1122 8 21 0.032933712 
493 1120 8 20 0.032933712 
117 1215 13 36 0.032933712 
283 1078 14 35 0.032933712 
495 1225 15 37 0.032933712 
707 1315 21 57 0.030461604 
875 1353 23 62 0.030461604 
936 1411 28 60 0.030461604 
955 1355 23 61 0.030461604 
38 169 30 77 0.030461604 
553 386 23 65 0.030461596 
745 114 52 142 0.030461596 
842 159 48 114 0.030461596 
152 173 24 56 0.030461596 
196 1168 31 95 0.030461596 
525 1121 23 58 0.030461596 
76 1110 48 131 0.030461596 
146 247 45 126 0.030461596 
529 1324 13 32 0.030282615 
748 1235 13 39 0.030282615 
733 1232 15 42 0.030282615 
668 1234 13 34 0.030282615 
636 1327 9 22 0.030282615 
1001 1376 18 45 0.030282615 
556 1108 7 20 0.030282615 
487 1178 16 42 0.030282615 
907 1344 7 20 0.030282615 
224 1239 19 46 0.030282615 
741 1305 17 42 0.030282615 
892 1303 12 36 0.030282615 
735 1210 18 47 0.030282615 
280 190 15 36 0.030282615 
182 53 8 19 0.030282615 
904 1239 15 38 0.030282615 
491 1269 10 23 0.030282615 
754 1288 15 43 0.030282615 
710 1289 15 41 0.030282615 
449 1146 16 42 0.030282615 
791 1162 16 42 0.030282615 
580 485 6 18 0.030282615 
563 1182 14 34 0.030282615 
329 468 5 14 0.030282615 
583 493 6 16 0.030282615 
462 1133 12 33 0.030282615 
717 287 15 41 0.030282615 
588 496 7 17 0.030282615 
719 521 7 17 0.030282615 
369 1133 13 34 0.030282615 
588 1189 8 21 0.030282615 
121 1224 8 21 0.030282615 
766 1130 8 21 0.030282615 
344 1146 9 22 0.030282615 
547 1134 14 38 0.030282615 
415 1184 13 36 0.030282615 
703 627 6 16 0.030282615 
238 1167 16 40 0.030282615 
372 1111 8 23 0.030282615 
534 1155 10 26 0.030282615 
773 1104 14 36 0.030282615 
275 1158 14 35 0.030282615 
430 1185 15 38 0.030282615 
178 234 8 21 0.030282615 
298 1122 17 45 0.030282615 
465 1313 22 61 0.027884193 
288 1102 23 60 0.027884193 
673 944 40 99 0.027884193 
48 165 37 90 0.027884193 
981 7 41 131 0.027884193 
275 1236 25 69 0.027884193 
408 1262 31 72 0.027884193 
577 1174 24 62 0.027884193 
214 1177 51 129 0.027884193 
646 1201 23 56 0.027884185 
573 1201 46 110 0.027884185 
30 1072 61 169 0.027884185 
423 1263 26 65 0.027884185 
886 1040 5 16 0.027838783 
736 1361 8 22 0.027838783 
736 1350 9 23 0.027838783 
762 1081 9 26 0.027838783 
924 84 8 21 0.027838783 
535 1144 10 27 0.027838783 
761 1304 14 39 0.027838783 
903 705 8 20 0.027838783 
360 1204 14 39 0.027838783 
848 1198 17 42 0.027838783 
726 1257 13 35 0.027838783 
793 1205 16 43 0.027838783 
88 1189 17 41 0.027838783 
449 1211 18 44 0.027838783 
789 1219 14 36 0.027838783 
575 1248 11 27 0.027838783 
792 1232 8 21 0.027838783 
774 1427 15 38 0.027838783 
654 1281 14 37 0.027838783 
495 1272 8 20 0.027838783 
690 529 6 17 0.027838783 
440 1284 20 51 0.027838783 
963 696 6 15 0.027838783 
762 1103 8 23 0.027838783 
890 696 12 32 0.027838783 
408 619 6 16 0.027838783 
698 1095 7 19 0.027838783 
761 1090 15 42 0.027838783 
506 1115 8 22 0.027838783 
704 1099 15 39 0.027838783 
851 1112 8 22 0.027838783 
878 1104 13 35 0.027838783 
309 1105 7 20 0.027838783 
891 704 7 18 0.027838783 
321 1150 9 24 0.027838778 
599 523 6 17 0.027838778 
95 1180 16 43 0.027838778 
175 177 18 42 0.027838778 
714 1321 13 33 0.027838778 
707 543 6 15 0.027838778 
796 1345 15 40 0.027838778 
798 1366 14 42 0.027838778 
509 1275 9 22 0.027838778 
566 1251 9 23 0.027838778 
581 1255 10 29 0.027838778 
686 194 9 24 0.027838778 
719 1250 13 37 0.027838778 
575 1125 14 36 0.027838778 
737 1179 18 40 0.027838778 
683 1116 11 27 0.027838778 
552 205 6 18 0.027838778 
818 1082 16 38 0.027838778 
885 1436 16 40 0.027838778 
164 180 15 39 0.027838778 
466 198 19 45 0.027838778 
130 1151 17 40 0.027838778 
298 1143 17 42 0.027838778 
670 1133 15 39 0.02558696 
611 187 8 21 0.02558696 
618 1282 9 24 0.02558696 
108 1164 17 47 0.02558696 
858 1205 9 22 0.02558696 
497 1229 8 22 0.02558696 
878 1087 14 35 0.02558696 
552 1225 14 38 0.02558696 
389 1169 9 21 0.02558696 
282 1167 8 20 0.02558696 
687 1330 12 33 0.02558696 
415 183 15 38 0.02558696 
865 1336 14 38 0.02558696 
510 1184 8 23 0.02558696 
914 1163 14 32 0.02558696 
572 1283 18 49 0.02558696 
408 1271 8 23 0.02558696 
397 1243 18 52 0.02558696 
852 1174 14 38 0.02558696 
600 1272 16 40 0.02558696 
837 1241 17 40 0.02558696 
475 1158 14 36 0.02558696 
380 1184 8 23 0.02558696 
932 1142 8 21 0.02558696 
53 176 8 22 0.02558696 
835 1106 7 19 0.02558696 
749 1240 8 23 0.02558696 
254 1200 15 38 0.02558696 
215 200 16 41 0.02558696 
464 1237 14 37 0.02558696 
924 81 16 36 0.02558696 
890 738 7 19 0.02558696 
289 749 5 13 0.02558696 
790 1224 8 22 0.02558696 
654 1225 15 42 0.02558696 
426 1238 17 47 0.02558696 
357 1133 7 21 0.02558696 
848 1122 14 36 0.02558696 
793 1186 17 43 0.02558696 
447 1140 9 22 0.02558696 
639 197 6 21 0.02558696 
534 246 14 40 0.02558696 
632 198 8 20 0.02558696 
787 1086 6 17 0.02558696 
726 1207 8 21 0.02558696 
484 579 5 14 0.02558696 
765 1076 9 26 0.02558696 
689 146 15 38 0.02558696 
9 718 6 16 0.02558696 
927 81 6 16 0.02558696 
710 543 6 16 0.02558696 
231 272 19 47 0.02558696 
921 1198 16 41 0.02558696 
1018 264 4 18 0.02558696 
688 522 5 14 0.02558696 
682 551 5 14 0.02558696 
699 498 5 14 0.02558696 
806 1150 23 60 0.025519116 
1001 241 21 84 0.025519116 
461 281 27 67 0.025519116 
723 144 41 126 0.025519116 
447 147 22 59 0.025519116 
303 129 48 114 0.025519116 
600 1268 28 75 0.025519116 
438 1249 24 63 0.025519116 
435 1201 21 56 0.025519116 
493 1118 13 35 0.02351288 
308 1142 16 43 0.02351288 
930 1148 7 20 0.02351288 
309 1132 8 21 0.02351288 
381 1193 8 27 0.02351288 
405 1149 14 38 0.02351288 
508 1242 9 22 0.02351288 
566 1301 17 46 0.02351288 
836 1457 9 19 0.02351288 
754 1131 6 17 0.02351288 
948 1299 10 22 0.02351288 
741 1386 20 56 0.02351288 
319 1149 7 19 0.02351288 
395 1169 6 20 0.02351288 
861 1185 15 38 0.02351288 
732 1108 13 36 0.02351288 
800 1382 11 37 0.02351288 
464 1313 14 33 0.02351288 
125 1160 19 48 0.02351288 
43 1191 10 26 0.02351288 
696 1324 12 38 0.02351288 
925 1380 12 36 0.02351288 
791 1333 14 38 0.02351288 
14 1238 8 27 0.02351288 
749 1229 8 22 0.02351288 
43 172 16 37 0.02351288 
460 186 8 22 0.02351288 
869 1344 15 38 0.02351288 
866 1187 8 21 0.02351288 
558 1349 15 33 0.02351288 
882 1445 7 20 0.02351288 
351 476 6 15 0.02351288 
588 487 6 16 0.02351288 
562 337 15 38 0.02351288 
929 14 7 17 0.02351288 
629 1104 7 19 0.02351288 
473 1176 15 39 0.02351288 
846 1176 9 23 0.02351288 
564 1206 17 43 0.02351288 
254 1191 7 20 0.02351288 
348 1256 18 44 0.02351288 
692 515 6 15 0.02351288 
715 516 7 18 0.02351288 
560 501 8 20 0.02351288 
528 1267 14 34 0.02351288 
426 1096 6 18 0.02351288 
557 1149 15 41 0.02351288 
691 1272 16 40 0.02351288 
877 1094 9 22 0.02351288 
507 1271 8 21 0.02351288 
378 525 6 18 0.02351288 
875 1215 15 38 0.02351288 
871 1177 12 31 0.02351288 
702 1092 7 19 0.02351288 
586 514 15 36 0.02351288 
893 1082 7 20 0.02351288 
704 549 5 14 0.02351288 
792 1277 9 23 0.02351288 
732 1266 8 22 0.02351288 
172 192 7 22 0.02351288 
377 1181 8 21 0.02351288 
864 698 7 19 0.02351288 
491 1205 15 39 0.02351288 
370 561 6 15 0.02351288 
735 1274 11 29 0.02351288 
401 606 6 16 0.02351288 
107 1196 17 46 0.02351288 
893 756 19 47 0.02351288 
522 264 8 23 0.02351288 
624 197 8 21 0.02351288 
279 180 25 59 0.023349825 
211 322 23 59 0.023349825 
602 1142 25 60 0.023349825 
655 951 43 112 0.023349825 
1001 1333 23 79 0.023349825 
572 1201 26 67 0.023349825 
583 1209 28 71 0.023349825 
345 1228 30 80 0.023349825 
657 1021 50 114 0.023349825 
276 237 46 122 0.023349825 
155 1106 94 230 0.022069868 
612 724 124 274 0.022069868 
112 366 194 525 0.022069868 
522 236 8 23 0.0216032 
512 1122 9 21 0.021603195 
765 1107 9 24 0.021603195 
877 698 8 20 0.021603195 
727 1113 6 17 0.021603195 
518 1120 7 18 0.021603195 
694 598 6 17 0.021603195 
370 689 12 27 0.021603195 
8 708 5 13 0.021603195 
929 698 5 15 0.021603195 
366 496 6 15 0.021603195 
580 485 12 32 0.021603195 
687 517 5 12 0.021603195 
587 518 9 22 0.021603195 
405 551 5 13 0.021603195 
353 560 7 17 0.021603195 
675 1112 10 25 0.021603195 
758 1272 17 44 0.021603195 
808 1288 17 40 0.021603195 
663 1305 9 25 0.021603195 
631 1105 12 30 0.021603195 
752 1306 9 26 0.021603195 
756 1307 9 24 0.021603195 
274 1270 15 39 0.021603195 
280 1104 7 21 0.021603195 
624 1104 9 21 0.021603195 
813 1090 16 40 0.021603195 
500 1112 13 35 0.021603195 
566 1126 14 35 0.021603195 
620 1120 15 37 0.021603195 
300 1141 10 26 0.021603195 
535 1183 9 22 0.021603195 
374 1141 6 19 0.021603195 
590 1128 15 36 0.021603195 
85 8 5 13 0.021603195 
770 1160 8 19 0.021603195 
914 1138 10 24 0.021603195 
671 1148 9 22 0.021603195 
342 1142 15 38 0.021603195 
243 1151 16 42 0.021603195 
731 1135 14 37 0.021603195 
556 1178 13 34 0.021603195 
855 1118 9 22 0.021603195 
797 1169 16 39 0.021603195 
916 702 14 34 0.021603195 
1014 707 7 21 0.021603195 
293 748 5 13 0.021603195 
858 742 6 16 0.021603195 
42 1183 17 43 0.021603195 
475 1192 9 25 0.021603195 
533 1183 13 38 0.021603195 
497 1165 14 38 0.021603195 
910 1251 18 42 0.021603195 
545 1226 17 43 0.021603195 
596 1252 7 18 0.021603195 
350 462 5 13 0.021603195 
746 1218 14 39 0.021603195 
767 1248 9 24 0.021603195 
892 1220 18 47 0.021603195 
583 1248 15 43 0.021603195 
761 1259 9 26 0.021603195 
890 1262 8 22 0.021603195 
221 188 9 22 0.021603195 
625 190 14 33 0.021603195 
692 197 9 23 0.021603195 
700 198 7 22 0.021603195 
561 273 12 33 0.021603195 
467 204 9 22 0.021603195 
744 1229 8 23 0.021603195 
618 195 8 23 0.021603195 
877 1336 8 22 0.021603195 
800 1326 17 43 0.021603195 
770 1313 8 23 0.021603195 
951 1313 10 24 0.021603195 
738 1364 17 48 0.021603195 
790 1372 7 22 0.021603195 
658 1287 7 22 0.021603195 
756 1275 9 24 0.021603195 
761 1274 9 25 0.021603195 
794 1271 14 36 0.021603195 
470 1316 8 21 0.021603195 
505 1220 15 42 0.021603195 
492 1223 9 24 0.021603195 
551 1227 9 24 0.021603195 
551 1214 9 25 0.021603195 
843 1208 18 50 0.021603195 
312 698 74 194 0.021360898 
321 192 31 77 0.021360898 
381 306 26 77 0.021360898 
305 1116 27 72 0.021360898 
902 1070 26 66 0.021360898 
274 1044 61 142 0.021360898 
216 1077 46 126 0.021360898 
633 1244 22 60 0.021360898 
739 1243 25 61 0.021360898 
808 1178 26 67 0.021360898 
318 1225 27 70 0.021360898 
778 1214 21 56 0.021360898 
718 1314 21 56 0.021360898 
810 1285 26 64 0.021360898 
242 977 106 240 0.0201599 
32 1013 97 266 0.0201599 
