10_People_Marching_People_Marching_2_678
231
622 295 19 23 0.9953811 
449 296 21 26 0.9928939 
723 273 24 29 0.9927347 
887 294 18 23 0.99080336 
350 276 25 30 0.98957527 
306 291 22 25 0.98462796 
901 208 11 14 0.97839683 
253 288 27 31 0.97665024 
217 295 24 28 0.97448087 
841 304 21 27 0.9567318 
787 304 20 25 0.95009613 
23 318 11 17 0.9458233 
947 210 10 12 0.9308502 
513 302 21 25 0.91882604 
116 336 11 16 0.88893 
65 255 9 12 0.88008106 
206 297 8 11 0.66669756 
474 353 14 16 0.6271395 
377 42 228 315 0.5461031 
69 365 11 16 0.5216516 
-13 7 188 297 0.5 
86 335 9 14 0.5 
669 328 172 272 0.4085711 
164 309 13 17 0.3933377 
61 327 7 10 0.31433135 
470 153 130 214 0.30317584 
39 323 11 15 0.2141799 
102 351 11 15 0.19995552 
189 318 8 11 0.19995552 
382 360 228 280 0.19988178 
759 317 17 21 0.17366186 
130 392 249 288 0.17193554 
497 362 209 268 0.15916686 
814 360 30 29 0.15056497 
90 332 12 15 0.15017675 
111 300 13 16 0.13944872 
825 352 18 19 0.13944872 
73 377 23 33 0.13928533 
176 338 13 16 0.1293704 
163 321 9 12 0.1293704 
486 367 25 31 0.12872264 
171 312 7 9 0.11991897 
75 360 7 9 0.111069925 
71 341 8 11 0.111069925 
361 270 8 10 0.10279763 
158 337 8 11 0.10279763 
908 416 33 43 0.10106142 
67 371 21 31 0.10106142 
305 275 10 12 0.08787667 
568 330 8 10 0.08787667 
57 266 8 10 0.08117401 
762 275 7 9 0.08117401 
381 305 12 13 0.08117401 
96 354 15 18 0.08117401 
985 240 6 8 0.08117401 
457 421 10 12 0.074940585 
58 331 8 10 0.074940585 
39 319 9 12 0.07494057 
84 355 6 7 0.069149815 
594 320 8 10 0.0691498 
593 348 6 7 0.0691498 
229 86 249 334 0.064067975 
42 365 14 20 0.06377564 
105 346 11 17 0.06377564 
797 253 6 7 0.06377564 
171 345 14 17 0.05879275 
69 252 8 12 0.05879275 
283 299 6 8 0.054176662 
79 336 11 14 0.054176662 
419 324 12 14 0.054176662 
235 390 311 293 0.053832814 
54 344 7 10 0.04990379 
74 271 5 6 0.04990379 
877 243 5 6 0.04990379 
810 309 5 8 0.04990379 
68 345 12 16 0.049903784 
161 313 13 17 0.04595155 
202 321 8 10 0.04595155 
519 413 13 15 0.04595155 
757 269 6 8 0.04595155 
553 357 19 17 0.04595155 
433 287 12 15 0.045951538 
874 270 7 9 0.045951538 
595 378 12 16 0.045951538 
72 359 12 15 0.045951538 
147 371 12 18 0.045951538 
12 331 13 16 0.045951538 
61 262 9 11 0.045951538 
861 448 27 34 0.04326818 
249 429 20 25 0.04326818 
73 363 23 31 0.04326818 
110 389 13 19 0.04229837 
177 329 9 11 0.04229837 
17 320 12 15 0.04229837 
417 326 7 9 0.04229837 
121 371 16 22 0.04229837 
1004 254 7 9 0.04229837 
62 354 41 52 0.039651502 
809 342 46 45 0.039651494 
75 334 8 12 0.038923774 
876 353 8 11 0.038923774 
435 64 144 196 0.03781825 
-9 378 180 238 0.03781825 
202 338 23 26 0.036325645 
95 358 23 26 0.036325645 
87 354 6 9 0.035808332 
172 340 9 12 0.035808332 
69 355 9 11 0.035808332 
540 357 9 13 0.035808332 
505 326 6 8 0.035808332 
90 339 8 13 0.035808332 
199 279 7 9 0.035808332 
518 420 13 15 0.035808332 
496 366 17 22 0.035808332 
70 25 123 191 0.034593593 
476 358 24 30 0.033269096 
99 370 24 29 0.033269096 
61 368 16 20 0.03293372 
758 327 14 17 0.03293372 
183 312 13 16 0.03293372 
79 357 7 8 0.032933712 
82 339 11 17 0.032933712 
953 335 6 7 0.032933712 
969 335 6 7 0.032933712 
713 69 257 329 0.03163486 
828 363 28 31 0.030461604 
832 246 4 5 0.030282615 
204 346 14 16 0.030282615 
62 377 17 22 0.030282615 
588 331 6 8 0.030282615 
296 507 8 12 0.030282615 
78 341 9 12 0.030282615 
209 279 6 8 0.030282615 
889 229 7 9 0.030282615 
111 377 19 27 0.027884193 
841 43 53 62 0.027884185 
414 327 13 17 0.027838783 
164 411 12 14 0.027838783 
207 298 15 20 0.027838783 
882 326 14 19 0.027838783 
123 337 9 12 0.027838783 
199 374 18 27 0.027838783 
198 317 8 11 0.027838783 
169 315 12 18 0.027838783 
792 287 7 9 0.027838783 
593 367 14 20 0.027838783 
760 254 8 11 0.027838783 
265 280 9 10 0.027838778 
499 358 15 21 0.027838778 
176 322 13 16 0.027838778 
104 382 15 19 0.027838778 
194 332 7 9 0.027838778 
67 342 7 11 0.02558696 
14 328 9 11 0.02558696 
591 322 9 12 0.02558696 
668 367 14 16 0.02558696 
110 337 13 18 0.02558696 
283 265 6 8 0.02558696 
761 248 14 18 0.02558696 
967 245 5 7 0.02558696 
750 210 6 8 0.02558696 
911 190 7 9 0.02558696 
687 136 14 19 0.02558696 
765 145 8 10 0.02558696 
591 345 11 12 0.02558696 
578 336 6 8 0.02558696 
58 336 8 10 0.02558696 
109 300 8 10 0.02558696 
758 272 8 10 0.02558696 
600 271 14 22 0.02558696 
55 376 30 40 0.025519116 
63 380 50 62 0.025519116 
85 337 18 23 0.025519116 
740 411 124 188 0.024156325 
592 348 180 249 0.024156325 
338 281 13 18 0.02351288 
762 147 8 10 0.02351288 
258 284 18 24 0.02351288 
177 312 7 10 0.02351288 
814 320 6 9 0.02351288 
124 321 6 8 0.02351288 
816 319 14 16 0.02351288 
64 325 7 10 0.02351288 
76 348 12 14 0.02351288 
59 339 11 15 0.02351288 
152 338 12 18 0.02351288 
92 342 14 19 0.02351288 
173 324 9 11 0.02351288 
28 318 13 20 0.02351288 
139 396 10 11 0.02351288 
350 270 8 10 0.02351288 
280 268 7 9 0.02351288 
69 372 10 13 0.02351288 
389 307 7 9 0.02351288 
469 290 14 18 0.02351288 
755 267 6 8 0.02351288 
755 237 23 29 0.023349825 
183 190 62 90 0.023349825 
97 382 27 33 0.023349825 
4 333 23 28 0.023349825 
547 23 101 130 0.022069868 
860 443 149 162 0.022069868 
637 464 265 199 0.022069868 
677 415 13 14 0.021603195 
2 336 9 10 0.021603195 
160 307 8 10 0.021603195 
113 334 10 13 0.021603195 
979 268 8 9 0.021603195 
567 327 7 9 0.021603195 
420 427 7 9 0.021603195 
968 230 5 7 0.021603195 
306 271 7 8 0.021603195 
712 287 12 15 0.021603195 
742 417 17 24 0.021603195 
962 241 6 7 0.021603195 
75 354 11 14 0.021603195 
61 370 10 12 0.021603195 
91 352 13 18 0.021603195 
921 191 5 7 0.021603195 
667 154 7 9 0.021603195 
662 146 13 20 0.021603195 
817 321 8 10 0.021603195 
471 354 40 50 0.021360904 
732 57 28 36 0.021360898 
32 361 23 29 0.021360898 
63 359 23 28 0.021360898 
174 337 21 27 0.021360898 
73 336 19 23 0.021360898 
376 303 20 23 0.021360898 
800 357 32 35 0.021360898 
443 346 107 160 0.0201599 
