10_People_Marching_People_Marching_2_373
920
259 266 28 31 0.9996692 
382 189 29 34 0.9996376 
137 316 34 35 0.9995652 
567 304 32 38 0.9995652 
982 153 27 32 0.9994287 
984 244 32 33 0.99931467 
770 188 30 33 0.99931467 
282 296 35 40 0.9992494 
394 349 37 41 0.9992494 
270 97 26 29 0.9992494 
351 438 48 52 0.9991779 
698 340 31 34 0.9990996 
756 336 31 35 0.9990138 
979 439 29 31 0.99891996 
808 299 38 37 0.99891996 
312 205 31 35 0.99891996 
696 204 29 29 0.99891996 
144 505 46 51 0.9988171 
367 384 30 37 0.9988171 
757 276 35 35 0.99870443 
812 180 27 32 0.9985812 
863 135 25 28 0.9985812 
168 386 35 40 0.9985812 
969 93 26 28 0.9985812 
884 175 31 31 0.9985812 
266 204 29 27 0.99844605 
873 101 30 29 0.99844605 
121 8 19 18 0.99836236 
912 230 30 34 0.9982981 
20 322 38 38 0.9982981 
151 346 35 37 0.9982981 
672 437 36 39 0.9982981 
933 72 27 33 0.99813616 
275 367 38 44 0.99813616 
913 152 27 28 0.99813616 
713 176 29 29 0.99813616 
690 483 48 51 0.9979589 
337 169 26 27 0.9977647 
204 259 32 35 0.9977647 
943 208 28 28 0.9975521 
808 146 25 26 0.9975521 
838 78 25 26 0.9973194 
463 328 34 39 0.99706453 
966 193 24 26 0.99678564 
183 124 23 26 0.99678564 
509 415 43 50 0.9964803 
790 67 25 26 0.9964803 
520 260 32 32 0.9964803 
367 137 28 28 0.9964803 
725 87 25 27 0.9964803 
792 375 34 35 0.9964803 
619 115 25 26 0.9964803 
222 310 31 39 0.99614596 
765 116 24 23 0.99614596 
840 159 23 25 0.99614596 
287 473 37 39 0.99614596 
628 473 41 41 0.9957801 
774 89 23 25 0.9953797 
107 427 41 44 0.9953797 
125 386 32 34 0.9949414 
797 120 23 26 0.9944617 
55 308 29 31 0.9944617 
264 142 25 26 0.9944617 
623 178 24 26 0.9944617 
765 496 40 51 0.993937 
304 13 17 18 0.99347997 
757 236 26 27 0.9933628 
825 57 22 23 0.9933628 
994 82 24 26 0.9933628 
48 431 35 38 0.9927347 
845 239 33 32 0.9927347 
86 189 25 26 0.9927347 
88 377 35 40 0.99204755 
250 402 39 44 0.99204755 
693 298 29 29 0.99204755 
870 403 39 43 0.99204755 
158 7 17 20 0.9915604 
996 480 26 40 0.99129593 
205 231 26 29 0.99129593 
694 242 30 29 0.99129593 
368 110 27 25 0.99047405 
362 13 14 16 0.98997927 
771 50 19 21 0.98997927 
564 -1 16 15 0.98997927 
853 52 20 21 0.98997927 
187 16 17 20 0.98997927 
656 53 23 24 0.98957527 
51 541 42 36 0.98957527 
51 53 23 24 0.98957527 
382 4 18 19 0.9881053 
857 296 31 34 0.98751885 
917 385 32 38 0.98751885 
640 30 19 19 0.98704255 
405 55 20 21 0.98704255 
147 103 24 26 0.9863452 
312 541 49 37 0.9863452 
411 430 36 42 0.9863452 
183 441 30 37 0.9863452 
347 52 20 22 0.9858861 
119 35 19 21 0.98462796 
69 473 36 43 0.98366195 
355 77 22 23 0.98366195 
250 469 42 44 0.9821322 
168 291 36 39 0.98046196 
254 168 22 23 0.98046196 
545 94 25 27 0.98046196 
756 29 19 22 0.98015445 
815 91 23 25 0.9786391 
613 76 22 23 0.9786391 
927 293 29 29 0.97665024 
204 204 30 31 0.97665024 
477 41 23 24 0.97665024 
284 18 18 20 0.9764871 
498 52 17 18 0.97216123 
660 19 16 18 0.97216123 
321 44 19 21 0.97216123 
50 259 27 32 0.9721158 
575 63 21 23 0.9721158 
819 40 19 20 0.9697174 
924 120 28 27 0.9695384 
931 503 31 34 0.9667309 
1002 374 22 35 0.96367437 
875 69 21 21 0.96107626 
660 -1 16 16 0.96107626 
146 44 17 19 0.96107626 
773 148 24 25 0.96034855 
700 0 16 17 0.9577016 
81 37 19 19 0.9577016 
953 506 41 41 0.9567318 
197 103 22 23 0.9567318 
164 72 24 26 0.95280147 
955 286 31 30 0.95280147 
416 100 21 22 0.9458233 
994 209 24 24 0.9439019 
243 7 14 16 0.9362244 
762 80 20 18 0.9362244 
849 209 24 24 0.9334414 
664 142 24 24 0.9334414 
333 281 31 30 0.9334414 
820 513 27 34 0.9275556 
444 43 21 20 0.92505944 
522 62 17 20 0.92505944 
617 35 18 20 0.92505944 
229 84 18 20 0.92505944 
880 277 22 23 0.9211933 
54 225 25 25 0.9211933 
370 45 15 18 0.91882604 
424 53 19 22 0.9121234 
341 131 20 22 0.9069161 
101 243 20 23 0.90492445 
728 6 16 19 0.8972024 
0 46 14 20 0.8972024 
568 85 17 20 0.8972024 
490 25 19 19 0.8972024 
801 56 19 20 0.88893 
399 80 22 21 0.88893 
887 31 17 17 0.88008106 
906 269 23 24 0.8712774 
792 21 20 23 0.8712774 
415 331 23 24 0.8607147 
58 353 29 29 0.8607147 
674 139 24 24 0.8607147 
115 58 19 20 0.84982324 
347 24 18 19 0.8384248 
746 168 20 21 0.8384248 
634 294 28 34 0.83741444 
795 274 28 26 0.83741444 
666 189 28 25 0.83741444 
409 29 19 20 0.8263381 
346 328 23 27 0.82463235 
21 83 22 25 0.82463235 
500 97 23 25 0.82463235 
628 413 26 30 0.811072 
261 76 20 19 0.8000445 
931 53 12 14 0.78582007 
402 302 23 24 0.7488979 
105 304 23 24 0.7488979 
539 11 12 12 0.7217721 
481 274 20 21 0.7217721 
990 139 26 30 0.71312684 
488 48 21 23 0.71312684 
735 67 18 18 0.6856687 
166 192 28 25 0.6541731 
62 229 26 26 0.6541731 
562 394 29 29 0.6541731 
140 137 19 21 0.64717066 
576 402 16 19 0.64717066 
684 8 14 14 0.64717066 
768 11 13 13 0.6271395 
849 34 19 19 0.6271395 
589 377 23 23 0.61190087 
59 253 25 28 0.61190087 
568 433 19 20 0.5858033 
976 549 33 27 0.56787485 
242 106 16 17 0.56463194 
38 12 16 20 0.56463194 
982 278 15 17 0.56463194 
64 244 25 26 0.5454055 
30 58 18 18 0.5432222 
395 255 28 26 0.5227497 
174 504 32 37 0.5227497 
176 69 26 25 0.5227497 
550 50 14 16 0.5216516 
342 18 17 18 0.5 
2 90 17 20 0.5 
622 449 24 24 0.45459446 
238 213 14 16 0.43536806 
202 50 15 17 0.43536806 
234 297 21 24 0.43212515 
131 85 23 25 0.43212515 
905 517 22 25 0.4099317 
396 128 20 22 0.4099317 
878 48 17 18 0.3728605 
85 15 12 12 0.3728605 
125 372 29 33 0.36670664 
660 404 25 29 0.36670664 
499 84 23 24 0.34582695 
340 289 31 33 0.34582692 
463 79 16 24 0.33330244 
806 420 16 20 0.33330244 
796 413 27 32 0.32552502 
231 25 14 16 0.31433135 
943 11 14 15 0.31433135 
56 21 14 15 0.31433132 
101 380 38 42 0.30585766 
162 180 26 27 0.30585766 
803 136 27 29 0.30585766 
361 264 30 33 0.30585763 
313 397 24 26 0.30585763 
611 15 15 16 0.29596066 
509 10 16 19 0.29596066 
181 213 32 30 0.28687313 
14 373 28 37 0.28687313 
722 310 22 23 0.268611 
842 228 21 19 0.26116365 
209 67 17 19 0.26116365 
23 5 11 13 0.26116365 
701 30 15 17 0.24479094 
413 21 13 14 0.22912635 
905 560 24 18 0.22912635 
702 145 21 23 0.21842524 
943 29 12 13 0.2141799 
60 220 18 18 0.2141799 
739 160 25 24 0.2032784 
228 543 41 34 0.2032784 
80 14 12 11 0.19995552 
916 84 17 18 0.19995552 
176 183 18 19 0.19995552 
638 381 22 24 0.188928 
624 31 19 22 0.188928 
751 4 9 9 0.1864517 
456 15 13 14 0.18645167 
190 66 23 23 0.1753677 
941 168 24 24 0.1753677 
729 45 18 17 0.17366187 
6 10 14 15 0.17366186 
126 40 21 23 0.16258557 
694 143 20 23 0.16258556 
355 300 25 27 0.16258556 
967 58 17 22 0.16157512 
900 71 16 17 0.16157512 
677 7 14 15 0.16157512 
763 262 21 19 0.16157512 
773 350 26 28 0.15056497 
326 415 26 26 0.15056497 
448 293 25 26 0.15056497 
773 378 51 52 0.15056497 
384 120 25 26 0.15056497 
328 436 37 39 0.15056497 
536 77 14 17 0.15017675 
569 32 18 20 0.15017675 
339 105 17 20 0.13944872 
35 0 10 8 0.13944872 
24 62 20 22 0.13928533 
169 208 51 51 0.13928533 
6 299 14 16 0.12937039 
403 90 23 24 0.12872264 
838 52 22 24 0.12872264 
225 184 21 22 0.12872264 
946 343 56 61 0.12872262 
573 378 16 17 0.11991897 
961 25 12 13 0.11991897 
358 0 9 8 0.11991897 
340 12 14 14 0.11991897 
187 224 40 41 0.118850335 
391 301 24 28 0.118850335 
261 354 18 22 0.111069925 
297 0 12 9 0.111069925 
207 195 19 18 0.111069925 
0 69 13 20 0.111069925 
436 96 16 18 0.111069925 
735 558 31 19 0.109639935 
380 249 41 47 0.109639935 
216 186 23 21 0.109639935 
182 58 25 26 0.109639935 
746 377 51 50 0.109639935 
99 547 31 23 0.109639935 
704 185 32 34 0.109639935 
707 77 22 24 0.109639935 
404 337 32 34 0.109639935 
893 393 41 46 0.109639935 
944 293 35 39 0.109639935 
640 94 26 28 0.109639935 
864 47 22 23 0.109639935 
537 22 26 26 0.109639935 
800 0 10 9 0.10279763 
369 33 13 14 0.10279763 
896 102 18 21 0.102797605 
514 35 18 17 0.102797605 
716 90 14 16 0.102797605 
804 507 36 47 0.10106142 
7 86 22 25 0.10106142 
171 203 32 29 0.10106142 
739 182 30 30 0.10106142 
194 56 23 23 0.10106142 
215 100 17 20 0.09507551 
268 0 15 10 0.09507551 
794 51 17 18 0.09507551 
373 431 51 52 0.09308395 
379 134 25 27 0.09308393 
264 85 27 26 0.09308393 
453 392 23 27 0.09308393 
121 362 27 29 0.09308393 
462 42 23 24 0.09308393 
845 18 14 17 0.08787667 
216 151 17 18 0.08787667 
658 140 20 23 0.08787667 
874 277 18 19 0.08787667 
398 73 18 18 0.08787667 
789 476 16 18 0.08787667 
518 0 15 14 0.08787667 
735 193 30 30 0.08567618 
141 119 25 29 0.08567616 
73 1 12 12 0.08117401 
831 411 15 17 0.08117401 
628 405 17 22 0.08117401 
105 557 26 20 0.08117401 
92 301 23 26 0.07880669 
583 441 22 24 0.07880669 
784 360 24 25 0.07880669 
353 311 25 31 0.07880669 
827 503 34 36 0.07880669 
465 319 30 29 0.07880669 
848 26 16 18 0.074940585 
186 216 19 20 0.07494057 
387 416 18 20 0.07494057 
220 165 19 18 0.07494057 
456 287 25 26 0.072444364 
355 114 26 26 0.072444364 
667 352 22 22 0.072444364 
122 156 20 25 0.072444364 
580 383 26 28 0.072444364 
165 370 33 40 0.07244435 
884 70 22 22 0.07244435 
640 285 25 27 0.07244435 
25 23 10 10 0.069149815 
907 263 19 20 0.0691498 
203 43 15 16 0.0691498 
229 35 16 16 0.0691498 
966 50 15 19 0.0691498 
428 335 24 30 0.06655858 
969 277 25 25 0.06655858 
978 199 25 26 0.06655857 
530 10 12 14 0.06377564 
618 61 14 14 0.06377564 
522 11 13 16 0.06377564 
1000 135 19 22 0.06377564 
23 1 9 9 0.06377564 
401 64 21 20 0.06377564 
182 79 16 17 0.06377564 
505 2 8 8 0.06377564 
844 36 14 16 0.06377564 
951 196 28 29 0.06111947 
400 424 34 35 0.06111947 
686 345 29 31 0.06111947 
833 485 26 27 0.06111947 
1 204 18 27 0.06111947 
651 185 27 27 0.06111947 
163 445 47 47 0.06111947 
784 277 30 31 0.06111947 
604 331 25 30 0.06111947 
986 230 29 31 0.06111947 
155 173 26 28 0.06111947 
747 186 37 39 0.06111947 
192 267 17 18 0.05879275 
850 34 9 9 0.05879275 
657 150 18 19 0.05879275 
913 91 17 19 0.05879275 
480 32 19 20 0.05879275 
1015 116 10 15 0.05879275 
406 43 24 26 0.056098126 
180 273 36 41 0.056098126 
218 294 25 27 0.056098126 
5 302 22 24 0.056098126 
304 215 24 27 0.056098126 
922 157 27 28 0.056098126 
187 46 22 22 0.056098126 
945 302 51 62 0.056098126 
143 360 32 37 0.056098126 
861 295 46 49 0.056098126 
350 60 23 23 0.056098126 
811 48 20 22 0.056098126 
808 190 25 31 0.056098126 
961 282 23 21 0.054176662 
790 275 18 22 0.054176662 
213 2 13 12 0.054176662 
223 5 7 8 0.054176662 
621 0 12 13 0.054176662 
728 65 18 19 0.054176662 
31 164 8 9 0.054176662 
560 390 22 20 0.054176662 
936 1 7 7 0.054176662 
65 20 9 11 0.054176662 
54 25 9 10 0.054176662 
288 176 17 20 0.054176662 
160 466 35 35 0.051466707 
578 515 19 26 0.051466707 
142 339 29 30 0.051466707 
468 280 26 26 0.051466707 
803 105 28 31 0.051466707 
462 303 28 28 0.051466707 
56 454 46 54 0.051466707 
947 63 24 27 0.051466707 
408 312 26 27 0.051466707 
613 181 25 27 0.051466707 
47 180 20 21 0.051466707 
906 297 34 33 0.051466707 
347 273 29 30 0.051466707 
952 57 25 23 0.051466707 
765 476 30 29 0.051466707 
798 177 25 29 0.051466707 
180 192 29 28 0.051466707 
231 58 21 21 0.051466707 
667 2 15 15 0.04990379 
870 506 16 18 0.04990379 
90 19 9 10 0.04990379 
302 223 15 17 0.04990379 
114 110 16 15 0.04990379 
348 0 15 13 0.049903784 
766 5 13 13 0.049903784 
44 0 9 7 0.049903784 
142 6 10 11 0.049903784 
966 68 22 23 0.047198545 
219 540 30 29 0.047198545 
909 506 36 42 0.047198545 
725 166 28 29 0.047198545 
45 357 29 31 0.047198545 
613 221 26 32 0.047198545 
824 42 22 23 0.047198545 
378 300 26 29 0.047198545 
937 177 23 23 0.047198545 
814 268 33 29 0.047198545 
788 131 24 27 0.047198545 
172 61 25 25 0.047198545 
924 373 47 49 0.047198545 
883 50 11 10 0.04595155 
887 49 14 16 0.04595155 
413 54 20 20 0.04595155 
741 155 17 18 0.04595155 
674 397 13 15 0.04595155 
479 29 14 14 0.045951538 
340 327 18 20 0.045951538 
817 522 18 22 0.045951538 
40 32 12 14 0.045951538 
687 15 10 11 0.045951538 
145 183 90 99 0.045153897 
657 280 22 22 0.04326818 
534 14 23 22 0.04326818 
358 50 20 21 0.04326818 
734 175 26 27 0.04326818 
576 433 22 24 0.04326818 
510 62 22 24 0.04326818 
38 84 21 24 0.04326818 
390 163 21 24 0.04326818 
582 46 15 15 0.04229837 
549 53 9 11 0.04229837 
818 28 14 15 0.04229837 
921 133 23 22 0.04229837 
723 66 8 9 0.04229837 
1003 70 18 19 0.04229837 
244 5 10 10 0.04229837 
849 18 9 9 0.04229837 
176 314 18 19 0.04229837 
462 281 17 17 0.04229837 
159 175 43 43 0.039651502 
499 26 21 23 0.039651502 
486 154 67 58 0.039651502 
473 113 25 27 0.039651502 
961 317 51 59 0.039651502 
798 279 38 41 0.039651502 
903 293 57 52 0.039651502 
349 288 40 47 0.039651502 
760 178 27 29 0.039651494 
154 309 34 35 0.039651494 
395 411 24 26 0.039651494 
530 307 28 29 0.039651494 
938 457 29 29 0.039651494 
776 175 24 26 0.039651494 
945 23 13 15 0.038923774 
207 101 19 22 0.038923774 
527 12 9 10 0.038923774 
725 306 17 16 0.038923774 
656 1 8 8 0.038923774 
773 12 14 14 0.038923774 
646 180 19 22 0.038923774 
40 18 9 10 0.038923774 
1013 26 6 7 0.038923774 
211 4 8 8 0.038923774 
336 20 17 18 0.038923774 
945 14 9 9 0.038923774 
778 14 9 8 0.038923774 
245 212 8 8 0.038923774 
843 -1 13 9 0.038923774 
341 279 21 19 0.038923774 
412 21 8 9 0.038923774 
609 209 11 13 0.038923774 
709 135 18 19 0.038923774 
985 74 23 24 0.036325652 
437 340 26 30 0.036325652 
734 388 49 53 0.036325652 
185 109 25 27 0.036325652 
383 172 23 25 0.036325652 
77 365 36 45 0.036325652 
668 279 20 22 0.036325652 
852 145 27 30 0.036325652 
538 301 41 47 0.036325652 
666 393 25 25 0.036325652 
840 39 22 23 0.036325645 
785 171 24 26 0.036325645 
626 103 26 28 0.036325645 
9 19 24 23 0.036325645 
227 229 17 20 0.035808332 
278 0 9 7 0.035808332 
35 71 9 10 0.035808332 
517 44 15 18 0.035808332 
956 297 20 21 0.035808332 
141 -1 15 12 0.035808332 
927 445 8 9 0.035808332 
657 422 7 9 0.035808332 
656 415 15 18 0.035808332 
61 153 14 15 0.035808332 
639 309 16 19 0.035808332 
172 133 15 18 0.035808332 
463 257 15 15 0.035808332 
79 194 19 20 0.035808332 
488 18 15 16 0.035808332 
0 99 16 18 0.035808332 
326 9 7 8 0.035808332 
452 282 19 19 0.035808332 
536 13 9 10 0.035808332 
74 7 15 14 0.035808332 
339 8 9 9 0.035808332 
365 96 232 259 0.034593593 
68 259 26 27 0.033269096 
821 386 24 29 0.033269096 
424 427 32 35 0.033269096 
390 420 30 29 0.033269096 
663 267 24 26 0.033269096 
946 376 31 32 0.033269096 
758 476 44 50 0.033269096 
872 82 26 27 0.033269096 
557 34 22 24 0.033269096 
544 36 25 27 0.033269096 
57 285 29 28 0.033269096 
804 156 26 29 0.033269096 
726 461 23 26 0.033269096 
604 181 39 47 0.033269096 
360 278 31 38 0.033269096 
45 16 17 18 0.033269096 
318 291 29 32 0.033269096 
651 395 23 27 0.033269096 
640 390 23 27 0.033269096 
631 396 22 27 0.033269096 
371 148 27 28 0.033269096 
215 176 22 21 0.033269096 
506 1 13 13 0.03293372 
21 26 15 16 0.03293372 
206 3 7 8 0.03293372 
752 24 17 19 0.03293372 
315 112 13 18 0.03293372 
767 86 18 21 0.03293372 
452 260 7 7 0.03293372 
349 0 10 7 0.03293372 
486 19 7 8 0.03293372 
218 3 13 13 0.03293372 
189 201 9 10 0.032933712 
724 64 13 14 0.032933712 
945 2 16 15 0.032933712 
459 13 9 9 0.032933712 
237 84 16 16 0.032933712 
953 25 13 15 0.032933712 
757 78 15 17 0.032933712 
677 5 8 8 0.032933712 
545 13 11 10 0.032933712 
606 19 16 18 0.032933712 
680 11 8 9 0.032933712 
84 334 24 26 0.030461604 
664 414 29 32 0.030461604 
364 323 23 29 0.030461604 
987 214 26 27 0.030461604 
869 113 27 32 0.030461604 
897 386 27 32 0.030461604 
451 82 23 24 0.030461604 
397 47 23 25 0.030461604 
522 0 21 20 0.030461604 
619 188 29 31 0.030461596 
557 424 38 40 0.030461596 
836 212 40 39 0.030461596 
481 57 25 26 0.030461596 
979 66 23 24 0.030461596 
504 75 25 26 0.030461596 
772 457 43 48 0.030461596 
728 343 28 33 0.030461596 
537 15 41 43 0.030461596 
869 289 31 34 0.030461596 
869 311 54 50 0.030461596 
349 144 25 28 0.030461596 
26 210 9 9 0.030282615 
750 21 13 16 0.030282615 
613 0 7 6 0.030282615 
486 280 21 21 0.030282615 
184 198 16 17 0.030282615 
125 244 14 16 0.030282615 
664 164 16 16 0.030282615 
94 0 12 10 0.030282615 
15 52 17 18 0.030282615 
133 214 14 15 0.030282615 
662 203 20 17 0.030282615 
322 6 13 14 0.030282615 
634 74 14 18 0.030282615 
245 295 14 19 0.030282615 
18 58 18 20 0.030282615 
354 22 14 16 0.030282615 
266 0 10 7 0.030282615 
550 29 17 19 0.030282615 
334 0 9 8 0.030282615 
882 0 16 11 0.030282615 
550 442 14 15 0.030282615 
109 391 20 22 0.030282615 
318 1 16 13 0.030282615 
553 444 8 8 0.030282615 
550 19 16 18 0.030282615 
270 74 17 17 0.030282615 
228 74 14 15 0.030282615 
439 358 21 26 0.027884193 
31 364 28 30 0.027884193 
593 251 24 23 0.027884193 
231 205 24 26 0.027884193 
549 264 32 30 0.027884193 
955 289 51 52 0.027884193 
477 409 20 25 0.027884193 
443 547 30 27 0.027884193 
134 96 25 27 0.027884193 
216 405 25 24 0.027884193 
400 404 25 25 0.027884193 
636 405 24 30 0.027884193 
643 268 23 23 0.027884193 
443 281 24 26 0.027884193 
691 66 23 24 0.027884193 
194 260 28 28 0.027884193 
928 216 29 32 0.027884193 
908 242 28 31 0.027884185 
635 83 46 44 0.027884185 
672 425 29 33 0.027884185 
765 353 43 47 0.027884185 
242 160 23 23 0.027884185 
326 298 30 33 0.027884185 
559 377 42 40 0.027884185 
355 2 10 10 0.027838783 
142 40 16 18 0.027838783 
904 96 19 21 0.027838783 
724 0 13 13 0.027838783 
823 38 10 10 0.027838783 
195 212 23 22 0.027838783 
719 89 9 9 0.027838783 
814 213 15 19 0.027838783 
695 33 18 20 0.027838783 
1001 49 13 14 0.027838783 
857 33 15 17 0.027838783 
589 432 13 18 0.027838783 
455 19 17 18 0.027838783 
302 472 19 20 0.027838783 
795 51 10 10 0.027838783 
5 140 16 18 0.027838783 
613 6 13 15 0.027838783 
2 12 9 9 0.027838783 
285 75 14 17 0.027838778 
18 70 21 20 0.027838778 
739 71 11 10 0.027838778 
1002 515 12 14 0.027838778 
799 142 18 20 0.027838778 
603 327 13 18 0.027838778 
574 38 17 17 0.027838778 
842 14 13 15 0.027838778 
97 270 15 15 0.027838778 
499 11 17 17 0.027838778 
50 224 18 20 0.027838778 
217 69 16 18 0.02558696 
261 80 11 10 0.02558696 
407 0 7 5 0.02558696 
39 0 14 13 0.02558696 
689 71 14 17 0.02558696 
797 90 15 18 0.02558696 
645 139 16 18 0.02558696 
121 245 7 8 0.02558696 
125 202 13 17 0.02558696 
690 11 8 8 0.02558696 
48 190 10 11 0.02558696 
524 2 8 8 0.02558696 
800 12 7 7 0.02558696 
998 54 14 15 0.02558696 
225 303 22 20 0.02558696 
810 23 13 17 0.02558696 
816 420 8 9 0.02558696 
705 295 17 17 0.02558696 
653 420 13 17 0.02558696 
14 29 17 18 0.02558696 
166 60 18 17 0.02558696 
22 123 13 15 0.02558696 
448 0 18 13 0.02558696 
669 3 9 9 0.02558696 
307 112 17 19 0.02558696 
362 272 17 21 0.02558696 
121 390 21 24 0.02558696 
4 264 12 14 0.02558696 
570 74 22 23 0.025519116 
558 374 28 24 0.025519116 
510 307 24 26 0.025519116 
29 157 21 23 0.025519116 
966 79 23 26 0.025519116 
991 127 25 28 0.025519116 
448 50 24 25 0.025519116 
938 393 30 31 0.025519116 
180 42 43 42 0.025519116 
6 50 20 21 0.025519116 
290 378 43 43 0.025519116 
485 398 21 27 0.025519116 
78 302 25 29 0.025519116 
948 171 26 26 0.025519116 
200 185 23 23 0.025519116 
238 177 22 24 0.025519116 
300 397 40 41 0.025519116 
526 13 21 22 0.025519116 
938 58 25 23 0.025519116 
604 80 24 25 0.025519116 
500 386 26 26 0.025519116 
54 434 48 50 0.025519116 
914 270 26 27 0.025519116 
445 328 38 43 0.025519116 
519 250 29 28 0.025519116 
160 482 30 30 0.025519116 
377 331 23 23 0.025519116 
591 200 42 49 0.025519116 
364 261 46 53 0.025519116 
974 265 27 27 0.025519116 
393 97 24 25 0.025519116 
950 -1 15 13 0.02351288 
319 109 17 19 0.02351288 
6 9 10 9 0.02351288 
680 149 16 18 0.02351288 
40 8 9 8 0.02351288 
150 127 11 10 0.02351288 
905 70 9 9 0.02351288 
871 57 9 10 0.02351288 
891 53 15 16 0.02351288 
703 139 15 17 0.02351288 
234 111 16 19 0.02351288 
58 322 19 21 0.02351288 
207 32 17 18 0.02351288 
608 365 16 18 0.02351288 
230 42 11 11 0.02351288 
659 351 17 19 0.02351288 
673 200 20 20 0.02351288 
346 8 9 9 0.02351288 
765 27 17 19 0.02351288 
812 420 8 9 0.02351288 
238 191 10 10 0.02351288 
177 215 20 20 0.02351288 
898 53 6 6 0.02351288 
500 250 7 7 0.02351288 
849 232 12 11 0.02351288 
956 0 9 8 0.02351288 
376 90 21 20 0.02351288 
557 87 21 21 0.02351288 
34 66 10 11 0.02351288 
273 -1 16 14 0.02351288 
1017 106 6 7 0.02351288 
383 94 22 21 0.02351288 
867 275 17 19 0.02351288 
466 259 9 9 0.02351288 
844 258 19 18 0.02351288 
76 100 23 23 0.023349825 
929 53 21 22 0.023349825 
940 195 25 26 0.023349825 
334 304 38 45 0.023349825 
264 355 36 47 0.023349825 
441 277 40 43 0.023349825 
854 501 24 26 0.023349825 
529 422 43 47 0.023349825 
525 67 21 23 0.023349825 
675 478 28 31 0.023349825 
96 57 21 22 0.023349825 
960 516 48 47 0.023349825 
602 100 22 23 0.023349825 
53 463 30 35 0.023349825 
452 67 36 43 0.023349825 
847 72 26 28 0.023349825 
54 223 43 43 0.023349825 
341 321 36 44 0.023349825 
529 251 45 44 0.023349825 
651 342 43 44 0.023349825 
669 232 25 26 0.023349825 
89 247 24 26 0.023349825 
178 50 24 23 0.023349825 
459 260 21 20 0.023349825 
665 365 29 31 0.023349825 
441 379 41 43 0.023349825 
123 304 26 26 0.023349825 
882 392 28 30 0.023349825 
270 50 21 21 0.023349825 
754 251 27 26 0.023349825 
185 293 31 35 0.023349825 
503 5 14 15 0.0216032 
965 24 10 10 0.0216032 
167 3 9 11 0.0216032 
619 20 8 9 0.021603195 
332 330 18 20 0.021603195 
72 238 21 22 0.021603195 
323 14 13 15 0.021603195 
772 20 14 16 0.021603195 
55 256 16 20 0.021603195 
816 22 13 16 0.021603195 
534 24 15 17 0.021603195 
228 213 19 24 0.021603195 
856 196 18 19 0.021603195 
454 256 14 14 0.021603195 
409 329 20 20 0.021603195 
514 16 9 11 0.021603195 
550 14 9 9 0.021603195 
670 22 15 16 0.021603195 
646 266 15 15 0.021603195 
524 14 7 9 0.021603195 
30 18 13 14 0.021603195 
777 203 20 20 0.021603195 
889 258 7 6 0.021603195 
207 198 10 10 0.021603195 
338 14 11 10 0.021603195 
814 38 13 16 0.021603195 
637 278 17 20 0.021603195 
829 17 8 9 0.021603195 
836 19 16 17 0.021603195 
689 52 16 19 0.021603195 
757 50 12 14 0.021603195 
842 12 8 7 0.021603195 
87 41 18 19 0.021603195 
19 18 15 16 0.021603195 
65 15 9 9 0.021603195 
841 24 15 19 0.021603195 
185 39 18 18 0.021603195 
780 362 8 10 0.021603195 
331 18 13 15 0.021603195 
318 171 14 16 0.021603195 
612 10 9 9 0.021603195 
548 320 8 9 0.021603195 
470 75 17 21 0.021603195 
12 65 17 19 0.021603195 
800 8 8 8 0.021603195 
635 56 17 20 0.021603195 
684 158 7 8 0.021603195 
1001 58 8 8 0.021603195 
725 383 13 16 0.021603195 
332 133 16 19 0.021603195 
308 8 16 18 0.021603195 
811 424 10 12 0.021603195 
386 104 21 22 0.021603195 
537 80 8 10 0.021603195 
760 553 19 20 0.021603195 
514 1 8 9 0.021603195 
914 400 20 24 0.021603195 
334 114 16 17 0.021603195 
544 510 9 9 0.021603195 
3 100 8 9 0.021603195 
335 1 13 12 0.021603195 
720 96 8 10 0.021603195 
247 108 9 10 0.021603195 
891 107 26 26 0.021360904 
374 46 20 21 0.021360904 
376 420 28 27 0.021360904 
184 184 44 44 0.021360904 
734 281 22 25 0.021360904 
863 412 28 31 0.021360898 
643 411 27 33 0.021360898 
84 232 25 26 0.021360898 
45 320 31 32 0.021360898 
63 365 29 35 0.021360898 
708 320 27 30 0.021360898 
745 76 24 24 0.021360898 
782 15 21 22 0.021360898 
823 401 21 27 0.021360898 
209 410 22 25 0.021360898 
441 425 26 27 0.021360898 
960 210 25 26 0.021360898 
542 388 28 27 0.021360898 
453 67 22 26 0.021360898 
607 478 30 30 0.021360898 
339 120 24 25 0.021360898 
82 544 34 26 0.021360898 
679 548 30 27 0.021360898 
493 70 23 26 0.021360898 
294 12 21 21 0.021360898 
743 383 31 30 0.021360898 
9 3 23 23 0.021360898 
152 72 25 27 0.021360898 
827 32 23 23 0.021360898 
468 393 24 28 0.021360898 
826 169 26 29 0.021360898 
733 471 25 29 0.021360898 
235 12 20 20 0.021360898 
274 283 36 41 0.021360893 
262 391 40 44 0.021360893 
