10_People_Marching_People_Marching_2_577
64
724 6 235 592 0.97793007 
15 296 123 380 0.9301587 
356 -43 209 519 0.5 
46 176 203 601 0.4085711 
83 44 119 343 0.32305852 
161 63 194 550 0.30317584 
733 150 146 348 0.28400344 
522 225 239 558 0.19988178 
224 -1 203 526 0.19988176 
784 112 273 619 0.18550259 
156 583 200 482 0.15916684 
582 259 138 292 0.13594593 
168 783 249 638 0.115646794 
488 454 206 542 0.115646794 
455 56 142 309 0.09015675 
252 387 249 519 0.08285364 
263 625 119 338 0.08285364 
471 345 119 343 0.076092646 
530 663 134 323 0.06984133 
51 491 85 237 0.06111947 
18 614 29 85 0.051466707 
378 770 225 519 0.04931264 
684 -63 188 461 0.04931264 
139 85 121 353 0.04931264 
328 387 130 279 0.045153886 
40 705 180 482 0.04133061 
919 930 90 323 0.03781825 
636 623 222 496 0.03781825 
42 594 126 287 0.03781825 
82 886 17 42 0.035808332 
421 292 239 575 0.034593593 
632 557 112 328 0.03163486 
658 1055 73 183 0.030461604 
766 136 48 130 0.030461596 
786 157 28 72 0.030461596 
766 183 57 163 0.030461596 
806 1016 25 55 0.030461596 
880 928 26 72 0.030461596 
696 211 119 259 0.028921604 
498 766 123 319 0.028921604 
686 -49 117 271 0.028921604 
44 865 225 558 0.028921604 
668 45 29 78 0.027884193 
672 93 30 95 0.027884193 
25 284 79 210 0.027884185 
142 1254 57 114 0.027884185 
515 857 59 144 0.027884185 
929 51 97 364 0.02643471 
850 -41 188 567 0.026434705 
851 1297 32 73 0.025519116 
297 431 55 135 0.025519116 
857 921 25 63 0.025519116 
61 374 132 353 0.024156325 
522 922 209 489 0.024156325 
658 859 186 526 0.024156325 
635 313 99 180 0.023349825 
320 424 62 133 0.023349825 
2 777 87 314 0.022069868 
492 758 20 51 0.021603195 
603 83 56 160 0.021360904 
847 955 48 114 0.021360898 
185 964 56 171 0.021360898 
559 859 73 187 0.021360898 
19 4 144 369 0.020159906 
