10_People_Marching_People_Marching_2_822
61
515 146 70 102 0.9996979 
320 76 75 100 0.9992494 
667 216 83 107 0.9991779 
176 132 30 51 0.98751885 
31 149 17 25 0.87062967 
36 317 253 320 0.85282207 
842 258 15 20 0.7858201 
895 242 21 28 0.61190087 
909 243 12 22 0.60666233 
883 263 10 15 0.5858033 
107 148 16 23 0.56463194 
825 300 218 272 0.52310073 
281 281 209 272 0.28400344 
423 335 273 330 0.2311026 
148 333 235 293 0.13594593 
387 153 246 289 0.13594593 
0 188 20 35 0.118850335 
799 100 70 100 0.10106142 
551 363 242 289 0.08285364 
761 495 117 249 0.076092646 
557 2 180 264 0.06984133 
917 246 9 14 0.069149815 
823 296 23 28 0.06655858 
768 39 119 175 0.064067975 
244 90 16 22 0.06377564 
172 57 27 38 0.06111947 
624 15 209 285 0.05874174 
746 -28 200 276 0.04931264 
65 163 13 16 0.045951538 
836 262 13 15 0.045951538 
174 106 265 302 0.045153897 
894 249 8 11 0.04229837 
595 47 17 23 0.04229837 
606 55 106 165 0.04133061 
159 136 30 47 0.039651494 
110 9 7 10 0.035808332 
404 345 140 180 0.034593593 
610 288 203 253 0.034593593 
815 305 26 29 0.033269096 
890 246 14 20 0.032933712 
431 242 136 180 0.03163486 
150 145 25 39 0.030461604 
831 291 21 27 0.030461596 
834 268 9 11 0.030282615 
787 395 218 298 0.028921604 
20 139 21 27 0.027884193 
254 156 18 22 0.027838783 
113 141 8 9 0.027838783 
482 176 12 19 0.02558696 
896 248 10 13 0.02558696 
761 41 69 99 0.025519116 
931 91 63 79 0.025519116 
639 445 212 276 0.024156325 
76 114 17 24 0.02351288 
894 294 21 31 0.023349825 
322 -1 37 34 0.023349825 
580 112 47 78 0.023349825 
293 12 6 7 0.021603195 
187 448 130 172 0.020159906 
903 334 114 185 0.0201599 
199 226 222 285 0.0201599 
