10_People_Marching_People_Marching_2_40
426
401 155 30 36 0.99813616 
713 262 55 74 0.99706453 
90 469 76 96 0.9957801 
821 232 63 82 0.9949414 
266 118 26 30 0.9944617 
564 65 14 18 0.9928939 
687 251 32 47 0.9927347 
711 84 14 19 0.99225557 
230 92 18 24 0.99225557 
356 128 26 30 0.99047405 
667 202 35 54 0.99047405 
679 98 18 23 0.989082 
941 241 46 64 0.98751885 
165 219 35 51 0.9863452 
516 522 101 116 0.98598576 
44 132 40 48 0.9786391 
587 270 35 55 0.97665024 
515 86 18 25 0.9764871 
417 101 23 29 0.97448087 
228 204 27 29 0.97448087 
411 46 12 15 0.97216123 
100 138 26 33 0.9721158 
494 146 29 34 0.9667309 
138 81 20 25 0.9641916 
95 91 21 27 0.96367437 
797 67 11 15 0.9577016 
511 49 12 15 0.9577016 
716 53 12 15 0.94120723 
818 146 20 30 0.9388805 
470 103 24 32 0.9211933 
705 356 42 68 0.9069161 
772 209 31 34 0.8989386 
698 44 14 15 0.8972024 
572 44 12 18 0.8972024 
852 53 12 16 0.88893 
821 54 12 15 0.86055124 
742 65 11 14 0.84982324 
312 147 18 24 0.84982324 
320 149 24 30 0.849435 
757 49 12 15 0.8384248 
767 87 18 23 0.8384248 
794 116 25 30 0.83741444 
189 41 8 9 0.8135483 
378 86 23 28 0.79672164 
154 46 9 11 0.7388364 
103 39 14 17 0.7217721 
977 327 43 82 0.71312684 
668 48 9 12 0.6856687 
251 82 27 28 0.6541731 
755 432 194 228 0.6135702 
585 129 25 31 0.61190087 
515 46 11 16 0.5858033 
15 4 9 9 0.56463194 
885 103 13 20 0.5216516 
461 4 7 10 0.5 
651 55 13 20 0.47834834 
521 43 11 15 0.47834834 
57 347 50 58 0.47725022 
238 86 24 27 0.47725022 
789 123 17 22 0.45677772 
92 371 93 123 0.45389685 
114 27 6 8 0.43536806 
57 37 11 14 0.4141967 
95 41 9 11 0.3728605 
804 114 17 24 0.35282937 
750 114 16 19 0.35282937 
878 91 13 16 0.33330244 
796 286 28 34 0.32552502 
582 71 9 11 0.31433135 
52 86 32 39 0.30585763 
141 40 9 12 0.29596066 
56 31 11 14 0.29596066 
99 8 7 9 0.27822798 
146 40 12 15 0.27822798 
193 75 19 25 0.268611 
450 409 134 155 0.26558137 
850 74 12 17 0.26116365 
97 39 13 16 0.26116365 
957 193 22 30 0.2511021 
63 64 12 14 0.24479094 
489 60 12 16 0.22912638 
300 429 57 89 0.21842523 
166 56 14 17 0.2141799 
558 51 7 9 0.2141799 
468 46 9 11 0.2141799 
977 296 34 41 0.2032784 
666 101 26 30 0.2032784 
808 77 10 12 0.19995552 
613 217 38 41 0.188928 
435 85 17 23 0.1864517 
1 54 18 24 0.1864517 
776 167 22 26 0.1753677 
269 417 69 101 0.1753677 
-1 324 36 74 0.1753677 
276 43 27 37 0.1753677 
485 233 28 42 0.1753677 
565 2 15 20 0.17366187 
665 105 13 20 0.17366186 
462 55 9 13 0.16157512 
907 116 22 27 0.15056497 
882 96 12 18 0.15017675 
282 55 16 20 0.15017675 
525 62 9 11 0.13944872 
2 489 30 24 0.13928533 
662 172 24 31 0.13928533 
419 411 15 18 0.12937039 
698 250 50 66 0.12872264 
918 152 25 37 0.12872262 
803 254 50 69 0.12872262 
151 29 11 14 0.11991897 
962 201 8 11 0.11991897 
714 146 22 26 0.118850335 
135 379 61 76 0.118850335 
248 291 16 21 0.111069925 
8 28 12 15 0.111069925 
956 299 44 53 0.109639935 
218 422 103 138 0.1065206 
455 364 188 269 0.09803478 
129 383 121 136 0.09803478 
811 56 12 16 0.09507551 
536 310 55 66 0.09308395 
787 474 123 142 0.09015675 
255 96 29 34 0.08567618 
830 202 15 20 0.08117401 
882 83 13 16 0.08117401 
903 418 31 37 0.07880669 
909 251 43 62 0.07880669 
323 114 22 26 0.07880669 
667 39 8 10 0.074940585 
673 156 17 27 0.074940585 
791 205 25 33 0.07244435 
840 65 11 15 0.069149815 
118 36 12 15 0.0691498 
483 228 50 64 0.06655858 
284 92 25 29 0.06655858 
630 462 106 155 0.064067975 
877 86 8 10 0.06377564 
821 96 17 20 0.06377564 
298 98 24 29 0.06111947 
564 52 20 23 0.06111947 
45 101 42 56 0.06111947 
257 185 21 26 0.06111947 
767 141 14 18 0.05879275 
663 111 18 24 0.05879275 
862 158 15 21 0.05879275 
812 54 8 10 0.05879275 
675 43 14 17 0.05879275 
0 501 32 30 0.056098126 
466 50 10 12 0.054176662 
610 110 6 8 0.054176662 
460 52 7 10 0.054176662 
93 33 14 18 0.054176662 
147 34 11 14 0.054176662 
3 502 53 63 0.051466707 
575 117 41 50 0.051466707 
312 101 28 33 0.051466707 
620 42 21 26 0.051466707 
310 87 26 29 0.051466707 
144 374 37 43 0.051466707 
151 39 10 12 0.04990379 
11 0 9 10 0.04990379 
741 19 12 17 0.04990379 
471 14 6 8 0.04990379 
807 35 13 15 0.049903784 
845 307 59 58 0.047198545 
773 190 30 38 0.047198545 
463 444 71 110 0.047198545 
158 47 20 24 0.047198545 
859 104 21 27 0.047198545 
602 265 45 60 0.047198545 
830 208 24 32 0.047198545 
613 277 65 79 0.047198545 
83 430 74 96 0.047198545 
946 191 40 50 0.047198545 
121 336 50 62 0.047198545 
900 368 68 70 0.047198545 
230 33 16 22 0.04595155 
563 46 14 16 0.04595155 
58 85 19 24 0.045951538 
285 53 7 8 0.045951538 
703 50 12 15 0.045951538 
658 59 9 13 0.045951538 
844 70 12 17 0.045951538 
266 28 46 59 0.04326818 
785 101 42 50 0.04326818 
234 73 40 45 0.04326818 
200 105 13 18 0.04229837 
668 100 15 20 0.04229837 
559 53 10 12 0.04229837 
96 2 12 16 0.04229837 
410 577 12 18 0.04229837 
875 144 17 25 0.04229837 
44 469 117 144 0.04133061 
690 569 61 58 0.039651502 
792 279 43 57 0.039651502 
935 336 70 85 0.039651502 
479 108 28 35 0.039651502 
0 71 46 63 0.039651502 
510 250 51 68 0.039651502 
703 298 67 97 0.039651494 
512 258 32 40 0.039651494 
481 52 9 11 0.038923774 
959 198 13 19 0.038923774 
196 80 12 13 0.038923774 
517 27 9 11 0.038923774 
455 32 8 11 0.038923774 
500 249 17 23 0.038923774 
721 140 18 21 0.038923774 
153 47 13 17 0.038923774 
888 82 9 12 0.038923774 
489 58 9 10 0.038923774 
666 39 13 18 0.038923774 
683 349 212 285 0.03781825 
90 51 24 28 0.036325652 
757 142 22 26 0.036325652 
887 394 58 57 0.036325652 
486 121 29 36 0.036325645 
131 45 7 10 0.035808332 
124 35 8 10 0.035808332 
362 57 14 20 0.035808332 
285 22 14 17 0.035808332 
305 86 15 19 0.035808332 
308 0 14 13 0.035808332 
814 117 14 20 0.035808332 
424 95 21 26 0.035808332 
711 51 12 14 0.035808332 
29 56 15 18 0.035808332 
34 279 165 246 0.034593593 
958 270 53 68 0.033269096 
223 386 74 74 0.033269096 
709 155 22 27 0.033269096 
570 66 20 24 0.033269096 
131 325 39 44 0.033269096 
931 251 35 49 0.033269096 
815 209 48 73 0.033269096 
572 100 25 28 0.033269096 
667 185 28 39 0.033269096 
653 164 28 29 0.033269096 
122 46 8 11 0.03293372 
820 67 13 16 0.03293372 
756 71 12 15 0.03293372 
113 29 12 14 0.03293372 
580 142 20 19 0.032933712 
826 154 18 26 0.032933712 
711 221 9 11 0.032933712 
740 69 14 19 0.032933712 
15 86 13 18 0.032933712 
792 71 12 17 0.032933712 
762 50 9 11 0.032933712 
570 411 200 261 0.03163486 
151 80 23 30 0.030461604 
17 77 25 34 0.030461604 
258 233 25 28 0.030461604 
271 85 28 30 0.030461604 
928 160 23 32 0.030461596 
797 100 23 29 0.030461596 
34 106 33 39 0.030461596 
940 165 18 23 0.030282615 
186 37 8 10 0.030282615 
739 78 13 17 0.030282615 
461 48 9 11 0.030282615 
0 19 7 10 0.030282615 
621 62 7 9 0.030282615 
757 57 10 12 0.030282615 
810 31 9 10 0.030282615 
283 55 9 12 0.030282615 
826 99 18 22 0.030282615 
629 52 15 17 0.030282615 
826 56 9 11 0.030282615 
52 36 19 22 0.027884193 
314 129 25 31 0.027884193 
423 78 25 27 0.027884193 
20 71 47 55 0.027884193 
765 167 24 29 0.027884193 
721 185 23 27 0.027884193 
459 501 21 32 0.027884193 
597 218 33 39 0.027884193 
325 11 12 15 0.027838783 
806 211 16 22 0.027838783 
139 45 8 11 0.027838783 
165 87 18 22 0.027838783 
796 19 12 16 0.027838783 
584 69 13 17 0.027838783 
121 33 8 10 0.027838783 
964 203 10 14 0.027838783 
880 83 10 12 0.027838778 
21 4 8 9 0.027838778 
848 196 16 21 0.027838778 
87 37 13 15 0.027838778 
836 199 17 22 0.027838778 
172 59 12 17 0.027838778 
680 41 8 9 0.027838778 
761 33 7 9 0.027838778 
966 201 17 25 0.027838778 
419 40 8 10 0.027838778 
873 84 13 17 0.027838778 
316 146 10 12 0.02558696 
184 76 13 17 0.02558696 
168 71 14 17 0.02558696 
653 52 10 14 0.02558696 
845 58 12 15 0.02558696 
867 151 16 25 0.02558696 
20 43 7 10 0.02558696 
617 13 7 10 0.02558696 
413 40 13 16 0.02558696 
805 38 8 10 0.02558696 
771 139 11 13 0.02558696 
110 42 9 11 0.02558696 
475 11 5 6 0.02558696 
830 207 9 12 0.02558696 
633 57 8 10 0.02558696 
81 43 12 15 0.02558696 
10 34 12 17 0.02558696 
851 110 15 20 0.02558696 
807 42 13 18 0.02558696 
283 47 14 18 0.02558696 
899 91 8 10 0.02558696 
59 44 9 12 0.02558696 
129 35 7 10 0.02558696 
988 561 38 69 0.025519116 
928 523 23 35 0.025519116 
886 139 32 34 0.025519116 
898 128 31 35 0.025519116 
368 577 25 29 0.025519116 
342 227 64 70 0.025519116 
810 97 22 26 0.025519116 
675 221 37 54 0.025519116 
591 220 48 63 0.025519116 
364 238 24 29 0.025519116 
950 311 32 44 0.025519116 
681 177 25 34 0.025519116 
654 207 31 44 0.025519116 
817 51 19 26 0.025519116 
401 138 28 33 0.025519116 
572 109 30 34 0.025519116 
832 219 27 40 0.025519116 
853 430 61 75 0.025519116 
731 188 24 29 0.025519116 
46 519 9 9 0.02351288 
483 56 14 16 0.02351288 
817 257 8 9 0.02351288 
832 148 15 23 0.02351288 
504 10 13 16 0.02351288 
882 134 15 20 0.02351288 
373 217 14 17 0.02351288 
705 165 18 23 0.02351288 
182 63 8 12 0.02351288 
182 83 14 22 0.02351288 
771 34 7 9 0.02351288 
203 57 7 11 0.02351288 
276 56 6 8 0.02351288 
452 46 11 16 0.02351288 
873 92 13 18 0.02351288 
104 36 9 10 0.02351288 
884 112 17 22 0.02351288 
809 63 9 12 0.02351288 
304 95 8 11 0.02351288 
671 48 14 17 0.02351288 
820 113 14 22 0.02351288 
790 128 10 13 0.02351288 
579 47 9 12 0.02351288 
352 99 25 26 0.023349825 
849 158 22 27 0.023349825 
474 384 33 31 0.023349825 
454 96 41 50 0.023349825 
848 48 20 26 0.023349825 
691 187 26 32 0.023349825 
274 23 23 28 0.023349825 
592 247 32 48 0.023349825 
51 344 97 153 0.022069868 
293 220 130 158 0.022069868 
655 252 78 111 0.022069868 
621 44 8 10 0.0216032 
952 199 14 19 0.021603195 
241 205 18 24 0.021603195 
561 60 13 17 0.021603195 
618 57 14 17 0.021603195 
752 77 13 17 0.021603195 
597 547 19 28 0.021603195 
473 47 7 10 0.021603195 
0 79 7 13 0.021603195 
847 79 9 13 0.021603195 
482 48 9 11 0.021603195 
903 91 14 17 0.021603195 
811 26 13 16 0.021603195 
803 27 14 19 0.021603195 
923 143 18 31 0.021603195 
6 38 8 10 0.021603195 
470 10 10 13 0.021603195 
138 37 9 11 0.021603195 
535 10 12 17 0.021603195 
110 24 7 9 0.021603195 
334 119 17 22 0.021603195 
853 191 18 21 0.021603195 
708 218 15 18 0.021603195 
495 68 11 17 0.021603195 
190 78 9 11 0.021603195 
483 64 15 18 0.021603195 
710 370 6 9 0.021603195 
130 50 9 10 0.021603195 
333 15 7 8 0.021603195 
913 99 9 11 0.021603195 
835 224 7 10 0.021603195 
281 80 43 51 0.021360904 
757 169 41 49 0.021360904 
931 266 52 74 0.021360898 
373 249 29 33 0.021360898 
135 206 56 62 0.021360898 
552 145 28 31 0.021360898 
860 246 59 68 0.021360898 
441 189 24 26 0.021360898 
903 141 29 36 0.021360898 
813 136 36 48 0.021360898 
208 413 76 75 0.021360898 
803 28 23 29 0.021360898 
397 125 24 26 0.021360898 
788 11 47 59 0.021360898 
316 101 40 49 0.021360898 
9 512 34 37 0.021360898 
473 508 31 42 0.021360898 
96 41 21 24 0.021360898 
470 498 54 71 0.021360898 
635 50 21 26 0.021360898 
290 60 27 33 0.021360898 
497 252 81 109 0.0201599 
706 344 80 103 0.0201599 
