10_People_Marching_People_Marching_10_People_Marching_People_Marching_10_524
113
588 167 58 76 0.99844605 
68 139 68 81 0.99706453 
842 141 50 63 0.98859274 
281 206 44 50 0.97665024 
391 232 23 33 0.38809907 
465 50 121 153 0.32305852 
149 184 44 63 0.268611 
895 151 46 69 0.268611 
484 74 73 98 0.23436876 
101 46 15 18 0.22912635 
873 145 50 69 0.2032784 
501 247 16 22 0.18645167 
53 19 273 229 0.15916686 
329 0 188 294 0.15916684 
504 56 70 87 0.15056497 
524 237 58 111 0.13928533 
899 40 116 138 0.1065206 
362 286 26 36 0.10106142 
905 47 61 75 0.10106142 
553 481 50 67 0.10106142 
598 15 61 87 0.10106142 
150 224 232 298 0.09015675 
215 240 29 36 0.07880669 
554 488 30 41 0.07880669 
597 95 37 33 0.072444364 
921 499 69 84 0.072444364 
752 76 60 80 0.07244435 
268 217 29 36 0.07244435 
253 388 203 277 0.06984133 
579 408 239 336 0.06984133 
314 61 134 145 0.06984133 
682 251 13 16 0.0691498 
631 -18 206 269 0.064067975 
185 296 49 65 0.06111947 
926 72 101 173 0.05874174 
239 241 51 63 0.056098126 
965 79 63 100 0.056098126 
685 182 68 80 0.056098126 
660 272 18 19 0.054176662 
214 28 194 290 0.053832814 
161 435 232 303 0.053832814 
807 419 203 298 0.053832814 
0 1 54 102 0.051466707 
653 293 32 38 0.051466707 
284 143 95 145 0.04931264 
80 66 67 83 0.047198545 
368 293 17 20 0.04229837 
718 40 123 163 0.04133062 
538 269 257 321 0.04133061 
709 235 61 98 0.039651502 
359 285 46 64 0.039651502 
280 175 58 71 0.039651502 
337 259 28 37 0.039651502 
408 38 123 209 0.03781825 
508 80 37 46 0.036325652 
87 144 81 100 0.034593605 
363 168 175 239 0.034593593 
658 269 58 67 0.033269096 
378 221 38 55 0.033269096 
890 77 69 86 0.033269096 
342 275 43 61 0.033269096 
65 79 95 134 0.03163486 
924 49 75 84 0.030461604 
291 135 27 33 0.030461596 
972 172 14 21 0.030282615 
1007 160 18 29 0.030282615 
206 170 93 118 0.028921604 
254 216 58 69 0.027884193 
580 42 68 81 0.027884193 
889 140 34 40 0.027884185 
306 130 65 90 0.027884185 
220 232 50 59 0.027884185 
347 250 25 31 0.027884185 
742 259 19 21 0.027838783 
225 176 13 24 0.027838778 
845 98 89 114 0.026434705 
701 209 239 277 0.026434705 
289 490 222 236 0.026434705 
498 347 34 38 0.025519116 
203 123 51 54 0.025519116 
203 162 30 35 0.025519116 
701 202 36 42 0.025519116 
339 224 44 55 0.025519116 
360 220 25 34 0.025519116 
196 244 59 83 0.025519116 
679 166 101 145 0.024156325 
135 212 109 151 0.024156325 
844 11 200 229 0.024156325 
594 102 18 21 0.02351288 
391 320 7 9 0.02351288 
323 297 30 42 0.023349825 
966 355 30 38 0.023349825 
661 273 27 31 0.023349825 
510 31 128 143 0.022069868 
474 216 107 151 0.022069868 
310 214 18 23 0.021603195 
657 299 18 23 0.021603195 
158 225 16 21 0.021603195 
160 230 7 8 0.021603195 
555 489 19 23 0.021603195 
688 254 9 10 0.021603195 
265 320 52 65 0.021360904 
321 52 69 98 0.021360904 
691 80 45 63 0.021360904 
414 121 54 79 0.021360904 
295 197 51 67 0.021360898 
348 272 29 39 0.021360898 
879 229 49 69 0.021360898 
424 136 33 49 0.021360898 
733 253 35 45 0.021360898 
607 59 62 66 0.021360893 
904 100 163 216 0.020159906 
682 137 186 269 0.0201599 
