10_People_Marching_People_Marching_10_People_Marching_People_Marching_10_People_Marching_People_Marching_10_933
100
-10 70 186 152 0.8408331 
790 81 191 163 0.8001182 
518 85 200 166 0.8001182 
30 -19 191 166 0.6769414 
326 199 218 173 0.6769414 
748 247 228 195 0.6135702 
52 4 114 105 0.5461031 
436 28 194 184 0.52310073 
537 151 31 26 0.5227497 
748 173 206 161 0.5 
465 9 130 118 0.4085711 
246 -13 183 154 0.36474833 
282 70 203 171 0.32305852 
319 -4 178 163 0.28400344 
221 187 62 56 0.268611 
518 181 23 20 0.268611 
100 243 242 184 0.2311026 
496 267 246 213 0.2311026 
109 204 39 41 0.1753677 
531 209 200 184 0.15916686 
501 253 36 30 0.15056497 
326 212 107 93 0.14717786 
981 283 40 47 0.13928533 
522 159 44 34 0.12872262 
819 39 130 145 0.1254451 
633 279 206 195 0.115646794 
758 -16 212 171 0.115646794 
564 131 188 181 0.115646794 
909 31 112 127 0.115646794 
-1 178 104 137 0.1065206 
201 189 56 61 0.10106142 
848 272 101 97 0.09803478 
630 151 191 184 0.08285364 
522 172 29 26 0.07880669 
544 284 24 22 0.07244435 
334 11 109 103 0.06984133 
179 167 97 96 0.06984133 
106 260 22 20 0.06655857 
694 224 188 161 0.064067975 
170 279 257 178 0.05874174 
939 347 79 81 0.058741733 
316 218 13 10 0.054176662 
651 1 12 12 0.04990379 
328 132 134 147 0.04931264 
118 -3 203 159 0.04931264 
323 229 58 50 0.047198545 
47 11 76 64 0.047198545 
686 11 29 24 0.047198545 
112 153 178 141 0.045153897 
659 -36 209 149 0.045153886 
359 255 218 181 0.045153886 
957 39 59 87 0.04326818 
982 138 29 30 0.04326818 
306 1 18 16 0.04229837 
777 202 61 50 0.039651502 
350 14 62 56 0.039651494 
494 207 23 19 0.039651494 
743 42 20 18 0.039651494 
503 199 23 18 0.039651494 
520 176 18 14 0.035808332 
96 260 46 39 0.033269096 
381 17 69 71 0.033269096 
727 206 25 24 0.033269096 
506 173 40 37 0.033269096 
269 192 109 89 0.03163486 
249 126 67 63 0.030461596 
756 238 24 21 0.027884193 
684 5 47 39 0.027884185 
932 300 29 28 0.027884185 
349 333 13 10 0.027838783 
327 241 9 7 0.027838778 
59 171 165 145 0.026434705 
675 0 13 8 0.02558696 
294 218 9 6 0.02558696 
104 264 14 14 0.02558696 
271 56 31 28 0.025519116 
803 237 119 145 0.024156325 
716 171 114 111 0.024156325 
298 324 18 14 0.02351288 
777 178 25 25 0.023349825 
250 47 55 47 0.023349825 
55 285 52 49 0.023349825 
922 298 50 46 0.023349825 
331 346 64 39 0.023349825 
448 224 209 184 0.022069868 
263 221 191 171 0.022069868 
326 238 14 12 0.021603195 
506 207 16 15 0.021603195 
540 151 20 16 0.021603195 
341 347 19 12 0.021603195 
359 292 13 12 0.021603195 
695 189 53 56 0.021360904 
141 24 23 19 0.021360904 
779 139 74 75 0.021360904 
324 321 24 21 0.021360898 
222 62 25 23 0.021360898 
494 245 26 20 0.021360898 
764 154 128 125 0.020159906 
207 106 114 99 0.0201599 
542 -35 200 176 0.0201599 
