10_People_Marching_People_Marching_2_793
115
64 134 50 59 0.9991779 
277 75 48 63 0.9988171 
405 82 46 54 0.9988171 
511 98 48 56 0.99844605 
802 119 45 50 0.99706453 
651 178 44 53 0.9953797 
413 1 46 58 0.9949414 
125 78 46 63 0.993937 
898 12 44 62 0.98957527 
935 169 40 51 0.98957527 
911 228 34 43 0.83741444 
40 364 134 184 0.73441863 
106 216 35 37 0.5 
184 330 194 251 0.4085711 
751 188 43 57 0.32552502 
745 258 54 78 0.268611 
997 215 17 17 0.26116365 
67 529 68 92 0.1753677 
818 358 194 243 0.17193554 
321 173 31 41 0.16258557 
697 270 32 39 0.118850335 
989 203 28 31 0.118850335 
337 167 31 39 0.10106142 
767 192 46 55 0.09308395 
547 -18 239 322 0.09015675 
271 423 71 117 0.08567618 
699 312 26 35 0.08567618 
900 294 80 110 0.08285364 
552 345 200 255 0.08285364 
975 186 34 43 0.072444364 
683 176 188 236 0.06984133 
864 332 54 75 0.06655858 
922 333 75 97 0.06655857 
66 382 67 80 0.06655857 
889 279 34 48 0.06111947 
586 375 40 69 0.06111947 
142 308 22 29 0.06111947 
57 442 61 68 0.06111947 
615 102 24 28 0.056098126 
854 326 101 147 0.053832818 
949 168 47 59 0.051466707 
823 359 61 74 0.051466707 
686 290 45 56 0.047198545 
856 253 28 30 0.047198545 
324 164 48 65 0.047198545 
247 180 46 63 0.04326818 
928 16 34 46 0.04326818 
146 60 180 243 0.04133061 
832 376 33 40 0.039651502 
919 105 28 35 0.039651494 
348 163 20 25 0.038923774 
714 233 104 149 0.03781825 
418 183 215 251 0.03781825 
42 466 53 72 0.036325652 
717 261 51 65 0.036325652 
671 58 59 64 0.036325652 
896 272 50 70 0.033269096 
6 357 70 97 0.033269096 
681 71 36 38 0.033269096 
369 238 30 29 0.033269096 
1002 529 20 39 0.033269096 
579 64 27 30 0.033269096 
728 320 21 23 0.03293372 
810 361 103 147 0.03163486 
402 400 167 223 0.03163486 
635 19 119 171 0.03163486 
568 40 47 54 0.030461596 
438 2 49 60 0.030461596 
776 185 28 40 0.030461596 
864 358 34 38 0.030461596 
209 171 24 30 0.027884193 
823 384 32 40 0.027884193 
743 205 46 72 0.027884193 
91 158 46 52 0.027884185 
781 611 34 31 0.027884185 
707 374 24 30 0.027884185 
473 233 29 29 0.027884185 
0 389 6 11 0.027838783 
668 551 15 17 0.027838783 
873 424 112 154 0.02643471 
413 445 95 149 0.026434705 
513 269 124 156 0.026434705 
432 296 16 20 0.02558696 
190 559 7 10 0.02558696 
223 47 28 32 0.025519116 
759 166 28 30 0.025519116 
250 137 27 29 0.025519116 
12 408 68 89 0.025519116 
146 77 47 61 0.025519116 
701 323 54 75 0.025519116 
557 176 50 70 0.025519116 
489 298 186 258 0.024156325 
876 93 17 20 0.02351288 
562 141 16 21 0.02351288 
332 270 49 65 0.023349825 
477 260 30 34 0.023349825 
389 326 20 28 0.023349825 
247 20 29 30 0.023349825 
489 491 68 100 0.023349825 
899 225 30 39 0.023349825 
660 591 31 32 0.023349825 
874 223 48 53 0.023349825 
675 32 63 66 0.023349825 
235 152 25 33 0.023349825 
55 113 24 34 0.023349825 
393 333 12 14 0.021603195 
978 166 32 43 0.021360904 
680 53 40 41 0.021360904 
855 249 45 51 0.021360898 
231 33 23 26 0.021360898 
535 346 60 68 0.021360898 
52 110 44 60 0.021360898 
417 176 65 82 0.021360898 
788 447 191 236 0.020159906 
662 264 93 129 0.0201599 
