10_People_Marching_People_Marching_2_823
110
372 136 153 350 0.99755305 
669 914 242 571 0.56891036 
808 904 212 579 0.5 
537 242 67 151 0.43212515 
71 87 218 571 0.4310897 
253 640 49 129 0.34582695 
947 488 17 40 0.19995552 
111 213 142 345 0.17193554 
394 65 212 530 0.15916686 
150 480 188 500 0.15916686 
456 177 128 289 0.15916684 
791 461 39 88 0.15056497 
192 442 34 75 0.12872264 
243 53 209 515 0.115646794 
290 1184 73 185 0.10106142 
351 975 228 562 0.09803478 
614 7 65 164 0.07880669 
682 551 215 522 0.076092646 
743 935 136 400 0.06984133 
358 476 232 515 0.06984133 
451 696 79 202 0.06111947 
229 404 25 55 0.06111947 
515 868 50 143 0.06111947 
328 251 239 562 0.05874174 
307 1148 100 228 0.05874174 
764 48 95 250 0.058741733 
190 397 51 107 0.056098126 
835 493 5 13 0.054176662 
446 643 126 321 0.053832814 
643 212 194 485 0.053832814 
235 585 55 156 0.051466707 
9 190 180 492 0.04931264 
894 826 117 289 0.045153897 
551 69 194 522 0.045153897 
226 384 212 562 0.045153886 
713 823 23 63 0.04326818 
744 147 167 471 0.04133061 
85 300 98 257 0.04133061 
712 1092 142 307 0.04133061 
116 358 57 148 0.039651502 
706 1125 27 61 0.039651494 
205 426 30 63 0.039651494 
375 1312 38 56 0.039651494 
64 503 35 79 0.039651494 
127 439 12 28 0.038923774 
596 697 215 522 0.03781825 
182 713 57 129 0.036325652 
919 829 78 170 0.033269096 
568 324 52 132 0.033269096 
744 506 24 66 0.033269096 
535 359 73 121 0.033269096 
886 801 7 18 0.032933712 
590 1079 103 222 0.03163486 
117 22 93 257 0.03163486 
51 384 58 141 0.030461596 
678 821 67 188 0.030461596 
396 1169 23 53 0.030461596 
1011 477 13 42 0.030282615 
387 1117 13 33 0.030282615 
844 913 6 15 0.030282615 
793 936 6 15 0.030282615 
220 535 112 321 0.028921604 
822 122 109 330 0.028921604 
944 497 23 54 0.027884193 
365 224 102 227 0.027884193 
576 1044 68 176 0.027884185 
863 412 57 146 0.027884185 
172 496 67 195 0.027884185 
988 455 13 28 0.027838783 
995 452 14 32 0.027838778 
818 854 5 14 0.02558696 
742 474 24 64 0.025519116 
252 670 64 179 0.025519116 
669 1156 23 55 0.025519116 
184 438 53 127 0.025519116 
364 1138 23 61 0.025519116 
374 1145 23 56 0.025519116 
579 896 33 79 0.025519116 
184 197 200 471 0.024156325 
684 753 138 326 0.024156325 
73 461 18 43 0.02351288 
1001 458 7 15 0.02351288 
996 457 8 17 0.02351288 
806 919 5 14 0.02351288 
856 829 6 17 0.02351288 
823 697 6 15 0.02351288 
213 413 18 44 0.02351288 
784 885 4 12 0.02351288 
617 419 75 123 0.023349825 
378 631 25 63 0.023349825 
171 585 64 179 0.023349825 
160 850 64 125 0.023349825 
-12 458 142 302 0.022069868 
950 472 15 37 0.021603195 
859 829 6 16 0.021603195 
841 718 5 12 0.021603195 
1004 463 6 15 0.021603195 
824 510 6 14 0.021603195 
806 702 5 14 0.021603195 
848 783 6 15 0.021603195 
769 901 7 18 0.021603195 
835 606 7 19 0.021603195 
838 602 8 20 0.021603195 
852 673 6 17 0.021603195 
952 340 74 167 0.021360898 
710 91 67 182 0.021360898 
490 809 74 167 0.021360898 
878 576 26 63 0.021360898 
847 746 178 485 0.020159906 
878 716 107 321 0.0201599 
