10_People_Marching_People_Marching_2_638
151
444 270 265 331 0.9996793 
308 185 298 341 0.9412583 
627 67 225 285 0.9239074 
633 27 27 36 0.45459446 
383 376 281 307 0.45389688 
-30 19 239 290 0.45389685 
89 247 75 73 0.4099317 
750 27 212 285 0.3864298 
60 228 124 118 0.3647484 
527 204 253 307 0.32305852 
-3 13 130 194 0.26558137 
649 214 191 236 0.24794048 
357 -1 31 33 0.23436876 
790 237 183 236 0.19988178 
702 243 206 269 0.18550259 
397 141 16 22 0.17366186 
619 -20 222 243 0.14717786 
281 489 128 197 0.1254451 
227 530 119 153 0.1065206 
573 670 6 7 0.10279763 
496 199 15 18 0.102797605 
655 2 27 31 0.10106142 
103 356 180 246 0.09803478 
457 304 13 17 0.09507551 
759 264 123 158 0.09015675 
626 556 75 99 0.08567618 
764 282 70 83 0.08567618 
0 77 74 89 0.08567616 
191 463 97 132 0.076092646 
259 208 25 29 0.07244435 
43 109 200 246 0.06984133 
308 458 183 269 0.06984132 
491 66 15 17 0.0691498 
879 235 114 173 0.064067975 
445 242 149 183 0.064067975 
772 609 97 66 0.06111947 
674 118 27 35 0.06111947 
478 77 28 34 0.06111947 
449 56 8 10 0.05879275 
637 259 7 9 0.05879275 
619 532 126 175 0.058741733 
206 77 58 63 0.056098126 
236 228 25 27 0.056098126 
613 150 58 70 0.056098126 
592 237 15 20 0.054176662 
584 663 7 9 0.054176662 
664 267 8 11 0.054176662 
14 303 206 261 0.053832818 
159 421 101 151 0.053832818 
808 360 134 153 0.053832814 
213 499 65 74 0.051466707 
107 262 44 48 0.051466707 
383 178 24 27 0.051466707 
495 207 12 17 0.04990379 
332 308 215 298 0.04931264 
440 86 24 27 0.047198545 
639 1 40 50 0.047198545 
210 43 67 74 0.047198545 
233 217 23 28 0.047198545 
407 74 112 160 0.045153897 
314 339 63 79 0.04326818 
427 52 26 31 0.04326818 
712 113 67 74 0.04326818 
318 185 5 7 0.04229837 
438 56 14 17 0.04229837 
157 48 51 62 0.039651502 
117 263 69 68 0.039651502 
247 213 25 30 0.039651494 
237 241 28 31 0.039651494 
445 55 13 16 0.038923774 
294 253 6 7 0.038923774 
455 209 8 10 0.038923774 
492 45 5 7 0.038923774 
225 212 23 26 0.036325652 
720 127 39 43 0.036325652 
223 225 51 51 0.036325652 
440 152 21 21 0.035808332 
617 241 8 10 0.035808332 
255 96 50 52 0.033269096 
671 104 26 35 0.033269096 
448 78 25 30 0.033269096 
213 259 6 9 0.03293372 
320 312 112 180 0.03163486 
537 275 55 70 0.030461604 
410 130 25 32 0.030461604 
126 72 59 73 0.030461604 
488 86 30 32 0.030461604 
611 219 26 29 0.030461596 
855 132 75 112 0.030461596 
458 83 16 20 0.030282615 
471 125 13 17 0.030282615 
332 209 6 8 0.030282615 
459 78 24 31 0.027884193 
367 180 28 28 0.027884193 
159 419 68 91 0.027884185 
318 191 4 6 0.027838783 
482 69 17 22 0.027838783 
556 213 8 10 0.027838783 
473 82 6 8 0.027838783 
657 1 17 19 0.027838778 
479 78 18 21 0.027838778 
387 114 203 250 0.02643471 
559 46 16 18 0.02558696 
437 63 9 11 0.02558696 
448 118 6 7 0.02558696 
497 198 9 11 0.02558696 
565 663 14 15 0.02558696 
643 252 6 7 0.02558696 
419 37 46 52 0.025519116 
552 -2 27 26 0.025519116 
438 133 56 69 0.025519116 
408 108 51 61 0.025519116 
666 128 28 34 0.025519116 
177 48 62 69 0.025519116 
254 66 57 62 0.025519116 
431 91 27 31 0.025519116 
351 10 32 41 0.025519116 
588 309 29 31 0.025519116 
263 91 34 36 0.025519116 
276 86 31 34 0.025519116 
76 270 59 73 0.025519116 
844 125 194 261 0.024156325 
810 179 128 175 0.024156325 
422 205 6 7 0.02351288 
447 147 19 21 0.02351288 
548 204 7 10 0.02351288 
327 157 5 6 0.02351288 
267 144 6 7 0.02351288 
602 631 6 8 0.02351288 
555 289 62 68 0.023349825 
871 51 59 71 0.023349825 
420 125 29 36 0.023349825 
441 130 27 34 0.023349825 
863 91 117 163 0.022069868 
254 450 16 22 0.021603195 
413 52 6 8 0.021603195 
301 263 4 5 0.021603195 
561 640 5 7 0.021603195 
663 269 12 14 0.021603195 
375 78 5 6 0.021603195 
311 205 6 8 0.021603195 
431 42 5 5 0.021603195 
431 57 14 18 0.021603195 
484 98 7 9 0.021603195 
316 194 5 6 0.021603195 
441 61 6 9 0.021603195 
234 469 63 75 0.021360904 
266 460 30 41 0.021360898 
470 70 49 57 0.021360893 
712 139 215 265 0.0201599 
23 180 112 175 0.0201599 
