10_People_Marching_People_Marching_2_498
205
705 0 19 23 0.9961132 
609 131 19 22 0.99401796 
787 544 20 24 0.9915604 
191 29 20 23 0.99080336 
29 15 19 26 0.9881053 
363 30 20 25 0.9858861 
896 417 19 28 0.9832598 
347 419 25 28 0.9786391 
546 5 20 23 0.97839683 
1003 275 19 24 0.97839683 
37 618 19 20 0.97839683 
773 133 21 25 0.9764871 
412 584 23 26 0.96107626 
70 146 21 26 0.9577016 
955 545 21 28 0.9567318 
163 421 22 30 0.95280147 
117 270 21 23 0.9458233 
835 277 21 27 0.9362244 
573 596 20 31 0.91432387 
290 288 21 22 0.88893 
214 592 25 29 0.849435 
241 141 19 19 0.8263381 
723 421 20 23 0.8135483 
539 442 24 30 0.7488979 
725 18 18 20 0.4141967 
34 0 18 21 0.3933377 
805 175 16 18 0.31433135 
944 128 18 22 0.31433135 
424 158 15 16 0.29596066 
102 179 14 17 0.27822798 
22 483 14 15 0.27822798 
957 174 20 17 0.26116365 
905 38 14 22 0.2141799 
546 464 18 22 0.19995552 
108 175 11 17 0.19995552 
493 326 11 14 0.17366187 
899 40 22 36 0.16258557 
62 33 23 25 0.16258557 
235 125 29 32 0.16258556 
2 464 9 11 0.13944872 
556 34 46 63 0.13928533 
647 4 23 22 0.13928533 
875 3 25 29 0.13928533 
428 146 13 16 0.12937039 
311 321 26 23 0.12872264 
126 301 16 17 0.11991897 
485 330 16 15 0.11991897 
359 0 10 10 0.11991897 
352 458 12 16 0.111069925 
749 38 12 16 0.111069925 
98 182 20 28 0.08787667 
666 285 18 19 0.074940585 
296 272 9 11 0.07494057 
211 59 17 16 0.069149815 
291 266 16 19 0.0691498 
500 324 7 12 0.0691498 
866 318 21 24 0.06655858 
199 631 58 51 0.06655857 
797 179 24 23 0.06655857 
34 596 29 35 0.06655857 
736 43 16 16 0.06377564 
260 170 17 17 0.06377564 
1 48 21 33 0.06111947 
197 477 18 27 0.05879275 
885 51 9 12 0.05879275 
19 485 9 11 0.05879275 
789 526 14 15 0.05879275 
319 314 18 22 0.054176662 
674 316 17 17 0.054176662 
642 167 14 15 0.054176662 
350 404 15 17 0.054176662 
210 605 29 31 0.051466707 
891 449 46 75 0.051466707 
220 60 21 27 0.051466707 
119 282 23 27 0.051466707 
746 452 16 21 0.04990379 
812 172 9 13 0.04990379 
969 64 20 23 0.04990379 
295 4 9 10 0.049903784 
365 11 8 9 0.049903784 
660 273 29 35 0.047198545 
307 335 22 21 0.04595155 
978 577 8 11 0.04595155 
291 1 12 11 0.045951538 
167 74 11 18 0.045951538 
433 186 19 17 0.045951538 
127 276 11 12 0.04229837 
435 135 13 17 0.04229837 
693 462 13 19 0.04229837 
298 5 14 13 0.04229837 
15 486 8 11 0.04229837 
219 57 13 16 0.04229837 
497 327 13 18 0.04229837 
406 379 21 28 0.039651494 
561 465 17 19 0.038923774 
27 488 11 15 0.038923774 
470 298 16 18 0.038923774 
184 460 12 16 0.038923774 
444 182 14 19 0.038923774 
529 443 40 50 0.036325652 
326 50 26 34 0.036325645 
224 56 8 11 0.035808332 
816 173 9 13 0.035808332 
951 132 11 12 0.035808332 
7 496 8 9 0.035808332 
168 65 11 18 0.035808332 
891 47 15 17 0.035808332 
707 249 209 272 0.034593605 
728 23 23 23 0.033269096 
738 462 18 19 0.032933712 
78 158 15 19 0.032933712 
367 14 9 10 0.032933712 
908 63 12 16 0.032933712 
133 272 7 9 0.032933712 
215 619 19 25 0.032933712 
188 463 7 9 0.032933712 
225 103 43 57 0.030461596 
731 430 25 29 0.030461596 
285 259 29 34 0.030461596 
702 313 8 11 0.030282615 
920 472 6 8 0.030282615 
415 567 16 18 0.030282615 
702 318 9 13 0.030282615 
674 288 10 11 0.030282615 
677 322 19 19 0.030282615 
421 158 8 12 0.030282615 
649 166 8 11 0.030282615 
736 44 28 28 0.027884193 
347 406 24 29 0.027884193 
559 32 26 29 0.027884193 
486 329 25 26 0.027884185 
883 76 22 28 0.027884185 
758 452 8 10 0.027838783 
196 14 9 11 0.027838783 
69 29 18 20 0.027838783 
679 316 10 11 0.027838783 
74 34 9 10 0.027838783 
548 468 10 13 0.027838783 
66 41 24 29 0.027838783 
980 571 14 16 0.027838783 
733 426 11 12 0.027838783 
694 448 8 11 0.027838778 
733 21 11 12 0.02558696 
898 42 15 19 0.02558696 
543 9 10 13 0.02558696 
845 300 17 20 0.02558696 
1 496 14 16 0.02558696 
718 18 13 18 0.02558696 
584 604 16 22 0.02558696 
760 41 13 20 0.02558696 
325 307 13 17 0.02558696 
477 297 15 16 0.02558696 
906 463 28 37 0.025519116 
201 40 23 25 0.025519116 
293 5 29 27 0.025519116 
690 242 50 61 0.025519116 
667 297 26 26 0.025519116 
199 461 22 39 0.025519116 
959 52 44 53 0.025519116 
793 185 29 40 0.025519116 
853 314 25 27 0.025519116 
811 573 14 19 0.02351288 
117 274 11 13 0.02351288 
689 349 17 25 0.02351288 
555 469 10 12 0.02351288 
12 483 6 8 0.02351288 
817 576 15 18 0.02351288 
51 623 9 11 0.02351288 
96 183 10 12 0.02351288 
911 456 8 9 0.02351288 
434 199 28 55 0.023349825 
337 424 29 33 0.023349825 
364 60 50 86 0.023349825 
502 460 51 50 0.023349825 
247 148 28 29 0.023349825 
212 64 50 75 0.023349825 
885 43 23 32 0.023349825 
977 579 25 27 0.023349825 
882 34 38 54 0.023349825 
886 84 15 16 0.021603195 
426 160 20 22 0.021603195 
271 164 13 18 0.021603195 
569 38 15 18 0.021603195 
431 159 11 11 0.021603195 
365 17 13 16 0.021603195 
648 315 15 18 0.021603195 
325 316 9 12 0.021603195 
178 447 15 19 0.021603195 
727 434 17 20 0.021603195 
57 663 20 19 0.021603195 
733 3 6 7 0.021603195 
9 492 8 9 0.021603195 
906 465 8 11 0.021603195 
357 0 8 7 0.021603195 
11 486 8 10 0.021603195 
499 332 15 21 0.021603195 
192 15 14 18 0.021603195 
223 631 9 13 0.021603195 
390 622 5 6 0.021603195 
689 450 19 26 0.021360904 
186 444 44 62 0.021360898 
734 18 54 70 0.021360898 
720 9 20 25 0.021360898 
734 455 32 35 0.021360898 
359 285 191 264 0.0201599 
