10_People_Marching_People_Marching_2_430
85
418 172 26 35 0.9964803 
633 202 41 52 0.9957801 
915 253 31 38 0.9933628 
486 469 235 242 0.97107834 
743 8 273 345 0.96540636 
18 23 228 289 0.9098432 
767 200 44 52 0.8989386 
478 32 232 316 0.88435316 
203 31 206 285 0.8408331 
60 321 212 265 0.7688974 
288 130 32 37 0.7488979 
166 165 31 36 0.6941424 
284 0 242 285 0.6135702 
708 -2 191 265 0.45389685 
260 493 235 273 0.45389685 
365 103 209 265 0.3436022 
107 57 206 232 0.30317584 
678 447 183 253 0.28400344 
213 159 21 25 0.27822798 
209 252 44 71 0.2511021 
560 421 277 366 0.2311026 
272 115 146 165 0.2311026 
371 240 209 311 0.19988178 
782 469 197 269 0.19988176 
408 396 228 269 0.17193556 
6 347 134 239 0.17193556 
409 -18 209 307 0.15916686 
35 0 160 188 0.15916686 
730 148 209 253 0.15916686 
67 307 54 76 0.15056497 
643 55 128 186 0.14717786 
769 218 123 170 0.13594593 
54 88 142 178 0.12544508 
92 146 17 23 0.102797605 
744 383 183 277 0.09803478 
290 335 98 167 0.09803478 
773 459 80 111 0.09308395 
281 115 52 63 0.08567618 
340 456 239 277 0.08285364 
825 53 165 225 0.076092646 
528 160 62 71 0.06655857 
145 383 138 180 0.064067975 
201 307 188 253 0.064067975 
604 92 114 172 0.064067975 
33 426 298 289 0.05874174 
672 138 61 92 0.056098126 
289 345 261 250 0.053832814 
791 396 101 170 0.053832814 
823 264 61 93 0.051466707 
944 115 23 28 0.051466707 
532 83 142 203 0.04931264 
810 348 188 273 0.04931264 
400 359 121 170 0.045153897 
306 181 21 27 0.04326818 
581 238 29 40 0.04326818 
377 208 30 36 0.04326818 
369 176 16 21 0.038923774 
803 194 212 269 0.03781825 
22 303 112 172 0.03781825 
883 516 71 86 0.036325652 
381 387 60 92 0.036325652 
846 290 14 19 0.035808332 
568 357 180 265 0.034593593 
304 127 62 77 0.033269096 
59 272 109 149 0.03163486 
145 488 242 281 0.03163486 
911 401 15 19 0.030282615 
376 174 14 21 0.030282615 
685 103 119 163 0.028921604 
533 443 142 194 0.028921604 
173 398 71 93 0.027884193 
676 327 70 81 0.027884185 
274 293 8 11 0.027838778 
303 189 17 21 0.02558696 
296 402 53 80 0.025519116 
840 302 33 51 0.023349825 
850 532 82 97 0.023349825 
266 62 76 93 0.023349825 
925 236 23 30 0.023349825 
372 199 49 59 0.023349825 
676 234 29 34 0.023349825 
842 280 29 40 0.021360904 
346 190 25 31 0.021360898 
384 195 25 31 0.021360898 
946 252 29 38 0.021360898 
