2_Demonstration_Political_Rally_2_584
30
649 505 125 148 0.9996012 
206 188 38 53 0.9809194 
233 409 48 61 0.9319024 
253 675 111 194 0.5285433 
38 573 57 106 0.29540208 
9 579 98 154 0.23079203 
25 654 108 136 0.08121767 
164 659 181 236 0.06761222 
868 520 55 69 0.050112735 
92 671 88 115 0.044387005 
875 1025 47 76 0.0404571 
899 532 34 43 0.037713245 
82 716 66 81 0.033796035 
113 668 113 169 0.033557393 
771 611 44 56 0.032170076 
841 474 100 124 0.031199502 
46 549 96 135 0.03078905 
863 306 51 66 0.029968379 
591 373 15 18 0.029559191 
45 -23 215 233 0.029284988 
745 1133 50 76 0.028711746 
977 1091 12 17 0.02794634 
492 453 11 12 0.026512826 
288 712 64 131 0.026414841 
307 167 45 76 0.024986925 
101 520 55 81 0.024028147 
53 575 36 60 0.023855539 
851 555 55 64 0.021301337 
851 496 58 71 0.02123253 
472 983 107 151 0.020324532 
