2_Demonstration_Political_Rally_2_741
104
123 499 28 54 0.9870193 
571 479 45 60 0.9855181 
738 477 15 21 0.9010136 
202 477 27 40 0.7859314 
671 434 12 15 0.33520558 
656 438 10 12 0.2771758 
758 445 11 14 0.21303426 
731 451 11 16 0.18191878 
64 476 26 38 0.18188675 
759 450 13 16 0.16420096 
870 494 51 65 0.1607797 
783 438 12 14 0.15656292 
832 455 8 11 0.1497037 
196 401 36 39 0.12388874 
796 496 16 19 0.10893979 
641 439 10 13 0.10265351 
792 484 23 28 0.09734619 
86 517 35 41 0.09409532 
772 476 11 15 0.088028215 
588 414 24 32 0.083229266 
667 469 13 17 0.082109116 
753 444 11 14 0.07357254 
725 453 14 20 0.07233494 
645 444 9 11 0.07177499 
718 449 15 20 0.069646165 
724 443 14 20 0.069425836 
824 455 10 12 0.06864694 
604 421 15 21 0.068522066 
241 413 25 31 0.0683409 
75 493 34 55 0.06731511 
836 454 8 12 0.059760742 
901 459 9 13 0.055418406 
763 444 11 15 0.05014861 
781 460 16 20 0.048732538 
766 440 9 12 0.047728304 
691 471 16 19 0.04548328 
837 483 12 17 0.044260737 
744 477 16 19 0.043718804 
717 438 15 17 0.04275532 
904 496 42 57 0.040969152 
658 430 10 13 0.03982919 
670 420 11 14 0.039781727 
660 444 10 12 0.03936234 
720 429 11 13 0.03896741 
756 481 14 19 0.03529312 
781 451 15 19 0.03456893 
955 505 41 53 0.03307351 
783 473 25 31 0.03285869 
675 431 12 15 0.03260943 
733 469 15 22 0.03233544 
777 468 21 28 0.031953707 
767 471 11 16 0.031835802 
183 391 34 47 0.031191677 
51 490 37 54 0.030000059 
883 461 26 33 0.029656969 
661 436 11 15 0.029631099 
963 453 12 15 0.02905102 
265 412 40 49 0.029016197 
726 479 16 22 0.028488075 
894 460 14 17 0.028464237 
670 414 10 14 0.028442249 
774 470 12 17 0.028405763 
663 429 11 15 0.02804654 
630 438 10 14 0.027167132 
832 482 12 16 0.026778856 
695 462 12 16 0.02641003 
741 451 13 16 0.026204452 
710 457 14 17 0.025825609 
659 397 12 15 0.025679056 
685 452 10 15 0.025530893 
848 459 82 108 0.0253448 
895 439 9 12 0.024988815 
763 478 15 21 0.024696967 
260 418 15 21 0.024669629 
263 410 26 35 0.024572568 
687 428 10 12 0.024563419 
439 386 30 36 0.024438664 
519 395 29 44 0.024240127 
487 732 47 74 0.02383972 
672 463 20 28 0.023838274 
645 420 12 17 0.023693336 
644 427 10 13 0.023631684 
274 395 23 32 0.023568274 
677 460 12 15 0.023488171 
306 439 26 35 0.023437953 
569 412 45 48 0.023082945 
812 442 13 15 0.022996325 
711 428 9 12 0.022734595 
684 436 11 14 0.02269617 
620 442 12 15 0.022443322 
85 174 399 432 0.02243146 
780 433 18 23 0.022312924 
283 384 24 33 0.021869333 
814 452 10 13 0.021633198 
859 433 14 15 0.021245914 
32 492 42 57 0.021206673 
693 427 11 14 0.021019127 
678 454 10 13 0.020791 
617 260 24 31 0.020773837 
949 453 9 12 0.020714479 
703 429 9 13 0.020393638 
246 429 26 38 0.020356359 
686 459 11 16 0.020327205 
544 400 33 43 0.020026568 
