2_Demonstration_Protesters_2_796
54
404 236 154 194 0.996743 
676 77 47 56 0.98291427 
608 134 34 40 0.9816616 
489 126 34 47 0.95122814 
601 58 25 31 0.950659 
524 99 23 27 0.88136333 
353 71 35 43 0.85575277 
353 126 28 32 0.85157275 
568 97 21 25 0.6289822 
581 140 22 31 0.3574366 
483 74 18 22 0.21112105 
340 75 31 40 0.15843935 
555 78 17 24 0.1473867 
388 19 26 33 0.14234208 
532 81 16 18 0.141283 
476 185 36 49 0.12735373 
281 68 26 33 0.09983434 
312 161 24 30 0.08786361 
263 160 24 27 0.054517098 
525 83 23 29 0.051953163 
357 183 22 27 0.047905866 
572 83 15 20 0.045944147 
427 77 16 18 0.044486858 
82 386 30 38 0.044011828 
393 17 38 51 0.041625082 
802 362 16 22 0.041157674 
412 43 25 31 0.040698666 
394 5 30 30 0.039602224 
575 91 18 23 0.038850933 
253 111 24 32 0.03830677 
330 131 15 21 0.03390128 
-81 31 369 526 0.032471683 
604 53 17 23 0.030627567 
268 42 25 30 0.030214516 
225 275 33 36 0.027922003 
456 85 27 32 0.027173646 
566 104 29 37 0.026008958 
424 122 47 56 0.025902953 
506 77 20 28 0.025466964 
366 84 21 25 0.024807433 
617 156 387 457 0.024569614 
408 0 23 23 0.02393651 
492 70 21 30 0.02392204 
418 167 16 22 0.02307723 
564 89 19 26 0.022425411 
562 77 17 22 0.022376606 
118 383 28 37 0.021835888 
343 163 38 46 0.02110622 
1 139 15 21 0.020991905 
433 73 17 21 0.020970967 
516 87 24 32 0.02085639 
-4 0 176 236 0.020491559 
281 125 27 35 0.020384053 
535 98 17 22 0.020017544 
