2_Demonstration_Demonstration_Or_Protest_2_1
252
225 1 32 41 0.9993538 
481 31 35 43 0.99930453 
346 8 38 44 0.99493545 
517 472 37 43 0.9932335 
301 265 34 40 0.99008614 
566 234 36 46 0.98953664 
896 113 40 46 0.9884039 
481 283 40 52 0.9880255 
608 248 42 56 0.9879808 
408 246 38 50 0.9858344 
205 245 43 50 0.98522943 
309 516 40 59 0.98351246 
845 88 34 45 0.976833 
355 258 40 50 0.9765189 
210 129 39 47 0.9701064 
321 474 42 53 0.9684548 
814 529 36 45 0.96790487 
958 276 42 54 0.94235533 
109 301 42 43 0.9376365 
530 266 33 46 0.93741405 
172 165 36 47 0.92247283 
480 247 38 41 0.92053044 
116 487 36 58 0.9028707 
314 405 22 28 0.8996394 
962 169 38 43 0.89876 
226 549 16 21 0.88856566 
925 268 37 50 0.8357578 
610 521 43 60 0.8229342 
544 155 14 17 0.80761737 
889 251 40 46 0.79927075 
802 231 45 68 0.7463887 
246 272 23 31 0.72368395 
1005 116 19 38 0.6258018 
779 406 28 34 0.52813494 
147 238 31 44 0.5063291 
158 493 27 38 0.48483053 
301 2 25 26 0.46626377 
707 247 24 29 0.36139193 
517 577 37 51 0.31767875 
627 586 33 41 0.31745785 
743 576 38 57 0.3060848 
785 264 30 43 0.29544476 
371 546 28 46 0.29350483 
199 608 34 53 0.28972623 
757 290 16 21 0.26838493 
214 462 12 16 0.25848237 
909 262 39 50 0.2500291 
612 546 49 58 0.23221406 
812 247 51 67 0.2286233 
490 551 33 37 0.21172951 
36 62 11 17 0.19489837 
989 159 28 43 0.19120058 
734 553 41 58 0.1540235 
57 564 60 68 0.14747822 
123 136 38 58 0.14332442 
35 276 42 74 0.14248687 
793 253 45 62 0.14178309 
346 239 25 29 0.14097777 
667 124 16 22 0.14045659 
207 504 18 18 0.12457767 
842 575 109 111 0.117784746 
717 182 8 10 0.11386943 
412 540 37 51 0.10775399 
292 459 17 26 0.1045072 
302 178 25 34 0.10084898 
632 530 42 56 0.10068162 
129 477 28 45 0.10028889 
58 248 14 20 0.09575703 
728 191 9 10 0.09468438 
656 536 32 46 0.09070237 
209 464 19 26 0.090544485 
995 552 26 33 0.08813897 
713 255 26 33 0.083938845 
553 246 40 53 0.08206873 
970 601 17 21 0.08178425 
856 558 56 64 0.08150872 
488 233 37 44 0.07894019 
60 19 36 53 0.076913476 
395 544 36 50 0.0741095 
387 23 16 18 0.07290195 
657 194 19 30 0.06899946 
116 275 48 57 0.06719299 
156 312 13 17 0.06579941 
710 16 25 33 0.06573194 
873 566 27 33 0.06543615 
711 196 9 11 0.06353914 
754 563 28 42 0.061949614 
80 579 55 69 0.060308583 
479 259 45 54 0.060268223 
795 280 25 39 0.057879888 
619 609 40 47 0.057013407 
574 634 32 44 0.056896493 
234 536 21 28 0.055653565 
727 211 13 16 0.054789383 
246 525 13 18 0.052931555 
184 155 43 52 0.05252915 
64 276 44 67 0.049030315 
146 91 34 49 0.049025398 
153 222 32 41 0.048627507 
142 479 34 43 0.04813773 
1004 629 20 37 0.048048854 
10 242 76 118 0.04747982 
343 530 30 48 0.047286436 
29 59 21 32 0.046921577 
307 305 15 19 0.046647556 
758 277 14 20 0.046621718 
147 499 42 49 0.046242017 
593 531 46 60 0.04596117 
667 197 14 23 0.045315556 
171 499 22 31 0.04524298 
712 534 45 63 0.044903677 
977 158 25 36 0.04357092 
670 528 38 61 0.04289346 
350 239 14 18 0.04227097 
122 226 47 58 0.042038288 
54 246 23 35 0.042031553 
761 285 13 17 0.04073422 
800 233 29 42 0.04041197 
989 618 33 59 0.039416403 
719 196 9 11 0.038562723 
982 548 40 57 0.037780304 
397 409 15 19 0.037338316 
229 334 18 21 0.036870796 
932 148 24 28 0.036767796 
359 77 15 17 0.03657147 
361 361 14 17 0.036535736 
102 286 35 49 0.03651505 
134 463 28 40 0.036259208 
729 595 52 63 0.0361001 
485 172 15 19 0.03565067 
242 544 17 23 0.035646655 
844 534 52 63 0.034467604 
729 184 8 11 0.034448896 
981 20 25 35 0.03426263 
52 266 29 44 0.033988338 
383 611 37 41 0.03396135 
501 560 41 55 0.03374022 
156 79 11 15 0.033654254 
265 326 19 22 0.033631448 
727 196 9 11 0.033446014 
699 517 45 69 0.033103317 
247 514 22 34 0.032856066 
242 527 21 28 0.03285499 
460 385 28 37 0.032751143 
299 419 12 15 0.032673545 
208 441 13 18 0.032477453 
252 390 17 22 0.032288186 
226 260 32 37 0.031797964 
758 585 41 53 0.031746607 
212 545 36 46 0.031686217 
104 638 40 51 0.031593286 
354 528 35 56 0.031529512 
173 292 15 18 0.031363897 
719 190 8 12 0.0312725 
589 246 31 45 0.031082306 
59 20 12 17 0.031053096 
165 520 23 32 0.030801851 
661 181 11 15 0.030753082 
295 445 23 34 0.030602055 
757 404 44 55 0.03038214 
558 159 40 50 0.030322343 
293 -2 40 40 0.030119177 
739 266 14 18 0.029992953 
501 250 32 39 0.029674012 
400 559 45 56 0.029604426 
967 584 26 41 0.029160103 
790 195 10 13 0.029044703 
800 295 17 23 0.028743558 
36 55 22 29 0.028679203 
593 154 25 28 0.028630793 
988 289 26 35 0.028393432 
254 507 26 44 0.02817012 
175 516 22 35 0.028043488 
533 257 15 20 0.027829949 
916 95 16 19 0.027817285 
1003 166 18 26 0.02781499 
738 29 13 16 0.02768946 
132 251 37 46 0.02749173 
138 479 18 26 0.027414128 
532 479 36 43 0.027200984 
485 201 31 37 0.027128048 
768 273 25 34 0.026774598 
988 157 14 21 0.026643513 
742 263 24 32 0.026434146 
945 269 41 51 0.026426122 
473 447 30 41 0.026351094 
716 13 16 21 0.026271032 
979 29 15 21 0.026046455 
719 210 13 17 0.02567194 
720 50 10 12 0.025460899 
732 33 14 17 0.02545535 
232 547 18 22 0.025242785 
1006 285 13 19 0.025211858 
860 96 30 39 0.025136542 
765 562 26 33 0.025114631 
720 250 17 21 0.025055468 
476 530 43 54 0.024936564 
1009 561 13 18 0.024770442 
528 461 32 42 0.024706341 
826 520 29 41 0.02460963 
708 259 19 26 0.02460095 
640 553 36 45 0.024461526 
346 247 31 40 0.02441036 
72 541 53 62 0.024382943 
405 378 12 14 0.02434611 
375 263 29 40 0.024291541 
659 187 14 19 0.024130575 
237 391 16 18 0.024066385 
209 434 15 19 0.02401523 
675 195 11 16 0.023995584 
189 617 28 44 0.023951832 
760 281 24 33 0.023892717 
1008 626 14 21 0.023814557 
48 186 28 43 0.02356575 
1005 109 16 21 0.023464866 
642 584 18 25 0.023407372 
739 407 30 44 0.0234065 
993 133 28 42 0.02330185 
974 590 45 61 0.02326251 
700 232 26 31 0.023255493 
56 167 28 46 0.023088586 
388 10 26 30 0.022926418 
380 554 36 40 0.022809107 
319 272 19 24 0.022738326 
190 539 40 49 0.022733398 
631 182 40 53 0.022537962 
95 505 38 40 0.02234626 
423 527 38 53 0.022202242 
242 383 22 27 0.022194725 
321 234 27 35 0.022120992 
151 355 28 35 0.02208693 
420 634 54 49 0.02201673 
81 194 14 16 0.021872554 
826 273 56 71 0.02153229 
581 575 39 54 0.021501735 
176 476 12 16 0.021462793 
608 512 31 47 0.021366064 
138 148 33 44 0.021343572 
688 537 47 65 0.021296607 
146 300 25 33 0.0212288 
72 409 40 48 0.021103233 
644 272 24 32 0.02105402 
784 78 10 12 0.02101533 
301 441 16 22 0.020984773 
679 31 10 11 0.020905634 
392 592 46 57 0.020897035 
252 381 14 18 0.020752523 
26 232 54 80 0.020739865 
517 498 44 54 0.02068091 
751 47 10 10 0.020674132 
732 259 24 31 0.020362828 
160 246 19 26 0.02012882 
