2_Demonstration_Demonstration_Or_Protest_2_617
53
55 416 52 64 0.9989085 
734 82 69 83 0.99347246 
591 486 60 70 0.99144053 
7 400 38 46 0.9893 
154 392 50 64 0.9852099 
540 440 40 47 0.96778315 
804 506 136 156 0.96341705 
647 461 40 43 0.95685977 
415 454 37 39 0.88130385 
264 459 56 73 0.8527678 
316 441 42 56 0.8460979 
368 433 22 30 0.7608761 
183 182 29 38 0.3315552 
290 446 46 65 0.27876157 
196 448 48 66 0.08863015 
138 217 15 20 0.06085751 
148 191 14 20 0.060088836 
93 314 17 19 0.057412457 
486 423 10 13 0.05378894 
83 176 23 31 0.04953975 
145 183 27 35 0.048123576 
360 333 18 20 0.04695579 
13 12 26 29 0.044171736 
624 340 15 19 0.043237362 
0 388 11 17 0.042761363 
598 522 44 45 0.038510833 
164 411 58 69 0.03818363 
2 318 29 37 0.036646307 
472 448 28 34 0.03427205 
470 98 216 297 0.03391881 
506 414 27 31 0.033338297 
142 246 27 37 0.03200357 
306 301 41 42 0.02924106 
13 263 29 32 0.027680928 
32 35 41 58 0.027167605 
98 307 20 23 0.02699797 
103 275 29 36 0.026205204 
0 420 25 39 0.025052993 
192 171 30 38 0.024958773 
418 458 21 24 0.02441381 
439 413 12 14 0.023757458 
652 510 29 38 0.023665633 
430 461 39 43 0.023202067 
293 442 31 41 0.022986427 
171 131 24 31 0.022949666 
289 433 28 32 0.022679372 
135 204 23 31 0.022425676 
178 490 81 79 0.02174059 
131 494 137 140 0.021478957 
637 508 35 48 0.021131977 
213 107 34 42 0.020952217 
404 459 32 38 0.02088075 
223 448 61 74 0.020093417 
