2_Demonstration_Protesters_2_618
49
365 167 51 68 0.9993486 
517 169 49 65 0.9991565 
457 254 61 80 0.9991345 
253 237 53 61 0.99899167 
146 71 46 58 0.9983901 
604 149 52 68 0.9983333 
319 88 48 62 0.9980318 
706 43 43 57 0.9968303 
851 258 55 77 0.99614066 
936 161 48 56 0.9955064 
480 19 43 51 0.99530375 
963 49 44 51 0.9938146 
-2 18 40 50 0.993628 
243 48 40 53 0.99335206 
599 13 46 57 0.99288046 
444 191 47 57 0.982275 
808 0 44 44 0.960027 
825 241 53 58 0.95338017 
-1 162 34 67 0.9341114 
380 -1 26 23 0.70075196 
828 0 39 48 0.6915279 
454 0 27 24 0.5004846 
880 -2 31 25 0.1591918 
90 250 25 31 0.15497084 
208 297 31 49 0.11454961 
293 33 28 32 0.1002334 
573 217 49 63 0.096924044 
517 -3 29 30 0.064106785 
820 192 14 17 0.0559316 
659 191 39 48 0.053663854 
221 210 27 38 0.050032843 
816 196 26 31 0.043423437 
466 -1 33 28 0.040086422 
431 165 29 36 0.0371796 
200 48 25 26 0.036272645 
896 -1 31 31 0.036205392 
453 208 53 70 0.029176215 
763 263 32 34 0.029109178 
218 284 29 51 0.02732584 
672 29 40 53 0.026216852 
482 202 32 41 0.025660673 
848 15 30 40 0.025416793 
191 308 40 43 0.024442004 
637 170 43 58 0.02264589 
648 283 57 71 0.022036426 
168 284 45 61 0.021516964 
138 514 121 150 0.020817406 
369 -5 43 40 0.020770498 
866 208 32 42 0.020557817 
