2_Demonstration_Political_Rally_2_5
2567
320 234 25 37 0.99117976 
748 411 28 34 0.9871581 
692 391 32 44 0.97340685 
133 463 26 38 0.9569514 
673 335 18 21 0.91973746 
931 359 15 21 0.90304023 
865 449 30 36 0.8918264 
594 394 27 34 0.8710089 
724 380 22 30 0.85924613 
823 384 28 34 0.85208076 
652 310 18 23 0.84712946 
437 121 30 43 0.8291144 
787 382 24 28 0.81915295 
678 296 15 18 0.81802773 
715 423 16 21 0.7813274 
932 440 14 18 0.7390235 
973 341 12 15 0.73556083 
185 234 27 33 0.7217818 
866 421 28 33 0.7124037 
867 283 13 17 0.6927852 
477 274 17 22 0.65422964 
950 171 9 12 0.65138906 
844 423 21 26 0.6361961 
35 274 17 21 0.6096273 
788 308 13 17 0.60467434 
34 259 14 18 0.6026769 
694 270 10 14 0.5732858 
850 347 13 17 0.5443604 
720 267 13 15 0.54351217 
352 223 11 14 0.5404869 
30 193 13 18 0.5312045 
30 480 31 40 0.51492226 
641 218 10 13 0.5127688 
815 268 8 11 0.5086173 
184 181 9 12 0.507591 
876 365 17 19 0.507384 
654 332 14 17 0.50387865 
928 232 9 12 0.49971527 
718 332 13 17 0.49964836 
868 433 31 40 0.49887776 
371 301 14 20 0.4958712 
57 297 18 21 0.47530618 
346 300 16 20 0.46531358 
694 228 13 16 0.44881707 
886 329 15 19 0.41603652 
852 223 9 12 0.40409997 
712 385 23 32 0.39784208 
789 239 11 13 0.3970969 
797 461 34 41 0.3963668 
654 232 11 12 0.39589304 
627 294 11 13 0.38490394 
624 230 9 12 0.3796627 
769 253 10 13 0.36926454 
749 245 13 15 0.36285654 
928 246 10 13 0.35971862 
882 82 7 9 0.35777017 
62 141 9 11 0.35437876 
901 109 9 12 0.3533212 
565 239 10 11 0.34856978 
628 309 12 16 0.346462 
749 380 16 20 0.34268355 
868 351 12 14 0.34079015 
906 142 7 10 0.33922428 
860 316 11 13 0.33835515 
664 198 12 15 0.33334175 
838 240 9 12 0.3326757 
165 180 8 11 0.33027083 
992 166 10 12 0.32909286 
702 128 8 11 0.32838538 
829 378 18 22 0.31841147 
629 352 21 26 0.3169911 
900 248 10 12 0.31677103 
649 237 9 12 0.31457582 
1000 117 8 10 0.3132937 
90 196 10 12 0.31071192 
582 343 15 23 0.3081087 
717 351 17 21 0.30542305 
983 125 8 11 0.30356488 
574 302 9 12 0.3013339 
945 255 9 11 0.2955612 
554 220 9 11 0.2955567 
759 164 7 10 0.2926007 
869 246 9 12 0.28926757 
585 284 12 15 0.28827924 
797 137 8 10 0.28816965 
93 92 8 10 0.2863671 
927 176 8 11 0.2859528 
571 274 11 14 0.2853002 
985 101 8 11 0.28142583 
992 439 26 40 0.28023425 
958 160 8 12 0.27946496 
668 246 11 14 0.27864897 
556 355 21 26 0.2786363 
796 159 9 10 0.2758308 
736 225 9 11 0.27474558 
631 118 8 9 0.2731348 
679 95 8 12 0.27222607 
815 240 8 10 0.27145794 
947 384 16 21 0.26774016 
783 86 7 9 0.26664478 
118 238 7 11 0.26533496 
56 207 10 12 0.26304755 
748 264 16 18 0.26076993 
634 316 10 14 0.26074943 
838 300 10 13 0.26073825 
566 198 8 10 0.2599198 
69 188 9 11 0.2592466 
881 301 10 13 0.2589268 
951 86 9 11 0.25806248 
16 117 10 13 0.25538066 
621 324 15 19 0.2534967 
679 150 7 10 0.24856359 
88 243 12 14 0.24723355 
989 102 7 10 0.24327426 
952 235 10 12 0.24113213 
504 262 11 14 0.24054939 
874 402 18 21 0.23990266 
751 92 9 10 0.23907596 
78 49 8 9 0.23730132 
545 401 16 20 0.23303342 
233 196 9 11 0.23297624 
572 306 13 18 0.23274255 
89 191 10 12 0.23192717 
646 369 16 22 0.23178461 
557 128 8 9 0.22564977 
879 181 9 11 0.22374037 
937 263 8 10 0.22208253 
648 246 10 12 0.22181113 
51 244 11 13 0.2196619 
834 245 9 12 0.21880174 
145 135 8 10 0.2173496 
609 246 9 11 0.21708561 
861 182 9 11 0.21349481 
911 295 10 13 0.21330813 
671 79 7 10 0.21315491 
942 285 11 13 0.21072562 
789 284 9 11 0.20914592 
756 263 13 15 0.20859808 
177 165 8 10 0.20579763 
752 88 9 10 0.20484437 
880 232 9 10 0.20422412 
703 406 24 34 0.20369446 
713 112 7 10 0.20299935 
513 362 17 18 0.20291798 
775 48 8 10 0.20229188 
663 160 8 10 0.2018077 
111 92 9 11 0.20124136 
318 109 7 10 0.20065682 
813 166 9 11 0.19777085 
673 95 8 11 0.19577917 
698 236 12 13 0.19516718 
962 102 9 11 0.19368425 
753 165 8 10 0.19286898 
869 410 23 27 0.19224042 
32 81 8 11 0.19119452 
648 251 11 14 0.1911612 
599 88 7 9 0.1906769 
152 493 24 29 0.19062902 
121 29 8 10 0.19014393 
105 188 10 12 0.18932018 
864 281 11 13 0.1881426 
974 41 7 9 0.18777719 
647 63 8 11 0.1868384 
685 214 11 13 0.18482187 
105 148 8 10 0.18476994 
720 135 7 10 0.18456408 
801 96 7 9 0.18429373 
673 102 7 10 0.18405059 
949 373 17 21 0.18150838 
991 354 15 19 0.18012965 
135 185 7 9 0.17907313 
688 78 8 9 0.17879619 
21 111 9 11 0.17684107 
20 115 9 12 0.17539789 
598 377 26 29 0.17445374 
556 215 9 12 0.17282669 
174 112 8 10 0.17132938 
150 223 9 12 0.17067763 
30 140 8 11 0.17061771 
885 80 8 10 0.17051357 
641 133 7 10 0.17023556 
53 228 10 12 0.16979504 
590 17 7 10 0.1695342 
105 184 9 11 0.16932835 
320 80 7 9 0.16929577 
871 369 15 17 0.16927166 
774 102 7 9 0.16899677 
713 86 8 10 0.16808 
255 61 8 9 0.16780701 
600 175 8 11 0.16710277 
873 64 7 9 0.16651173 
24 135 9 12 0.16618977 
630 56 9 10 0.16471598 
936 292 10 12 0.16457628 
108 214 9 11 0.16440909 
15 229 12 14 0.1643926 
812 141 9 12 0.16402204 
600 135 7 9 0.16373208 
91 237 13 15 0.16348669 
536 152 8 11 0.16178983 
889 206 8 10 0.16173235 
672 86 8 10 0.16158801 
806 118 8 11 0.16088724 
750 221 9 10 0.16045177 
512 239 9 11 0.16037048 
718 247 9 11 0.15996775 
594 112 6 9 0.15973711 
912 224 9 12 0.15960541 
0 276 12 19 0.15920752 
951 80 7 8 0.15889232 
626 237 9 11 0.15864143 
735 65 7 9 0.15784515 
670 223 11 13 0.15783921 
837 254 9 13 0.15780522 
500 229 10 11 0.15770994 
120 246 9 11 0.1576065 
1005 33 7 9 0.15655546 
710 143 7 9 0.1560288 
625 54 7 10 0.1553639 
801 117 9 11 0.15490782 
917 71 7 10 0.15447491 
609 128 8 9 0.15406865 
832 100 8 10 0.15264058 
786 111 8 10 0.15220007 
934 80 7 9 0.1521212 
154 183 8 11 0.15203658 
911 55 7 9 0.15189746 
833 7 7 9 0.15096208 
566 14 8 10 0.15044773 
793 264 8 10 0.1499728 
716 274 15 18 0.14915277 
678 55 7 9 0.1484014 
561 245 9 11 0.14777136 
665 142 7 9 0.1468631 
159 127 7 9 0.14630273 
7 187 12 15 0.14602943 
706 142 8 10 0.1459444 
1009 87 7 9 0.14568181 
1006 70 7 9 0.14514865 
832 145 8 11 0.14506586 
807 49 7 9 0.14494449 
902 104 8 11 0.14489023 
702 88 8 11 0.1446123 
742 222 10 12 0.14454183 
959 120 7 8 0.1444538 
656 109 8 10 0.14327839 
317 142 10 11 0.14240587 
671 110 8 10 0.14228433 
984 96 8 11 0.14227635 
679 216 9 11 0.14185037 
722 128 7 9 0.141714 
879 294 10 12 0.14008781 
984 79 7 9 0.13995944 
915 409 14 18 0.13978824 
540 284 10 13 0.13966858 
957 150 8 11 0.13916025 
928 157 8 11 0.13903953 
31 134 10 14 0.13853353 
775 167 9 10 0.13818412 
38 132 8 12 0.1380345 
721 160 8 10 0.13786821 
560 152 7 9 0.13779338 
991 184 9 11 0.13687614 
615 145 7 9 0.13556461 
1008 298 11 14 0.13543011 
536 230 8 10 0.13286752 
626 298 14 18 0.13237575 
111 191 8 10 0.13188997 
56 224 9 13 0.13134046 
95 254 10 12 0.13112779 
791 103 8 9 0.13100426 
881 333 12 14 0.13083307 
513 86 8 10 0.130727 
798 175 8 10 0.13060302 
470 368 23 28 0.13046677 
812 331 15 18 0.13028722 
896 172 9 12 0.13014571 
718 308 13 18 0.13002566 
657 174 8 10 0.13001682 
64 182 10 13 0.1290782 
65 157 10 13 0.1288715 
983 121 7 10 0.12856846 
698 93 8 10 0.1284343 
919 253 8 11 0.12827687 
628 230 9 13 0.12723042 
829 269 8 11 0.12714022 
110 145 7 9 0.12691483 
558 94 8 9 0.1264138 
994 171 10 12 0.12515429 
793 55 6 8 0.1248919 
1006 94 7 10 0.124789886 
717 86 8 11 0.12456816 
581 247 8 11 0.12454595 
577 246 9 10 0.12443522 
806 338 16 20 0.1243589 
243 166 8 11 0.124313295 
615 48 7 10 0.1242726 
886 277 9 13 0.12354707 
570 49 7 9 0.12353782 
903 174 8 11 0.12288904 
726 158 8 10 0.12267293 
665 250 11 14 0.121961646 
638 79 7 10 0.12175655 
917 295 11 13 0.121575214 
640 56 7 9 0.12139972 
776 174 7 10 0.12123765 
670 135 7 9 0.12116158 
713 207 10 12 0.12054126 
103 145 8 9 0.120023295 
120 80 8 9 0.11909603 
120 182 7 9 0.11884892 
632 152 8 9 0.11821936 
949 144 9 11 0.11814891 
570 135 7 9 0.11787633 
3 481 15 22 0.117640845 
945 135 8 10 0.11678528 
81 143 8 9 0.1165276 
0 109 8 11 0.116410755 
541 230 8 10 0.11636133 
357 87 8 10 0.11593747 
913 96 7 9 0.115494415 
822 14 7 9 0.11546113 
61 223 9 12 0.11544937 
513 208 8 10 0.11530179 
128 94 9 11 0.11509719 
889 47 8 10 0.11456014 
96 24 7 10 0.11449537 
893 47 9 11 0.114431135 
967 181 9 12 0.11434549 
518 149 8 10 0.1140036 
236 215 14 20 0.113904886 
711 151 7 9 0.11378251 
950 149 9 11 0.11325345 
979 347 11 16 0.113053106 
343 133 9 10 0.11289971 
542 262 9 11 0.11266487 
640 112 7 9 0.11261734 
625 95 8 11 0.11248769 
713 80 7 9 0.111726254 
751 239 13 16 0.11148271 
150 161 8 10 0.11141468 
952 407 28 33 0.11118511 
721 39 7 9 0.110914834 
368 270 11 13 0.11060622 
767 121 9 10 0.10984925 
616 166 8 10 0.10972478 
897 168 7 10 0.109115325 
908 325 10 14 0.109033376 
900 310 11 12 0.108474426 
729 93 8 9 0.10801181 
81 174 9 11 0.10800663 
495 104 9 10 0.10798784 
944 300 12 15 0.107806884 
579 153 7 9 0.107773244 
103 296 16 19 0.10719603 
585 39 7 9 0.10703869 
859 418 23 30 0.107011184 
160 134 7 10 0.10621032 
1006 175 9 11 0.10581688 
494 222 10 12 0.105762705 
620 373 21 27 0.10568669 
526 260 8 11 0.1056276 
822 247 8 10 0.10551415 
146 141 9 11 0.10551136 
102 256 10 11 0.10549548 
112 196 9 12 0.10537482 
793 166 9 12 0.10525376 
584 167 8 10 0.105224945 
584 158 8 10 0.10496739 
601 360 22 27 0.10489341 
97 144 8 10 0.10482215 
535 132 8 10 0.10482076 
159 181 8 11 0.10478007 
981 173 8 11 0.1047125 
135 94 7 9 0.10424416 
534 128 8 10 0.10407848 
934 432 21 28 0.103971645 
898 251 9 11 0.1038105 
263 118 8 10 0.10348901 
958 38 8 10 0.103385344 
583 291 12 15 0.10335732 
834 167 8 10 0.10326679 
712 189 9 11 0.10289284 
200 142 7 9 0.10287981 
567 8 8 10 0.10283154 
312 111 8 10 0.102514096 
832 175 8 10 0.10157146 
511 309 11 14 0.10150333 
634 79 8 11 0.10144261 
112 166 8 11 0.10090583 
664 128 7 9 0.10068583 
655 104 7 10 0.10051653 
975 175 10 11 0.100085326 
201 119 8 10 0.09997121 
519 144 8 10 0.09995055 
712 250 11 14 0.09991276 
624 87 8 10 0.099769436 
62 96 8 11 0.09925009 
938 348 14 18 0.09898507 
610 78 7 9 0.09894148 
190 183 8 11 0.09888049 
54 126 11 13 0.09872527 
716 251 12 14 0.09859983 
863 221 8 11 0.09859839 
697 181 9 11 0.09835567 
47 236 14 16 0.09802969 
948 282 11 14 0.098014474 
362 337 27 31 0.09742888 
678 287 14 19 0.09741306 
950 56 7 9 0.09722759 
103 128 9 11 0.09692156 
681 121 7 10 0.096785605 
742 261 15 19 0.09649856 
318 105 8 9 0.09645271 
94 278 10 13 0.09636998 
599 111 8 9 0.096344136 
657 32 7 9 0.09623919 
50 85 8 11 0.0962088 
158 103 7 10 0.09584943 
606 65 8 9 0.09571282 
121 253 10 13 0.09562948 
121 103 9 11 0.09529711 
183 186 11 13 0.095218986 
645 132 9 11 0.09521037 
944 103 8 10 0.095071405 
869 15 8 11 0.09505185 
863 262 10 12 0.095013805 
989 96 7 10 0.09493003 
849 341 12 15 0.094906755 
768 215 9 11 0.094788894 
870 264 9 11 0.09426933 
918 0 7 8 0.09426065 
0 188 10 15 0.09410066 
602 64 7 10 0.09405893 
72 68 9 11 0.093981825 
673 151 8 10 0.09352258 
94 229 11 14 0.093514025 
139 158 7 10 0.09329809 
895 293 10 13 0.09304364 
214 190 8 11 0.092916675 
698 128 8 11 0.0928306 
915 442 21 26 0.09264047 
973 402 18 21 0.09250688 
920 176 8 10 0.09230685 
795 353 14 16 0.09212339 
722 166 8 10 0.09200134 
745 215 8 10 0.09177186 
940 290 13 15 0.0917002 
386 97 7 9 0.09167301 
143 177 7 9 0.091626205 
682 6 8 10 0.09155361 
862 161 8 11 0.091462106 
937 355 15 19 0.09135609 
593 96 7 9 0.09124559 
129 184 8 10 0.09119478 
963 379 15 19 0.09099704 
0 91 9 14 0.09089632 
741 159 8 10 0.09088867 
239 41 8 9 0.090845734 
813 160 9 11 0.09078735 
128 70 8 10 0.09073301 
584 97 7 9 0.09056385 
728 104 8 9 0.09018753 
586 15 7 9 0.090106465 
823 57 8 10 0.09005374 
618 23 7 10 0.090053126 
681 126 7 9 0.09002813 
65 102 8 10 0.08973853 
537 247 7 10 0.08965765 
491 268 12 14 0.089625716 
864 253 10 12 0.08958986 
156 243 13 18 0.08944113 
87 143 6 9 0.0894115 
272 80 7 8 0.089265704 
663 182 8 10 0.08903683 
734 151 9 11 0.08902809 
720 141 8 9 0.08899045 
653 94 7 10 0.08893719 
912 175 7 10 0.08892373 
191 78 7 9 0.08850737 
153 104 8 10 0.08846601 
689 73 8 10 0.088321015 
594 87 7 8 0.08821892 
213 259 14 18 0.088048086 
815 172 9 11 0.08794612 
960 133 9 10 0.08781603 
272 87 7 10 0.08772764 
47 184 10 13 0.087659135 
609 149 8 10 0.08743829 
305 120 8 10 0.08705741 
864 240 8 10 0.08705071 
215 15 7 9 0.086841665 
665 136 7 10 0.08683474 
625 112 7 10 0.086815715 
755 161 8 10 0.08665261 
64 149 9 12 0.08659739 
488 104 8 11 0.086574055 
736 165 8 11 0.086567454 
678 275 13 15 0.08656561 
1001 102 8 9 0.086353935 
664 110 7 10 0.08619338 
592 251 10 13 0.08604599 
70 198 10 13 0.08595268 
657 38 8 11 0.08594099 
662 282 11 16 0.085774116 
550 104 7 9 0.08561873 
184 177 8 11 0.08558711 
608 71 8 10 0.0855158 
739 227 11 14 0.085494176 
839 260 9 10 0.08518009 
651 366 23 26 0.0849395 
200 166 8 10 0.084832974 
970 388 15 19 0.08478619 
92 111 9 11 0.08468922 
687 120 7 9 0.08444579 
777 392 21 29 0.08440088 
862 188 8 10 0.08430439 
744 103 8 9 0.08416952 
204 250 13 18 0.08415903 
977 80 7 10 0.084030315 
943 259 9 12 0.08399976 
857 70 8 10 0.08398584 
745 78 8 10 0.08395348 
904 318 11 15 0.083870046 
135 88 7 9 0.08385074 
481 109 9 12 0.08384352 
823 291 10 13 0.08368795 
12 223 12 14 0.08342977 
934 55 7 9 0.0833822 
55 132 11 14 0.083246656 
880 407 17 21 0.083223864 
232 32 7 8 0.08318203 
39 313 17 19 0.08276783 
184 22 7 9 0.0827244 
142 160 8 10 0.08267839 
745 57 7 9 0.08252334 
609 53 7 9 0.082507715 
784 243 10 12 0.082333185 
576 174 8 11 0.082285784 
903 71 8 10 0.082094215 
615 207 7 10 0.08205407 
916 371 15 21 0.081961595 
757 47 7 10 0.08163334 
229 173 7 9 0.081609234 
181 89 8 10 0.08117791 
959 232 9 11 0.08115351 
578 308 15 19 0.08109135 
120 259 11 15 0.0810868 
895 285 9 13 0.08099449 
175 117 7 9 0.08095783 
622 224 10 12 0.08075168 
818 15 8 9 0.080447175 
577 156 7 9 0.0802481 
634 157 7 10 0.080229536 
726 350 19 26 0.080183215 
311 71 7 9 0.080146715 
738 377 22 29 0.08012182 
537 278 11 13 0.08001652 
224 167 8 11 0.07990893 
527 240 8 11 0.07990265 
181 166 7 10 0.07970996 
829 286 10 12 0.07956575 
370 352 16 19 0.07949145 
574 134 7 10 0.07941186 
93 224 9 11 0.07939331 
896 71 6 9 0.07917861 
761 323 16 18 0.07867478 
809 278 8 11 0.078641646 
176 143 7 9 0.07830852 
614 127 7 10 0.078169964 
824 421 23 28 0.078089386 
356 313 46 65 0.07808736 
562 79 8 9 0.07785003 
384 101 7 10 0.07766832 
663 45 7 9 0.07759649 
945 148 10 12 0.07758339 
251 324 13 16 0.077555515 
668 354 16 19 0.07733163 
586 135 8 10 0.077294566 
172 227 25 31 0.07712874 
215 176 7 9 0.0771111 
64 108 10 12 0.07702563 
519 136 8 9 0.0769333 
943 280 10 13 0.076654 
1005 111 8 11 0.07664654 
95 259 12 14 0.076610364 
918 95 8 10 0.07649922 
815 105 7 9 0.0764498 
781 370 24 27 0.076132394 
770 95 8 10 0.07589222 
656 281 12 17 0.07588686 
1013 88 7 10 0.07583378 
800 55 8 9 0.075831465 
888 119 8 10 0.075804844 
125 208 9 12 0.07573102 
729 152 8 10 0.075550415 
607 105 7 9 0.075397395 
607 110 8 9 0.075357415 
718 300 12 17 0.075344525 
517 85 9 11 0.075267024 
126 100 8 12 0.07526175 
743 248 14 16 0.07510171 
718 211 9 11 0.0750756 
952 47 8 11 0.0749725 
78 87 7 10 0.07495743 
-1 229 8 13 0.074846275 
624 71 7 8 0.074795574 
591 137 7 10 0.07477153 
929 46 8 9 0.074704446 
806 95 7 9 0.07455439 
609 48 9 10 0.07441826 
246 109 8 11 0.07434155 
855 46 7 9 0.07434063 
792 79 8 10 0.074329905 
830 262 10 12 0.07430264 
600 231 8 10 0.07420852 
710 353 16 19 0.074131094 
937 86 7 9 0.074030705 
610 120 7 8 0.07394061 
231 103 8 10 0.07392995 
249 62 8 9 0.07382143 
903 160 8 10 0.073807344 
32 264 19 24 0.07374889 
47 94 8 10 0.07374745 
907 198 12 15 0.07371279 
618 328 22 27 0.07349317 
544 168 8 10 0.07321213 
281 118 9 11 0.07320717 
825 111 7 9 0.07320094 
661 175 9 10 0.073083825 
745 134 8 10 0.073040046 
78 181 10 12 0.07283768 
549 6 8 10 0.07279835 
575 221 8 11 0.07264314 
856 32 7 8 0.07260494 
105 7 8 9 0.07259961 
390 96 6 9 0.07255463 
248 261 23 28 0.07250019 
56 94 9 11 0.07242679 
717 197 9 11 0.07235528 
130 64 7 9 0.07225101 
129 136 7 9 0.072235905 
117 190 8 11 0.07220988 
483 244 11 13 0.07217413 
672 215 9 11 0.07202234 
373 262 12 16 0.07188413 
887 174 9 10 0.07180207 
152 188 9 10 0.07169271 
344 128 9 10 0.0715158 
793 173 8 11 0.071494274 
576 86 7 9 0.07139656 
968 255 10 11 0.07132698 
713 269 11 14 0.071294 
623 48 7 9 0.07110239 
775 159 8 11 0.07088558 
475 363 17 20 0.070782065 
577 217 7 9 0.070775196 
687 85 8 10 0.070752345 
577 82 7 9 0.070748575 
744 61 7 10 0.070708685 
798 263 7 10 0.07063042 
649 15 8 10 0.0705926 
42 260 13 16 0.070533395 
583 81 7 9 0.0704958 
87 228 14 16 0.07045711 
633 136 7 9 0.070363894 
47 134 9 11 0.070270255 
41 157 10 13 0.070251666 
304 56 6 9 0.0701809 
654 8 7 9 0.07011307 
631 246 8 10 0.07008066 
665 70 8 10 0.07001133 
861 301 9 11 0.06995652 
623 134 7 9 0.069932036 
119 175 8 10 0.06989706 
286 125 9 11 0.06989545 
1016 44 7 10 0.06962185 
689 47 7 8 0.06955696 
880 277 10 13 0.06941615 
670 258 13 14 0.06926986 
857 64 6 8 0.06926365 
100 469 25 33 0.0690484 
214 182 7 10 0.06896649 
8 119 9 12 0.06891397 
72 80 8 11 0.0688476 
700 243 11 15 0.06864377 
833 87 8 9 0.068561606 
102 24 7 10 0.06852337 
650 420 26 35 0.068485744 
70 136 9 10 0.06842757 
1014 174 8 11 0.06823145 
718 63 7 9 0.0682156 
778 86 8 9 0.06813465 
238 151 7 9 0.06811234 
700 225 10 12 0.06803419 
48 71 7 10 0.06803302 
615 223 10 13 0.06802255 
382 39 7 9 0.067991935 
111 254 7 10 0.067970276 
208 103 7 9 0.06781222 
211 95 7 9 0.067775495 
944 235 11 12 0.0677084 
880 102 8 10 0.06766614 
601 104 7 9 0.06754026 
720 338 14 19 0.067538254 
625 62 8 10 0.06753126 
990 78 7 9 0.06740672 
783 263 8 9 0.067363344 
687 191 8 10 0.067361444 
588 279 12 15 0.067320295 
824 80 7 9 0.06723286 
718 110 8 11 0.06712733 
601 129 7 9 0.06711021 
612 304 14 18 0.06710606 
1003 37 8 11 0.06706539 
933 63 8 9 0.06702351 
753 71 7 9 0.06691992 
966 95 8 10 0.066799544 
773 97 8 9 0.06668096 
656 168 8 9 0.06666365 
271 39 8 10 0.06661501 
390 68 7 11 0.06660804 
101 132 10 11 0.066565424 
855 215 8 11 0.0663736 
192 158 8 9 0.066359706 
806 354 14 16 0.06635446 
621 24 7 10 0.06634613 
775 22 6 8 0.066270314 
890 246 7 11 0.06613878 
503 159 8 10 0.066012494 
774 260 8 11 0.065992 
943 219 9 10 0.06597084 
543 254 9 12 0.06594537 
873 48 8 10 0.06593006 
950 92 8 11 0.065812506 
881 177 9 11 0.065744124 
287 72 8 10 0.06566674 
926 140 7 9 0.06565734 
210 15 7 9 0.06562014 
838 427 16 21 0.065531634 
769 7 8 10 0.06551065 
697 62 7 9 0.06549793 
129 141 8 9 0.06547231 
669 286 12 16 0.06521328 
950 387 22 25 0.06519098 
696 176 8 10 0.06509494 
580 300 11 14 0.065080136 
807 125 8 10 0.06507954 
0 300 8 15 0.06477486 
121 212 9 11 0.0646904 
688 268 11 15 0.06465726 
831 181 8 10 0.06459777 
856 239 9 11 0.06459152 
607 176 10 11 0.06444977 
639 151 8 10 0.06431024 
640 71 7 9 0.06425372 
527 159 8 10 0.06421197 
30 61 8 10 0.06389889 
14 122 10 13 0.063631736 
756 307 15 18 0.063461185 
822 253 8 11 0.06341892 
935 268 9 12 0.06339556 
118 55 8 11 0.063175015 
775 182 7 9 0.063155614 
887 103 8 9 0.06306705 
647 258 11 13 0.063051045 
136 102 8 10 0.06299341 
118 61 8 10 0.06294592 
117 198 8 11 0.06290407 
974 350 12 18 0.062883556 
190 154 8 9 0.06279547 
71 31 7 9 0.06279073 
824 183 8 9 0.0627847 
930 153 8 10 0.06265253 
124 247 9 12 0.06262773 
120 110 8 10 0.062465925 
110 184 8 10 0.0624471 
647 87 9 11 0.06242298 
895 239 8 10 0.062311165 
897 103 8 10 0.062115062 
648 68 7 10 0.061986525 
824 268 9 11 0.061956007 
448 141 18 24 0.06188437 
543 329 13 16 0.061864395 
649 232 9 11 0.06181125 
885 309 9 12 0.061791454 
848 119 7 9 0.06178689 
870 240 9 10 0.061715126 
886 261 8 10 0.061682183 
55 101 10 11 0.061652906 
637 346 21 25 0.061642207 
198 182 8 10 0.06162593 
223 146 8 9 0.061613973 
608 213 8 10 0.061586406 
869 396 17 20 0.06153982 
934 253 8 11 0.06150318 
131 188 8 11 0.061395265 
857 253 9 12 0.061365116 
223 120 8 10 0.061349213 
961 401 23 26 0.061334047 
729 110 9 11 0.061279643 
550 296 10 13 0.061211195 
903 87 7 9 0.06107715 
928 276 9 13 0.06104544 
229 55 8 10 0.061040193 
930 40 7 10 0.060992204 
855 311 11 14 0.060974866 
546 14 7 10 0.0609205 
817 79 7 8 0.06087171 
584 118 7 9 0.060870882 
1014 94 7 10 0.06086421 
158 237 11 15 0.06070929 
585 31 8 9 0.060516644 
386 63 8 12 0.060415134 
566 351 19 28 0.060178522 
49 205 10 13 0.06009619 
230 218 14 20 0.060041703 
182 160 8 10 0.060035806 
670 159 8 10 0.05999768 
736 145 7 8 0.059942737 
959 64 7 9 0.059900295 
582 204 8 10 0.0597676 
591 346 18 21 0.059699677 
825 87 6 9 0.05957156 
689 143 8 10 0.05949586 
597 251 10 13 0.059474327 
978 125 8 11 0.05947173 
660 228 10 13 0.059434794 
590 165 8 10 0.059430253 
503 165 7 9 0.05930491 
37 307 16 17 0.059256714 
554 119 8 10 0.059206896 
704 71 8 9 0.059185714 
904 230 10 11 0.059139237 
231 87 8 12 0.059126005 
87 183 9 11 0.059092656 
949 134 8 10 0.05908717 
176 7 7 9 0.058965657 
498 326 14 17 0.058943924 
662 38 8 12 0.058940902 
639 158 8 9 0.058892887 
840 41 7 9 0.058880493 
874 54 7 10 0.05874678 
639 85 8 11 0.058728773 
182 143 6 8 0.0586028 
575 296 11 15 0.05856329 
295 104 8 10 0.058538537 
392 47 8 9 0.058485635 
360 23 8 10 0.058470167 
967 408 24 28 0.058359202 
990 128 8 10 0.058348395 
313 23 7 10 0.058296368 
937 339 14 17 0.05827732 
631 207 8 11 0.05819634 
679 61 7 10 0.057884112 
202 48 7 9 0.057749525 
233 14 7 9 0.057745926 
360 39 7 8 0.0577194 
678 49 8 9 0.057661355 
972 180 10 12 0.057645593 
625 80 7 9 0.057633888 
648 110 7 10 0.057609223 
933 175 9 11 0.057605237 
712 116 7 10 0.057588752 
297 63 7 8 0.05749861 
484 268 15 19 0.057369944 
114 455 46 55 0.057319514 
604 355 16 20 0.057295285 
97 127 8 10 0.05719058 
934 151 8 11 0.057185397 
609 144 8 10 0.057158116 
849 40 6 9 0.056991182 
863 102 7 10 0.056934904 
658 394 15 21 0.05684149 
239 31 7 9 0.056783963 
933 46 7 10 0.056756884 
951 61 7 9 0.05674268 
921 247 8 11 0.05672317 
828 315 11 14 0.056703467 
296 109 8 10 0.05666513 
744 166 7 10 0.056581557 
630 366 20 26 0.05654874 
23 79 9 11 0.056487266 
551 111 7 9 0.05643498 
584 112 7 9 0.05639092 
30 296 16 20 0.056344964 
40 172 9 12 0.056233864 
896 300 10 13 0.056216504 
945 416 37 43 0.056179415 
768 102 9 10 0.05616552 
886 317 10 13 0.05612297 
559 209 8 10 0.05610754 
15 135 10 11 0.05606697 
846 413 23 28 0.056037553 
54 180 10 13 0.056027316 
811 346 15 18 0.055965077 
338 39 7 8 0.055904727 
798 79 7 9 0.05586246 
159 121 7 9 0.055828266 
11 183 12 15 0.055822793 
121 151 7 9 0.055695605 
348 222 19 24 0.055660278 
686 199 10 11 0.05564793 
908 331 12 17 0.05559425 
823 263 9 12 0.055564255 
573 48 8 10 0.05552074 
511 176 9 11 0.05543846 
730 64 7 10 0.05534441 
234 185 8 11 0.05511546 
63 15 6 9 0.055109967 
714 63 8 10 0.05510524 
246 25 7 9 0.055093464 
29 182 11 14 0.05509293 
125 266 11 14 0.0550366 
567 232 9 11 0.054974835 
872 97 8 9 0.054947183 
52 259 10 13 0.054921966 
310 118 8 10 0.05490403 
838 198 7 9 0.054898866 
100 229 10 13 0.05488953 
885 232 8 11 0.054814033 
872 32 7 9 0.054790318 
968 87 8 10 0.054727923 
632 253 10 12 0.05465931 
837 101 7 9 0.0546039 
819 324 13 17 0.054536246 
526 57 8 9 0.054441825 
1004 117 8 10 0.05442839 
247 7 8 9 0.054320686 
646 56 7 9 0.054318797 
986 187 11 14 0.054264773 
627 117 8 10 0.05423893 
657 135 7 9 0.05409055 
259 118 8 10 0.054071303 
740 352 19 22 0.054066572 
248 104 7 9 0.054020386 
578 205 8 10 0.053902958 
601 152 6 8 0.053821813 
717 190 10 11 0.053781632 
719 104 8 10 0.05376087 
142 182 8 10 0.05368911 
849 206 8 10 0.05366408 
811 270 9 11 0.053633757 
960 71 7 9 0.053633746 
736 158 9 11 0.05353046 
38 80 8 11 0.053469196 
897 151 7 9 0.053334404 
761 111 7 8 0.053323995 
969 347 12 15 0.05320234 
997 181 10 11 0.053168915 
608 193 7 9 0.05308055 
777 39 8 9 0.053058892 
687 159 8 10 0.05301774 
773 7 8 10 0.053003665 
945 168 10 12 0.052992065 
865 290 10 14 0.05298981 
885 295 9 12 0.052963674 
889 71 7 9 0.052922353 
104 221 9 11 0.05290995 
686 219 10 13 0.052818578 
817 61 8 9 0.052730385 
168 40 7 10 0.052719448 
733 111 8 10 0.052692074 
233 203 10 12 0.05264004 
329 56 8 9 0.052602842 
791 31 7 9 0.052598897 
641 176 8 10 0.052566405 
967 393 21 25 0.05249183 
665 190 10 12 0.052482475 
778 137 7 10 0.052469283 
145 57 7 9 0.052366417 
735 15 8 10 0.052354686 
383 47 8 10 0.05230338 
781 385 19 23 0.05229823 
598 93 8 10 0.052286357 
55 64 8 10 0.05220371 
718 80 7 10 0.052106835 
79 167 8 11 0.052087724 
240 145 7 9 0.052037217 
569 64 8 10 0.052027073 
58 174 8 12 0.05202251 
190 120 8 9 0.051997196 
617 161 8 9 0.051989064 
633 143 7 9 0.0519853 
558 132 7 10 0.051937886 
823 301 10 14 0.05192212 
902 375 14 19 0.051921252 
991 87 7 9 0.05188793 
610 369 14 21 0.05183179 
225 55 8 11 0.051718637 
991 109 9 11 0.051705856 
208 175 7 10 0.051671322 
837 346 12 16 0.051660255 
927 96 7 9 0.05165647 
664 360 24 29 0.05164453 
566 262 9 11 0.051629134 
793 50 6 8 0.05158233 
659 44 7 10 0.051546074 
659 159 8 10 0.051534228 
135 63 6 8 0.051498216 
62 46 7 9 0.05147671 
335 56 7 8 0.051475707 
293 8 8 9 0.051396713 
136 111 8 9 0.051393215 
550 14 7 10 0.05137578 
494 216 9 11 0.05133337 
871 231 9 10 0.051305898 
904 295 10 12 0.05124577 
7 135 10 11 0.05117616 
25 180 10 14 0.051115256 
207 54 7 9 0.051112287 
235 189 9 13 0.05108579 
227 88 7 9 0.05100887 
507 254 13 16 0.050800677 
929 88 6 8 0.05078148 
614 72 8 10 0.050781347 
839 78 7 10 0.05077801 
685 102 8 9 0.050764926 
833 215 8 11 0.050639264 
88 32 8 10 0.05059803 
873 68 7 10 0.050528534 
975 56 8 9 0.05051842 
809 160 9 11 0.050488513 
144 61 7 9 0.05046132 
320 85 7 9 0.0503756 
268 227 12 16 0.050371103 
2 486 21 29 0.05037098 
129 88 8 11 0.050330464 
567 80 7 9 0.0502819 
232 9 8 9 0.050153084 
767 32 6 9 0.05011348 
200 63 7 9 0.050085075 
654 79 8 9 0.0500382 
920 47 7 10 0.050025206 
1007 79 8 10 0.050006114 
933 71 8 9 0.050002225 
191 176 8 10 0.04999712 
87 216 10 12 0.049951125 
782 37 7 9 0.049948297 
769 88 7 9 0.049890038 
814 136 8 11 0.049856257 
698 56 7 9 0.049835164 
48 79 7 11 0.04982311 
931 79 7 9 0.04981988 
778 80 8 10 0.049801894 
646 152 7 9 0.049785774 
944 128 9 11 0.049738105 
70 163 10 13 0.049728584 
694 72 8 10 0.04972453 
854 7 7 8 0.04972137 
580 251 12 13 0.049694456 
240 8 8 9 0.04957518 
794 140 8 10 0.049550988 
933 181 9 11 0.04954259 
382 79 7 10 0.049512688 
713 158 7 9 0.04941193 
167 23 7 9 0.049403697 
215 129 7 9 0.049362853 
312 136 10 11 0.049351193 
608 240 10 12 0.049337476 
544 173 8 10 0.04929724 
583 189 7 10 0.049269892 
353 302 16 20 0.049158707 
784 33 7 10 0.049066514 
609 209 7 9 0.048979674 
881 432 17 22 0.048844747 
837 96 7 9 0.048804935 
947 62 8 10 0.048804447 
151 249 13 17 0.04879801 
622 314 15 20 0.048773218 
878 63 8 10 0.048684783 
217 39 7 9 0.048518617 
69 151 9 11 0.04844524 
855 136 8 10 0.04839762 
817 252 9 12 0.048384726 
649 169 7 8 0.048383273 
528 166 7 8 0.04836364 
834 71 7 8 0.048334934 
239 270 11 14 0.048329975 
957 349 11 13 0.04823801 
69 141 8 11 0.04823639 
286 55 7 9 0.048171937 
379 134 10 12 0.048165355 
720 172 9 11 0.04813771 
783 301 13 18 0.048137404 
944 87 7 10 0.0480544 
89 276 10 13 0.048013702 
62 41 7 9 0.047960203 
65 80 8 10 0.047936056 
273 93 7 10 0.04791312 
768 142 7 9 0.04782798 
208 128 7 10 0.04778499 
880 256 9 11 0.04777466 
228 168 9 11 0.0477448 
920 32 8 9 0.04770467 
17 79 8 11 0.047691133 
150 136 7 9 0.047669824 
74 38 8 9 0.04766371 
189 16 8 9 0.04761594 
940 431 28 35 0.047611482 
259 234 15 19 0.04759187 
63 55 7 9 0.047589142 
151 31 8 10 0.047548126 
791 116 8 10 0.047498003 
831 277 8 12 0.04749382 
587 413 30 34 0.047487672 
832 46 7 9 0.04746466 
824 126 9 11 0.047438458 
51 250 12 16 0.047377408 
847 23 7 8 0.047351502 
66 23 7 9 0.04734413 
592 38 7 9 0.047317076 
331 231 21 32 0.04728578 
306 72 7 9 0.047260433 
944 378 15 21 0.04719942 
641 47 7 9 0.04716785 
622 359 22 27 0.047106624 
904 47 7 9 0.047051765 
664 224 9 11 0.047048964 
264 112 8 11 0.04702648 
839 72 6 8 0.047007885 
219 167 6 9 0.046995863 
528 150 8 11 0.046995763 
881 261 8 10 0.04697311 
639 247 8 11 0.046967257 
281 56 7 9 0.04693325 
135 134 8 9 0.046883818 
732 87 9 12 0.046827126 
312 14 7 9 0.046819262 
624 183 7 9 0.046783835 
581 221 8 11 0.04670925 
862 77 8 10 0.046682157 
285 120 8 9 0.046640046 
513 7 8 10 0.046638377 
712 55 7 9 0.04660316 
984 46 7 10 0.046466313 
903 39 7 10 0.046460733 
254 237 13 16 0.046427097 
945 110 8 10 0.04642005 
368 219 11 14 0.046418097 
768 159 7 10 0.046413593 
69 103 8 10 0.046405148 
1002 64 7 10 0.04639826 
474 258 23 29 0.046391517 
729 80 7 9 0.04638487 
219 120 7 9 0.046289206 
343 292 13 18 0.04628146 
670 72 8 10 0.046240844 
975 112 8 10 0.046239648 
878 54 8 9 0.046216194 
129 119 8 9 0.046146136 
837 87 8 10 0.04606972 
319 63 8 9 0.045996983 
534 119 8 10 0.045972917 
566 270 18 23 0.045963697 
185 16 7 10 0.045949776 
975 45 7 9 0.045896918 
812 387 25 31 0.04587223 
687 125 7 10 0.04580684 
919 38 7 9 0.045791358 
129 57 6 9 0.045734324 
203 54 7 9 0.045669544 
661 238 10 13 0.045658607 
960 109 9 11 0.04559641 
575 64 7 9 0.0455891 
864 40 7 9 0.045555744 
607 230 9 10 0.045526583 
14 140 10 11 0.045457017 
887 111 8 9 0.045406517 
995 434 17 25 0.04538752 
585 128 8 10 0.045326646 
798 232 8 10 0.04529941 
567 128 7 9 0.045284603 
566 401 21 29 0.045212246 
353 121 7 10 0.045192808 
570 87 7 8 0.045173842 
653 87 8 10 0.045105994 
602 69 8 10 0.04501133 
79 262 10 15 0.044931296 
727 207 9 12 0.044918474 
575 344 15 21 0.04491375 
191 32 8 10 0.044882003 
560 156 8 9 0.044718795 
856 245 9 11 0.04468596 
94 203 9 11 0.044675138 
845 315 13 16 0.04461748 
504 152 8 9 0.044549465 
906 369 18 25 0.044486366 
971 382 13 16 0.044373218 
839 277 10 13 0.04434925 
353 218 9 12 0.044329327 
872 183 8 10 0.044304706 
869 166 10 12 0.044268742 
320 23 6 9 0.044240426 
695 149 6 8 0.044238593 
904 96 8 9 0.04421751 
171 111 7 10 0.044189926 
53 69 8 11 0.044171944 
961 96 8 10 0.04414487 
905 64 7 9 0.044115126 
716 292 13 17 0.04410905 
93 118 8 10 0.044073526 
240 88 8 9 0.04405358 
75 53 8 10 0.044024672 
793 97 7 9 0.043961998 
191 64 8 9 0.043956555 
109 127 8 11 0.043953635 
902 167 8 10 0.043919753 
112 111 8 10 0.04391001 
59 211 10 13 0.043836612 
903 115 9 11 0.04380778 
958 144 9 11 0.04378651 
24 104 8 10 0.043783307 
642 62 8 11 0.04373541 
70 24 7 9 0.043690026 
778 71 7 9 0.043669168 
200 174 8 10 0.043638464 
401 86 8 10 0.043597933 
541 268 10 13 0.043553773 
971 56 7 8 0.04354099 
512 212 8 10 0.04353257 
553 131 8 11 0.043527238 
127 168 7 10 0.043527145 
314 105 8 9 0.043453496 
703 56 7 9 0.04345266 
930 56 7 8 0.04342347 
702 102 7 9 0.043408964 
79 93 8 10 0.043406438 
519 244 9 11 0.0433832 
153 120 7 9 0.043293554 
312 64 7 8 0.043259833 
87 269 9 11 0.043205492 
552 248 7 10 0.04316847 
694 145 7 8 0.04306946 
497 96 8 9 0.04306398 
342 143 9 11 0.042990156 
359 110 7 9 0.042983647 
689 166 8 10 0.0429439 
280 22 7 9 0.042940874 
943 95 8 10 0.0428912 
734 117 8 10 0.042858403 
44 150 10 12 0.042855863 
8 227 12 16 0.042836506 
1000 47 7 10 0.042823974 
823 72 7 9 0.042820126 
646 335 16 20 0.04279867 
706 149 7 10 0.042789776 
520 80 8 10 0.04276559 
1016 108 7 11 0.04275148 
855 40 7 8 0.042540204 
774 248 9 12 0.042445574 
857 78 7 10 0.042434085 
960 262 10 11 0.04241892 
758 53 7 9 0.042413287 
295 13 8 10 0.04241095 
979 413 16 23 0.04240549 
193 136 7 9 0.04232683 
513 144 8 10 0.04230238 
887 238 8 10 0.042286627 
677 174 8 10 0.042286355 
751 230 10 12 0.042262495 
858 111 8 9 0.042262226 
248 143 7 9 0.042235363 
981 451 26 39 0.04222208 
934 331 15 19 0.04220116 
221 207 9 11 0.042163175 
1015 101 9 12 0.042158224 
662 64 9 10 0.042155713 
162 15 7 10 0.04213497 
136 152 8 10 0.042110007 
589 161 8 10 0.042092457 
125 28 7 10 0.04208707 
563 253 10 13 0.042032994 
690 229 11 14 0.04201721 
360 30 7 10 0.041962735 
651 104 7 9 0.04196053 
264 46 7 8 0.041952517 
777 32 7 9 0.041952383 
558 175 8 10 0.04192991 
272 5 7 9 0.04189916 
680 145 7 10 0.041834027 
910 404 16 19 0.041779395 
624 288 10 14 0.041731846 
824 119 8 10 0.041730877 
849 45 8 10 0.041630615 
544 110 7 8 0.041615207 
113 246 9 12 0.041600056 
607 197 8 9 0.041589733 
616 64 7 9 0.04156634 
384 53 8 9 0.041529212 
460 116 11 16 0.041496303 
183 62 7 9 0.041439008 
886 254 9 11 0.04141506 
345 71 8 9 0.04137541 
773 15 8 10 0.041370817 
613 293 12 14 0.041341573 
312 212 10 12 0.04123388 
541 248 9 10 0.041222733 
880 450 27 32 0.0411645 
735 234 11 14 0.041158598 
914 39 7 9 0.04113013 
888 40 7 9 0.041083973 
280 190 13 14 0.041057993 
929 119 8 9 0.04099509 
653 14 8 10 0.040983714 
43 72 7 9 0.04097691 
9 124 9 12 0.040960986 
262 228 13 16 0.040947873 
687 150 8 10 0.04093926 
701 252 12 14 0.04092905 
856 321 12 17 0.040921845 
768 23 8 9 0.04090278 
536 239 9 11 0.040888857 
693 77 8 9 0.04088117 
598 40 7 10 0.040867765 
161 176 8 11 0.040843304 
821 316 12 16 0.040830754 
90 88 8 10 0.040801782 
71 247 9 11 0.04072662 
846 286 10 12 0.04071899 
700 259 12 16 0.040695287 
217 150 7 9 0.04061562 
249 57 7 9 0.040587056 
535 253 9 11 0.04058605 
629 376 23 30 0.04055342 
901 237 11 12 0.040509705 
304 171 9 13 0.040491227 
702 63 7 9 0.0404417 
704 119 7 9 0.04041989 
977 7 8 9 0.04039197 
242 24 7 10 0.04034869 
158 234 21 28 0.040313993 
0 290 10 18 0.040291306 
960 182 9 11 0.040282622 
629 100 8 10 0.04024737 
567 69 8 10 0.040223606 
606 86 8 10 0.040214423 
56 110 9 11 0.040214095 
45 166 9 11 0.040196713 
910 448 17 23 0.04018003 
773 290 13 16 0.040179756 
712 296 12 17 0.04010295 
878 48 7 9 0.040060904 
807 181 9 11 0.040045965 
781 135 8 10 0.039974898 
808 174 9 11 0.03996451 
1001 78 8 10 0.039940912 
802 48 7 10 0.039930403 
117 86 9 11 0.039929762 
664 151 7 9 0.03991824 
1004 246 10 13 0.039857656 
1005 102 8 10 0.039846253 
965 259 12 14 0.039827626 
875 284 11 14 0.039824992 
148 476 26 37 0.03980111 
264 71 8 9 0.039793216 
701 176 8 10 0.03974903 
93 269 11 14 0.03968666 
216 46 7 10 0.0396562 
862 71 7 10 0.039633825 
729 47 7 8 0.039625153 
585 23 7 9 0.03959382 
680 134 7 9 0.039585635 
536 224 8 11 0.03957996 
838 148 7 11 0.039554324 
136 79 7 11 0.03952732 
566 110 7 9 0.03945394 
762 119 9 12 0.039368153 
937 102 7 10 0.039347924 
542 49 7 9 0.039327916 
607 133 7 9 0.039322972 
367 289 22 27 0.039302323 
327 80 7 9 0.039298493 
209 71 7 9 0.039214 
349 71 8 9 0.039209373 
866 21 8 9 0.039164275 
922 136 8 11 0.039142497 
209 182 8 10 0.03911686 
898 158 8 10 0.039073385 
566 105 7 9 0.039059494 
63 161 10 14 0.039023433 
512 54 7 9 0.039013147 
890 333 16 20 0.038998794 
222 213 10 12 0.038992148 
751 53 8 10 0.03898586 
554 209 8 9 0.038985305 
890 97 7 9 0.038984664 
538 112 7 8 0.038975768 
280 17 7 9 0.03896689 
703 112 7 9 0.03892563 
551 183 8 10 0.038925327 
767 197 8 11 0.038908374 
886 181 8 11 0.038852554 
566 204 9 11 0.03878492 
977 95 8 9 0.038720112 
337 103 8 10 0.038702242 
559 89 7 9 0.038693942 
111 232 10 13 0.038638856 
555 95 7 9 0.038596757 
959 34 8 9 0.03855644 
144 164 8 10 0.038546715 
809 102 7 10 0.038536996 
989 447 15 23 0.038532298 
782 71 7 10 0.038525444 
224 124 8 10 0.038510308 
491 338 26 30 0.038491692 
934 277 10 13 0.038480252 
609 22 7 9 0.038476896 
120 48 7 9 0.03846368 
335 72 7 8 0.03840897 
568 31 7 10 0.038396712 
371 274 14 18 0.03839377 
344 284 11 15 0.038382776 
904 78 7 9 0.038356535 
858 165 10 11 0.03828864 
614 174 8 10 0.03826925 
593 103 6 9 0.038261566 
614 240 8 10 0.038258165 
826 104 7 9 0.038252544 
319 72 7 9 0.038160503 
343 57 8 9 0.0380889 
812 274 11 14 0.038063813 
166 232 14 19 0.038056687 
956 342 10 13 0.037999738 
423 8 8 9 0.03798418 
997 378 15 20 0.037945252 
296 32 7 9 0.037928566 
624 38 8 10 0.03792775 
31 284 23 27 0.03791145 
360 14 9 11 0.037865143 
226 104 7 9 0.037794244 
337 87 7 8 0.03779382 
830 292 11 14 0.03778743 
660 385 23 31 0.03769319 
830 308 10 14 0.03765875 
686 205 12 13 0.03765379 
857 175 10 12 0.037593976 
977 119 9 10 0.03759364 
938 95 7 10 0.037590362 
341 111 7 9 0.037549295 
779 363 18 21 0.037516132 
841 335 9 12 0.037489057 
625 244 10 11 0.03746479 
929 62 8 10 0.03746258 
87 104 8 10 0.037409686 
803 391 16 21 0.037401542 
701 199 9 12 0.03738399 
144 22 7 9 0.03733969 
581 172 8 11 0.037320018 
973 189 10 13 0.03728768 
525 144 8 9 0.03728144 
990 73 7 9 0.037277028 
558 168 8 10 0.037276324 
96 78 8 10 0.037275665 
855 271 9 12 0.037237648 
574 282 11 14 0.037236273 
520 260 9 13 0.037177917 
207 151 7 9 0.037172623 
909 136 8 10 0.037109323 
574 240 9 11 0.037083212 
56 25 7 8 0.03706492 
782 291 12 15 0.037041463 
208 49 7 9 0.03699532 
684 275 12 15 0.036973782 
415 40 8 10 0.03697141 
799 8 7 9 0.036959436 
215 160 7 9 0.036953025 
58 40 7 9 0.03693486 
518 212 8 10 0.03692034 
583 102 7 9 0.036916506 
914 1 8 9 0.036892064 
710 423 26 34 0.03687613 
621 29 9 11 0.03685771 
756 310 22 26 0.036809735 
970 80 8 9 0.03678041 
802 87 7 9 0.036779094 
925 295 10 12 0.036737815 
320 47 7 8 0.036688276 
176 46 7 8 0.036651026 
796 237 9 12 0.036649846 
771 54 7 9 0.03660458 
145 15 8 10 0.03658695 
767 64 8 9 0.036574412 
121 71 7 9 0.036573585 
582 239 8 10 0.03656005 
305 31 8 9 0.036559615 
697 111 8 10 0.036528554 
19 234 12 14 0.036518607 
0 101 8 14 0.036518205 
806 283 9 13 0.03651706 
839 316 11 16 0.03647212 
856 141 8 11 0.036366727 
639 143 7 9 0.036330156 
337 24 6 8 0.036261454 
906 55 8 10 0.03625326 
16 85 9 11 0.036245573 
97 72 7 10 0.036238488 
941 370 14 19 0.036225993 
728 117 8 10 0.03621814 
162 23 7 9 0.036185566 
278 93 8 10 0.036113344 
297 118 8 10 0.03611027 
223 190 9 11 0.036104176 
578 120 6 8 0.03609685 
954 404 19 22 0.036061328 
222 40 6 9 0.03602718 
90 14 8 11 0.03600605 
724 245 10 12 0.035955824 
37 181 12 15 0.035949357 
234 39 7 9 0.035942752 
121 117 8 10 0.035940986 
847 175 8 10 0.035923492 
743 209 8 10 0.03592153 
149 14 7 10 0.035843305 
858 189 8 10 0.03583559 
351 289 44 66 0.035806883 
244 171 9 12 0.035803996 
393 40 7 9 0.035801176 
363 233 25 36 0.035787724 
837 145 7 10 0.035786793 
949 260 10 11 0.035724316 
711 280 15 18 0.03569893 
667 78 8 10 0.035685968 
278 78 7 10 0.0356469 
545 104 8 10 0.035568986 
750 7 8 9 0.03554581 
625 4 9 11 0.03552265 
799 14 7 8 0.03551376 
622 160 7 9 0.035488255 
598 237 10 11 0.035480976 
127 151 7 10 0.035447586 
502 314 13 16 0.035445634 
110 207 9 11 0.035435177 
246 46 8 10 0.035430375 
559 259 11 15 0.035411824 
727 144 7 8 0.035410296 
592 63 7 9 0.035374597 
312 87 8 9 0.035335705 
150 216 9 12 0.03532258 
78 68 8 11 0.035322003 
647 174 7 10 0.035317298 
208 63 7 8 0.03526747 
775 152 8 10 0.035263706 
305 24 7 9 0.03526153 
97 133 10 12 0.035242125 
920 311 10 13 0.03517741 
343 64 8 9 0.035162136 
784 63 8 10 0.035146493 
751 79 8 10 0.03513724 
367 260 20 26 0.035119794 
600 200 7 10 0.035087813 
917 167 8 10 0.03508251 
805 324 15 17 0.035017323 
849 94 7 9 0.035009824 
56 119 10 12 0.035004757 
928 102 7 9 0.03499906 
871 189 8 10 0.03499617 
238 158 9 11 0.034975678 
336 32 6 8 0.034970533 
757 86 8 10 0.03495807 
912 166 7 10 0.03492353 
223 60 8 10 0.034863755 
159 198 9 11 0.03485888 
893 190 9 12 0.034843706 
207 111 7 9 0.034827475 
792 233 10 12 0.034807242 
103 195 11 13 0.034807038 
910 192 9 11 0.034792196 
297 88 8 10 0.03478948 
874 357 17 19 0.034788832 
703 40 7 10 0.034771014 
872 38 7 9 0.0347165 
353 39 7 9 0.034700636 
513 149 9 11 0.034667112 
485 199 9 12 0.034659017 
947 71 7 8 0.034645017 
650 343 17 21 0.034619797 
858 55 8 10 0.03461592 
970 39 7 10 0.034615193 
952 180 9 11 0.03459198 
21 126 10 12 0.03456071 
832 80 8 10 0.034556344 
979 245 13 15 0.034537863 
377 32 8 10 0.034512233 
904 137 9 11 0.03449286 
48 102 9 11 0.03447269 
206 145 7 8 0.034451365 
648 40 8 9 0.03442455 
94 165 9 11 0.03441552 
895 180 9 11 0.03441282 
342 41 8 9 0.034410965 
327 14 8 10 0.03435647 
787 292 13 15 0.034294214 
358 56 7 8 0.034273762 
665 257 11 15 0.034261003 
607 250 10 13 0.034244344 
814 319 13 15 0.034244202 
642 15 7 9 0.03423946 
103 208 10 11 0.034215845 
343 119 9 11 0.034176026 
610 223 8 11 0.034138177 
337 64 7 9 0.034137372 
573 403 25 34 0.034117706 
967 110 8 10 0.034109704 
152 177 8 9 0.03410316 
90 23 8 10 0.034092855 
167 63 6 9 0.034086794 
206 256 14 18 0.03407483 
57 165 8 11 0.034065463 
901 328 13 19 0.0340566 
757 72 7 9 0.03403704 
79 39 7 9 0.03401845 
945 49 8 10 0.033994045 
246 285 13 15 0.03398253 
919 54 7 9 0.033970185 
494 263 12 15 0.0339576 
864 368 14 18 0.033935964 
810 31 8 10 0.033909068 
862 57 7 8 0.033863142 
353 80 7 9 0.03386158 
190 37 7 9 0.033859264 
48 222 13 16 0.03384923 
144 190 8 10 0.033831064 
989 372 15 19 0.033808798 
298 94 7 9 0.033807676 
614 77 7 10 0.033797447 
911 126 8 10 0.03379329 
529 134 8 10 0.033786815 
402 80 8 9 0.033781037 
33 46 6 8 0.033773076 
46 141 8 11 0.033773076 
984 85 7 9 0.033688106 
359 103 7 10 0.033686582 
808 136 9 10 0.033632316 
93 56 8 10 0.033594497 
126 77 9 11 0.033574734 
206 119 7 10 0.033551954 
722 298 15 20 0.033542838 
743 141 8 10 0.03347981 
138 23 7 9 0.033474404 
807 89 8 9 0.033437267 
119 168 8 11 0.03342953 
656 153 7 8 0.03341923 
544 300 12 17 0.033412717 
1012 191 10 13 0.033394724 
278 88 7 9 0.033382554 
945 80 7 9 0.033340253 
60 244 11 15 0.03330867 
648 79 7 9 0.033295702 
880 216 8 9 0.033277005 
951 72 7 9 0.033274073 
0 115 9 13 0.033248216 
662 32 7 9 0.03322693 
967 128 7 10 0.033143263 
166 15 7 9 0.033136934 
17 94 8 10 0.033129364 
261 62 7 10 0.03310572 
712 260 13 17 0.033105664 
217 62 6 9 0.033053443 
720 56 7 8 0.033001173 
987 411 13 19 0.03299871 
1 487 11 19 0.03296026 
153 48 6 9 0.032932173 
675 245 11 14 0.032930624 
929 111 7 9 0.03291754 
919 113 7 9 0.032880977 
860 349 18 24 0.032867715 
782 167 8 10 0.032838244 
874 348 14 17 0.032835335 
159 142 8 10 0.032824144 
95 214 8 11 0.03279067 
969 247 10 11 0.032758877 
584 86 6 8 0.0327434 
712 250 21 24 0.032718096 
782 174 8 10 0.032706734 
861 396 17 19 0.03270669 
689 32 8 10 0.032699473 
336 95 8 9 0.032676082 
177 40 6 9 0.032665808 
191 112 8 9 0.032636125 
126 175 7 8 0.032624792 
744 8 8 10 0.032624394 
958 174 8 11 0.032589372 
295 72 7 9 0.032586783 
215 273 13 19 0.032581236 
233 93 8 11 0.03257803 
23 173 11 14 0.032574713 
0 235 8 13 0.032565616 
994 55 7 8 0.032553457 
537 169 7 9 0.032536075 
993 133 8 11 0.03252031 
378 84 8 11 0.03251235 
352 143 10 12 0.032482278 
39 140 9 11 0.032474913 
77 198 9 12 0.03247362 
543 136 7 10 0.032449946 
490 221 10 12 0.032447033 
560 111 7 9 0.032441646 
919 360 19 27 0.03243461 
296 127 7 9 0.03241509 
379 103 7 10 0.032396473 
17 102 8 10 0.032394648 
155 127 7 9 0.032368306 
725 134 7 10 0.03236377 
415 65 7 9 0.032348156 
710 240 10 11 0.03231569 
554 151 8 10 0.03228299 
640 180 8 10 0.032273866 
766 109 8 9 0.03227006 
53 79 8 11 0.032268107 
202 104 7 9 0.032256473 
999 53 6 9 0.03225644 
77 127 9 10 0.032229546 
774 119 7 10 0.03218354 
313 46 6 8 0.03217904 
902 31 8 10 0.03216066 
751 111 7 10 0.03214931 
953 119 7 10 0.032111865 
761 125 10 12 0.032068394 
134 7 8 9 0.03206375 
530 120 8 10 0.032034934 
957 283 12 14 0.03202902 
777 189 8 11 0.032027975 
674 252 13 15 0.03201913 
127 112 8 9 0.0320127 
183 103 8 10 0.031998828 
541 238 9 11 0.03198449 
570 223 9 10 0.031945884 
746 96 7 9 0.031940684 
231 125 8 10 0.031936 
649 22 7 9 0.031933565 
216 205 9 12 0.0318945 
682 2 8 9 0.03189334 
541 151 7 11 0.0318891 
176 199 9 10 0.031879313 
853 207 9 11 0.031873044 
578 103 8 9 0.031850033 
549 252 10 13 0.03183689 
761 104 9 10 0.031831585 
550 393 22 31 0.031827684 
520 157 9 11 0.031752825 
584 184 7 10 0.0317469 
724 252 11 15 0.03170727 
632 84 8 10 0.03168193 
44 195 12 14 0.031652797 
215 33 7 8 0.0316108 
991 5 9 9 0.0316082 
289 88 6 9 0.031593364 
944 248 11 13 0.03155822 
949 103 8 10 0.031549614 
888 169 9 10 0.03153405 
321 39 7 9 0.031516306 
217 145 7 9 0.03149659 
162 63 8 10 0.031489898 
582 229 8 10 0.03148725 
22 187 14 20 0.03146106 
799 72 8 10 0.03146015 
391 16 7 8 0.031415574 
247 79 7 10 0.031393144 
224 23 7 9 0.03138553 
741 152 9 11 0.031383492 
847 183 7 10 0.031369865 
798 268 7 10 0.03135425 
276 226 12 16 0.031319786 
771 47 8 11 0.03131499 
260 285 12 16 0.03128679 
336 46 8 10 0.031282496 
808 263 10 12 0.031270478 
675 261 15 16 0.031229926 
382 32 8 10 0.031203197 
551 3 8 8 0.031180697 
398 40 7 8 0.031157814 
705 47 7 8 0.031141212 
879 33 7 9 0.031132279 
1015 39 8 11 0.031091515 
720 119 8 10 0.031078834 
689 39 8 9 0.031051377 
912 119 7 9 0.03103976 
386 69 8 11 0.03103395 
910 160 7 10 0.031033512 
134 70 7 10 0.031021977 
327 119 8 9 0.03101507 
871 175 8 10 0.031013504 
246 41 8 10 0.031004624 
343 221 11 16 0.03098141 
142 128 8 9 0.030980641 
671 275 13 17 0.030892417 
968 186 9 13 0.030892037 
522 55 7 10 0.03086461 
32 128 11 14 0.03082371 
566 158 8 9 0.030795228 
152 149 7 9 0.030787963 
679 168 8 8 0.030742811 
894 97 7 9 0.030738225 
844 275 11 14 0.030736145 
966 71 8 8 0.030724585 
501 198 9 12 0.030718053 
879 38 7 9 0.030680014 
307 245 31 34 0.030650899 
735 21 7 10 0.030644828 
22 251 13 18 0.030635856 
145 119 8 10 0.03059146 
380 277 13 17 0.030580897 
209 30 7 9 0.030575931 
865 230 9 11 0.030565389 
950 127 8 11 0.030539935 
794 15 6 9 0.030521575 
735 78 8 10 0.03051912 
78 135 9 11 0.030501602 
114 80 8 10 0.030501556 
889 200 9 12 0.03046448 
600 206 8 9 0.030450718 
378 139 9 12 0.030401161 
840 56 8 9 0.030376602 
177 63 7 8 0.0303697 
360 275 10 14 0.030327749 
520 72 8 10 0.030319355 
94 9 9 10 0.030305348 
207 158 8 10 0.0302949 
892 198 10 12 0.030292965 
583 45 9 10 0.030268252 
771 220 12 13 0.03026592 
167 56 7 9 0.030255286 
823 40 8 9 0.03025392 
792 61 7 9 0.0302331 
133 278 12 15 0.030186782 
358 217 9 12 0.03016312 
928 125 8 10 0.030056383 
879 271 10 12 0.030051362 
745 127 8 10 0.030047467 
919 5 7 9 0.030033395 
673 175 8 10 0.030020228 
176 105 8 9 0.030002918 
271 45 7 9 0.02999852 
552 361 15 19 0.02997185 
693 167 8 10 0.029960962 
736 8 9 10 0.029901773 
441 38 7 9 0.029895347 
985 73 8 10 0.029894587 
337 144 9 11 0.029880125 
270 112 8 10 0.029864164 
321 126 9 10 0.029862344 
607 404 18 22 0.029828861 
847 16 8 10 0.029819548 
154 95 7 9 0.029787255 
186 152 7 9 0.02973635 
840 192 7 10 0.029701455 
182 194 10 12 0.029686088 
563 15 7 9 0.029685628 
600 46 7 10 0.029657511 
814 32 8 10 0.029615482 
190 126 7 9 0.029609464 
687 111 7 9 0.029605519 
511 80 9 11 0.029599939 
934 119 7 10 0.029553104 
505 214 9 10 0.029534698 
624 214 8 9 0.02951552 
894 127 8 10 0.029504668 
607 392 18 25 0.029494144 
670 143 7 9 0.029439736 
756 251 13 16 0.029429961 
214 196 9 11 0.02942958 
727 182 8 10 0.029416401 
593 200 7 9 0.02940001 
184 56 7 9 0.029390601 
297 79 7 8 0.02936591 
695 263 12 16 0.029327994 
151 55 7 9 0.029317683 
846 334 10 14 0.029310806 
761 132 9 13 0.029278222 
781 190 8 11 0.02926323 
887 282 10 14 0.02925013 
303 88 8 10 0.029230645 
658 117 7 9 0.029192735 
729 223 8 11 0.029165113 
844 321 13 18 0.02916433 
817 354 14 17 0.029159278 
880 7 7 10 0.029143112 
122 133 8 11 0.029141063 
1001 416 23 26 0.029121645 
950 111 8 10 0.02908118 
862 174 11 13 0.029074525 
352 56 8 9 0.029070798 
833 199 9 11 0.029020313 
785 116 7 10 0.029014625 
764 266 11 14 0.029011628 
327 63 8 9 0.029011184 
552 167 8 10 0.029006863 
888 213 9 12 0.028997071 
450 120 18 25 0.028989293 
615 103 8 10 0.028957076 
711 49 6 8 0.02893626 
57 160 10 12 0.02892794 
583 9 7 8 0.02890343 
415 79 7 9 0.028896594 
806 72 7 9 0.028890397 
371 278 21 28 0.028881552 
243 275 28 31 0.02888012 
440 32 7 9 0.028868219 
57 46 7 9 0.028861105 
561 104 7 8 0.028860187 
898 31 8 10 0.028836379 
823 22 7 9 0.028820625 
642 379 21 29 0.02881394 
270 220 12 17 0.028803153 
864 96 8 10 0.028796773 
674 47 7 9 0.028781159 
142 251 13 16 0.02876285 
558 46 8 10 0.028712122 
741 270 15 19 0.028710015 
864 268 9 11 0.028682414 
733 47 7 9 0.028672043 
680 80 7 9 0.02862235 
658 181 9 11 0.028619722 
881 110 7 9 0.028603254 
199 31 8 9 0.028545778 
654 63 8 11 0.028538326 
734 104 8 9 0.028527325 
838 214 8 12 0.028476736 
841 323 10 14 0.028475871 
557 268 10 13 0.028426187 
542 292 10 13 0.02835623 
767 403 24 29 0.02833611 
576 24 8 9 0.02832018 
263 16 7 10 0.02831143 
0 134 8 12 0.028295923 
177 174 8 11 0.02826695 
671 40 7 9 0.0282572 
829 110 8 10 0.028184904 
24 39 8 10 0.028159695 
240 290 27 31 0.028154317 
624 129 8 10 0.028151838 
920 89 7 8 0.028144734 
297 47 7 10 0.02814375 
734 259 12 17 0.028136464 
911 419 22 29 0.028134573 
362 269 24 30 0.02812293 
328 97 8 9 0.028098239 
696 119 7 9 0.028079908 
722 282 13 16 0.028025268 
282 71 7 10 0.02801044 
911 48 8 9 0.027992351 
958 266 13 16 0.027985103 
592 117 7 9 0.027972128 
929 167 9 11 0.027922902 
581 216 8 10 0.027903961 
144 215 9 12 0.027858365 
242 62 7 9 0.027853794 
834 13 7 9 0.027844494 
717 184 9 11 0.027828304 
158 108 8 11 0.027825667 
576 14 7 10 0.027809102 
537 174 7 8 0.027805546 
888 190 9 11 0.027803972 
908 413 19 23 0.02779896 
103 177 9 11 0.027761536 
9 21 7 9 0.027748028 
601 159 8 9 0.02774343 
237 275 11 15 0.027728874 
657 129 7 9 0.027725356 
1006 65 7 10 0.027719352 
838 159 8 11 0.027717616 
273 16 7 9 0.027703697 
953 32 8 9 0.027661372 
904 148 8 10 0.027646566 
137 176 7 9 0.027645119 
113 174 9 10 0.027638203 
23 72 8 9 0.02758921 
313 80 7 9 0.027573459 
183 137 8 9 0.02754977 
621 166 8 10 0.027546667 
166 135 8 9 0.027541602 
950 347 12 15 0.027529046 
5 235 12 15 0.027521005 
837 343 20 24 0.02751865 
112 260 10 13 0.027500758 
288 62 7 9 0.027454618 
190 22 8 10 0.027445225 
889 51 8 10 0.027442183 
499 394 15 16 0.027422208 
382 55 19 26 0.027403742 
290 104 7 9 0.02740167 
337 119 7 10 0.02736359 
672 268 13 16 0.0273101 
837 7 8 9 0.027309146 
136 128 8 9 0.02725684 
735 253 11 15 0.027226875 
352 23 7 9 0.02721608 
758 79 7 10 0.027215455 
984 169 8 11 0.027201785 
850 31 6 8 0.027182203 
904 127 8 10 0.027169561 
327 48 8 10 0.027137874 
95 159 9 11 0.027114475 
935 168 8 10 0.027105322 
859 341 12 15 0.027102018 
745 120 7 9 0.027070815 
95 183 9 11 0.027052887 
265 40 8 10 0.027022857 
407 78 7 10 0.027013335 
629 258 12 14 0.026987875 
303 93 8 10 0.02698092 
821 240 8 10 0.026980357 
331 219 38 50 0.026974741 
582 283 20 24 0.02697197 
647 351 23 27 0.026935829 
824 307 11 15 0.026926005 
552 175 8 10 0.02689549 
824 9 7 9 0.026859941 
170 167 8 9 0.026843574 
751 32 8 10 0.026838947 
552 227 10 12 0.02680319 
56 29 7 9 0.026770275 
716 401 25 34 0.026746407 
233 73 8 8 0.026734943 
110 132 8 11 0.0267326 
77 189 9 11 0.026728446 
567 23 8 9 0.026721131 
111 14 8 10 0.026687894 
992 219 12 17 0.026677327 
832 363 24 29 0.026664421 
157 227 11 16 0.026646929 
185 227 20 24 0.026635405 
65 29 7 9 0.026631199 
920 229 10 13 0.026617065 
201 15 8 9 0.026560478 
335 80 8 9 0.026541078 
575 128 7 10 0.026539307 
863 63 6 8 0.026531655 
89 149 7 9 0.026510619 
924 211 11 13 0.026509326 
936 298 9 13 0.026500424 
384 14 7 10 0.026487125 
975 85 8 9 0.026479905 
14 22 8 9 0.02647757 
-1 224 7 12 0.026436036 
928 261 10 12 0.026426544 
182 178 19 24 0.026424196 
855 86 8 10 0.026398897 
143 247 10 12 0.026379695 
847 191 7 10 0.026374903 
799 152 8 10 0.026373899 
912 276 9 11 0.02635245 
799 61 9 10 0.02634068 
872 111 7 10 0.026329707 
945 118 8 9 0.02624578 
191 48 6 9 0.026222346 
882 384 17 19 0.026221024 
975 169 10 11 0.026202105 
856 276 10 12 0.02617521 
509 303 21 26 0.026171781 
392 32 8 9 0.026169376 
153 87 7 9 0.026166743 
631 213 8 11 0.026162876 
617 134 7 9 0.026158776 
768 38 7 9 0.026149005 
735 196 10 12 0.026118938 
956 44 9 11 0.02610515 
993 48 7 10 0.026092011 
665 242 18 23 0.026062125 
770 152 7 10 0.026053267 
578 95 6 9 0.026041564 
781 253 10 13 0.026039004 
685 95 8 11 0.026022572 
353 31 7 9 0.026004989 
676 239 11 12 0.025983917 
651 400 25 34 0.025976796 
889 124 8 10 0.025963927 
104 158 9 11 0.025961436 
560 40 7 10 0.025959106 
607 40 8 10 0.025954872 
256 199 9 11 0.025950773 
702 205 9 12 0.025934977 
913 5 8 10 0.025907878 
973 251 12 14 0.025895946 
549 261 11 15 0.025893074 
577 200 8 10 0.025857136 
670 342 16 20 0.02584356 
879 167 9 12 0.025841683 
325 141 7 11 0.025838401 
200 160 7 9 0.02582621 
384 23 7 8 0.025807608 
617 6 9 10 0.025800046 
638 212 17 22 0.02577961 
646 46 8 10 0.025778186 
816 120 7 9 0.025774192 
409 24 6 9 0.025762007 
497 337 16 19 0.025756454 
811 427 26 28 0.025749587 
975 61 7 10 0.025715671 
792 151 9 11 0.025677959 
697 102 8 10 0.025669467 
205 167 7 9 0.025647862 
304 61 7 9 0.025593337 
769 175 8 10 0.025580656 
225 31 7 9 0.025562255 
150 8 7 9 0.025521204 
422 14 8 9 0.02550137 
158 96 7 9 0.025488658 
578 190 7 9 0.025485314 
825 149 9 10 0.025469655 
881 120 8 9 0.025445383 
799 99 7 10 0.025434848 
1002 441 16 24 0.025420867 
735 39 8 10 0.025420176 
864 47 7 9 0.025408149 
482 252 12 16 0.025399769 
777 109 7 10 0.025399102 
415 45 8 9 0.025385825 
825 47 8 9 0.025345042 
827 322 12 16 0.025342463 
960 255 9 11 0.025339745 
348 288 25 31 0.02531714 
185 119 9 10 0.02531647 
312 10 7 8 0.025311306 
554 87 8 10 0.025268983 
600 142 8 9 0.02526396 
793 73 8 10 0.02525585 
805 302 10 13 0.025255485 
536 261 9 10 0.025232183 
569 176 7 9 0.025228713 
726 188 9 11 0.025217641 
968 63 8 9 0.025202109 
934 111 8 9 0.025195157 
826 143 9 12 0.025192257 
888 409 15 20 0.025182772 
681 31 7 9 0.025152007 
915 223 10 12 0.025137205 
713 92 8 9 0.025134249 
894 223 8 10 0.025115414 
567 194 7 9 0.02510079 
589 32 9 10 0.025081158 
127 127 8 9 0.025070159 
795 314 12 15 0.025069268 
191 72 8 10 0.0250499 
833 65 6 8 0.02504859 
592 238 8 11 0.025026973 
893 279 9 13 0.025022494 
233 145 6 8 0.025010433 
58 15 8 9 0.024990015 
515 321 16 18 0.024984188 
76 80 8 10 0.024959937 
424 30 7 9 0.024953058 
350 124 8 10 0.02495147 
344 23 8 9 0.02493041 
694 47 7 8 0.024904553 
553 158 7 9 0.024899399 
48 127 11 13 0.024879428 
754 38 7 9 0.024871329 
718 240 9 12 0.024830667 
895 40 8 9 0.024826117 
184 38 7 9 0.024820767 
581 269 10 13 0.024809983 
714 314 11 17 0.02480757 
354 104 7 9 0.024804123 
615 53 7 10 0.024781696 
833 41 7 9 0.024777343 
408 72 8 10 0.024764702 
201 25 7 8 0.024686607 
703 352 15 21 0.024674542 
872 8 8 10 0.02466367 
401 55 8 10 0.02463358 
119 8 8 9 0.024630476 
608 300 14 17 0.02458719 
681 157 7 10 0.02457187 
712 175 9 11 0.024570938 
810 334 21 26 0.024563033 
689 173 9 10 0.024562733 
761 140 8 11 0.02455153 
648 230 19 23 0.02452528 
726 174 7 9 0.024523059 
346 15 7 9 0.024512107 
591 81 7 9 0.024506224 
782 128 9 10 0.024494622 
759 39 7 9 0.024482952 
664 104 7 10 0.024480578 
693 230 19 23 0.024479238 
878 295 18 23 0.024465805 
548 277 12 16 0.02444232 
614 111 8 10 0.024435865 
341 224 19 29 0.024420349 
671 165 7 10 0.02438711 
81 32 8 10 0.02438684 
776 63 7 10 0.024381552 
960 127 10 12 0.024371738 
22 292 13 18 0.024359932 
145 221 10 14 0.024352578 
895 314 11 15 0.024344353 
222 217 14 20 0.02432006 
327 31 7 9 0.024318065 
766 229 12 14 0.024231354 
118 233 9 12 0.02421886 
512 72 7 10 0.024216339 
209 133 8 10 0.024166094 
944 156 9 11 0.024165485 
238 263 22 28 0.024130844 
905 331 19 27 0.024119152 
810 243 10 12 0.024118051 
711 70 7 9 0.02411629 
79 253 10 13 0.024113122 
530 231 8 10 0.0241043 
321 31 6 9 0.02408942 
596 175 7 10 0.024079816 
985 130 9 12 0.024073172 
145 31 8 11 0.02405751 
518 182 8 9 0.024054436 
947 231 20 23 0.02405032 
561 234 18 23 0.024042863 
275 22 7 9 0.024040526 
506 80 7 10 0.024037082 
992 30 8 9 0.024026176 
984 2 8 8 0.024017144 
514 136 8 10 0.024010058 
515 13 8 9 0.023982942 
577 39 7 9 0.023979945 
152 80 8 9 0.023965443 
101 78 8 10 0.023961103 
179 93 8 10 0.023908095 
762 302 16 18 0.0238711 
785 105 8 9 0.023861736 
194 167 8 9 0.023844603 
997 134 8 11 0.023840241 
87 136 8 11 0.023829259 
762 7 8 9 0.02382692 
295 133 8 10 0.023799356 
422 40 8 10 0.023780027 
551 267 10 14 0.02374378 
886 40 19 25 0.02371251 
169 143 7 9 0.023667157 
378 126 8 10 0.023664754 
850 214 9 11 0.023659756 
995 223 14 20 0.023654548 
854 333 13 17 0.023652557 
920 407 17 22 0.023648808 
824 31 8 9 0.023643723 
194 141 8 10 0.02364225 
241 80 7 10 0.023614362 
120 144 6 8 0.023578279 
312 56 7 10 0.023555405 
765 235 11 13 0.02355037 
630 223 8 11 0.02353999 
306 39 8 9 0.023521496 
251 283 16 17 0.023518255 
983 6 9 10 0.023511853 
110 159 8 11 0.023510274 
654 23 7 9 0.023507137 
96 175 8 10 0.023502728 
918 76 7 10 0.023497129 
607 93 7 9 0.023482949 
601 56 6 8 0.02346963 
522 61 7 10 0.023467747 
678 393 29 36 0.02345105 
112 103 8 10 0.023438403 
666 86 8 10 0.023437684 
775 197 9 13 0.023436189 
666 95 8 10 0.02343489 
575 415 29 36 0.023432795 
169 150 8 9 0.023424694 
750 319 24 29 0.023418222 
895 232 9 11 0.023417236 
104 111 9 10 0.02341482 
800 23 7 8 0.023407144 
327 23 7 9 0.02338768 
144 109 8 10 0.023384245 
79 147 9 11 0.023380052 
4 110 9 12 0.023374204 
312 30 6 9 0.02337034 
758 221 8 11 0.02336779 
997 141 8 12 0.023340255 
232 79 8 10 0.023299795 
622 175 8 10 0.023293259 
937 134 8 11 0.023285784 
856 295 11 13 0.023282986 
767 80 8 9 0.023282291 
105 13 9 10 0.02327467 
359 8 9 10 0.023264889 
719 222 9 11 0.023261374 
613 252 10 12 0.023246337 
913 252 9 11 0.023242801 
934 413 27 33 0.023231458 
558 180 9 11 0.02322923 
85 261 12 16 0.02319525 
897 65 6 8 0.023186041 
39 295 21 24 0.023169128 
42 96 8 9 0.02316756 
503 317 23 27 0.02316411 
81 103 8 9 0.023149157 
328 214 10 13 0.023142766 
119 94 9 12 0.023139136 
850 8 7 8 0.023124432 
545 79 7 9 0.023110386 
799 179 8 11 0.02308552 
8 476 16 21 0.023085514 
775 267 10 13 0.02307649 
117 282 49 60 0.023073286 
200 137 6 9 0.023072362 
400 104 8 9 0.0230653 
828 333 12 15 0.023057636 
686 55 8 9 0.023054136 
806 449 27 33 0.023045095 
631 183 8 10 0.023041215 
955 365 15 17 0.023029132 
104 104 7 8 0.023024548 
64 198 10 12 0.022990938 
25 180 21 27 0.022979977 
32 41 6 9 0.02297216 
4 185 19 27 0.022960825 
177 23 7 9 0.022951264 
328 127 7 9 0.022943417 
611 285 14 16 0.02294038 
24 85 8 11 0.022924878 
423 23 8 10 0.022919305 
86 186 18 23 0.022885557 
901 195 21 25 0.022881093 
542 223 8 10 0.022847092 
964 264 14 16 0.02283114 
845 292 10 13 0.022823263 
372 218 15 19 0.022815622 
470 109 10 14 0.022799088 
920 160 9 11 0.022798901 
638 118 7 9 0.02278786 
721 152 7 9 0.022763884 
896 133 8 10 0.022750486 
818 9 7 9 0.022740837 
713 104 9 10 0.022735821 
558 1 8 8 0.022734934 
23 95 7 10 0.022733547 
655 69 8 11 0.022725 
700 273 12 16 0.022690639 
712 325 14 19 0.022687266 
992 25 8 10 0.022686284 
572 415 14 19 0.02267121 
857 103 8 10 0.022661217 
13 291 13 18 0.022646096 
174 204 11 11 0.022629326 
670 240 10 12 0.022620048 
924 226 20 23 0.022610009 
986 424 22 33 0.022585107 
617 40 7 9 0.02258023 
782 268 9 11 0.022565924 
919 287 9 11 0.022555599 
844 359 16 21 0.02254006 
1011 435 14 21 0.022530034 
889 434 16 21 0.022525337 
781 159 8 11 0.022518488 
192 94 8 10 0.022511896 
51 187 11 14 0.022509139 
136 57 7 9 0.022478 
341 103 8 10 0.022456635 
614 213 8 10 0.022454208 
695 199 9 12 0.022452744 
126 47 7 9 0.022449957 
935 127 8 10 0.022406455 
832 296 20 24 0.022363232 
599 168 8 9 0.02235295 
895 52 7 10 0.022347407 
257 111 8 10 0.022346865 
276 264 13 19 0.022343444 
313 95 7 8 0.022327607 
1011 415 14 19 0.022305094 
272 32 8 10 0.022299644 
31 57 8 9 0.022295704 
825 131 9 12 0.022293147 
923 404 25 33 0.022286959 
591 55 7 9 0.022283515 
244 289 17 19 0.022262264 
376 14 9 10 0.022260338 
880 74 17 23 0.022256032 
864 32 7 9 0.022250336 
641 41 7 9 0.022239238 
179 189 9 12 0.022210587 
937 446 17 21 0.022197172 
133 118 8 10 0.022195205 
583 54 10 10 0.022154251 
831 204 8 10 0.022153642 
857 307 18 23 0.02214464 
832 340 12 16 0.022132793 
310 172 9 12 0.022132065 
832 219 10 13 0.022121148 
965 238 9 11 0.022093942 
574 53 7 10 0.022069316 
848 200 7 8 0.022057317 
102 208 19 24 0.022054637 
1015 168 9 11 0.022043586 
591 127 7 9 0.022041524 
1016 31 7 11 0.02201001 
497 89 8 9 0.022006538 
312 40 6 8 0.021998925 
543 53 7 9 0.021998584 
722 46 7 9 0.021955457 
470 117 10 15 0.021944636 
749 387 24 27 0.021931717 
870 223 9 12 0.021925071 
703 166 9 10 0.021875318 
816 94 7 8 0.021872912 
996 211 13 18 0.021857731 
625 338 16 20 0.021843059 
661 358 17 22 0.021841528 
799 221 7 10 0.021837924 
973 155 12 13 0.021824852 
663 119 7 9 0.02182363 
727 265 96 114 0.02182214 
768 166 7 10 0.021813463 
591 400 18 22 0.02181103 
25 45 8 10 0.021810839 
583 63 8 10 0.021731645 
537 270 10 12 0.021730542 
128 276 12 15 0.021703178 
940 395 24 30 0.021664139 
149 222 19 25 0.021658767 
145 37 8 10 0.021653423 
305 15 7 9 0.021638822 
272 198 10 12 0.021621222 
9 72 7 9 0.021617366 
450 110 49 59 0.021616442 
838 175 8 9 0.021612266 
813 149 8 10 0.021609934 
489 273 14 17 0.021566618 
231 109 7 9 0.021559112 
288 30 7 9 0.021556921 
287 48 7 9 0.021545382 
935 224 7 9 0.021543093 
340 295 74 105 0.021541119 
784 104 18 24 0.021517208 
958 88 8 10 0.021504229 
23 32 8 8 0.021492766 
736 1 8 9 0.02148974 
816 38 7 10 0.021450909 
998 5 8 9 0.021433732 
202 125 8 10 0.021418618 
596 370 18 21 0.021399902 
236 205 12 15 0.021382982 
4 313 23 29 0.021357026 
304 48 7 9 0.02135698 
630 38 9 11 0.021355713 
224 15 7 9 0.02135498 
271 73 8 9 0.021351712 
911 62 7 9 0.021343196 
252 291 15 18 0.021332122 
979 210 11 13 0.021325406 
207 8 8 9 0.021313854 
328 72 7 9 0.02130862 
766 135 9 11 0.021289466 
351 274 25 32 0.021267705 
871 387 23 27 0.021264732 
705 79 8 9 0.021251706 
582 260 10 13 0.021249829 
360 62 6 9 0.021240868 
970 46 7 9 0.021225117 
599 118 8 9 0.021212623 
550 71 8 10 0.021211307 
669 182 9 11 0.02120406 
103 247 10 12 0.02118502 
327 135 7 11 0.02118359 
134 221 11 14 0.0211798 
488 227 11 14 0.021175727 
445 105 28 38 0.02117144 
535 278 19 24 0.021149797 
567 119 7 9 0.021144424 
920 64 7 9 0.021125207 
109 469 29 36 0.021125121 
260 222 20 28 0.021119248 
89 275 21 27 0.021109283 
731 362 13 19 0.021097409 
946 166 18 23 0.021094307 
304 79 8 8 0.021087008 
320 118 8 10 0.021068243 
840 15 7 10 0.021063259 
754 154 19 24 0.021052362 
792 23 6 8 0.021048808 
896 242 18 23 0.021038411 
989 426 12 20 0.021038184 
965 133 8 10 0.021007806 
81 246 10 12 0.021004844 
744 31 7 10 0.020988096 
200 112 7 8 0.020960608 
201 151 7 9 0.0209229 
629 311 17 23 0.020920068 
377 23 8 9 0.020919872 
104 119 9 10 0.020916246 
767 277 11 13 0.020913342 
719 93 7 9 0.020901168 
693 204 11 13 0.020897465 
877 332 20 24 0.020895664 
169 118 8 9 0.020892406 
663 55 8 9 0.020888643 
792 128 19 24 0.020888384 
816 109 8 10 0.020875923 
280 62 6 9 0.02087008 
966 166 9 11 0.020869957 
698 82 19 24 0.020772945 
235 234 12 15 0.020771148 
761 0 8 9 0.020763528 
780 477 29 30 0.020759696 
983 56 6 8 0.020735856 
839 283 10 14 0.020716105 
616 17 7 10 0.020710357 
984 109 8 11 0.020696908 
749 80 19 24 0.020696877 
656 206 8 11 0.020690136 
256 127 9 11 0.020681927 
809 466 19 24 0.020676155 
840 270 10 12 0.02067332 
550 189 8 11 0.020672157 
957 311 10 12 0.020667672 
175 149 7 9 0.02063636 
138 164 7 10 0.020625124 
738 406 28 35 0.020624002 
501 103 8 10 0.020619709 
401 61 8 11 0.020611031 
398 47 7 9 0.020594448 
991 259 11 15 0.020592883 
999 125 9 10 0.02057679 
197 255 14 17 0.020562831 
29 103 8 10 0.02054393 
561 73 8 10 0.020540489 
592 182 8 10 0.02052517 
623 252 10 12 0.020511152 
695 32 7 9 0.020510696 
160 39 8 10 0.020497091 
932 234 10 14 0.02049703 
25 56 7 9 0.02048555 
72 94 8 11 0.020476775 
490 258 20 25 0.020450128 
511 232 9 11 0.020442566 
621 393 13 19 0.020436551 
734 206 9 12 0.020435017 
918 117 8 10 0.020433439 
254 102 8 10 0.020429814 
586 142 8 9 0.020429192 
663 23 8 9 0.020424984 
802 355 22 25 0.020422671 
13 486 29 34 0.020410407 
238 93 8 9 0.020403093 
145 249 24 27 0.020392857 
486 237 11 15 0.020387417 
490 216 8 11 0.020357186 
825 95 7 9 0.020355778 
733 283 13 17 0.020328885 
607 159 8 9 0.020321466 
382 109 8 10 0.020291192 
243 211 13 19 0.02029069 
674 8 7 9 0.020288602 
761 172 9 11 0.02027895 
560 6 21 26 0.0202479 
709 228 11 13 0.020245356 
951 315 11 13 0.020229893 
-1 205 7 13 0.020218095 
185 31 7 10 0.020202212 
423 46 7 8 0.020200511 
923 237 9 12 0.02019688 
591 272 10 12 0.02019419 
169 46 7 9 0.020162616 
313 147 10 13 0.020149952 
359 301 27 34 0.020141521 
860 331 12 16 0.020131016 
107 94 8 10 0.020111501 
752 152 8 10 0.02011122 
672 129 8 9 0.020098133 
847 417 38 48 0.020091286 
376 65 7 9 0.020078776 
239 14 7 9 0.02007828 
551 120 18 25 0.020071633 
559 23 7 9 0.020065889 
214 133 8 9 0.020032715 
964 231 10 12 0.020010693 
966 351 14 18 0.020005222 
