2_Demonstration_Demonstrators_2_413
141
129 241 25 31 0.9907864 
383 185 19 23 0.93303585 
493 177 15 21 0.9305835 
109 237 13 20 0.9168485 
281 225 17 21 0.9016847 
525 166 9 12 0.6218449 
882 112 26 38 0.51940453 
20 234 16 21 0.5102242 
182 261 12 17 0.47320428 
419 201 14 20 0.44925985 
148 225 13 17 0.44437575 
359 192 15 19 0.4270855 
0 262 14 23 0.30948105 
114 322 29 34 0.28781784 
277 220 16 20 0.24284743 
98 289 17 21 0.2043229 
166 252 14 20 0.19359684 
246 214 11 14 0.1825703 
315 209 14 18 0.17893435 
422 194 22 29 0.17686039 
342 198 10 13 0.12404987 
44 249 33 41 0.12138631 
564 171 11 15 0.105967745 
351 208 14 19 0.09266191 
697 38 64 60 0.090130314 
959 94 11 14 0.086592406 
204 247 16 20 0.07964834 
356 199 15 21 0.07891961 
466 153 14 17 0.07744633 
958 96 25 37 0.07705944 
289 205 10 12 0.076241285 
511 167 8 10 0.07357117 
226 232 14 20 0.06850278 
631 79 53 75 0.06830887 
36 255 49 59 0.06690214 
435 190 23 30 0.061937347 
341 201 13 19 0.061778903 
174 257 14 19 0.061622124 
284 292 13 15 0.055711728 
910 114 42 51 0.055268534 
585 180 33 39 0.054806508 
44 236 28 35 0.054726698 
254 238 11 15 0.05389767 
68 303 30 39 0.05320726 
25 228 15 21 0.049848646 
301 209 13 18 0.049413633 
562 186 49 62 0.04892769 
875 386 158 210 0.04750951 
243 209 20 24 0.045593712 
272 217 15 19 0.04499352 
393 186 14 20 0.044939622 
733 274 353 489 0.044580694 
100 230 21 28 0.044213902 
251 212 14 17 0.04260918 
25 224 46 56 0.042179756 
77 269 12 16 0.042107962 
272 258 13 19 0.041882273 
35 231 25 35 0.04135495 
161 257 14 19 0.04016027 
333 208 14 19 0.0396554 
247 243 14 18 0.037147764 
54 308 37 45 0.036888476 
262 214 11 14 0.036333 
323 209 13 19 0.03575006 
983 98 42 70 0.03380925 
229 212 11 14 0.033641644 
47 279 47 62 0.03362353 
520 161 18 22 0.033540335 
560 167 11 16 0.032387372 
450 188 16 22 0.031644925 
687 269 121 164 0.031596884 
37 228 16 20 0.03138345 
0 252 22 36 0.031070923 
404 199 16 21 0.03071561 
448 159 11 12 0.030581273 
66 249 14 20 0.030503197 
56 245 19 25 0.030102246 
37 244 27 35 0.029964332 
223 222 12 15 0.0296818 
956 95 16 23 0.029567968 
31 257 12 16 0.029270336 
404 186 13 18 0.029134005 
521 169 11 13 0.028801758 
261 292 9 14 0.02844994 
36 256 17 20 0.028260345 
154 242 21 30 0.028246347 
560 166 20 29 0.028157435 
351 206 24 30 0.027856234 
504 166 9 12 0.027691998 
478 179 12 16 0.027664097 
6 242 25 33 0.027452936 
457 152 24 27 0.026894275 
199 230 24 30 0.02685496 
565 203 30 35 0.026726158 
198 242 16 21 0.02632654 
76 267 23 29 0.026210483 
191 252 22 27 0.026177451 
91 303 38 50 0.026048403 
412 197 15 22 0.026029332 
620 152 31 34 0.025745964 
625 307 42 52 0.025250161 
144 242 16 23 0.02518805 
228 221 13 16 0.025102 
138 236 17 23 0.02483377 
83 297 26 34 0.024766464 
259 209 24 29 0.024755742 
300 217 13 18 0.024472049 
16 233 86 101 0.024373474 
238 291 14 18 0.024219327 
352 189 13 16 0.023877257 
253 207 11 14 0.023768019 
189 222 26 30 0.023668388 
522 161 9 11 0.023540683 
58 266 45 55 0.023524802 
958 109 15 21 0.023516372 
210 223 22 28 0.023326194 
790 111 47 49 0.023287341 
230 230 21 28 0.02321796 
244 293 14 17 0.023174198 
183 251 20 24 0.023124663 
508 181 10 13 0.022989715 
59 257 26 34 0.022948604 
171 288 17 21 0.022030456 
445 195 26 30 0.021947917 
22 505 38 49 0.021828027 
156 221 12 17 0.02179848 
932 95 37 50 0.02175188 
292 218 15 21 0.02173327 
553 157 9 13 0.0216957 
545 197 10 13 0.02103543 
293 208 14 20 0.020722676 
27 254 30 35 0.020569233 
357 183 12 15 0.020457987 
354 276 12 14 0.020283835 
322 217 13 18 0.020189531 
27 242 23 30 0.020176131 
456 181 24 33 0.02015732 
114 237 23 33 0.020152228 
238 217 13 18 0.020032896 
524 212 13 16 0.020025115 
955 96 41 59 0.020016968 
