2_Demonstration_Demonstration_Or_Protest_2_200
288
276 217 38 47 0.9975435 
808 489 59 61 0.9961278 
85 129 31 42 0.9946918 
71 265 40 50 0.9935992 
285 169 24 31 0.9858385 
388 224 22 31 0.9833429 
851 323 40 49 0.9808384 
176 220 34 44 0.9798585 
792 383 42 53 0.9773812 
226 190 26 34 0.9687496 
13 364 39 52 0.96416205 
883 164 27 34 0.933359 
356 156 21 28 0.9194451 
22 71 14 18 0.86885434 
942 303 39 46 0.8648754 
275 67 12 15 0.862532 
399 47 14 19 0.83229184 
365 113 14 16 0.819629 
895 299 33 40 0.7445172 
310 97 14 17 0.7293499 
315 371 42 50 0.718068 
461 10 14 17 0.6973975 
395 167 22 28 0.65917754 
905 117 18 23 0.61700094 
357 27 10 13 0.6046007 
949 180 34 37 0.5545825 
351 123 13 17 0.5493162 
526 165 31 40 0.53753793 
407 140 15 18 0.53346664 
118 258 23 32 0.5173169 
842 135 21 23 0.49261615 
903 0 16 17 0.48536575 
666 381 46 67 0.39652765 
91 29 12 17 0.39475447 
999 79 22 35 0.3923959 
681 36 17 21 0.36878148 
0 315 23 40 0.30463463 
306 362 36 43 0.29758847 
36 138 13 17 0.25789183 
288 82 14 18 0.21520871 
674 373 29 48 0.20296355 
672 58 35 38 0.20203896 
884 191 16 18 0.1793829 
16 128 17 21 0.1753134 
931 77 15 18 0.17287712 
508 164 35 38 0.16530064 
548 352 21 30 0.15353669 
909 152 14 20 0.15257661 
902 289 30 34 0.14154881 
356 115 17 22 0.14010686 
883 303 32 42 0.14003322 
362 146 16 23 0.13769335 
945 10 10 13 0.1371825 
501 5 11 15 0.12839013 
345 178 25 32 0.12560785 
44 114 21 32 0.12147367 
316 322 17 21 0.12024908 
529 86 10 14 0.11726187 
353 1 10 11 0.11395902 
407 486 54 51 0.109835595 
2 90 14 20 0.10886455 
977 28 10 13 0.10881867 
956 325 33 42 0.10194726 
844 192 24 30 0.098148294 
303 360 25 29 0.0964427 
349 168 24 30 0.086996615 
394 147 21 30 0.08608568 
54 256 25 34 0.08478371 
545 176 15 22 0.08273128 
341 311 18 23 0.078322686 
363 184 23 32 0.078057684 
1 86 10 16 0.07648384 
316 171 15 19 0.076119065 
300 171 24 30 0.07447996 
760 72 8 10 0.07376735 
525 115 12 16 0.07348632 
758 84 10 14 0.0716784 
312 172 23 30 0.07134598 
488 39 11 13 0.071253926 
405 390 11 13 0.07074855 
799 12 15 18 0.07065122 
864 309 40 51 0.07062613 
77 91 14 19 0.07026098 
14 23 8 10 0.06935412 
813 0 9 10 0.06691931 
460 342 13 17 0.06678784 
35 145 14 20 0.06588339 
70 36 9 12 0.06486145 
681 374 18 25 0.06235518 
29 39 8 11 0.061425608 
210 188 14 19 0.060660504 
477 28 11 13 0.05993532 
692 3 16 19 0.056684185 
938 76 14 16 0.05607406 
357 173 24 31 0.05601027 
768 332 40 46 0.05598083 
92 1 15 12 0.055835254 
341 199 31 39 0.055497088 
63 53 11 15 0.054145053 
724 480 44 62 0.053264778 
197 185 14 18 0.052481227 
31 45 9 11 0.05165918 
24 127 21 29 0.050411213 
919 391 40 53 0.049333658 
379 150 25 36 0.048710622 
875 27 12 15 0.048020102 
99 1 15 15 0.0477743 
1 208 12 23 0.046518035 
898 144 24 30 0.046144843 
65 260 32 39 0.045410194 
855 35 13 16 0.045115396 
849 65 16 20 0.045064956 
912 115 22 29 0.04466535 
339 186 26 37 0.0444595 
713 20 10 12 0.044358566 
766 0 12 12 0.044011068 
11 248 26 40 0.043871593 
154 204 12 16 0.04354359 
84 391 14 19 0.042189542 
803 321 40 48 0.041966412 
758 76 10 14 0.0412808 
367 131 12 17 0.041099314 
517 98 26 38 0.040782485 
989 251 12 14 0.04047935 
85 20 15 19 0.03984029 
366 158 24 34 0.039649494 
157 246 11 15 0.039535142 
11 93 13 18 0.038654745 
366 145 20 33 0.03843095 
32 380 37 39 0.038316686 
386 209 25 33 0.038163617 
63 254 15 18 0.037651356 
803 4 12 14 0.03761785 
892 148 16 19 0.037153225 
524 86 22 31 0.03665261 
347 207 16 22 0.036391787 
22 23 9 11 0.036283795 
875 6 15 16 0.035989344 
372 273 25 31 0.035964586 
2 327 15 23 0.03557613 
399 139 15 20 0.035169177 
60 249 24 29 0.035119403 
80 29 11 14 0.034792997 
83 11 16 17 0.034711946 
48 127 23 37 0.034643665 
295 356 73 90 0.034549203 
262 76 8 12 0.0344931 
356 184 16 22 0.033877447 
911 48 10 12 0.03386251 
652 43 49 63 0.033776432 
40 126 21 32 0.033561617 
123 253 18 22 0.03349843 
392 501 101 101 0.032944784 
214 236 10 15 0.032815855 
886 156 15 17 0.032661486 
788 332 40 48 0.032313455 
319 79 10 12 0.032238226 
318 85 10 12 0.032179724 
127 255 26 34 0.03162828 
67 125 37 51 0.031608537 
62 1 9 9 0.030962031 
6 127 23 31 0.030753033 
691 42 13 17 0.03070527 
573 60 11 14 0.030654835 
544 11 44 59 0.030596811 
53 139 26 37 0.030574623 
140 0 13 10 0.030170918 
432 13 10 14 0.03015181 
392 21 9 12 0.030019324 
48 13 9 11 0.029929748 
911 290 19 21 0.029917533 
1 15 8 12 0.029739728 
567 55 11 12 0.02960259 
715 14 11 13 0.029386917 
680 354 45 59 0.029252997 
106 1 14 14 0.02919646 
373 193 25 32 0.029029587 
353 23 12 14 0.028827876 
189 184 15 19 0.02876918 
540 70 14 17 0.028537376 
314 355 18 23 0.028512944 
451 226 13 18 0.028286329 
359 111 13 16 0.02820946 
0 91 21 32 0.02799798 
236 142 15 19 0.02786691 
453 342 23 29 0.02779896 
907 7 14 17 0.027796168 
788 9 15 17 0.027622806 
862 187 12 17 0.027275538 
868 58 13 17 0.027150584 
1005 284 16 19 0.026955083 
539 343 43 53 0.026745528 
657 335 48 61 0.026675092 
892 299 18 23 0.026655808 
568 60 11 13 0.026377633 
447 356 10 14 0.02630726 
94 200 27 38 0.026256323 
816 11 11 15 0.02621501 
974 304 26 38 0.026190573 
467 339 16 19 0.026122328 
561 0 15 14 0.026117144 
665 366 29 41 0.026071433 
863 58 12 17 0.026043745 
806 0 13 11 0.026019663 
73 96 13 17 0.025992643 
902 128 27 33 0.025921928 
300 87 18 24 0.025921008 
789 83 14 18 0.025897007 
1007 24 15 22 0.025894003 
388 146 15 23 0.025880765 
325 172 24 32 0.025839169 
923 77 10 14 0.025756042 
585 329 47 60 0.025644874 
915 306 27 33 0.025358874 
77 383 23 32 0.02526879 
789 76 13 17 0.025165958 
617 387 51 65 0.024942324 
850 186 17 22 0.024931373 
41 31 9 12 0.02484092 
988 177 15 18 0.024736658 
371 177 17 21 0.024680385 
928 237 39 46 0.024647566 
584 54 9 12 0.024543695 
713 37 11 17 0.024459919 
309 170 15 20 0.024422407 
946 166 53 63 0.024347309 
6 16 9 11 0.024319643 
198 177 22 29 0.024253359 
884 6 14 15 0.024221303 
56 7 9 12 0.02419537 
392 28 10 14 0.02407531 
901 291 18 20 0.023985045 
359 139 14 19 0.023957986 
392 84 11 15 0.023955155 
364 130 21 27 0.023829421 
319 55 8 10 0.023664145 
753 84 11 16 0.023392292 
682 45 28 37 0.023149945 
858 3 12 15 0.022968674 
698 352 43 55 0.022876047 
543 341 12 15 0.022813773 
173 135 31 42 0.022740752 
576 18 12 14 0.022668118 
45 259 23 34 0.02263847 
477 34 11 14 0.02252195 
743 367 37 48 0.021980029 
210 199 26 35 0.021936812 
471 21 20 25 0.021935768 
901 110 16 22 0.021882419 
150 247 15 21 0.021851037 
398 125 9 13 0.02161146 
261 207 26 34 0.021598376 
846 61 13 16 0.021577148 
23 28 9 11 0.021575999 
1008 84 15 25 0.021457708 
397 464 50 51 0.021450605 
351 206 31 37 0.021268409 
318 8 9 11 0.021255672 
26 357 39 47 0.021248959 
400 40 12 17 0.021242728 
666 308 47 61 0.02123027 
169 189 17 19 0.020994632 
974 11 12 17 0.02098781 
59 49 21 29 0.02083838 
1 80 9 14 0.020830363 
820 7 11 14 0.020821773 
389 132 11 15 0.020776797 
-1 32 7 10 0.020767018 
114 273 20 30 0.020688348 
506 4 13 16 0.020668117 
894 201 15 20 0.02061704 
795 352 46 55 0.020616747 
356 349 24 36 0.020595537 
381 145 15 22 0.020576125 
878 50 14 16 0.02054882 
395 205 16 20 0.02045099 
392 340 11 14 0.020358834 
444 11 13 17 0.02035253 
474 338 15 17 0.020317815 
46 74 13 17 0.020301811 
815 4 11 14 0.020280084 
921 70 22 29 0.020216512 
-1 45 7 13 0.020195162 
754 348 41 49 0.020194737 
913 109 16 21 0.02008636 
250 247 27 32 0.020071257 
38 47 9 12 0.020035896 
926 313 13 19 0.020012563 
