2_Demonstration_Protesters_2_525
1341
660 484 31 40 0.9989367 
994 458 31 36 0.9978077 
416 515 28 37 0.99714017 
880 518 35 44 0.99701774 
554 484 30 40 0.99681646 
760 458 26 32 0.99621946 
578 402 23 29 0.9961326 
484 436 27 33 0.99606377 
848 426 23 29 0.9948856 
849 368 16 19 0.99365634 
763 400 23 30 0.9935935 
765 302 15 20 0.99077153 
297 487 31 36 0.9899725 
232 486 25 28 0.9897956 
468 331 14 17 0.9880518 
325 416 23 27 0.9874857 
389 437 20 27 0.9872695 
203 381 20 28 0.9870003 
999 397 21 28 0.98562384 
480 399 17 21 0.9799652 
920 477 31 37 0.97811323 
595 211 14 18 0.9771897 
337 346 19 23 0.9739248 
712 307 16 20 0.9734614 
501 318 13 16 0.97339195 
317 326 15 18 0.97215617 
657 427 26 31 0.9698683 
592 344 16 20 0.9679905 
310 384 20 25 0.9657459 
809 228 15 19 0.9656087 
54 433 23 30 0.96108884 
718 330 14 19 0.96088535 
919 376 20 24 0.9603501 
453 267 13 16 0.95935535 
781 344 16 18 0.9576441 
615 210 14 18 0.95682484 
455 308 12 16 0.9560127 
715 361 21 26 0.95490885 
250 368 20 26 0.94738966 
61 344 15 17 0.9442777 
362 307 14 17 0.94000024 
884 330 12 16 0.9397179 
2 372 20 27 0.93614 
951 351 20 23 0.9326998 
79 316 13 16 0.9287968 
527 277 11 14 0.9251148 
145 341 12 16 0.92345417 
671 321 16 20 0.9129179 
500 283 13 15 0.9125885 
835 341 12 16 0.91181433 
639 295 14 18 0.9114678 
1005 238 17 21 0.90862393 
725 206 13 15 0.90731686 
990 380 16 19 0.90686625 
248 311 13 15 0.9061387 
685 220 15 19 0.90590453 
862 331 12 16 0.901766 
783 317 16 19 0.9005037 
845 397 17 22 0.89437413 
79 380 20 23 0.8931157 
414 314 12 15 0.8903811 
722 225 14 17 0.88592166 
866 228 12 16 0.8824071 
525 395 17 21 0.8818416 
775 231 14 18 0.8755151 
185 339 12 16 0.866964 
441 292 11 15 0.8583261 
475 294 12 15 0.85282063 
960 236 10 14 0.8348139 
408 205 9 11 0.83399314 
541 287 12 15 0.82151395 
167 288 10 13 0.81657785 
385 280 9 13 0.8078693 
968 249 13 16 0.80445164 
147 450 17 22 0.76730776 
436 355 12 17 0.752181 
797 364 17 19 0.7422851 
566 279 12 16 0.7346501 
133 285 10 13 0.7340304 
26 414 18 21 0.73244834 
123 300 11 15 0.72459525 
996 223 12 16 0.70990187 
53 298 11 14 0.7082496 
385 348 13 16 0.70607173 
973 218 12 15 0.70467377 
20 296 12 15 0.6968214 
243 293 10 13 0.68403053 
560 208 9 12 0.6779224 
447 210 9 12 0.6501979 
255 347 15 18 0.6469521 
831 364 14 18 0.6405156 
644 217 13 17 0.6375665 
274 358 15 19 0.6335738 
31 319 12 15 0.62254167 
948 433 22 25 0.6161728 
56 410 20 22 0.594899 
806 435 14 19 0.5915845 
115 358 14 18 0.58832663 
828 218 14 19 0.5815117 
532 335 16 19 0.5781235 
835 255 15 18 0.57231784 
967 544 37 32 0.57105273 
225 312 11 15 0.56355536 
297 310 11 15 0.56219906 
86 409 17 21 0.5414729 
416 274 11 14 0.5336433 
327 276 8 12 0.5306255 
519 237 11 14 0.5184642 
222 284 9 11 0.5180778 
90 464 17 22 0.5177692 
767 217 14 17 0.5153699 
358 275 9 12 0.5141755 
265 287 10 13 0.5134321 
298 314 14 17 0.5036681 
310 284 9 12 0.5028452 
0 346 11 15 0.49896565 
109 354 16 18 0.49775162 
500 215 10 12 0.49521145 
209 353 19 21 0.4938497 
632 228 10 13 0.49230975 
915 237 12 14 0.4765633 
753 204 10 13 0.4706013 
343 264 10 13 0.4670685 
588 268 12 15 0.4647844 
392 213 8 11 0.46388337 
373 292 10 13 0.46072793 
213 298 10 14 0.45617348 
319 294 10 13 0.45586818 
368 328 14 18 0.4516781 
466 373 16 16 0.44923055 
22 335 12 16 0.4491958 
383 523 28 39 0.44844705 
478 212 9 11 0.43855393 
825 181 9 12 0.43822446 
87 511 22 26 0.42050707 
532 555 26 25 0.418178 
891 236 12 15 0.40811092 
558 329 13 16 0.4053155 
873 373 12 16 0.38224706 
406 407 15 21 0.37875247 
662 372 13 17 0.37776396 
876 406 13 18 0.37133145 
424 216 9 11 0.36710045 
334 303 10 12 0.36641845 
168 256 9 10 0.3614955 
157 279 9 11 0.36004448 
422 333 13 17 0.35523763 
532 310 12 14 0.3486434 
368 267 10 12 0.34734926 
822 402 15 20 0.34393632 
909 324 13 16 0.34336248 
618 267 12 17 0.33109462 
415 366 13 16 0.32613862 
926 263 10 12 0.32432157 
941 293 10 12 0.3228708 
75 261 8 11 0.32150942 
375 236 9 10 0.31860265 
99 513 17 22 0.3168147 
524 207 9 12 0.31596094 
726 293 15 17 0.31511 
636 337 15 17 0.31249774 
578 299 12 14 0.3088628 
156 310 11 14 0.30857316 
274 270 8 12 0.30700493 
262 447 23 32 0.30081633 
112 270 9 11 0.29123738 
471 231 9 11 0.28960875 
664 307 13 17 0.28868732 
124 320 11 14 0.2873388 
309 264 9 11 0.28072044 
293 294 9 10 0.27867922 
678 258 15 19 0.26885664 
885 218 12 17 0.26883113 
293 347 14 19 0.26277873 
430 378 14 18 0.25635102 
104 280 8 11 0.25490382 
437 408 15 19 0.25241798 
192 324 11 14 0.25231043 
115 403 16 21 0.25088784 
541 207 9 11 0.24928378 
863 251 10 13 0.24765222 
765 515 21 29 0.24623089 
73 279 9 12 0.24486157 
471 250 12 15 0.24361551 
941 236 11 14 0.2398897 
503 365 12 16 0.2384391 
406 254 10 12 0.23740998 
948 279 11 12 0.2369597 
563 302 11 14 0.23564635 
498 253 14 16 0.23518528 
593 322 13 16 0.23262997 
351 292 10 13 0.23077698 
375 214 8 10 0.22918265 
902 350 12 14 0.22758451 
163 475 16 23 0.2264201 
392 298 11 14 0.222814 
932 341 10 14 0.22178642 
165 480 23 31 0.22177015 
592 311 12 14 0.22155589 
780 359 15 18 0.22049095 
88 348 11 14 0.21952437 
563 325 12 15 0.21803886 
288 293 8 11 0.21381791 
428 221 9 12 0.2127894 
-1 423 10 20 0.21089298 
39 280 9 11 0.20866196 
574 211 9 12 0.20588905 
432 200 7 9 0.2054672 
370 383 18 20 0.20539048 
966 379 15 19 0.2046378 
278 326 11 14 0.20229565 
487 238 10 12 0.20139684 
534 324 13 16 0.19890891 
252 444 23 31 0.19861625 
258 351 16 20 0.19820473 
876 206 10 13 0.19808133 
428 308 10 13 0.19718792 
191 275 10 12 0.19609988 
438 322 12 17 0.19497564 
442 386 13 16 0.19285204 
348 237 10 12 0.19113308 
30 401 15 21 0.19006379 
111 409 16 21 0.18972936 
550 395 16 21 0.18554083 
240 288 10 12 0.18474269 
169 260 8 11 0.18329218 
613 517 17 22 0.1829328 
383 238 8 11 0.18122254 
97 301 11 14 0.18035492 
520 211 9 11 0.17784135 
470 207 9 11 0.17715003 
826 513 17 21 0.17701206 
74 300 10 14 0.17605536 
117 270 9 11 0.1737975 
565 307 11 14 0.17360994 
301 320 14 18 0.17051974 
621 385 15 20 0.17025596 
471 212 10 12 0.1697632 
503 354 12 15 0.16907762 
36 393 19 23 0.16889554 
984 292 11 14 0.16741449 
465 388 16 18 0.1671251 
894 190 11 14 0.16680598 
631 254 10 13 0.16424462 
452 208 8 11 0.16180854 
986 277 12 15 0.16168383 
335 317 12 16 0.16048494 
156 303 10 11 0.15950333 
936 237 10 14 0.15936905 
350 233 8 10 0.15846129 
157 358 9 12 0.15770988 
645 224 15 20 0.15745851 
422 310 12 15 0.15698542 
698 250 14 18 0.15637995 
573 318 12 16 0.15574604 
285 431 13 18 0.15515794 
416 284 10 13 0.15402447 
110 278 9 11 0.15264769 
144 268 9 13 0.1522235 
437 273 11 14 0.15185352 
890 183 9 11 0.15132022 
718 260 15 19 0.14856471 
175 311 11 14 0.14849384 
343 309 10 13 0.14722511 
477 231 8 10 0.1467646 
886 229 13 16 0.14663683 
919 400 14 19 0.14521125 
429 206 9 11 0.14453405 
770 277 16 18 0.14375974 
301 352 14 20 0.14365062 
741 264 13 17 0.14326794 
526 337 14 17 0.14089765 
901 425 17 21 0.14033452 
73 296 9 12 0.13949229 
611 367 15 19 0.13842137 
436 381 14 16 0.13799997 
811 449 21 28 0.13575247 
394 531 18 23 0.13573205 
464 232 9 12 0.13559575 
631 369 15 18 0.13547261 
271 452 24 30 0.13457452 
147 370 18 20 0.1330184 
141 397 15 19 0.13272986 
969 372 14 18 0.13212775 
772 531 26 37 0.13207991 
788 219 12 15 0.13181126 
380 555 15 19 0.13097166 
124 449 17 19 0.13058513 
564 206 10 13 0.12987848 
267 311 11 13 0.12970237 
31 269 8 10 0.12937507 
420 272 10 12 0.1290674 
932 347 10 15 0.12877817 
130 435 17 19 0.12422075 
934 220 10 14 0.12358094 
517 338 11 15 0.123262554 
407 228 9 12 0.122827254 
63 546 15 20 0.12262603 
141 357 13 17 0.1224427 
287 332 11 15 0.12208513 
466 212 8 11 0.121978655 
342 303 10 12 0.12110974 
836 245 14 18 0.12024292 
551 388 14 17 0.11844867 
197 329 11 15 0.117638886 
693 412 19 27 0.11687587 
334 254 9 11 0.1166022 
357 406 16 21 0.11610535 
540 456 23 28 0.114725046 
390 270 10 12 0.11470051 
953 255 10 14 0.11461094 
209 262 9 11 0.11386166 
888 420 18 21 0.11245062 
321 272 8 11 0.112134345 
797 279 12 16 0.11208931 
96 294 10 11 0.111748375 
356 284 11 14 0.11106036 
889 188 10 13 0.11090285 
877 212 13 15 0.11074252 
158 330 11 14 0.110282265 
286 205 8 9 0.110188924 
127 474 14 18 0.11016283 
367 205 8 11 0.110120125 
889 430 23 29 0.109759904 
943 215 10 13 0.109399825 
533 223 10 13 0.1093201 
334 307 12 14 0.10917425 
249 207 7 9 0.108784296 
264 256 9 11 0.10835874 
96 306 11 15 0.107104324 
76 283 9 11 0.10695907 
493 335 12 14 0.106322356 
883 442 23 27 0.10549973 
111 264 9 11 0.104673766 
313 292 10 13 0.10353329 
172 286 10 13 0.10342774 
497 278 12 16 0.1027834 
103 322 12 14 0.10258161 
437 246 10 12 0.10073702 
5 309 10 12 0.09977853 
458 491 17 23 0.09967743 
886 252 12 15 0.09850851 
254 207 7 9 0.098484464 
6 457 15 21 0.09840849 
270 263 8 10 0.09754694 
304 330 12 16 0.09739572 
272 276 9 11 0.097183645 
970 330 13 17 0.09614978 
192 261 8 10 0.095687374 
192 309 9 12 0.09563798 
652 353 14 18 0.09417251 
543 371 14 18 0.093694605 
97 286 10 11 0.0936725 
296 272 8 10 0.093348555 
278 431 22 29 0.09235521 
941 328 13 18 0.09230216 
8 324 9 12 0.09227867 
327 301 9 12 0.092129655 
153 315 10 14 0.09187098 
503 230 9 12 0.09169161 
277 275 9 11 0.09164754 
846 226 13 16 0.091331795 
269 256 9 10 0.09112996 
605 181 8 11 0.09104269 
904 343 11 14 0.09101161 
245 300 12 15 0.09099735 
187 333 13 17 0.090855405 
799 211 11 15 0.09080219 
677 246 12 15 0.09078279 
129 459 15 17 0.09068235 
300 340 12 16 0.0906653 
870 283 12 16 0.09036292 
910 251 13 15 0.09020037 
969 214 12 14 0.09000375 
801 358 16 19 0.08965859 
345 214 6 8 0.08931246 
911 242 13 16 0.088838734 
453 329 11 16 0.08875569 
573 307 13 14 0.088635884 
153 301 9 11 0.08862464 
348 310 10 13 0.088029176 
887 243 12 14 0.08801599 
43 380 14 17 0.08752244 
472 326 14 17 0.087343164 
485 472 15 21 0.08730761 
288 337 13 17 0.087294884 
17 545 26 30 0.08638986 
790 203 14 16 0.08622912 
816 371 12 18 0.08599927 
329 255 9 11 0.08598353 
151 411 15 20 0.08574145 
303 269 9 11 0.08557341 
372 265 10 13 0.08498944 
944 286 10 13 0.08479304 
371 508 30 39 0.084776 
209 295 11 13 0.08417243 
897 354 12 15 0.083673224 
392 245 8 10 0.08358456 
669 207 10 14 0.08349355 
933 229 10 12 0.08338711 
185 207 7 10 0.083193615 
463 285 12 15 0.08280513 
156 417 14 17 0.08171491 
804 210 10 13 0.08141271 
125 296 11 14 0.08133721 
259 341 14 17 0.081246026 
305 222 6 9 0.081176884 
231 255 7 10 0.0810552 
35 330 12 15 0.08099249 
369 286 9 13 0.08072129 
544 261 10 14 0.08035598 
58 264 6 8 0.08031894 
622 407 19 26 0.08006467 
806 440 20 24 0.08004796 
715 559 16 18 0.07958032 
189 239 8 10 0.07946765 
463 377 14 16 0.07878706 
30 495 14 20 0.078541994 
256 272 7 9 0.07837978 
229 353 13 17 0.0780652 
565 317 14 17 0.07802515 
373 499 23 26 0.077864125 
805 476 15 20 0.07784644 
168 268 9 11 0.07769168 
725 239 14 18 0.07768196 
635 227 13 17 0.077669725 
865 327 13 15 0.077623494 
995 542 25 34 0.077339515 
1 308 9 12 0.077197 
397 215 8 9 0.0771499 
149 270 8 11 0.07698835 
349 263 9 11 0.07667143 
304 254 7 10 0.07612755 
148 360 15 17 0.07594005 
597 252 12 13 0.07468197 
340 316 12 14 0.07465891 
80 518 23 28 0.074372165 
303 248 7 9 0.07422187 
148 402 14 17 0.07401958 
31 371 12 17 0.0732121 
872 209 12 15 0.07310855 
441 206 9 12 0.073105305 
590 183 9 11 0.072482556 
264 332 12 15 0.072258145 
585 182 7 10 0.072068155 
445 326 12 16 0.07188398 
497 221 9 11 0.07185946 
362 207 7 10 0.07179646 
288 271 8 10 0.07154973 
422 244 8 11 0.07154423 
459 423 16 23 0.07139192 
748 234 11 14 0.07130083 
171 355 13 15 0.07108208 
33 279 8 11 0.07105543 
342 392 16 19 0.0709176 
50 296 10 12 0.070597835 
440 239 9 11 0.070596516 
73 257 9 11 0.06996005 
743 354 15 20 0.069774844 
431 360 14 18 0.069486134 
417 245 9 11 0.069335505 
100 451 15 19 0.06918707 
180 309 10 14 0.06909055 
138 443 21 25 0.069050126 
634 377 16 19 0.06899825 
421 285 10 13 0.06895251 
682 251 13 17 0.06892481 
390 239 8 10 0.06871201 
304 278 9 12 0.06870096 
528 315 12 15 0.068269975 
351 270 10 12 0.068244465 
527 200 8 10 0.06818321 
6 280 8 10 0.06802234 
796 373 16 19 0.067970574 
207 362 15 19 0.06795663 
111 325 10 12 0.067920506 
142 322 11 14 0.067640156 
942 434 18 21 0.06668385 
969 255 16 19 0.06667596 
549 267 12 14 0.06657827 
984 284 13 15 0.06594091 
580 306 13 16 0.06560473 
392 254 9 11 0.06558172 
329 240 8 10 0.06530293 
963 232 11 13 0.06519892 
708 199 10 13 0.065185495 
32 264 8 10 0.06514808 
893 255 10 13 0.065008365 
887 390 11 14 0.064973764 
945 271 9 11 0.06491434 
66 236 8 11 0.06491196 
754 379 20 23 0.064874895 
152 212 7 10 0.06450046 
360 214 8 10 0.06406773 
121 297 10 13 0.0638988 
6 304 10 12 0.063807756 
486 268 10 14 0.06354198 
159 284 10 13 0.063202284 
504 237 9 11 0.06300818 
934 334 11 15 0.06299734 
949 214 9 13 0.06294498 
794 401 15 18 0.06253268 
385 208 8 9 0.06242707 
117 458 12 18 0.06240061 
881 404 15 18 0.062338565 
400 221 9 12 0.06206675 
231 339 12 15 0.061850213 
636 273 14 17 0.061841924 
429 253 12 15 0.061812248 
433 246 9 10 0.061772864 
110 340 13 15 0.061762877 
47 340 11 16 0.061706282 
543 181 9 11 0.06163279 
28 331 12 17 0.061627135 
574 339 12 16 0.0613307 
222 302 8 12 0.061301477 
247 455 24 32 0.061236333 
479 236 9 12 0.061122075 
537 211 9 11 0.061012074 
967 265 13 15 0.060907897 
549 378 14 18 0.060757745 
163 469 15 18 0.060472745 
909 278 10 12 0.059935614 
20 356 13 17 0.05969312 
396 307 12 15 0.059655316 
441 392 16 19 0.059504278 
487 379 13 15 0.059478678 
423 240 9 11 0.059186377 
892 317 12 15 0.05889299 
151 254 8 10 0.058776375 
328 209 7 9 0.058711078 
755 521 24 28 0.058256723 
423 303 11 13 0.058221996 
456 247 8 11 0.05811862 
525 250 14 16 0.058053058 
957 252 11 15 0.057870686 
294 288 9 11 0.057843823 
936 215 10 12 0.057835277 
271 246 8 9 0.05763399 
283 206 7 9 0.057492413 
596 491 20 25 0.05749072 
911 231 12 15 0.05748297 
3 367 16 20 0.057415944 
461 276 10 12 0.057401296 
610 450 17 21 0.05736746 
527 222 11 13 0.057264052 
573 222 9 11 0.057116114 
885 396 13 17 0.057065703 
383 199 8 10 0.056970406 
699 352 16 22 0.056910537 
569 222 8 11 0.056846563 
95 457 19 25 0.056811042 
898 361 15 18 0.056676425 
382 232 8 11 0.056581445 
866 246 11 14 0.056393337 
787 377 15 19 0.05635191 
264 207 7 8 0.056082014 
503 209 8 11 0.05599524 
487 207 9 10 0.05589794 
921 261 10 13 0.05575556 
396 364 14 18 0.055523716 
558 319 12 16 0.05551019 
556 268 11 14 0.055507712 
195 407 16 20 0.055073727 
600 182 10 11 0.054938678 
507 391 14 20 0.05492293 
742 218 12 16 0.054828808 
370 232 8 10 0.054727603 
921 267 10 13 0.054705486 
320 225 7 9 0.05469844 
281 293 9 11 0.0544986 
6 286 9 11 0.05433298 
883 364 14 18 0.054164223 
26 337 13 17 0.05415228 
398 316 11 15 0.054128155 
156 387 15 19 0.053788353 
69 381 14 18 0.053700183 
377 543 26 29 0.053660274 
272 324 11 15 0.053576328 
762 372 16 19 0.053448178 
110 424 15 20 0.05344162 
431 271 11 15 0.053236093 
905 330 12 16 0.052979838 
392 263 10 12 0.052949 
743 228 13 18 0.052900106 
442 354 12 17 0.052833278 
719 297 19 22 0.05282208 
761 524 29 39 0.05277384 
427 200 7 9 0.05277298 
501 246 10 13 0.052461743 
516 499 25 28 0.052377064 
560 276 12 16 0.052347243 
446 252 9 13 0.052331667 
437 200 8 9 0.052301977 
998 235 15 20 0.052251857 
710 354 20 26 0.052204587 
728 209 14 17 0.052171916 
948 272 10 12 0.05205837 
523 243 13 15 0.051984027 
336 247 7 10 0.05186699 
97 279 10 12 0.051548395 
24 287 9 12 0.05129261 
397 271 9 11 0.051207036 
960 549 25 29 0.05107029 
78 268 9 10 0.05105578 
370 238 8 10 0.05082157 
166 208 7 9 0.050640862 
250 238 8 10 0.05038083 
32 312 9 12 0.050260317 
838 238 12 15 0.049993746 
103 350 14 17 0.04994881 
787 362 16 18 0.04970498 
365 277 9 11 0.04955696 
430 403 16 19 0.04942099 
424 255 10 12 0.0492925 
278 231 7 9 0.04928433 
207 319 10 13 0.049057372 
877 199 9 12 0.04888648 
975 237 11 14 0.0488697 
345 294 10 12 0.048822004 
236 339 13 17 0.048710268 
672 242 12 16 0.048405074 
736 266 12 15 0.048073217 
595 268 11 14 0.04801585 
337 261 10 14 0.047969848 
950 219 10 13 0.04787211 
468 287 12 16 0.047273643 
512 208 9 12 0.04719584 
218 286 8 11 0.047160108 
815 224 18 23 0.047127943 
631 343 14 17 0.04689378 
384 215 8 10 0.04689087 
559 246 11 13 0.046828173 
479 268 10 13 0.046818793 
197 309 10 12 0.04665642 
824 214 13 16 0.046643328 
208 269 8 11 0.04658914 
377 220 8 10 0.04655011 
48 271 7 8 0.046452645 
703 203 12 16 0.04631978 
888 308 10 13 0.046269763 
1 340 14 17 0.046238013 
83 311 13 16 0.046237584 
649 232 16 18 0.046194043 
543 255 10 12 0.04606918 
525 228 11 13 0.04596564 
784 214 11 15 0.045914575 
566 182 9 11 0.04584658 
335 240 7 9 0.04582727 
668 364 13 17 0.04569714 
372 369 17 19 0.045511033 
902 271 9 11 0.045509618 
8 292 9 11 0.045295697 
257 254 9 11 0.045268804 
304 475 31 38 0.045236275 
229 303 10 12 0.045224655 
711 220 10 14 0.04507805 
747 361 14 19 0.04507598 
488 199 8 10 0.044945907 
815 402 14 21 0.0448842 
959 213 10 12 0.044870295 
423 328 11 14 0.04484647 
904 277 10 12 0.04481402 
550 252 11 13 0.04480111 
214 270 8 10 0.044636812 
96 404 21 27 0.044539865 
183 427 14 16 0.04449537 
927 236 10 14 0.044474367 
437 416 22 26 0.04441012 
345 208 7 10 0.044349834 
74 309 11 14 0.044241533 
594 332 14 17 0.0442297 
585 265 10 12 0.044185214 
256 434 18 24 0.044102393 
827 414 17 21 0.0440546 
438 252 11 13 0.043936115 
439 230 9 10 0.043702662 
830 245 13 15 0.043685224 
863 355 11 15 0.043441113 
164 332 10 13 0.04343569 
533 344 14 17 0.043225396 
879 337 11 14 0.043174624 
856 244 11 15 0.043056093 
123 396 15 20 0.043008454 
464 200 8 10 0.0429613 
900 377 15 17 0.042953085 
430 315 12 15 0.042911086 
274 231 7 9 0.042703364 
680 266 13 16 0.042619865 
283 325 12 18 0.042381663 
911 271 9 11 0.04217805 
495 323 12 14 0.042120248 
244 322 14 17 0.042042702 
226 230 7 9 0.041851137 
932 431 17 22 0.041584734 
1001 228 16 18 0.041576583 
852 222 12 17 0.04153717 
477 247 9 11 0.04146401 
919 291 9 12 0.04142242 
15 351 11 14 0.04136434 
519 292 11 13 0.041303407 
488 222 10 11 0.04129792 
207 208 8 10 0.041247107 
343 244 10 11 0.041243132 
206 368 23 28 0.041165136 
63 271 8 10 0.04115077 
360 200 7 10 0.04112926 
151 296 9 12 0.041103315 
952 415 24 27 0.04101446 
311 325 13 16 0.040979836 
191 284 10 13 0.040949527 
699 487 18 22 0.04092459 
1006 214 11 12 0.040773217 
929 222 10 14 0.040697087 
306 215 6 8 0.040580124 
105 217 7 9 0.040575307 
537 286 10 13 0.04047563 
249 232 8 10 0.040360525 
196 319 11 13 0.04035593 
68 373 13 15 0.040265776 
165 370 13 16 0.040206347 
453 424 16 23 0.040153284 
950 395 16 19 0.04011982 
1001 221 14 16 0.040062264 
892 310 11 13 0.03997127 
329 246 8 10 0.039873373 
374 208 8 10 0.039798666 
533 392 18 24 0.039787848 
813 277 11 13 0.039765857 
423 375 14 19 0.03975643 
261 431 23 30 0.039617084 
30 284 9 11 0.03950929 
404 396 15 19 0.039428115 
47 285 8 10 0.039415956 
495 230 9 11 0.03936278 
185 271 8 10 0.039325316 
272 239 8 10 0.039312813 
134 395 13 19 0.039291654 
453 378 12 16 0.039104972 
154 404 14 17 0.039093837 
581 386 14 18 0.038952574 
928 214 10 12 0.038948987 
407 247 9 11 0.038773756 
523 276 10 13 0.038755234 
4 334 12 15 0.038638752 
843 508 23 28 0.038475744 
524 272 18 22 0.038457073 
30 430 15 20 0.038406856 
558 261 12 14 0.038398024 
281 288 8 11 0.038393483 
189 207 8 9 0.038295023 
632 296 14 18 0.038258903 
347 301 11 13 0.038244914 
795 219 13 16 0.038206555 
876 447 17 22 0.03809034 
415 291 10 12 0.038013037 
220 339 13 16 0.038009115 
646 347 14 19 0.037981115 
551 318 12 15 0.037940234 
603 211 13 17 0.03792782 
351 256 9 11 0.03786492 
79 514 15 20 0.037798535 
372 334 14 19 0.03760988 
957 408 17 20 0.037594933 
512 242 11 14 0.03754226 
867 306 13 15 0.037438795 
895 290 12 15 0.037437554 
907 466 15 20 0.03728102 
881 225 10 15 0.03725409 
788 449 16 20 0.037241712 
360 239 7 10 0.037180755 
57 269 7 10 0.037140563 
238 330 13 16 0.036966283 
880 250 12 15 0.03694403 
106 261 8 11 0.036920696 
340 323 11 14 0.036906473 
446 247 9 12 0.036883213 
66 278 8 10 0.03679342 
643 274 16 18 0.03665901 
662 403 15 17 0.036544655 
152 324 10 13 0.036459055 
477 222 9 12 0.036398567 
630 269 12 16 0.036372434 
733 554 19 21 0.03631527 
373 419 15 20 0.03631027 
560 236 10 12 0.036147717 
444 425 17 23 0.036133006 
111 334 12 14 0.036124837 
183 354 13 16 0.036053505 
61 294 10 13 0.03603051 
110 256 9 10 0.035988286 
780 367 16 21 0.03595651 
295 320 13 18 0.035752546 
374 244 9 11 0.035746 
713 266 11 15 0.03567509 
28 458 12 16 0.03563551 
519 223 9 12 0.035547443 
527 323 12 15 0.0355363 
165 283 17 22 0.03551783 
889 195 10 12 0.0355077 
35 554 16 20 0.035476305 
144 377 14 17 0.03542617 
69 531 25 28 0.035390943 
287 224 8 9 0.035378773 
795 199 11 13 0.03528105 
107 517 20 28 0.035232604 
686 299 14 17 0.035222154 
489 332 11 14 0.0351909 
837 225 12 17 0.0351405 
799 339 12 16 0.03514032 
191 304 9 12 0.03512821 
901 192 9 11 0.035095904 
662 210 14 18 0.034930073 
408 237 9 11 0.03490727 
455 200 8 9 0.0348492 
385 243 8 11 0.034826364 
288 230 7 10 0.034765527 
359 261 8 11 0.034757704 
841 252 14 18 0.034714874 
405 517 26 35 0.034711387 
791 410 15 20 0.0346924 
271 207 7 9 0.034651574 
1011 214 11 13 0.034529295 
175 324 11 14 0.03446443 
526 290 10 13 0.03444257 
950 448 27 31 0.034378383 
620 364 14 17 0.03436488 
105 256 8 11 0.03433806 
43 556 14 19 0.034303736 
875 382 15 18 0.034294043 
444 212 8 10 0.03426108 
453 338 12 15 0.034213673 
994 336 16 21 0.03419353 
677 361 14 18 0.034175187 
116 339 11 14 0.03410323 
615 384 14 20 0.034059342 
483 549 18 23 0.034052573 
504 192 7 9 0.033922903 
509 311 12 14 0.033907067 
648 190 8 11 0.03389181 
469 318 13 16 0.033886455 
567 229 9 11 0.03383772 
829 236 12 15 0.03380532 
889 412 15 19 0.03373182 
264 280 8 10 0.033730477 
756 392 23 29 0.033716004 
533 302 13 15 0.03370854 
862 351 10 12 0.033580482 
273 224 7 8 0.03355476 
622 252 11 15 0.03341756 
493 237 10 13 0.033389818 
13 323 12 15 0.033361908 
651 219 14 17 0.03335418 
904 252 10 13 0.033338558 
262 325 13 16 0.033335596 
960 554 15 19 0.033312593 
351 223 8 9 0.03329614 
885 208 10 12 0.033245556 
821 235 13 16 0.033222172 
705 344 16 21 0.0331848 
405 200 18 23 0.03315365 
367 201 7 10 0.03310535 
164 433 14 16 0.033077776 
369 245 8 11 0.03295368 
154 378 15 18 0.032838456 
259 365 20 26 0.03275719 
910 294 9 12 0.032680742 
46 280 7 10 0.032579422 
445 228 9 12 0.03256019 
417 332 13 15 0.03253498 
659 219 14 17 0.03252609 
41 405 20 27 0.032487568 
770 222 17 22 0.03245896 
28 300 10 13 0.03245776 
16 333 13 16 0.032430094 
549 365 13 18 0.032365907 
55 341 13 17 0.032347865 
201 214 8 9 0.0322388 
54 287 9 10 0.032234102 
37 338 13 18 0.032191392 
794 266 15 18 0.03211053 
690 213 13 16 0.03207952 
414 494 23 26 0.031966254 
240 280 9 11 0.03192566 
952 299 10 13 0.031904366 
650 284 14 17 0.031902213 
562 182 8 10 0.031901892 
255 276 9 11 0.03187039 
422 292 10 13 0.031723253 
278 318 12 16 0.031685192 
598 261 12 14 0.031577736 
956 221 12 14 0.031562198 
465 420 16 20 0.031486582 
473 223 8 11 0.031480927 
23 280 8 10 0.031471036 
64 287 9 11 0.031467825 
77 257 9 12 0.03146619 
566 212 9 11 0.031384032 
401 207 8 10 0.031383473 
148 335 12 15 0.03136262 
338 199 6 8 0.031297423 
461 491 27 35 0.031280324 
319 230 7 9 0.031245338 
160 221 8 10 0.031217378 
880 356 12 15 0.031217292 
139 286 10 13 0.031157706 
507 348 13 16 0.03111714 
242 207 7 9 0.031105237 
215 359 17 21 0.031075057 
387 418 16 19 0.030954449 
97 232 7 9 0.030949263 
220 294 10 13 0.03094377 
152 236 8 11 0.03091577 
903 245 10 13 0.030900506 
159 215 8 10 0.030825164 
186 419 20 25 0.03082281 
305 210 7 8 0.030751694 
138 270 10 11 0.030724812 
647 548 27 25 0.030678118 
712 336 18 22 0.030624174 
374 297 11 14 0.030556882 
812 365 13 17 0.030338647 
904 215 10 13 0.030298993 
376 377 18 22 0.030296726 
254 233 7 9 0.030262183 
300 304 11 13 0.030257378 
758 211 12 16 0.030247632 
263 270 8 10 0.030209543 
584 272 12 15 0.030165875 
644 323 12 14 0.030156571 
958 232 17 23 0.030133292 
53 304 12 15 0.03003692 
130 478 16 19 0.030010039 
910 284 10 12 0.029963173 
34 371 19 24 0.029914547 
294 432 23 30 0.029863633 
349 400 19 23 0.029854951 
622 245 10 14 0.029756663 
607 199 10 12 0.029743087 
64 255 8 10 0.02972836 
81 221 8 10 0.029703971 
782 205 11 14 0.029703544 
281 301 9 12 0.02968986 
102 341 13 15 0.029686853 
820 277 10 13 0.02962032 
295 303 11 14 0.029614152 
855 349 10 13 0.02960881 
161 421 15 17 0.02958739 
199 302 10 13 0.0295711 
488 327 10 13 0.029461239 
431 351 13 16 0.029394262 
217 347 17 20 0.029291948 
225 239 7 10 0.029212728 
129 279 9 12 0.029180251 
1014 190 8 12 0.029168062 
3 355 15 18 0.029154379 
356 347 12 16 0.02912059 
545 290 13 16 0.02910532 
792 447 22 26 0.029092744 
53 404 16 21 0.029065516 
148 263 10 12 0.029013705 
722 250 15 18 0.02900652 
365 502 23 31 0.028902013 
182 286 8 11 0.02889493 
166 350 12 15 0.028793078 
208 288 9 11 0.028752252 
471 258 12 14 0.028731603 
108 457 15 20 0.028728131 
118 544 14 19 0.028689826 
383 275 16 21 0.028631916 
855 534 25 30 0.028606972 
117 332 12 16 0.028601116 
65 232 8 10 0.028600015 
774 353 16 21 0.028568206 
750 384 15 20 0.028469168 
362 388 21 26 0.028462727 
448 201 8 10 0.0284621 
825 489 16 19 0.02845835 
62 263 7 9 0.028427878 
440 223 9 10 0.028396811 
653 360 16 20 0.028365202 
513 199 7 9 0.028355729 
851 360 13 16 0.028296815 
583 176 8 10 0.028291449 
63 385 14 18 0.028268797 
153 284 9 12 0.028262 
516 386 14 21 0.028224183 
533 253 10 14 0.028216658 
459 303 12 15 0.028172914 
751 198 18 23 0.02816366 
148 386 17 20 0.02810807 
115 412 20 26 0.028099345 
1 284 9 13 0.028056616 
102 239 8 9 0.028037496 
757 361 14 19 0.028032785 
564 260 11 13 0.028015582 
416 215 8 10 0.028013363 
880 349 10 14 0.027984036 
655 377 15 19 0.02797593 
409 310 13 16 0.02793868 
526 345 13 17 0.027849803 
160 208 7 9 0.027820766 
140 511 15 20 0.027789699 
999 217 10 13 0.027769271 
382 294 10 13 0.027768651 
496 207 9 11 0.027762977 
447 221 9 11 0.027762813 
286 301 10 13 0.027734919 
764 438 18 22 0.027729603 
487 232 9 10 0.02772013 
368 401 23 27 0.027689114 
430 229 9 11 0.027672952 
539 346 14 17 0.027631275 
81 216 7 8 0.027586304 
125 329 13 16 0.02758605 
37 312 11 13 0.02757349 
239 270 9 10 0.027521934 
404 368 13 19 0.027511768 
304 238 7 9 0.027504928 
121 475 12 17 0.027480468 
558 203 17 22 0.027439509 
720 211 13 16 0.02742998 
267 339 13 16 0.027424851 
542 279 12 15 0.02742186 
478 261 11 14 0.027415289 
899 386 16 20 0.027399683 
6 262 8 10 0.027372641 
416 338 12 16 0.027366651 
108 398 16 21 0.02728219 
183 303 9 11 0.027275383 
43 387 21 25 0.027257923 
327 284 9 12 0.027241796 
897 279 9 12 0.027235175 
1001 290 11 14 0.027234517 
105 496 16 21 0.027207313 
693 254 15 18 0.02712559 
917 221 11 14 0.02712342 
666 378 13 17 0.027120488 
262 282 17 22 0.027033119 
413 253 11 13 0.027011342 
472 270 10 12 0.026980378 
151 248 8 10 0.026975926 
173 261 8 11 0.02694424 
2 279 8 11 0.026891423 
379 363 15 19 0.026866889 
266 247 8 10 0.026843209 
495 199 8 9 0.026765125 
63 325 11 13 0.026755953 
361 245 7 10 0.026715096 
876 260 12 15 0.026713585 
92 341 13 16 0.026618106 
367 255 9 11 0.026609987 
502 299 11 13 0.026536632 
319 289 10 11 0.02650081 
948 292 11 15 0.02649854 
549 274 13 16 0.026466278 
59 300 10 14 0.02645205 
413 321 14 16 0.026436474 
352 215 6 9 0.026413979 
636 487 21 27 0.026399199 
481 199 7 9 0.026394056 
804 281 13 16 0.026365804 
251 323 13 16 0.02633961 
477 317 13 15 0.026327707 
639 284 19 22 0.026249643 
79 414 16 22 0.026248692 
226 255 7 10 0.026217863 
458 230 8 12 0.026203534 
444 299 12 14 0.026193868 
210 237 7 10 0.026121013 
872 261 10 12 0.02604423 
203 505 25 31 0.026030516 
834 215 11 15 0.025998138 
580 316 12 16 0.025976561 
373 470 26 30 0.025974745 
333 286 9 11 0.025959527 
977 213 14 17 0.025938615 
379 333 13 18 0.025912905 
409 285 10 13 0.025874047 
247 279 9 11 0.025784072 
230 239 8 10 0.02578167 
494 298 12 14 0.025743255 
397 394 14 18 0.025667649 
301 383 18 24 0.02563863 
60 334 14 16 0.02560304 
535 200 7 10 0.025579816 
815 349 11 14 0.025567766 
234 346 14 18 0.025510218 
871 367 12 16 0.025500009 
845 474 22 27 0.025487263 
631 332 15 17 0.02544323 
626 390 16 21 0.025438525 
805 455 16 22 0.025420131 
214 342 13 16 0.025414214 
949 409 16 19 0.025406614 
24 271 8 10 0.025392635 
184 277 9 11 0.025371654 
123 422 20 25 0.025345348 
412 469 19 23 0.025338646 
279 225 7 8 0.025302729 
416 240 9 11 0.025262943 
748 210 12 16 0.025227355 
895 206 9 11 0.025177028 
584 214 10 12 0.025172897 
891 389 14 16 0.025168292 
564 253 11 13 0.025136448 
517 317 11 14 0.025112165 
369 315 13 17 0.025076091 
312 224 6 8 0.025075365 
823 494 24 30 0.025052639 
223 272 8 10 0.025004992 
1004 297 16 20 0.0249993 
478 498 14 17 0.024961235 
550 476 26 32 0.0249314 
694 474 15 18 0.02492994 
398 240 8 10 0.024926987 
937 232 18 22 0.024885047 
133 333 12 15 0.024847843 
866 412 22 24 0.024828758 
76 527 17 21 0.024819605 
106 439 15 20 0.02477142 
338 562 16 16 0.024727708 
678 380 14 18 0.024708178 
310 256 8 10 0.024666937 
676 369 15 18 0.024642503 
462 246 9 12 0.024616124 
374 488 18 21 0.024614165 
408 276 11 12 0.024613434 
418 356 18 23 0.024612453 
642 333 12 16 0.02460796 
151 231 9 12 0.02459369 
13 417 13 18 0.024574526 
313 174 9 11 0.024471503 
167 309 10 14 0.024431044 
214 257 8 10 0.024396721 
191 430 22 26 0.02437815 
178 198 7 9 0.024365474 
638 324 14 17 0.024333144 
307 318 12 15 0.024325944 
209 230 8 10 0.024310082 
296 239 6 8 0.024305299 
823 356 12 15 0.02417635 
975 209 10 14 0.024145039 
926 172 8 10 0.024106702 
495 310 11 14 0.024058793 
224 321 11 15 0.024043022 
776 217 18 22 0.02403458 
279 308 11 15 0.023999372 
656 174 10 12 0.023979397 
655 261 11 14 0.023959816 
163 450 14 18 0.023949493 
884 400 22 24 0.02389825 
939 335 15 20 0.02388556 
918 198 8 10 0.023871727 
790 260 13 17 0.023855016 
133 322 11 16 0.023846036 
239 263 7 9 0.023836594 
424 192 7 9 0.023820732 
431 239 8 11 0.023816274 
287 308 11 16 0.023756871 
405 386 14 18 0.023755101 
503 492 24 27 0.023731776 
617 367 19 24 0.023716902 
0 551 9 14 0.023714444 
231 333 11 15 0.023703624 
763 353 15 20 0.023653919 
892 214 10 14 0.023630174 
446 203 16 22 0.023624811 
149 391 21 25 0.023603734 
393 218 8 11 0.02354695 
966 531 29 35 0.023538511 
334 294 10 13 0.02353175 
266 239 8 9 0.023519438 
232 260 8 10 0.023517465 
73 315 13 15 0.023502272 
565 235 10 12 0.023501938 
320 247 7 9 0.0234822 
240 231 6 8 0.02347764 
965 462 16 22 0.023461249 
105 221 8 10 0.023453232 
622 511 22 28 0.023450648 
224 225 8 9 0.023426665 
100 295 10 11 0.023415135 
96 499 23 29 0.023400055 
489 493 24 29 0.023392629 
903 230 10 14 0.023386333 
902 292 11 14 0.023377726 
416 221 8 11 0.023349172 
344 222 7 10 0.023316815 
359 256 8 11 0.023276834 
829 207 12 15 0.023248795 
399 246 8 10 0.023204844 
929 465 29 40 0.023098106 
877 365 13 18 0.023064105 
670 189 8 11 0.023054415 
389 395 13 17 0.023042466 
949 208 11 13 0.022999762 
1 483 11 16 0.022997867 
444 287 12 15 0.02297782 
747 365 20 25 0.022962205 
69 246 9 10 0.022941813 
902 261 10 12 0.022915721 
191 200 8 9 0.022903528 
241 469 26 35 0.022755846 
449 263 10 13 0.02274551 
2 419 15 21 0.022742331 
133 458 24 28 0.022696758 
983 399 14 18 0.022692332 
510 192 7 8 0.022638429 
90 525 17 20 0.022606418 
488 193 7 9 0.022592127 
820 348 13 16 0.022588432 
160 492 28 34 0.02255049 
491 335 18 23 0.022487681 
263 302 11 14 0.022470487 
956 385 16 20 0.022470467 
177 428 23 25 0.02246158 
193 415 17 22 0.022379264 
230 230 8 10 0.022351691 
644 393 13 17 0.022300996 
27 364 14 19 0.022293286 
352 208 6 9 0.022281447 
129 280 18 22 0.022267211 
475 390 14 18 0.022240577 
937 326 11 15 0.022238389 
491 546 27 30 0.022233361 
349 243 10 12 0.022147316 
320 239 6 9 0.02213809 
64 319 9 11 0.022129204 
575 182 9 10 0.022120815 
313 299 10 13 0.022074437 
52 554 17 19 0.022062799 
233 247 7 9 0.022061348 
215 224 8 9 0.022039918 
745 205 10 13 0.022039894 
314 198 8 9 0.02202172 
497 437 25 30 0.022009602 
664 510 27 32 0.021983756 
320 254 9 11 0.021977078 
573 228 9 11 0.021974329 
782 293 13 17 0.021947963 
306 278 19 24 0.021917883 
615 201 10 13 0.021814644 
711 282 14 18 0.021735448 
72 269 9 10 0.021732854 
93 540 14 18 0.02172288 
777 544 30 31 0.021693612 
413 200 8 11 0.021679904 
101 396 14 19 0.021677503 
366 259 18 23 0.021643223 
201 190 8 10 0.021642536 
0 532 11 17 0.021518989 
471 201 7 9 0.021517817 
112 246 8 10 0.021499548 
125 271 8 10 0.021496138 
383 221 7 10 0.021495275 
519 394 16 20 0.021483675 
903 284 11 14 0.021481179 
510 480 24 26 0.021478787 
253 304 11 13 0.02145273 
24 318 12 14 0.02145072 
400 253 9 12 0.021447815 
453 482 17 23 0.02144254 
198 256 7 9 0.02142455 
317 289 18 23 0.021411987 
428 430 24 30 0.021384774 
574 253 10 12 0.02137723 
910 206 10 12 0.02136733 
37 366 13 16 0.021322696 
159 272 9 10 0.02127866 
43 316 11 14 0.02127448 
450 433 23 31 0.02127389 
357 338 13 18 0.021261344 
175 304 9 11 0.021220889 
365 334 15 19 0.021204159 
671 265 15 19 0.021201419 
906 471 23 29 0.021193538 
184 263 8 10 0.02119032 
343 287 10 12 0.021177823 
433 194 6 8 0.021157065 
534 258 11 15 0.021101046 
869 356 10 15 0.021100447 
520 201 8 10 0.021083994 
448 411 14 19 0.021062268 
559 294 11 14 0.021015743 
670 199 9 12 0.020996906 
864 284 12 15 0.020996675 
963 337 16 19 0.020995945 
258 261 8 10 0.020975027 
545 464 24 32 0.02096114 
389 296 18 24 0.020937344 
762 218 11 16 0.020911945 
343 275 11 12 0.02089248 
248 271 9 10 0.020889366 
425 228 10 12 0.02088916 
862 195 10 13 0.020873394 
640 206 11 14 0.020831995 
199 232 7 9 0.0208215 
369 213 8 10 0.020812584 
352 272 19 25 0.020795919 
518 510 25 31 0.020784222 
567 201 8 10 0.020776318 
191 291 9 11 0.02073998 
431 323 12 17 0.0207069 
731 285 14 19 0.020695062 
337 224 8 9 0.020664627 
106 271 8 10 0.020660475 
401 200 7 9 0.020613873 
476 493 24 32 0.020598928 
209 257 8 10 0.02057457 
518 201 18 23 0.020535594 
428 193 19 25 0.020535247 
121 362 12 17 0.020530367 
118 443 14 18 0.020508766 
336 232 7 9 0.02049153 
267 351 15 19 0.02049087 
98 237 8 11 0.020442698 
499 338 12 15 0.02042968 
226 214 7 9 0.020425012 
158 351 10 14 0.020408351 
741 531 24 28 0.020401996 
77 363 13 16 0.020330882 
185 244 9 11 0.020325953 
538 182 8 10 0.020316888 
424 210 16 22 0.020308156 
783 453 23 28 0.020295348 
999 300 13 17 0.020268615 
290 238 7 9 0.020261528 
522 546 27 32 0.020259894 
101 332 12 14 0.020250281 
28 356 12 16 0.020249486 
91 531 25 30 0.020219997 
99 318 20 23 0.020199135 
63 415 18 21 0.020156927 
600 177 10 11 0.02015183 
158 237 8 10 0.020150354 
715 439 23 28 0.02008313 
617 508 17 21 0.020058665 
636 355 16 19 0.020032022 
628 473 17 21 0.020026553 
0 413 10 17 0.020000923 
