2_Demonstration_Demonstrators_2_517
168
802 109 35 43 0.99892235 
463 359 66 78 0.99890435 
704 129 51 62 0.9986964 
884 98 34 37 0.9979298 
137 289 79 93 0.99750865 
778 293 77 96 0.9973099 
656 147 28 41 0.9963607 
168 126 43 53 0.9954645 
504 111 40 49 0.9945456 
109 92 30 35 0.99420434 
988 86 24 27 0.993765 
788 89 26 30 0.9781925 
258 122 42 60 0.9774279 
426 74 17 22 0.9648659 
919 104 24 28 0.8842656 
216 105 25 31 0.8227751 
612 67 17 20 0.7464639 
698 77 13 17 0.6578286 
485 97 15 20 0.6098848 
471 113 27 35 0.5625084 
767 65 15 18 0.5055243 
625 0 28 30 0.49841782 
636 59 12 16 0.3863512 
240 86 17 21 0.3508869 
588 118 22 29 0.33286324 
897 306 32 41 0.31536844 
618 359 36 40 0.24176067 
569 90 16 21 0.19222414 
529 69 8 10 0.17166197 
551 66 9 12 0.16645779 
859 86 13 19 0.1651192 
546 123 16 21 0.15956727 
671 46 9 12 0.14574802 
559 70 9 11 0.12553734 
515 84 12 15 0.114524946 
147 97 12 16 0.11332358 
220 101 15 18 0.110147305 
1012 90 13 21 0.10005937 
477 106 18 20 0.08540948 
283 108 15 20 0.08259696 
700 72 11 14 0.076704666 
687 146 14 19 0.076424465 
181 77 9 12 0.075820535 
221 98 10 12 0.07457697 
533 69 8 10 0.07206563 
680 54 9 11 0.07160604 
545 68 9 11 0.0654953 
445 63 8 11 0.06377643 
630 52 16 21 0.062454022 
719 78 8 11 0.059325356 
711 61 8 10 0.058529772 
456 35 11 15 0.056775816 
720 57 8 10 0.056055468 
509 69 8 11 0.055740003 
655 62 10 13 0.054303978 
719 85 10 12 0.054138396 
262 117 29 34 0.05369544 
541 77 11 13 0.052893344 
710 79 10 12 0.051548827 
781 91 17 21 0.05138122 
303 43 14 18 0.05063421 
513 79 10 13 0.050584193 
537 48 9 11 0.050474208 
719 92 15 17 0.04962579 
619 62 16 22 0.04955328 
196 67 11 13 0.048876494 
628 64 13 17 0.047944196 
455 44 10 13 0.047718253 
744 77 10 15 0.047590487 
557 64 9 12 0.04749054 
729 46 9 12 0.047149334 
462 54 9 10 0.047037248 
875 92 13 19 0.04612105 
181 84 10 15 0.045842346 
921 119 24 32 0.04522192 
568 95 24 34 0.04503196 
482 108 26 37 0.04400612 
400 4 11 13 0.043454174 
495 30 10 13 0.04261486 
679 139 28 36 0.04236185 
550 29 8 11 0.041984994 
690 35 9 12 0.041430343 
578 106 27 36 0.041293275 
644 61 10 14 0.040214755 
175 75 11 15 0.039603256 
602 54 41 50 0.03894811 
273 107 26 33 0.038521074 
245 80 13 16 0.03840733 
537 78 9 11 0.038026683 
560 75 9 12 0.03772703 
677 48 10 12 0.036618434 
606 61 16 21 0.03637151 
519 62 8 11 0.036233757 
889 85 28 34 0.034738906 
444 68 12 14 0.033512756 
175 82 12 17 0.033494066 
748 84 13 17 0.033141047 
720 72 8 11 0.033105664 
894 30 10 13 0.032597966 
11 493 59 72 0.0324432 
141 92 21 26 0.032147586 
421 368 29 39 0.031972993 
866 89 19 27 0.030933514 
487 45 8 10 0.030790275 
662 61 9 12 0.030432846 
565 71 9 11 0.03040646 
670 60 9 13 0.030320868 
926 133 16 21 0.030185029 
496 15 9 11 0.029866327 
634 12 16 19 0.029704973 
735 56 8 10 0.029654188 
724 78 9 12 0.029005162 
676 109 18 22 0.028901737 
271 102 42 61 0.028886324 
646 53 10 14 0.028884467 
688 84 10 14 0.028783493 
455 75 11 14 0.028531304 
639 6 17 21 0.028501216 
646 65 11 15 0.028333595 
226 100 25 31 0.028269544 
641 0 14 13 0.028209325 
445 83 12 15 0.028206097 
366 0 9 10 0.028198829 
81 58 29 34 0.027773606 
526 75 10 12 0.027362665 
486 36 11 14 0.027290719 
468 108 15 17 0.027216317 
251 88 13 19 0.026928566 
653 54 10 14 0.026789164 
719 61 8 9 0.026273983 
749 89 15 20 0.025966594 
456 51 9 11 0.025937641 
598 68 11 15 0.02579296 
469 115 18 23 0.025665155 
182 72 9 13 0.025586843 
518 39 7 10 0.025017383 
690 5 9 11 0.024940649 
449 44 11 14 0.024930028 
456 92 10 14 0.024745228 
873 89 23 32 0.024579544 
695 85 14 18 0.024541754 
736 61 10 12 0.0244155 
519 56 8 10 0.024380272 
559 92 11 14 0.024111517 
967 114 25 31 0.02405326 
551 86 10 13 0.02391897 
412 21 12 16 0.023914138 
648 329 15 18 0.023906993 
539 51 10 13 0.023457414 
449 5 9 12 0.023296192 
493 96 23 29 0.02314728 
512 90 13 17 0.022958755 
723 86 11 13 0.022651374 
677 113 28 36 0.02250732 
-3 464 55 86 0.022453329 
460 45 10 13 0.022371732 
904 34 11 13 0.022309918 
926 47 10 12 0.022296807 
85 62 17 20 0.022205442 
211 313 27 43 0.021509973 
261 89 13 18 0.02147296 
737 76 11 16 0.02137134 
741 339 35 51 0.02116407 
257 41 15 18 0.020605024 
584 58 46 55 0.020580249 
468 91 12 13 0.020420779 
462 87 10 12 0.020185137 
476 5 10 11 0.02011448 
