2_Demonstration_Protesters_2_589
21
586 330 35 42 0.14387655 
558 287 25 36 0.0648626 
615 329 40 43 0.064353034 
409 51 25 29 0.059545353 
674 146 403 492 0.05027044 
476 267 28 42 0.04438192 
570 291 16 25 0.034229636 
297 381 27 31 0.031596337 
504 103 8 11 0.0307269 
581 79 12 17 0.030134518 
663 359 47 51 0.029468985 
545 83 8 12 0.029122435 
628 332 54 55 0.028773258 
589 313 60 61 0.026561331 
101 41 39 51 0.025368184 
14 503 27 35 0.024770321 
772 271 42 70 0.023400411 
541 285 39 57 0.02335571 
414 63 37 52 0.0213626 
14 481 27 33 0.020986767 
71 126 199 298 0.020684464 
