2_Demonstration_Demonstration_Or_Protest_2_487
25
185 74 326 455 0.9984755 
15 388 113 174 0.997849 
451 1059 139 183 0.99665254 
709 1227 101 151 0.90098846 
615 1286 101 130 0.44650018 
795 497 141 181 0.2295746 
752 55 42 64 0.15694925 
654 1267 99 139 0.1297432 
356 981 168 266 0.12556434 
140 486 50 57 0.065757886 
739 67 36 52 0.057214573 
794 1132 27 37 0.05179343 
353 780 388 447 0.051651724 
593 602 325 457 0.044380058 
977 1091 12 17 0.04068487 
723 -4 54 68 0.03349609 
841 1130 24 27 0.03012867 
734 21 55 76 0.026570195 
739 33 72 106 0.02614087 
11 211 33 39 0.02610971 
85 172 36 36 0.023076743 
532 1208 189 277 0.021263769 
710 738 97 127 0.02078298 
46 158 24 28 0.020621687 
1 117 26 46 0.020571996 
