2_Demonstration_Protesters_2_460
119
884 201 28 39 0.99962854 
787 67 31 40 0.99957985 
841 67 29 37 0.99944097 
34 66 27 32 0.9992976 
483 238 33 41 0.99909365 
484 97 35 44 0.99834836 
804 176 38 50 0.9968087 
75 89 25 33 0.9960174 
163 82 17 22 0.9927573 
272 232 42 53 0.9925679 
641 57 39 51 0.9917385 
133 74 16 19 0.99010324 
954 93 22 34 0.9839728 
434 73 23 26 0.9593627 
707 64 22 30 0.93707395 
283 75 12 16 0.86790824 
996 88 14 17 0.7408346 
749 92 13 15 0.5153101 
146 192 23 25 0.3261257 
1011 196 12 15 0.18386433 
681 18 29 33 0.11373611 
1012 58 10 18 0.11009722 
255 146 9 12 0.08814113 
0 69 11 18 0.0880263 
264 143 10 12 0.07477869 
200 105 13 17 0.06812782 
695 67 25 29 0.067948 
68 132 32 39 0.06659766 
208 131 12 16 0.06116302 
162 148 11 15 0.057613283 
328 177 9 12 0.05715509 
1001 85 13 17 0.057133537 
183 75 14 18 0.056751717 
223 121 10 11 0.056035966 
990 116 13 18 0.05559884 
237 142 8 11 0.055082325 
974 74 12 15 0.053292915 
630 287 13 15 0.052338373 
291 195 11 12 0.052115988 
1 69 19 29 0.051879536 
925 274 16 19 0.051758975 
456 264 18 22 0.0512508 
221 228 15 17 0.050662734 
742 83 20 27 0.050077233 
151 203 24 27 0.047098354 
244 190 12 15 0.045556366 
326 207 8 10 0.04490159 
430 58 34 48 0.04421517 
679 66 13 17 0.04270078 
950 106 15 23 0.04200801 
508 242 28 33 0.04178959 
212 127 10 13 0.039705914 
246 119 7 11 0.03873535 
969 77 9 13 0.03590419 
245 125 8 10 0.034937933 
142 188 16 22 0.034684423 
280 62 9 12 0.034401603 
103 107 21 27 0.0341863 
968 64 9 10 0.033879526 
328 191 8 12 0.03366008 
67 75 14 19 0.033519015 
239 136 8 10 0.032631084 
963 89 32 47 0.03254619 
997 61 10 14 0.031898666 
336 199 8 10 0.031696342 
162 211 17 20 0.031416576 
446 77 24 34 0.031215064 
997 123 12 16 0.030298457 
203 187 13 17 0.029677425 
721 73 14 20 0.02931535 
231 119 8 11 0.028297 
955 84 16 23 0.027722685 
239 192 14 18 0.027487045 
1004 50 20 29 0.027365718 
680 239 26 30 0.027175033 
160 194 16 20 0.027146768 
1007 203 12 14 0.027096944 
964 85 12 19 0.02699182 
908 68 11 14 0.026684985 
977 219 15 18 0.026285527 
521 247 18 23 0.026214968 
935 205 14 18 0.025696883 
278 158 12 16 0.025533779 
1001 219 10 15 0.02483189 
115 152 25 31 0.0244414 
109 170 15 21 0.02431815 
327 213 8 10 0.024258755 
332 175 10 11 0.024171872 
907 216 15 20 0.024035705 
269 148 9 12 0.023999872 
239 118 9 12 0.02358283 
147 182 17 21 0.023434322 
180 82 14 18 0.023348022 
225 235 32 41 0.023229131 
972 68 21 28 0.023168515 
224 157 9 11 0.023040466 
1003 213 12 15 0.022996018 
670 61 26 33 0.022444548 
248 148 11 14 0.022141982 
1003 128 12 17 0.022138892 
262 65 13 17 0.022022784 
46 71 18 22 0.021987604 
215 174 9 12 0.021838307 
334 168 8 10 0.021764819 
70 89 19 26 0.021733746 
3 63 16 20 0.02157295 
219 225 25 31 0.021560725 
186 89 13 17 0.021468692 
969 69 11 15 0.021414591 
586 316 18 22 0.021152385 
237 146 10 14 0.021056917 
980 101 24 34 0.020941956 
-1 77 13 23 0.020940347 
306 151 8 11 0.020856347 
326 196 9 12 0.02054096 
206 182 11 15 0.020244539 
919 69 12 14 0.020216834 
215 179 10 13 0.020041058 
198 191 14 17 0.020006867 
