2_Demonstration_Demonstration_Or_Protest_2_306
32
825 209 102 144 0.9998276 
668 212 60 85 0.99803203 
184 154 114 165 0.9767404 
357 182 54 64 0.9755922 
311 191 51 67 0.95643854 
585 234 49 59 0.885424 
332 185 54 64 0.8208984 
619 201 33 43 0.8202849 
341 323 73 84 0.6657564 
3 266 47 65 0.39228436 
748 248 42 75 0.26411805 
400 164 30 43 0.12056759 
790 232 95 133 0.0819619 
994 253 14 17 0.06317725 
444 205 56 61 0.061809123 
278 169 80 107 0.061111096 
25 262 60 67 0.05315864 
597 214 48 56 0.05148828 
444 288 47 62 0.041414175 
-8 271 362 488 0.033469524 
756 245 75 110 0.033085197 
41 117 54 82 0.031601544 
456 303 27 38 0.030624403 
628 212 32 44 0.02853758 
709 218 62 104 0.027551576 
740 264 33 49 0.027256476 
409 297 79 93 0.025143877 
230 178 76 110 0.024505835 
374 303 85 107 0.023878684 
409 271 51 68 0.023643775 
59 471 276 244 0.022816997 
383 174 40 52 0.021530444 
