2_Demonstration_Political_Rally_2_410
265
633 446 93 113 0.99960274 
468 456 35 40 0.99937963 
4 526 59 74 0.9993411 
727 471 53 65 0.9986883 
250 499 73 85 0.99837315 
558 516 44 64 0.998126 
932 445 31 39 0.99781346 
353 429 39 45 0.99766636 
178 485 56 68 0.99481994 
504 490 39 50 0.99395174 
855 417 40 50 0.9893846 
117 428 17 20 0.9683689 
150 412 16 20 0.867419 
508 427 19 24 0.8403456 
953 429 23 27 0.79052764 
943 441 27 34 0.6328701 
804 448 24 28 0.6056222 
32 409 27 34 0.5757904 
565 426 14 22 0.5672312 
832 427 17 22 0.5450752 
213 412 15 20 0.544674 
100 403 10 13 0.5107171 
9 411 32 38 0.412202 
328 419 10 11 0.40874493 
68 413 15 18 0.40429157 
205 415 18 20 0.34188497 
123 398 10 13 0.33992416 
695 97 15 18 0.33902767 
175 409 12 16 0.25136587 
609 437 17 22 0.24162284 
679 450 82 97 0.24131016 
437 406 9 13 0.23643506 
404 422 11 14 0.19187693 
0 389 31 38 0.18606159 
286 425 14 17 0.18577716 
461 420 13 16 0.15865493 
398 420 12 16 0.15796198 
403 466 26 31 0.1555236 
608 425 23 30 0.1458936 
76 413 14 18 0.14353538 
558 385 15 19 0.14132461 
320 430 9 12 0.12848479 
265 435 17 21 0.12667614 
179 407 11 14 0.124716476 
411 445 22 27 0.123148374 
388 412 13 17 0.12094138 
292 428 13 18 0.11946847 
47 380 15 18 0.11941086 
118 458 15 18 0.11902472 
632 100 10 13 0.114090934 
997 427 14 17 0.11327302 
389 405 11 16 0.111294396 
980 418 14 17 0.10809548 
795 451 27 37 0.106455974 
52 409 15 22 0.10603678 
434 412 9 13 0.10265342 
122 453 18 20 0.102245174 
608 418 17 18 0.10185981 
405 448 15 19 0.08990427 
134 525 32 39 0.087422445 
558 415 18 27 0.08520978 
253 419 13 15 0.08458352 
540 438 16 19 0.084415235 
383 371 9 12 0.08293404 
255 399 7 9 0.07936052 
287 416 10 11 0.07886181 
555 412 13 19 0.078692116 
197 411 17 21 0.07832118 
318 441 13 18 0.07763951 
736 412 28 32 0.073637776 
171 374 8 11 0.07319049 
993 428 21 27 0.072749555 
331 414 11 14 0.071414284 
543 413 14 18 0.071177565 
301 420 9 12 0.070627235 
274 422 23 28 0.07002253 
82 412 13 17 0.06862721 
466 421 14 16 0.067341015 
406 452 25 33 0.060212754 
395 414 12 14 0.058895387 
288 441 13 17 0.058431856 
144 390 11 13 0.057470117 
260 419 15 17 0.056286894 
352 384 8 10 0.056263834 
62 413 15 20 0.054470997 
305 395 11 14 0.05425419 
252 430 24 28 0.053824577 
128 498 26 32 0.053190686 
978 465 27 32 0.052938823 
507 407 16 19 0.052927252 
834 428 24 33 0.05275663 
988 423 20 24 0.052504968 
196 406 13 16 0.052501414 
179 416 15 22 0.052395683 
591 427 41 51 0.050869647 
960 443 17 25 0.05071273 
977 414 11 15 0.049893156 
176 390 10 12 0.04956572 
208 388 8 11 0.047948208 
1003 424 14 18 0.046351094 
954 489 30 36 0.046233434 
83 427 16 20 0.04590623 
318 458 14 17 0.04586035 
416 438 11 14 0.043239076 
255 441 14 18 0.043005757 
432 420 9 11 0.04262945 
148 395 12 15 0.04234118 
921 430 17 20 0.04199478 
967 421 21 27 0.04148422 
284 433 22 27 0.041176386 
250 413 9 12 0.040732406 
541 410 22 29 0.040451568 
439 402 7 9 0.03974605 
818 429 21 27 0.03949994 
843 402 13 17 0.039107468 
400 449 12 18 0.038890027 
124 391 10 13 0.038804293 
294 415 8 11 0.03807924 
608 374 13 15 0.037723698 
266 413 14 16 0.0373133 
352 311 10 12 0.037018873 
261 428 16 19 0.037017412 
180 396 10 13 0.036861144 
321 425 9 10 0.036717065 
219 408 13 16 0.03668701 
986 551 37 60 0.03643146 
90 433 16 19 0.036061123 
280 421 13 17 0.03604805 
143 383 10 12 0.036036305 
584 462 39 48 0.03587743 
388 467 14 22 0.0352112 
384 416 13 16 0.03515083 
336 376 9 11 0.034956526 
712 106 11 15 0.03487041 
213 389 9 11 0.03485926 
158 396 14 16 0.03479812 
993 614 30 37 0.03465594 
275 440 15 18 0.0345343 
313 360 8 10 0.03443644 
498 335 22 29 0.034042276 
537 445 24 27 0.033896133 
576 425 23 30 0.03354052 
326 410 19 24 0.033368107 
456 415 21 26 0.0333442 
294 422 11 15 0.03320456 
610 401 13 15 0.033133194 
166 391 10 12 0.03304614 
1006 414 12 14 0.03297287 
160 392 10 12 0.032686263 
561 431 13 20 0.03267002 
404 105 13 16 0.03266916 
249 407 8 11 0.032498717 
227 411 11 15 0.032318406 
968 289 11 15 0.031995557 
708 101 12 15 0.031902235 
83 394 13 17 0.031860553 
424 400 8 9 0.031838585 
487 499 35 41 0.03181748 
432 393 7 8 0.03180974 
185 414 21 27 0.03167013 
384 399 9 12 0.031252943 
595 450 35 45 0.031009661 
537 426 22 29 0.030725194 
413 106 13 16 0.030622378 
416 400 7 10 0.030571353 
550 403 13 18 0.030260056 
808 434 19 21 0.029947016 
425 405 8 10 0.029915543 
345 366 8 9 0.029735887 
265 406 10 12 0.029653296 
115 500 27 36 0.029645083 
770 128 13 15 0.029566666 
409 404 7 10 0.029193234 
890 452 24 30 0.028934572 
294 432 22 29 0.028637072 
313 445 20 28 0.028567525 
315 458 24 29 0.028514165 
206 397 9 12 0.028484277 
98 443 16 20 0.028314706 
496 387 9 12 0.028134676 
154 423 16 20 0.027943853 
95 400 18 21 0.027477164 
1005 557 20 45 0.027288126 
969 433 14 21 0.027243797 
957 425 16 19 0.027185395 
110 492 26 32 0.027183194 
311 414 8 10 0.026951574 
328 409 9 11 0.026634444 
245 431 15 22 0.026633697 
542 430 14 17 0.026541587 
744 298 13 16 0.026526226 
830 436 17 22 0.026423983 
987 420 15 17 0.026329454 
350 368 7 8 0.026303278 
114 414 23 27 0.026099987 
249 399 9 10 0.025603907 
394 473 35 50 0.025443807 
396 439 21 30 0.025418507 
165 424 14 19 0.025358515 
125 511 31 42 0.025290743 
423 111 12 15 0.025123026 
229 429 13 16 0.025087757 
534 415 11 14 0.025078733 
503 334 13 17 0.024990603 
203 449 26 32 0.024933957 
391 31 8 10 0.02479797 
490 335 36 50 0.024776986 
803 469 16 24 0.024714869 
544 529 34 47 0.024586678 
896 435 12 18 0.024461305 
404 436 11 15 0.02443175 
953 621 52 52 0.024168767 
908 313 13 16 0.024131551 
586 434 28 32 0.024083251 
767 99 9 11 0.024063203 
153 462 31 42 0.02402063 
811 423 15 17 0.023929937 
313 437 12 17 0.023917956 
988 415 11 13 0.023860715 
470 404 12 12 0.023835976 
1010 368 14 24 0.023804486 
930 586 30 35 0.023777612 
191 410 13 18 0.023544788 
380 412 23 27 0.023387978 
326 463 25 33 0.023344127 
917 450 27 31 0.02286423 
172 421 16 22 0.022804618 
237 433 14 19 0.022705195 
295 398 9 12 0.022551509 
398 435 12 16 0.022490313 
93 408 14 18 0.022441838 
112 451 14 19 0.02229651 
729 72 8 11 0.022246197 
256 411 41 49 0.02209027 
568 420 17 22 0.02198774 
318 406 8 11 0.021932902 
335 392 7 9 0.021846022 
1007 304 14 22 0.02180258 
157 381 11 13 0.02169922 
763 293 13 16 0.021651048 
561 428 23 32 0.021569055 
397 421 20 25 0.021537704 
60 564 27 35 0.021480627 
321 415 8 10 0.021470482 
299 434 13 18 0.021342486 
76 417 21 27 0.021266133 
85 403 14 18 0.02123645 
455 414 13 16 0.021200247 
529 529 30 39 0.021166319 
263 400 9 9 0.021156067 
229 389 10 12 0.021144822 
919 456 15 19 0.021103503 
892 448 16 21 0.021023948 
36 379 23 29 0.020995812 
457 425 13 17 0.020898785 
41 546 38 43 0.020887416 
838 405 15 20 0.020651033 
528 397 12 16 0.020579722 
342 445 11 17 0.02055374 
169 378 11 14 0.0204366 
311 404 9 11 0.020249525 
445 407 10 13 0.020210417 
783 455 32 47 0.020178018 
480 520 29 37 0.02008871 
396 456 23 34 0.020000704 
