2_Demonstration_Demonstration_Or_Protest_2_304
97
192 280 49 65 0.9992704 
762 285 107 130 0.99925643 
528 348 45 65 0.9970848 
303 387 36 44 0.9969959 
372 363 35 44 0.99692935 
681 403 45 55 0.9932429 
430 376 44 56 0.9930387 
79 382 34 47 0.98334575 
548 348 43 61 0.98296976 
261 382 40 54 0.9626125 
916 379 34 49 0.90904105 
726 394 33 47 0.867759 
38 409 22 30 0.61802673 
699 399 41 50 0.60255927 
863 652 56 63 0.4581219 
610 373 26 32 0.24165924 
26 405 14 19 0.14972074 
774 571 70 75 0.14665323 
292 333 18 25 0.13725694 
972 441 41 56 0.121661246 
640 367 13 17 0.107689135 
27 402 23 30 0.09783762 
36 359 17 20 0.07485868 
924 372 14 18 0.07483297 
1001 720 24 38 0.06274477 
218 669 47 62 0.055660505 
927 376 49 62 0.054842174 
147 266 17 22 0.05136258 
0 557 10 17 0.048727438 
29 454 17 22 0.04806098 
563 296 15 20 0.046184372 
572 360 33 47 0.045958914 
51 367 16 24 0.04451958 
19 714 15 18 0.044076115 
0 405 7 14 0.04386024 
35 393 23 35 0.043144997 
86 456 23 33 0.041074574 
526 264 12 14 0.040337715 
623 376 15 22 0.038824778 
280 391 34 44 0.037677012 
272 823 11 13 0.03689097 
578 259 17 21 0.03660751 
237 301 26 36 0.035828814 
134 734 165 235 0.035171077 
421 280 26 32 0.03416017 
97 663 44 52 0.034068417 
851 101 12 15 0.034051865 
207 347 39 51 0.033355676 
15 724 13 17 0.032836035 
170 638 46 53 0.032257684 
45 393 13 19 0.031562064 
6 454 12 16 0.031396713 
48 563 44 52 0.030811222 
863 102 10 13 0.028614538 
551 289 24 32 0.028371051 
908 100 11 14 0.0282691 
715 349 17 21 0.028034937 
589 368 30 38 0.027501212 
614 323 13 16 0.02688391 
316 259 51 66 0.025910946 
999 4 13 15 0.025792914 
452 257 33 43 0.025501164 
665 356 10 14 0.025469135 
284 304 40 54 0.024947999 
12 398 22 28 0.024351971 
927 401 28 43 0.02433054 
597 263 14 18 0.024234058 
339 -9 100 105 0.024026027 
322 381 29 38 0.023995714 
686 208 62 68 0.023859082 
579 252 14 18 0.023680883 
500 823 28 40 0.023516832 
518 260 11 15 0.023448097 
821 626 86 90 0.023357918 
429 291 29 35 0.02308721 
582 248 9 12 0.022700738 
510 252 13 15 0.022585453 
33 358 12 16 0.022574661 
211 242 12 16 0.022525659 
170 301 31 33 0.022484023 
606 309 22 35 0.022406498 
21 465 13 18 0.022397114 
324 276 31 43 0.022374285 
604 357 28 36 0.021830456 
765 585 95 104 0.021596014 
986 399 39 65 0.021165293 
863 94 10 12 0.021143254 
14 719 29 33 0.021111514 
225 361 18 24 0.021096637 
291 780 13 15 0.020835545 
979 462 21 26 0.020803181 
619 381 25 33 0.02058568 
956 391 48 69 0.02012432 
503 240 12 13 0.020111294 
254 710 10 13 0.020040158 
618 362 16 21 0.020006474 
24 365 12 15 0.020003822 
