2_Demonstration_Protesters_2_178
95
748 511 59 59 0.9990338 
265 496 67 85 0.9985643 
632 516 58 69 0.99763083 
551 545 68 72 0.99756515 
64 545 70 86 0.99649256 
680 27 41 48 0.9787542 
596 109 44 54 0.9767262 
768 109 47 54 0.96836644 
911 577 70 68 0.9538579 
462 78 51 56 0.89556855 
-1 80 34 47 0.861969 
364 62 41 52 0.85391855 
241 621 53 47 0.48916307 
275 399 46 48 0.34746486 
305 388 40 44 0.31843716 
853 273 44 66 0.25818494 
59 70 49 53 0.21155553 
427 165 46 45 0.20208928 
721 391 37 34 0.16884495 
132 63 37 38 0.13527897 
89 74 38 44 0.13317299 
678 101 23 36 0.124155544 
4 193 16 22 0.1202094 
538 194 19 21 0.1162911 
159 164 14 17 0.10855768 
108 26 13 15 0.1082007 
292 14 18 20 0.083550096 
690 99 24 37 0.080731966 
918 277 31 51 0.07442519 
665 98 28 43 0.068934746 
720 648 19 22 0.06845916 
41 42 15 18 0.057318993 
184 40 24 29 0.056842856 
48 67 38 46 0.05290823 
139 64 18 19 0.046556942 
231 84 51 55 0.046212316 
159 159 12 14 0.04535294 
147 147 15 19 0.044736404 
328 386 30 47 0.04299662 
148 62 35 38 0.042727765 
619 120 50 67 0.041812103 
208 170 12 15 0.041360244 
452 487 36 55 0.03993308 
422 150 81 92 0.039046608 
170 296 30 34 0.03811272 
893 571 55 68 0.037940208 
211 319 39 53 0.03634616 
49 126 29 35 0.03596959 
630 451 34 39 0.034330383 
709 248 17 24 0.03407193 
112 250 17 22 0.03269026 
202 623 34 45 0.028874837 
172 310 19 22 0.028730148 
17 90 47 64 0.028015323 
654 59 26 31 0.027989866 
137 136 27 33 0.027969252 
815 45 53 61 0.02723424 
652 456 12 17 0.0268194 
63 93 49 57 0.026792038 
648 98 35 50 0.026520228 
696 97 36 54 0.026421623 
392 171 31 33 0.025949875 
308 1 15 16 0.025914349 
605 445 46 50 0.025552008 
597 524 76 90 0.025035901 
627 101 35 47 0.024717515 
405 468 34 51 0.024404008 
756 434 34 38 0.024337266 
2 149 44 57 0.024326907 
87 250 12 17 0.02412395 
99 14 12 15 0.023667762 
40 99 46 58 0.023561051 
534 194 33 33 0.023386285 
200 206 26 32 0.023367055 
36 75 32 47 0.023341965 
268 387 37 46 0.023199668 
644 457 17 20 0.023056 
868 286 46 63 0.022991022 
187 -58 422 479 0.022592094 
95 95 53 61 0.022443803 
182 288 85 134 0.022350637 
216 200 9 11 0.022314632 
114 71 32 38 0.022262974 
32 -4 44 44 0.022226242 
699 105 17 24 0.022156445 
380 56 36 44 0.02183377 
639 124 33 41 0.021832023 
648 490 52 69 0.021587506 
78 305 15 19 0.021491615 
479 88 54 70 0.021456912 
395 195 16 21 0.021316897 
460 107 61 72 0.020652035 
777 259 14 18 0.020568576 
645 73 38 55 0.020492448 
194 216 44 61 0.020383665 
