2_Demonstration_Demonstrators_2_547
57
683 136 54 81 0.9991391 
215 137 58 70 0.99856323 
483 163 40 46 0.9982376 
821 136 45 56 0.99689037 
877 177 40 45 0.99444973 
640 161 40 55 0.97232336 
0 213 26 39 0.97002685 
931 202 27 37 0.9386612 
458 201 25 34 0.9120352 
987 208 29 53 0.88584495 
419 192 26 34 0.80496407 
928 291 43 61 0.64934325 
950 214 38 50 0.5732238 
937 203 36 50 0.27018347 
309 110 15 20 0.22100784 
165 160 42 52 0.20589669 
404 224 15 22 0.15873396 
469 207 28 38 0.1548848 
969 212 36 49 0.13746944 
988 366 27 35 0.13481797 
425 188 18 23 0.12686694 
201 183 22 34 0.11995611 
976 369 26 36 0.11227034 
459 195 16 21 0.10249462 
-2 509 39 60 0.09993732 
765 205 26 29 0.08622702 
913 184 22 30 0.075758085 
405 213 22 30 0.059326664 
480 214 30 36 0.05653431 
413 202 27 35 0.04277087 
1003 409 16 20 0.042383645 
762 406 22 29 0.03536135 
170 218 29 35 0.033887073 
662 469 27 32 0.033645663 
1000 373 17 22 0.033575084 
445 201 24 34 0.03124065 
866 331 33 40 0.027824795 
589 56 24 35 0.02745825 
165 171 13 18 0.027269367 
178 183 41 52 0.026720466 
398 217 15 25 0.026522078 
262 224 52 59 0.025718078 
458 239 26 32 0.025516283 
963 361 24 33 0.025351627 
186 170 33 43 0.02498871 
458 222 29 38 0.023914455 
379 190 12 14 0.0237231 
994 390 17 21 0.021688808 
1 340 38 66 0.021629868 
875 320 27 36 0.020967107 
435 203 16 26 0.020954436 
413 198 18 22 0.020849377 
946 354 28 33 0.020723294 
658 162 38 49 0.020392174 
1002 205 22 44 0.020383814 
162 188 33 42 0.02019603 
852 319 27 32 0.020005397 
