2_Demonstration_Demonstration_Or_Protest_2_816
150
140 280 53 68 0.9993315 
815 80 38 47 0.9979729 
348 264 49 70 0.9977902 
217 256 48 69 0.99759185 
793 225 38 51 0.9949569 
722 2 38 52 0.9932254 
93 64 39 50 0.9924021 
14 170 43 50 0.9917915 
680 202 41 56 0.9897586 
447 63 34 49 0.98598874 
302 149 43 52 0.9848642 
863 171 40 54 0.9837136 
494 159 42 53 0.9827068 
683 65 35 48 0.9822932 
357 398 48 58 0.97465384 
460 220 46 59 0.9735571 
316 210 45 50 0.96018267 
575 122 44 50 0.9562832 
633 171 32 45 0.9494609 
182 200 46 55 0.946211 
436 197 30 49 0.94054466 
357 5 30 32 0.9333326 
303 -3 43 45 0.919844 
110 2 33 25 0.89882475 
890 5 23 30 0.80347943 
780 284 45 59 0.7924319 
490 3 26 29 0.7693745 
598 227 50 60 0.62758684 
970 144 38 45 0.6150446 
391 0 25 28 0.609762 
315 491 76 101 0.47127438 
640 26 35 38 0.43654326 
161 -1 33 28 0.4299854 
203 159 17 19 0.37879935 
642 146 38 38 0.33358216 
193 163 28 35 0.25679445 
505 104 30 38 0.20657505 
460 278 22 30 0.18728948 
175 2 20 20 0.1771361 
103 535 61 71 0.17065872 
545 300 30 42 0.15346919 
1002 84 23 44 0.12824962 
53 -2 34 30 0.11185916 
842 19 41 50 0.103515446 
618 123 24 33 0.10330031 
587 246 41 55 0.09712637 
885 376 51 60 0.09340065 
167 98 25 33 0.08971233 
371 3 29 29 0.080149435 
0 33 21 45 0.07358846 
631 233 44 58 0.07266605 
176 185 38 46 0.06881889 
181 507 47 62 0.061789628 
165 86 25 31 0.055602226 
572 261 42 58 0.0546704 
986 436 39 70 0.054538928 
871 66 40 51 0.054342847 
584 397 59 69 0.049785446 
0 -2 20 21 0.049445916 
845 16 18 21 0.046815433 
635 156 30 38 0.04652478 
92 506 63 79 0.043334633 
614 201 52 63 0.04288359 
464 450 51 59 0.042744923 
218 28 41 48 0.040324356 
431 185 29 42 0.03847185 
166 8 29 38 0.03816335 
257 3 33 42 0.038045578 
650 243 32 42 0.03787143 
709 616 17 22 0.037856843 
345 9 31 37 0.03741086 
281 187 20 24 0.0374034 
158 2 20 20 0.037154287 
23 136 30 35 0.036712527 
227 526 58 60 0.036202975 
530 285 40 50 0.035788495 
570 379 47 62 0.035121683 
665 266 39 58 0.035057314 
396 446 45 61 0.034742035 
434 4 15 18 0.034640122 
874 -1 39 43 0.033815112 
451 265 38 52 0.033668414 
654 251 40 58 0.03357688 
977 106 42 62 0.033291016 
12 -1 27 32 0.032303095 
877 97 34 39 0.032138575 
163 548 57 74 0.0320767 
169 183 29 38 0.031876292 
314 469 60 72 0.031844586 
979 92 36 44 0.031731185 
200 147 25 28 0.03162789 
650 26 45 56 0.03134498 
478 3 27 33 0.031342413 
123 -1 33 28 0.031148952 
846 5 34 33 0.030844362 
180 104 26 34 0.030628959 
640 259 40 63 0.030117618 
491 128 42 53 0.029343558 
698 390 93 123 0.029324159 
186 525 56 69 0.029318865 
768 60 42 49 0.02914677 
259 226 35 45 0.029129464 
892 345 55 71 0.029020248 
171 110 25 33 0.028634995 
1010 94 15 26 0.028419962 
867 357 88 105 0.028399155 
906 420 81 126 0.028386936 
334 240 51 62 0.028160237 
838 320 48 56 0.027901607 
428 214 35 55 0.027876465 
575 401 93 112 0.02766823 
300 463 50 62 0.027647257 
503 3 18 22 0.026898522 
975 510 36 44 0.026650373 
231 59 29 31 0.026619768 
303 602 19 23 0.026614456 
164 76 13 17 0.026558086 
349 11 18 20 0.026402785 
0 67 18 33 0.02639227 
511 116 33 41 0.02637212 
962 420 67 121 0.025872163 
132 518 51 73 0.025365299 
171 160 40 49 0.025014808 
545 278 42 53 0.024847584 
401 8 27 34 0.024622586 
124 520 233 233 0.024241835 
632 138 34 39 0.02418901 
212 24 26 33 0.024177283 
880 396 85 116 0.024005929 
899 66 30 41 0.023450144 
990 66 33 48 0.022852356 
209 4 47 49 0.022843495 
618 133 30 40 0.022730283 
246 218 29 44 0.02262714 
117 494 57 72 0.022052523 
885 85 33 40 0.022016345 
181 16 26 34 0.021892564 
753 119 45 61 0.021833057 
176 90 18 22 0.021514893 
854 41 42 53 0.021505326 
641 8 38 42 0.020932484 
183 30 37 46 0.020855365 
191 225 51 64 0.02078298 
274 169 24 31 0.020704592 
535 1 45 47 0.0206511 
370 453 47 62 0.020555496 
664 371 52 63 0.020459559 
485 76 29 38 0.020398466 
845 350 55 70 0.020344714 
679 279 39 51 0.020008957 
