2_Demonstration_Demonstration_Or_Protest_2_512
504
402 238 27 33 0.9969902 
963 375 54 85 0.9935959 
143 284 51 63 0.98315585 
935 279 26 31 0.8264698 
921 258 17 21 0.7049037 
469 229 12 14 0.6037581 
421 313 62 68 0.58107555 
992 207 11 13 0.5757335 
918 197 10 12 0.5682406 
242 210 18 20 0.5667317 
954 313 33 38 0.5489892 
735 258 13 16 0.54573685 
598 289 31 32 0.5447075 
989 272 14 17 0.5302675 
97 294 26 35 0.52498037 
674 278 32 52 0.51301867 
639 244 12 15 0.44951046 
902 266 15 20 0.44408005 
156 191 17 22 0.44082916 
114 348 43 55 0.4105593 
647 207 11 14 0.345693 
732 310 45 53 0.33367458 
199 228 25 34 0.3095737 
569 343 41 49 0.30684194 
685 303 42 53 0.29576656 
295 207 11 13 0.27232733 
621 244 15 18 0.26685348 
1012 275 10 16 0.26506624 
172 212 24 30 0.25942916 
625 221 10 13 0.2551641 
243 391 50 82 0.24964567 
685 289 32 47 0.23989911 
1005 315 15 20 0.22729136 
910 260 14 18 0.22699974 
128 191 26 33 0.2243936 
679 189 13 16 0.2152254 
718 199 8 10 0.19419932 
596 238 11 15 0.19326746 
813 213 10 11 0.18158637 
658 249 15 18 0.16429645 
838 274 17 24 0.15971443 
666 205 9 13 0.1556813 
231 292 26 32 0.15166217 
49 202 16 20 0.14940944 
713 222 9 10 0.14451644 
705 307 45 54 0.1406414 
964 269 13 17 0.13953444 
829 245 10 12 0.13727622 
598 213 11 17 0.13692051 
704 207 8 10 0.13598312 
976 208 9 10 0.13377903 
735 225 7 9 0.13365512 
631 260 23 27 0.123838805 
805 229 9 11 0.12263713 
958 265 13 16 0.117764756 
608 184 9 13 0.11201248 
680 181 12 14 0.10986347 
590 213 11 16 0.10776037 
584 287 28 33 0.10698353 
667 297 44 53 0.10696108 
663 199 10 13 0.106612 
1007 259 12 14 0.10417891 
798 206 8 9 0.10345003 
645 228 11 13 0.10123118 
751 244 12 14 0.09976327 
736 230 9 12 0.09887408 
429 201 14 16 0.09844697 
719 246 11 13 0.098279014 
604 214 12 15 0.0970786 
719 205 9 10 0.09651115 
181 219 26 35 0.09499885 
714 198 8 10 0.09435465 
944 382 51 83 0.09383546 
865 219 22 29 0.09292991 
768 248 10 12 0.090899035 
23 190 12 16 0.08929234 
969 274 14 16 0.08891222 
837 204 14 16 0.087810524 
442 223 25 31 0.08746651 
51 193 16 19 0.0851069 
606 206 9 12 0.08264192 
858 227 15 19 0.082372546 
742 235 10 13 0.08217285 
829 239 10 12 0.08197561 
451 211 16 19 0.0813942 
1 206 24 36 0.08122814 
928 262 17 19 0.08018272 
951 264 12 15 0.0797143 
331 182 24 30 0.079588845 
653 222 10 13 0.079243146 
771 245 14 16 0.07863685 
647 200 9 11 0.078493625 
615 247 13 17 0.07824136 
825 237 10 12 0.077711165 
825 231 10 12 0.07739319 
969 248 9 12 0.077382274 
574 211 13 14 0.07718688 
289 206 10 14 0.07619421 
302 319 56 73 0.07537819 
776 283 37 50 0.075184286 
792 289 25 30 0.073896416 
653 212 10 11 0.073580116 
623 184 11 14 0.07157971 
623 216 10 13 0.06975985 
433 195 16 19 0.06962896 
859 284 14 17 0.068879105 
977 212 10 12 0.0681726 
775 234 14 14 0.06814931 
927 314 22 28 0.06773396 
808 208 9 10 0.067533605 
533 408 51 66 0.06660697 
581 209 14 17 0.066420645 
593 252 10 14 0.06637993 
628 214 12 15 0.06580737 
549 327 53 60 0.065528296 
271 243 14 18 0.06550437 
857 260 15 17 0.06469678 
445 213 23 28 0.06435292 
202 228 39 56 0.06364954 
88 325 60 64 0.063486844 
534 238 17 22 0.063188165 
120 188 45 56 0.06313273 
210 238 14 19 0.06308792 
785 222 9 10 0.062235583 
35 201 14 20 0.062127374 
757 240 10 13 0.061826598 
655 239 11 13 0.06144889 
806 223 9 11 0.06133864 
637 249 15 19 0.061232872 
0 224 22 36 0.06091644 
310 147 11 13 0.06010462 
930 298 26 33 0.059614934 
210 229 15 18 0.059463304 
698 205 8 11 0.05933728 
1008 206 10 13 0.059304137 
638 212 11 14 0.059112523 
144 347 36 57 0.058833323 
317 201 12 15 0.05882638 
1008 196 9 13 0.05843592 
949 215 9 12 0.05792127 
872 323 45 54 0.057646073 
670 198 11 15 0.05693496 
464 194 14 17 0.056399092 
697 200 8 10 0.056367565 
823 198 9 11 0.05588451 
791 220 8 10 0.05551883 
627 228 11 13 0.055393703 
752 293 39 52 0.05529573 
778 323 27 38 0.054906327 
223 416 67 92 0.054842643 
295 197 12 14 0.054641433 
663 211 10 12 0.054247543 
822 207 8 10 0.053525236 
835 197 22 27 0.053384386 
429 189 15 17 0.053256862 
951 203 10 13 0.053024832 
1008 189 9 12 0.051642455 
461 224 20 26 0.05124859 
853 286 18 22 0.050815947 
600 207 10 14 0.050774287 
681 176 10 11 0.050347935 
639 222 10 13 0.050295476 
790 238 11 13 0.05020317 
692 231 10 13 0.04993004 
448 304 53 68 0.049653832 
805 325 48 53 0.048800327 
702 189 8 10 0.0487676 
974 222 10 13 0.048431177 
750 238 10 13 0.04755421 
623 207 8 10 0.04729879 
971 249 13 16 0.046777416 
180 206 13 17 0.046775043 
629 206 10 12 0.046738192 
615 205 9 11 0.04669366 
1004 300 12 16 0.046099804 
1013 186 9 14 0.045161314 
197 228 16 25 0.045122802 
991 262 12 16 0.045076903 
829 250 13 16 0.044823233 
606 242 15 20 0.04444321 
1002 190 8 11 0.0444287 
1000 304 20 27 0.044325043 
477 315 44 62 0.043887444 
347 195 15 17 0.043759406 
753 214 9 10 0.04369222 
736 207 9 10 0.043472756 
801 225 8 10 0.043415006 
838 244 11 14 0.043276664 
639 310 32 40 0.042665504 
80 300 52 54 0.042567506 
628 237 12 15 0.042370033 
300 172 26 34 0.042119276 
711 207 7 10 0.041722983 
647 191 8 10 0.041681547 
833 211 11 13 0.04139509 
312 204 12 14 0.0413636 
782 242 12 15 0.040966343 
668 222 12 17 0.04027627 
261 374 42 73 0.040033896 
843 244 12 15 0.039966777 
347 231 22 26 0.03993556 
553 199 11 15 0.039916202 
668 422 77 115 0.039797425 
584 218 12 15 0.03975574 
728 231 9 11 0.039755587 
1006 267 17 24 0.039650094 
285 338 51 74 0.039462756 
861 205 11 13 0.039071478 
776 207 8 10 0.03896923 
712 216 8 10 0.038923416 
49 182 25 33 0.03881075 
655 198 10 12 0.03863578 
613 214 11 13 0.038375784 
348 134 15 17 0.03814565 
1013 210 8 13 0.038093705 
613 238 13 17 0.038086455 
587 211 19 25 0.0380535 
312 172 28 36 0.037967205 
663 220 11 15 0.037709817 
588 206 11 16 0.037683092 
648 224 11 13 0.037339844 
993 278 16 19 0.037337195 
807 246 11 15 0.037301928 
661 191 9 12 0.03695274 
854 266 14 19 0.036913943 
660 241 23 30 0.03690181 
517 198 12 15 0.036703825 
435 225 16 21 0.036177967 
511 202 13 16 0.036102284 
983 274 21 25 0.035842016 
866 263 43 57 0.035767842 
287 191 8 11 0.035632692 
605 197 12 14 0.035623975 
394 180 12 16 0.035457317 
634 303 24 38 0.035403747 
961 306 20 23 0.03535901 
542 226 15 18 0.03507296 
855 222 14 16 0.03506421 
837 207 47 54 0.03497997 
413 174 10 12 0.034562502 
300 185 15 19 0.03447694 
354 195 14 16 0.03432425 
315 148 11 14 0.034268636 
744 213 8 10 0.033900417 
846 277 22 27 0.033890866 
696 183 10 12 0.0338641 
685 214 8 11 0.033824377 
640 188 9 11 0.033801746 
660 238 12 16 0.033707343 
835 251 13 17 0.033433575 
618 249 22 28 0.033152904 
274 355 45 77 0.03298235 
686 168 8 10 0.03295921 
570 212 11 15 0.032828987 
186 213 12 16 0.03279378 
641 235 15 18 0.032643616 
953 270 22 26 0.032530643 
658 281 32 39 0.032431304 
601 199 10 12 0.032410342 
717 238 11 14 0.032289788 
372 195 14 17 0.032277763 
0 157 11 20 0.032225955 
471 201 12 15 0.03222187 
23 190 20 27 0.031971022 
292 200 21 23 0.03196502 
935 267 23 28 0.03189185 
224 194 24 29 0.031813998 
627 248 14 18 0.031750754 
626 350 27 37 0.031629216 
752 230 9 12 0.03139659 
343 187 17 20 0.031352725 
791 198 9 11 0.03134991 
594 237 19 26 0.03130133 
343 128 25 27 0.03129294 
347 188 24 27 0.031109706 
630 182 9 13 0.03078633 
632 201 9 10 0.030752195 
990 203 17 21 0.030744258 
639 184 9 11 0.030714689 
272 237 42 52 0.030686053 
938 319 15 20 0.030447133 
752 287 27 36 0.030428877 
894 270 17 23 0.03038841 
515 268 26 43 0.030316193 
186 444 100 119 0.030247357 
803 284 14 18 0.030157499 
860 210 12 15 0.030154426 
427 209 14 15 0.030140804 
219 226 13 18 0.030137897 
349 240 23 29 0.030014202 
575 281 25 38 0.030003674 
790 280 46 54 0.029978795 
622 211 19 24 0.029881952 
279 191 10 12 0.02981314 
494 222 8 11 0.029801935 
13 200 28 36 0.029778315 
316 299 51 58 0.029632566 
608 291 41 51 0.029568043 
472 292 25 42 0.029475082 
859 281 23 32 0.029392455 
198 222 12 18 0.029323949 
798 201 9 11 0.029228607 
171 252 29 34 0.029101629 
743 184 8 10 0.028924283 
30 184 24 31 0.028924283 
212 223 13 16 0.028906612 
295 189 13 15 0.028822083 
640 250 22 26 0.0287981 
878 188 8 9 0.028750518 
625 249 42 47 0.028662266 
668 218 22 30 0.028662233 
656 191 9 12 0.02865872 
956 199 10 13 0.02863436 
917 230 15 18 0.028522998 
391 211 24 34 0.02845373 
982 207 9 11 0.028435873 
944 276 18 22 0.02836339 
814 267 14 20 0.028307639 
44 204 26 30 0.028266177 
192 215 40 52 0.028227527 
713 193 9 11 0.028071443 
832 197 11 14 0.027982887 
477 594 154 120 0.027968176 
825 225 8 11 0.027783427 
590 228 10 12 0.027639948 
505 317 44 57 0.02762578 
969 222 10 12 0.027611015 
26 200 25 32 0.027581338 
856 280 44 54 0.027533455 
36 187 40 51 0.027483087 
876 330 15 20 0.027403653 
214 212 42 57 0.027349101 
768 205 8 10 0.027272489 
688 235 12 16 0.027157424 
517 210 15 19 0.027142882 
227 202 12 15 0.027134549 
488 222 9 10 0.026991908 
999 197 10 12 0.026897855 
493 202 11 13 0.026844125 
613 185 12 15 0.02672069 
838 217 12 13 0.026613507 
389 149 12 14 0.026603501 
579 323 398 430 0.026567753 
969 191 8 11 0.0265062 
214 251 30 43 0.026460113 
172 252 49 65 0.02639135 
396 222 27 36 0.026351707 
58 319 56 67 0.026255772 
817 199 8 10 0.026164835 
784 265 29 35 0.026127424 
945 265 22 26 0.026084654 
494 229 10 13 0.026078468 
842 211 13 15 0.026040401 
726 236 11 14 0.0260241 
891 320 45 51 0.025794476 
793 206 9 10 0.025758632 
806 235 10 12 0.025662096 
646 323 38 39 0.025626859 
948 295 29 33 0.025624342 
279 396 26 49 0.025555355 
12 185 25 33 0.025544066 
830 221 11 12 0.025443275 
145 251 27 34 0.02536946 
798 270 25 31 0.025364455 
220 189 11 14 0.025294052 
940 261 14 17 0.025231916 
718 193 9 11 0.02522176 
921 265 25 30 0.024992311 
333 115 43 48 0.024918057 
839 260 23 30 0.024655374 
141 197 45 54 0.024611095 
92 143 45 66 0.024585662 
477 222 11 13 0.0245784 
736 213 8 10 0.024564048 
914 314 28 36 0.024515219 
790 261 13 16 0.024375314 
585 291 44 53 0.024305943 
653 254 18 22 0.024291383 
426 227 22 30 0.024245575 
755 249 12 16 0.024162956 
416 188 12 15 0.024155974 
476 197 13 15 0.024134455 
280 204 9 12 0.024081144 
1012 255 11 16 0.02403687 
932 293 19 23 0.023919715 
718 215 9 11 0.023713415 
687 221 9 13 0.023703162 
358 182 23 27 0.023625592 
469 220 21 25 0.02362483 
783 250 12 14 0.02356637 
782 208 8 9 0.02356326 
695 174 9 10 0.023557005 
712 236 10 13 0.023527093 
48 189 13 17 0.02348353 
868 203 12 14 0.023464361 
618 268 25 34 0.023423588 
486 197 12 14 0.02337848 
307 195 23 27 0.023366231 
499 198 12 14 0.02336032 
896 190 9 11 0.023351464 
480 192 10 12 0.023327857 
720 246 21 23 0.023322145 
318 185 15 19 0.023284277 
830 256 24 30 0.023279475 
243 353 53 72 0.023237411 
199 206 27 31 0.023191543 
326 208 24 33 0.023128897 
983 290 17 20 0.023057684 
394 311 59 76 0.023003642 
198 190 13 15 0.022979628 
790 193 8 10 0.022963393 
997 259 13 17 0.022908594 
422 189 12 15 0.022829395 
742 207 8 11 0.022805717 
461 202 13 19 0.02279604 
823 187 46 55 0.022713587 
851 234 48 61 0.022666257 
465 232 22 29 0.022589738 
757 273 24 29 0.022572361 
516 219 16 18 0.022545781 
268 236 23 29 0.02248483 
846 219 10 12 0.022484578 
173 180 12 15 0.022473397 
487 216 10 12 0.022362163 
479 215 10 12 0.022359949 
607 209 19 24 0.022339048 
430 205 24 29 0.022328539 
620 223 21 24 0.022302577 
813 260 13 16 0.02230136 
777 236 22 25 0.022272535 
797 215 8 9 0.022254534 
843 220 23 27 0.022253053 
236 173 10 14 0.022184612 
222 273 31 44 0.022159075 
237 285 15 20 0.02212484 
766 201 9 10 0.021930987 
245 242 13 17 0.0219209 
444 194 14 18 0.02191953 
668 213 11 13 0.021884905 
995 295 21 27 0.02183261 
974 199 8 11 0.021808809 
253 271 40 53 0.02179963 
488 203 11 13 0.021794548 
335 161 30 37 0.021770557 
640 198 9 11 0.021739366 
752 223 10 13 0.02157917 
963 261 14 18 0.021550719 
903 191 8 11 0.021542303 
605 273 29 38 0.021530025 
837 209 26 28 0.021524068 
811 250 12 17 0.021510174 
498 243 14 20 0.021505136 
716 319 57 79 0.021491826 
454 191 10 15 0.021461703 
926 205 10 13 0.021431144 
418 301 32 49 0.021336498 
518 201 25 28 0.021304665 
866 318 28 37 0.021270325 
763 275 29 36 0.021252126 
37 189 10 13 0.021210335 
701 237 10 12 0.021195939 
500 204 12 14 0.021193005 
996 219 11 13 0.021165296 
832 182 28 33 0.021090133 
105 277 29 45 0.021087365 
78 228 44 58 0.02101475 
508 197 23 28 0.021011783 
443 203 22 25 0.021008022 
968 216 9 11 0.020985425 
279 197 9 12 0.020944646 
854 294 28 35 0.020891001 
804 275 15 19 0.020881398 
622 256 13 18 0.020869264 
623 265 16 20 0.020817626 
501 213 11 14 0.020810299 
983 269 15 18 0.020777496 
165 181 12 14 0.020718021 
711 228 11 14 0.020716913 
714 245 11 13 0.02071468 
780 185 94 105 0.02062684 
209 225 25 32 0.020618232 
510 223 22 29 0.020568192 
863 199 9 11 0.020505682 
226 293 41 56 0.020440718 
183 233 29 41 0.020419842 
474 304 30 48 0.020392386 
723 259 26 29 0.02039132 
796 244 12 14 0.020391233 
264 202 11 13 0.020372748 
991 202 10 11 0.020288251 
520 230 23 30 0.02026733 
422 191 22 25 0.02026442 
19 184 41 55 0.020237504 
28 184 13 17 0.020168561 
291 243 29 37 0.020156777 
572 208 23 27 0.020136602 
733 229 20 25 0.020109002 
198 195 24 28 0.02009829 
596 229 13 18 0.020063134 
576 197 10 13 0.02006294 
613 197 12 15 0.020043522 
662 198 19 25 0.020042062 
776 224 9 11 0.020032324 
997 254 12 14 0.020005576 
