2_Demonstration_Demonstration_Or_Protest_2_242
47
167 521 63 89 0.9597227 
19 488 27 34 0.9531744 
262 508 30 38 0.80459 
808 343 51 83 0.791994 
779 307 14 20 0.30012825 
277 502 29 37 0.2345248 
467 74 13 15 0.22414231 
270 503 100 115 0.15610366 
196 509 91 123 0.15170187 
223 470 22 29 0.11456527 
260 594 35 39 0.11128132 
763 452 14 18 0.10022013 
423 552 27 42 0.089685544 
748 429 10 13 0.07820742 
260 514 19 22 0.056257024 
19 174 9 12 0.05540608 
0 556 20 37 0.055138003 
487 69 14 16 0.053767633 
463 81 11 14 0.04595134 
755 457 22 28 0.045911722 
213 469 16 19 0.044835035 
289 504 19 23 0.041688193 
8 182 8 11 0.039279334 
1 500 9 14 0.038850274 
60 465 14 21 0.037850462 
836 253 11 16 0.0352743 
791 172 14 19 0.03521959 
796 452 15 20 0.034642566 
765 368 17 22 0.034254476 
302 536 94 111 0.032674156 
281 517 19 25 0.032591008 
276 500 55 66 0.030109458 
866 372 112 153 0.029986188 
10 197 8 11 0.029170869 
15 506 12 17 0.02803742 
891 341 56 77 0.02803234 
390 319 12 14 0.026884807 
984 432 23 34 0.026679955 
251 514 31 37 0.026153661 
834 338 88 111 0.024622248 
4 493 11 18 0.02325104 
488 63 12 15 0.022221526 
9 191 8 11 0.022083448 
476 73 14 16 0.021852098 
0 542 24 37 0.020441027 
100 631 25 27 0.020388504 
0 608 25 42 0.02025888 
