2_Demonstration_Demonstration_Or_Protest_2_604
123
403 137 56 68 0.9975702 
278 32 88 123 0.99674857 
824 394 139 174 0.99608815 
655 121 59 106 0.9903341 
97 164 43 60 0.9860946 
13 176 25 33 0.9803154 
537 137 23 27 0.91676 
36 209 17 23 0.71062064 
168 170 26 31 0.58274764 
40 128 17 20 0.58248395 
13 134 12 14 0.5710424 
466 149 17 24 0.4659608 
697 106 28 37 0.44360402 
2 232 24 35 0.39867023 
101 130 16 20 0.33068675 
71 135 14 18 0.32964537 
517 97 13 17 0.20364274 
684 106 26 38 0.18078308 
782 3 61 79 0.17717224 
308 184 29 36 0.16292831 
495 10 11 14 0.15789005 
256 290 49 62 0.14698146 
80 136 25 29 0.14324665 
85 122 13 15 0.14173919 
93 133 23 26 0.1180752 
3 153 16 22 0.095090754 
709 99 29 39 0.09430624 
474 106 14 17 0.08452044 
11 224 17 24 0.082690015 
680 106 47 79 0.075355716 
111 89 15 19 0.071581975 
772 99 29 31 0.06875903 
797 173 30 40 0.068130314 
558 127 78 125 0.06627963 
28 113 12 15 0.06007596 
478 99 14 17 0.059943117 
347 156 29 45 0.05750145 
24 170 18 24 0.055401053 
118 178 32 48 0.051779076 
521 145 16 18 0.05094077 
45 161 38 47 0.050337162 
6 162 22 31 0.049316645 
501 443 59 96 0.047781825 
475 304 58 85 0.046784848 
563 146 12 16 0.04555154 
177 159 27 33 0.044967566 
10 138 12 14 0.044515826 
21 165 15 21 0.04325022 
365 1 31 24 0.04136058 
556 142 15 21 0.03984319 
226 48 83 114 0.039726067 
158 167 25 32 0.03859557 
482 124 14 18 0.03849797 
86 121 21 26 0.038484838 
320 14 64 87 0.036292326 
469 187 24 29 0.035904814 
799 -4 133 126 0.035079833 
76 125 21 25 0.033152193 
476 127 17 21 0.033007763 
320 147 40 58 0.033001058 
16 218 15 21 0.032815903 
477 12 11 14 0.031059038 
0 138 8 13 0.030393818 
704 103 52 67 0.030285325 
463 157 25 37 0.030211058 
564 97 11 14 0.02975273 
491 18 14 18 0.02945624 
481 460 54 73 0.029314151 
83 148 33 42 0.02908118 
344 7 59 74 0.029067244 
35 430 25 31 0.0290213 
59 168 15 22 0.028899143 
512 174 53 64 0.028527444 
196 85 56 78 0.028260218 
9 145 15 19 0.028141703 
876 123 16 20 0.027625937 
506 114 26 32 0.027417121 
513 190 25 33 0.027175812 
612 125 78 115 0.027010804 
335 78 34 59 0.02697426 
169 113 25 31 0.026854254 
487 12 13 15 0.026756389 
471 31 10 13 0.026741076 
74 173 26 31 0.026706692 
678 26 28 32 0.02634005 
41 197 26 32 0.025408844 
560 94 11 13 0.02531909 
522 245 17 22 0.025065398 
510 239 31 38 0.024610113 
789 176 47 63 0.024523789 
528 141 47 61 0.02438131 
470 177 13 18 0.024083443 
17 138 13 15 0.024023771 
2 208 15 21 0.023909183 
492 388 102 148 0.023464875 
434 472 45 65 0.02339847 
26 214 25 31 0.023022173 
1 191 22 34 0.022910528 
491 175 40 49 0.022850059 
512 102 22 26 0.022770993 
764 97 47 56 0.022631487 
340 417 66 79 0.022297068 
32 150 26 29 0.022015374 
127 107 27 32 0.021874776 
148 171 25 35 0.02171162 
87 480 24 38 0.021549078 
311 169 34 38 0.021328619 
513 92 14 17 0.021308634 
700 3 94 108 0.021274239 
-2 230 39 55 0.021259576 
-1 214 22 38 0.021066772 
482 103 15 19 0.021043494 
92 133 53 63 0.020954622 
375 132 46 67 0.020753523 
803 180 17 21 0.020591129 
763 173 17 20 0.020582356 
420 448 80 109 0.020438218 
184 174 19 23 0.020435272 
713 98 19 23 0.020334756 
44 153 14 18 0.020295504 
539 170 27 33 0.020213692 
162 76 17 20 0.020049289 
522 105 14 17 0.020012049 
