2_Demonstration_Protesters_2_583
64
810 238 59 75 0.9856375 
775 262 72 69 0.98113704 
903 127 12 15 0.703742 
997 118 11 13 0.57080233 
818 128 8 11 0.3021294 
582 197 41 51 0.29815277 
896 112 7 10 0.2879558 
694 494 58 57 0.25868115 
865 118 8 11 0.257573 
832 114 10 12 0.24170442 
-1 249 29 41 0.14208317 
833 226 34 51 0.10793849 
1013 642 11 18 0.08844296 
929 109 9 11 0.079183094 
601 202 50 58 0.07894767 
589 391 189 201 0.07469319 
999 55 10 13 0.072546534 
793 112 7 9 0.071845636 
508 260 347 418 0.061370563 
951 107 12 17 0.054424528 
992 140 15 18 0.04915824 
108 16 506 489 0.042485245 
736 0 15 18 0.042378433 
800 127 9 11 0.04089731 
888 128 10 12 0.038864378 
985 62 27 31 0.03510601 
663 460 97 94 0.03349441 
899 111 9 12 0.0319759 
799 118 8 10 0.031218367 
939 89 27 34 0.031194344 
940 98 17 21 0.030446066 
929 75 11 16 0.030266972 
982 70 12 16 0.029391969 
952 85 11 15 0.027755784 
997 58 14 19 0.027737273 
973 81 15 21 0.02745915 
994 133 16 18 0.02731238 
918 107 9 12 0.026647158 
793 115 9 12 0.026263079 
982 124 12 13 0.025388993 
928 83 10 15 0.024935186 
949 89 14 19 0.024870992 
806 120 9 11 0.02479484 
807 148 13 18 0.024785317 
990 122 12 14 0.024609698 
903 119 9 12 0.023829948 
928 50 13 16 0.022942552 
19 14 270 228 0.022883538 
785 142 11 14 0.022693431 
831 123 9 11 0.022449765 
988 68 16 19 0.022290222 
627 207 47 69 0.022035882 
950 83 23 33 0.021975625 
788 146 11 14 0.021920444 
1003 122 13 15 0.021869617 
980 122 37 49 0.021321692 
33 -11 340 427 0.021227757 
932 107 12 15 0.020777367 
0 207 33 34 0.020699471 
830 142 12 14 0.02069144 
911 101 11 14 0.02032618 
812 225 105 130 0.02029316 
796 112 8 10 0.020285713 
813 121 19 24 0.020082943 
