2_Demonstration_Demonstration_Or_Protest_2_120
756
819 511 32 39 0.9994748 
901 507 40 48 0.99859136 
995 480 32 36 0.9982864 
5 486 76 85 0.99743867 
661 444 28 30 0.9971877 
936 471 28 33 0.9854058 
980 369 15 18 0.9839749 
748 377 15 18 0.9839033 
717 428 21 28 0.9832373 
966 581 48 53 0.9795069 
483 293 20 26 0.978893 
838 385 15 18 0.9710433 
816 393 18 21 0.957396 
958 397 17 18 0.955045 
469 255 19 22 0.95214146 
889 393 21 23 0.9476657 
395 259 12 19 0.94661367 
1002 371 13 16 0.93598163 
964 349 12 16 0.9281759 
359 282 16 18 0.9198229 
204 413 23 36 0.9191552 
119 293 13 17 0.9041383 
982 420 23 24 0.9031171 
504 266 18 23 0.89457226 
758 326 11 14 0.89063036 
797 381 13 15 0.8807925 
909 372 16 18 0.8731818 
988 342 13 16 0.866013 
884 357 10 14 0.86437505 
859 417 24 25 0.8511879 
558 326 12 15 0.84327406 
807 327 9 11 0.83863527 
918 394 15 17 0.813732 
291 300 12 14 0.80947447 
857 350 10 13 0.7776664 
935 426 21 22 0.76580316 
774 364 13 15 0.74752486 
721 560 41 38 0.73769474 
724 338 10 13 0.6781346 
919 343 12 14 0.66121113 
692 361 12 16 0.63543916 
836 468 23 30 0.62617195 
868 390 14 16 0.62291867 
723 396 17 19 0.61292493 
221 270 10 13 0.61286336 
29 285 15 18 0.6093317 
776 338 12 14 0.5994653 
276 291 10 13 0.5831449 
747 362 13 14 0.49197972 
891 471 22 30 0.4891605 
854 308 8 10 0.4421741 
838 303 7 9 0.44034547 
830 319 7 9 0.42701137 
524 277 10 13 0.42296696 
619 531 21 34 0.40947947 
771 406 15 19 0.38367075 
716 355 11 13 0.37403578 
709 320 9 12 0.37184447 
742 303 7 10 0.35768467 
567 288 9 12 0.35578942 
791 302 8 10 0.345367 
248 409 35 37 0.33483025 
1013 350 9 14 0.31480628 
846 327 9 11 0.29213026 
923 477 32 32 0.28518125 
710 371 14 16 0.278409 
103 326 11 15 0.27777353 
167 271 8 10 0.27637604 
143 268 8 10 0.27163184 
174 299 10 14 0.26702064 
848 334 8 11 0.25148046 
822 372 12 16 0.24702741 
137 308 11 14 0.24632716 
815 309 8 9 0.24182476 
80 287 9 11 0.23789288 
322 270 7 10 0.2321675 
812 349 10 13 0.22630893 
205 284 11 13 0.22432975 
871 311 7 9 0.22285306 
738 304 7 10 0.21677752 
871 352 8 11 0.2150173 
559 307 12 14 0.21275559 
855 304 7 10 0.21242212 
326 278 8 11 0.2122106 
582 304 9 12 0.2113126 
542 269 10 13 0.20925811 
746 318 8 11 0.20607646 
895 328 9 11 0.20175628 
721 336 10 12 0.20002894 
216 274 11 15 0.19371168 
169 300 10 12 0.19321735 
144 326 9 12 0.19112377 
556 349 10 15 0.1881053 
881 478 28 35 0.18721315 
574 288 8 11 0.1870431 
345 292 11 15 0.18607317 
330 358 26 28 0.18552712 
781 312 9 10 0.17739801 
197 348 15 18 0.1761216 
935 333 10 12 0.16871113 
848 341 8 10 0.16708185 
757 309 8 10 0.16683404 
107 323 11 16 0.16571367 
580 360 23 30 0.16551603 
844 366 11 13 0.16263518 
898 466 22 28 0.1615879 
302 272 8 10 0.15938449 
928 332 9 11 0.15814142 
149 296 8 11 0.15811825 
815 365 12 14 0.15548365 
764 356 11 13 0.15180202 
549 288 9 11 0.1489716 
711 302 9 10 0.14835024 
905 475 25 30 0.14818917 
1000 389 12 16 0.14790092 
297 273 8 9 0.14708671 
253 264 8 10 0.14447622 
906 354 13 15 0.14370519 
737 326 8 10 0.14287739 
749 317 8 10 0.14156213 
861 337 9 10 0.14047383 
260 278 8 11 0.1401666 
548 268 11 14 0.13790233 
422 267 11 15 0.1373175 
592 311 10 12 0.1372405 
903 351 11 13 0.13686986 
567 272 8 10 0.13574164 
702 334 8 11 0.13546933 
158 309 8 10 0.13421507 
69 285 8 11 0.13410346 
896 343 9 11 0.13392115 
104 269 7 9 0.1297653 
199 278 10 12 0.12921812 
65 286 9 11 0.12500004 
885 352 12 14 0.12492712 
940 334 10 13 0.12364758 
286 261 8 10 0.122994825 
202 292 9 13 0.12273275 
302 301 9 12 0.12255506 
753 311 8 10 0.122209206 
321 287 9 12 0.12215808 
1006 403 13 16 0.12116799 
776 310 10 11 0.12067398 
694 311 8 10 0.11981266 
593 294 8 10 0.119001955 
112 264 8 10 0.11758178 
796 575 44 54 0.116187766 
758 349 11 13 0.11453137 
577 270 8 11 0.114342205 
558 316 15 20 0.113363594 
759 303 8 10 0.11306591 
778 304 8 9 0.11141049 
138 265 8 9 0.11076163 
597 311 8 10 0.110113226 
581 326 11 12 0.11004149 
761 295 7 9 0.10992911 
518 273 13 17 0.107541226 
114 279 8 11 0.10672377 
318 291 9 11 0.105396055 
935 329 8 10 0.10521701 
248 279 7 10 0.10452808 
861 342 10 12 0.10351037 
123 321 13 16 0.10298456 
213 283 10 12 0.10226762 
726 320 8 11 0.10219137 
953 295 8 9 0.10173193 
163 271 7 9 0.1015172 
775 316 9 11 0.101388864 
0 302 10 13 0.09879008 
199 270 9 11 0.09838966 
120 289 9 11 0.09681835 
926 365 13 15 0.09480153 
869 382 13 16 0.09476623 
784 304 8 9 0.09475935 
718 301 7 10 0.09416574 
543 288 11 14 0.09388239 
79 315 14 20 0.09321387 
887 312 8 10 0.09263193 
96 271 8 9 0.09134737 
936 338 11 14 0.0900457 
581 269 10 13 0.08994423 
584 334 12 14 0.08980838 
15 290 10 12 0.089442365 
143 287 9 11 0.08885742 
813 356 12 14 0.08879236 
151 279 8 10 0.088693805 
827 318 7 10 0.08771883 
241 353 24 28 0.08734039 
141 301 11 14 0.08710808 
326 284 10 13 0.08437359 
814 303 9 11 0.084262945 
811 326 10 11 0.084173456 
756 343 10 13 0.08312969 
808 321 10 12 0.082991906 
562 292 11 13 0.08294205 
840 320 9 10 0.079871915 
582 288 8 11 0.07939935 
833 334 9 11 0.079391554 
230 271 9 10 0.07909208 
104 292 11 13 0.0788062 
815 296 7 9 0.07871958 
97 329 12 16 0.078169204 
884 476 17 21 0.07728152 
179 301 10 13 0.0772133 
8 120 11 15 0.07717021 
712 351 12 14 0.07705681 
705 286 7 9 0.076919265 
345 287 10 12 0.07689015 
708 303 7 9 0.07663935 
854 333 9 12 0.07607363 
576 325 10 12 0.07539272 
365 238 8 10 0.07531484 
1013 301 8 12 0.07513991 
798 357 9 12 0.07442858 
321 265 7 10 0.07439745 
742 324 9 11 0.0743522 
70 280 8 11 0.0740215 
728 295 6 9 0.07327457 
128 270 7 9 0.07316627 
694 296 7 10 0.07314746 
720 320 8 11 0.07247763 
137 303 9 13 0.072334625 
537 262 9 13 0.07197886 
845 370 12 15 0.071355015 
977 340 9 13 0.0705049 
797 318 9 11 0.07038427 
118 263 7 9 0.07033857 
536 278 10 13 0.06977858 
255 270 8 11 0.06973514 
566 276 8 12 0.06898811 
640 350 12 15 0.06866847 
248 284 8 10 0.06819894 
144 293 10 12 0.068145014 
535 285 11 14 0.06715094 
111 269 8 10 0.067146234 
81 292 9 11 0.06679793 
814 345 9 11 0.06641528 
401 261 15 17 0.066273935 
342 269 8 10 0.066046804 
942 286 8 10 0.06601502 
134 294 9 10 0.0658782 
94 248 8 10 0.06540983 
135 288 9 12 0.06500546 
712 296 7 10 0.06479256 
591 289 9 10 0.06442945 
846 320 8 10 0.06425342 
446 282 14 19 0.06400159 
239 271 7 9 0.063870914 
853 329 8 10 0.0636115 
240 278 8 11 0.063599974 
768 362 13 16 0.06355753 
25 286 12 16 0.06341742 
924 369 11 15 0.06306989 
128 264 7 9 0.062143877 
560 271 9 11 0.06172417 
855 345 11 13 0.06160246 
203 354 11 17 0.061601732 
457 244 11 15 0.06154351 
760 321 9 11 0.06147893 
853 420 19 22 0.061306737 
865 318 8 10 0.06113296 
987 350 15 19 0.060397305 
713 271 7 9 0.060231872 
689 349 10 13 0.060191493 
809 296 7 9 0.060157076 
822 310 7 9 0.0596005 
885 519 29 38 0.05957263 
561 276 10 11 0.05954477 
693 302 7 9 0.059490766 
981 336 13 15 0.05928122 
825 452 25 29 0.058891345 
704 326 8 10 0.058612194 
144 331 10 14 0.058028582 
230 238 7 9 0.057635024 
120 240 7 8 0.05755201 
842 325 9 11 0.05751974 
757 322 18 22 0.057005983 
133 320 12 17 0.056431666 
789 341 8 11 0.05642541 
183 272 8 10 0.056295518 
809 345 10 11 0.055810552 
810 309 8 10 0.055620294 
957 379 13 16 0.05551624 
249 271 7 9 0.05539138 
46 278 9 11 0.055362996 
939 294 8 11 0.055008307 
759 404 16 19 0.054868095 
141 339 12 15 0.054792814 
801 385 13 17 0.05478589 
838 359 10 13 0.05476548 
1012 342 9 14 0.05436396 
701 549 26 31 0.05433994 
950 287 9 11 0.053525746 
632 511 27 31 0.0534007 
182 277 9 11 0.052849237 
553 470 23 31 0.052550998 
791 298 7 9 0.052507035 
92 309 10 13 0.0516681 
875 393 12 16 0.051535342 
813 319 8 10 0.051528044 
582 264 9 11 0.05141033 
169 254 8 11 0.05124205 
530 245 10 13 0.051186465 
752 304 8 11 0.051057685 
639 361 12 16 0.050893582 
259 354 15 21 0.05066223 
440 292 12 15 0.050545935 
93 254 9 10 0.050529853 
1003 395 13 17 0.050422665 
774 327 9 10 0.05041918 
704 370 12 16 0.050208267 
809 303 9 11 0.04976756 
600 325 9 12 0.049732484 
51 155 24 25 0.04967163 
148 326 9 11 0.04959465 
592 276 9 12 0.04944539 
881 302 6 8 0.049378082 
175 254 8 10 0.049126 
563 302 11 14 0.048882622 
336 309 11 14 0.048465908 
634 403 10 14 0.048127618 
920 302 9 10 0.04793425 
340 307 14 18 0.04771226 
700 365 12 14 0.04747525 
1012 293 8 12 0.04740335 
137 245 8 9 0.047344595 
622 519 25 36 0.04728429 
828 366 11 14 0.04713509 
911 331 10 12 0.046948988 
767 318 9 10 0.04653186 
231 406 40 49 0.04650855 
149 272 7 8 0.04650615 
711 308 9 10 0.046488333 
791 309 9 10 0.04607901 
605 443 15 20 0.045845743 
82 338 12 15 0.045721903 
747 572 28 40 0.045646016 
821 304 8 10 0.04554551 
706 281 7 9 0.045467444 
822 358 9 12 0.045368824 
537 290 11 15 0.04524723 
632 94 10 13 0.045058783 
507 276 15 20 0.044868108 
953 302 9 11 0.04459579 
656 329 10 11 0.044416673 
577 252 9 11 0.04426523 
441 250 9 13 0.044141896 
125 289 10 12 0.044035327 
126 247 7 9 0.043974917 
596 362 13 19 0.043888424 
949 279 7 9 0.043786094 
113 285 9 11 0.043479472 
0 260 9 13 0.04345079 
112 293 9 12 0.043276254 
190 346 16 19 0.04303039 
582 354 16 18 0.0429939 
41 260 9 12 0.042599335 
136 240 9 10 0.04255805 
135 279 9 10 0.042529047 
643 352 14 18 0.04230399 
96 264 7 9 0.04222127 
950 535 36 41 0.04221621 
808 353 12 15 0.04211814 
592 301 10 12 0.042029835 
462 238 11 14 0.041990135 
932 358 12 15 0.041917738 
230 275 10 12 0.04186106 
109 309 12 14 0.04175696 
121 246 8 10 0.041734893 
79 329 14 19 0.04159818 
167 275 8 10 0.041387215 
995 341 10 14 0.04123722 
805 254 8 10 0.041129872 
793 326 10 11 0.040805046 
174 319 11 13 0.040750157 
719 297 8 9 0.04073698 
89 270 8 10 0.04064358 
366 231 7 10 0.040617183 
697 328 8 10 0.040546257 
697 332 10 12 0.040439602 
652 350 10 13 0.040086634 
801 326 9 12 0.04004065 
752 347 11 13 0.040022258 
710 287 7 9 0.03995668 
184 247 8 10 0.03986878 
218 418 30 36 0.03977482 
264 417 19 23 0.039761886 
744 309 8 11 0.039534543 
887 343 10 12 0.039456233 
330 239 8 9 0.039173834 
860 354 11 12 0.03910197 
838 308 7 9 0.038974945 
733 373 10 14 0.0387533 
840 246 8 9 0.038553145 
231 263 8 10 0.038366195 
313 288 8 11 0.038365792 
289 276 9 11 0.038320515 
159 305 8 10 0.03826646 
792 335 9 11 0.03818892 
308 302 9 12 0.03809679 
71 263 7 9 0.03806296 
1006 355 13 15 0.03800801 
120 255 8 11 0.03798005 
102 287 10 11 0.037910704 
911 394 14 17 0.037850242 
705 296 7 9 0.037782196 
119 319 12 15 0.037720945 
700 560 16 21 0.037575714 
103 353 27 28 0.037501067 
598 271 8 11 0.037440073 
922 295 8 10 0.037263628 
2 383 8 12 0.037097998 
65 264 7 9 0.037006933 
754 332 9 11 0.036968153 
136 341 12 13 0.036937147 
725 372 12 15 0.036448818 
63 290 11 13 0.036287148 
695 317 7 9 0.036224067 
574 319 10 13 0.0361922 
959 460 23 29 0.036153637 
937 300 9 11 0.03610935 
582 254 9 10 0.035789076 
35 277 15 18 0.035719294 
350 287 12 14 0.035641205 
1013 306 9 13 0.035628792 
923 611 46 53 0.035551127 
278 297 11 14 0.035507005 
597 317 9 11 0.035505448 
894 347 10 13 0.035493135 
96 279 8 10 0.035456482 
803 375 14 16 0.03530649 
533 254 10 12 0.035303924 
273 340 43 48 0.035058733 
282 261 8 10 0.035040602 
662 332 9 11 0.034884904 
940 328 10 12 0.034752324 
96 286 9 11 0.034642767 
833 313 7 9 0.034540694 
604 84 12 16 0.034466892 
132 304 19 25 0.034138214 
65 270 9 10 0.03412591 
149 358 12 15 0.03403656 
230 302 10 13 0.034020197 
148 284 10 13 0.034015603 
272 339 12 15 0.034005743 
80 266 7 8 0.033933036 
199 264 10 12 0.03391281 
779 358 11 14 0.0336889 
839 264 7 9 0.033676136 
783 378 13 17 0.033664953 
240 255 8 9 0.03357937 
735 333 9 12 0.033488315 
914 313 8 10 0.033395357 
959 345 13 15 0.033358708 
568 263 8 11 0.033329356 
714 362 15 18 0.033305485 
207 263 6 9 0.033291087 
416 265 11 16 0.03325377 
273 263 6 9 0.033251233 
737 248 8 9 0.03316296 
852 373 12 16 0.033110935 
848 295 8 9 0.03303194 
175 263 8 10 0.032965876 
916 480 19 22 0.0329126 
792 355 11 15 0.032757718 
6 387 8 11 0.03273948 
279 279 9 12 0.032617234 
701 339 11 14 0.03261695 
833 295 8 10 0.03258522 
261 350 24 31 0.032542136 
180 345 15 20 0.03252437 
776 295 8 9 0.03243108 
411 250 11 15 0.032426592 
760 288 7 9 0.032295253 
888 303 6 9 0.032252956 
696 342 9 13 0.03213993 
780 385 13 16 0.0320726 
321 364 39 49 0.032027666 
70 270 8 10 0.031907536 
550 275 11 13 0.03188838 
936 347 10 13 0.031831253 
96 293 11 12 0.03180316 
271 255 7 9 0.03162101 
951 340 9 12 0.031605933 
798 312 8 10 0.03118824 
808 365 12 14 0.031143054 
700 559 47 43 0.031117858 
169 323 10 12 0.03109876 
80 270 7 9 0.031070046 
840 334 9 11 0.031043293 
756 361 13 16 0.031039368 
552 214 9 12 0.030957546 
313 264 7 10 0.030950194 
89 264 6 9 0.030759238 
1007 307 10 12 0.030744769 
879 332 9 11 0.030692426 
71 254 8 9 0.030574586 
409 247 10 12 0.030502602 
766 333 10 13 0.030478748 
304 265 8 9 0.030376349 
907 489 38 44 0.030242546 
583 317 10 12 0.030133916 
805 321 18 22 0.030126164 
824 442 23 26 0.0300392 
328 256 7 10 0.02998806 
799 333 9 12 0.029935613 
826 311 19 25 0.029871723 
776 288 8 10 0.029840032 
855 297 7 9 0.029790936 
551 196 7 10 0.029761786 
571 347 37 48 0.029563563 
693 369 11 15 0.029454194 
168 264 8 10 0.029429482 
813 379 13 16 0.02942061 
597 303 9 11 0.029385325 
653 361 11 17 0.029352285 
950 379 14 17 0.029349416 
263 296 8 10 0.029195478 
729 309 8 10 0.029116733 
917 311 9 10 0.029091781 
254 283 8 11 0.02906721 
337 269 9 10 0.029060563 
831 357 10 13 0.028994996 
111 247 8 10 0.028968956 
950 387 15 19 0.028955573 
736 321 8 10 0.02895111 
863 373 10 14 0.02890995 
971 349 10 13 0.028890109 
702 357 11 15 0.028871855 
838 371 13 17 0.028868381 
1000 400 14 18 0.02876758 
943 457 26 35 0.02875699 
841 241 8 10 0.028672516 
656 512 22 29 0.028638871 
914 367 20 24 0.028551068 
54 272 8 10 0.028356725 
202 393 38 50 0.02834123 
862 271 7 9 0.02828737 
527 252 10 13 0.028229294 
962 455 17 21 0.02822635 
600 331 9 12 0.028161025 
112 255 8 11 0.028150482 
56 285 9 11 0.028063081 
601 264 8 10 0.028033221 
552 345 17 24 0.028022543 
729 302 7 10 0.028018463 
216 265 9 10 0.027922256 
191 415 28 35 0.027911425 
755 373 14 17 0.027881311 
863 379 13 15 0.027800687 
468 234 13 16 0.027783973 
839 297 7 10 0.027759006 
854 346 18 22 0.027583249 
556 341 12 17 0.027515236 
631 362 12 17 0.027479408 
967 332 12 14 0.027419297 
117 351 11 13 0.027362604 
766 302 7 9 0.027336549 
60 145 16 18 0.027328497 
624 315 10 13 0.027266648 
743 297 7 9 0.026962485 
84 286 10 11 0.026935752 
205 271 10 11 0.026921231 
345 279 8 12 0.026886621 
183 285 10 12 0.026872471 
831 326 8 11 0.026782341 
192 263 8 10 0.026687803 
362 255 8 11 0.026684806 
754 327 10 12 0.026651135 
555 306 20 24 0.02655105 
882 317 8 10 0.026540242 
879 351 10 13 0.026502142 
775 348 11 13 0.02632578 
241 249 7 9 0.02630991 
834 255 7 9 0.02627294 
780 371 13 17 0.026251929 
273 286 18 22 0.0262137 
361 244 9 10 0.026177332 
689 316 8 11 0.02614333 
47 272 8 11 0.026137259 
244 342 44 50 0.02607566 
764 399 16 19 0.026009092 
420 262 19 24 0.025989588 
766 296 7 10 0.025927419 
194 270 7 10 0.025896676 
742 332 9 12 0.02588972 
1008 287 10 13 0.025879996 
290 315 14 14 0.025831131 
240 262 8 9 0.02579036 
261 272 8 10 0.025679749 
692 411 11 15 0.025639787 
790 375 12 16 0.025468158 
1010 344 17 25 0.025444753 
728 265 8 10 0.025253762 
799 480 28 35 0.025077788 
326 263 7 10 0.025054447 
88 279 8 11 0.025035255 
582 274 10 13 0.024971848 
577 364 14 17 0.024927948 
138 255 8 9 0.024886435 
322 256 7 9 0.024883708 
180 295 11 13 0.024875125 
694 279 7 9 0.024854766 
713 332 9 12 0.02484753 
336 263 8 11 0.024806976 
53 279 9 11 0.024740309 
877 492 26 35 0.024729474 
909 464 25 31 0.024723556 
1014 327 9 13 0.024627842 
90 249 8 10 0.024606047 
217 267 17 21 0.0245086 
599 277 8 10 0.024494646 
945 280 9 11 0.024487978 
625 332 9 10 0.0244545 
902 363 12 16 0.024385694 
840 341 9 11 0.02436317 
963 378 13 16 0.024333429 
833 340 9 12 0.024280947 
576 302 11 13 0.02419895 
347 324 16 20 0.024171809 
453 221 12 15 0.024140896 
182 254 8 10 0.024025965 
831 349 9 11 0.024010058 
79 382 10 13 0.024001613 
162 265 7 9 0.02395946 
580 247 9 11 0.02395264 
612 542 31 35 0.023894256 
139 316 12 16 0.023859348 
1003 335 20 26 0.023853345 
766 371 12 16 0.023749795 
697 287 7 9 0.02372709 
324 290 11 13 0.023709398 
480 228 11 14 0.023660133 
224 293 9 11 0.023628345 
561 196 8 10 0.02362104 
605 279 9 10 0.023614688 
576 332 12 15 0.023584707 
696 359 19 24 0.023572516 
797 303 8 9 0.023559056 
1013 364 11 15 0.023503121 
787 496 32 42 0.023497555 
0 106 8 12 0.023483118 
824 325 8 11 0.023461487 
365 243 9 11 0.023460537 
934 573 46 50 0.023451112 
694 272 7 9 0.02336971 
299 345 15 20 0.023322525 
859 270 7 9 0.023306169 
174 271 8 10 0.02330146 
118 269 8 10 0.023290068 
870 422 17 21 0.023257475 
777 405 14 17 0.023195777 
920 287 8 9 0.023184076 
93 302 12 13 0.023157833 
849 303 9 10 0.023140447 
247 299 11 13 0.02307635 
913 617 31 37 0.023037162 
489 469 47 54 0.023013858 
1003 401 21 26 0.023013335 
918 318 8 9 0.022963699 
864 311 7 9 0.0229235 
272 269 7 10 0.022886874 
247 293 11 13 0.022853235 
331 284 11 13 0.022830714 
881 312 8 10 0.022823937 
109 351 14 16 0.022819761 
632 537 17 21 0.022745466 
937 279 8 10 0.022734754 
903 304 8 9 0.022714904 
825 394 14 18 0.022694204 
413 207 9 11 0.022692004 
162 360 17 19 0.022667473 
250 232 6 8 0.022666646 
847 289 7 8 0.02258554 
849 302 19 25 0.022545762 
834 441 17 21 0.022440877 
713 373 16 20 0.02243438 
678 307 11 13 0.022427944 
309 347 13 19 0.022421308 
158 357 13 17 0.022376278 
79 281 9 11 0.022375287 
92 315 12 15 0.022362078 
719 270 8 10 0.022267677 
597 448 23 30 0.02222506 
614 550 16 21 0.022170188 
908 572 42 47 0.022130113 
954 567 46 53 0.022081973 
-22 171 198 209 0.022064209 
125 254 9 11 0.022049172 
167 306 11 12 0.022003556 
1014 332 10 15 0.02197926 
333 279 9 12 0.021940164 
103 309 11 13 0.021872003 
142 246 6 9 0.021822114 
790 350 11 13 0.021761652 
796 363 13 16 0.021752914 
940 435 24 28 0.021743966 
894 318 8 9 0.021736389 
13 278 9 11 0.021723619 
901 327 9 12 0.021717113 
920 213 9 12 0.021691903 
690 309 8 11 0.021618864 
589 355 23 31 0.021584501 
721 335 17 21 0.021541318 
154 308 9 12 0.021530839 
79 301 11 12 0.021530025 
870 343 8 12 0.021505255 
919 326 9 12 0.021484146 
925 301 8 10 0.02146043 
633 355 12 17 0.021375928 
181 320 10 12 0.021357004 
110 273 20 24 0.021353303 
222 286 9 12 0.021306109 
579 335 20 23 0.021299075 
624 389 10 12 0.021206193 
127 240 7 9 0.021163 
590 256 8 10 0.021147113 
103 297 12 15 0.021142637 
520 254 10 13 0.0211162 
362 260 9 12 0.021106591 
870 317 8 10 0.021090068 
991 323 11 14 0.021063184 
914 285 8 10 0.021043316 
230 284 10 13 0.020988544 
833 296 19 24 0.020907443 
784 295 8 10 0.020885846 
537 268 18 24 0.020872021 
589 324 12 14 0.020804888 
733 341 9 12 0.0207717 
205 359 12 18 0.02075231 
726 346 10 13 0.020742955 
798 391 14 18 0.020667965 
826 475 28 34 0.020665674 
839 269 8 10 0.020660821 
342 264 8 11 0.020622378 
213 291 11 14 0.020620156 
305 7 56 69 0.020574588 
176 249 8 11 0.020493153 
289 272 7 9 0.020450896 
800 296 7 9 0.02042117 
601 419 11 16 0.02041933 
920 199 8 10 0.020369722 
743 276 9 10 0.02030491 
183 373 42 52 0.020289635 
528 205 9 11 0.020264365 
798 341 9 12 0.020251129 
176 277 8 11 0.020220635 
112 240 8 9 0.020217273 
29 124 13 16 0.020197283 
85 312 22 26 0.020154709 
1001 308 10 12 0.020143073 
878 481 19 22 0.02013238 
941 301 9 11 0.020077238 
650 525 17 22 0.020058801 
255 294 9 12 0.020027915 
814 331 10 12 0.020004787 
