2_Demonstration_Political_Rally_2_695
585
767 557 54 70 0.99762374 
805 225 24 31 0.9966562 
438 343 32 38 0.9963373 
586 366 31 42 0.99612975 
405 372 35 44 0.99524635 
44 239 29 32 0.99509925 
498 373 34 42 0.99368423 
324 470 42 50 0.99112403 
423 465 43 51 0.98925495 
3 385 31 34 0.98711884 
17 271 27 31 0.97888446 
883 478 30 37 0.9393191 
1 18 15 18 0.93578523 
297 425 36 39 0.88733524 
103 232 22 27 0.8789075 
963 89 15 18 0.87246263 
169 209 22 28 0.85130805 
684 184 20 22 0.8415565 
657 200 22 30 0.84096396 
191 225 20 23 0.8347642 
212 315 28 32 0.8219827 
315 532 40 48 0.8159821 
810 174 16 21 0.8116536 
21 124 14 18 0.80526304 
142 129 12 15 0.7955527 
12 432 38 49 0.7834093 
135 395 39 41 0.766448 
360 420 35 44 0.76182836 
210 267 19 24 0.75778466 
160 256 23 26 0.7308028 
322 254 29 37 0.71502954 
684 146 17 21 0.7104049 
528 454 36 39 0.6970693 
404 297 27 34 0.6727941 
705 198 17 23 0.65415585 
966 644 47 47 0.65239733 
282 405 29 37 0.62955076 
111 359 29 38 0.60346997 
501 473 30 35 0.5740114 
189 454 42 49 0.5198589 
781 133 16 19 0.51703465 
224 345 30 52 0.5164763 
628 156 14 18 0.50472933 
59 133 14 17 0.46834648 
18 227 16 20 0.456503 
812 293 24 33 0.4510499 
272 250 16 20 0.41264856 
292 256 26 33 0.40740854 
134 111 10 12 0.39809954 
851 175 25 32 0.3963747 
67 61 12 14 0.39217728 
172 439 33 45 0.35634303 
468 459 30 40 0.3491863 
589 182 11 13 0.33622587 
140 271 21 27 0.30728102 
879 354 24 37 0.30126145 
188 371 25 27 0.3011126 
609 580 31 40 0.2933226 
341 309 33 46 0.26839012 
655 124 11 14 0.26658767 
330 318 31 38 0.26215172 
61 221 25 28 0.26067066 
639 170 15 20 0.26066595 
565 325 25 33 0.25940654 
696 109 10 13 0.24835598 
794 194 18 24 0.24348246 
108 128 10 13 0.2340202 
61 420 15 21 0.2312527 
244 216 16 19 0.22539592 
253 187 23 27 0.22206083 
268 156 16 18 0.22073512 
20 383 29 34 0.2171982 
271 282 26 35 0.21666035 
155 300 21 28 0.20748124 
496 632 17 21 0.20744796 
527 443 28 31 0.2011467 
193 231 23 28 0.1949856 
238 101 12 15 0.19330798 
469 299 15 18 0.19019802 
248 459 23 36 0.18844128 
340 406 30 38 0.17805405 
738 322 27 37 0.17638958 
114 260 14 21 0.17512581 
97 60 11 13 0.1720343 
113 84 11 14 0.17030947 
179 268 21 29 0.166586 
212 240 14 18 0.1657838 
192 146 11 13 0.16105355 
632 127 8 11 0.15659483 
771 173 13 17 0.1544293 
-1 501 24 41 0.14986895 
572 324 14 18 0.1430327 
121 31 9 11 0.14243238 
247 206 22 27 0.14163941 
509 468 43 51 0.1412195 
397 518 41 53 0.14059453 
902 529 43 57 0.13312922 
125 118 10 12 0.12779884 
112 79 10 12 0.12771447 
693 131 12 14 0.12742962 
423 351 40 48 0.1253647 
405 50 12 14 0.123874724 
213 463 32 43 0.123681806 
720 473 29 41 0.12256899 
180 218 22 27 0.11805333 
164 427 32 45 0.116881475 
975 117 14 18 0.11671843 
63 358 38 54 0.115380086 
97 14 9 12 0.11054026 
631 133 11 13 0.11041022 
813 273 25 34 0.108763196 
687 489 38 51 0.1081286 
696 321 39 49 0.107317574 
774 135 15 19 0.10728709 
541 313 22 30 0.10638032 
958 126 13 16 0.10595573 
613 128 9 10 0.105422646 
252 389 16 24 0.10424209 
853 341 25 34 0.102297306 
481 613 27 40 0.10216427 
414 301 27 34 0.10039062 
123 124 11 13 0.10019509 
611 203 13 18 0.099987544 
796 167 26 33 0.09861527 
117 373 42 50 0.09567284 
1007 103 10 13 0.09514402 
147 404 38 42 0.092835575 
382 343 26 33 0.09181278 
485 463 31 38 0.09090113 
681 277 22 30 0.09079019 
756 177 14 18 0.090220384 
148 201 13 17 0.08929989 
104 280 21 27 0.08868314 
277 255 40 51 0.08858004 
203 257 21 26 0.087633654 
607 126 9 11 0.08563207 
331 332 19 23 0.08461009 
454 421 29 34 0.084273584 
469 400 26 30 0.08418215 
199 119 9 10 0.0833826 
616 494 46 57 0.08292914 
1015 83 9 13 0.08272153 
726 115 13 16 0.08197729 
649 126 10 14 0.08182859 
279 393 27 34 0.08065259 
504 303 11 13 0.08000933 
200 243 22 28 0.07896928 
680 140 14 17 0.077627406 
85 134 12 14 0.076275714 
183 38 8 11 0.075926 
193 265 20 28 0.075682074 
718 139 21 26 0.07541219 
408 290 18 21 0.07479329 
258 205 17 22 0.07459902 
681 114 9 13 0.07295215 
300 441 41 50 0.072815016 
706 477 30 39 0.07190392 
354 327 17 23 0.07050475 
256 454 29 43 0.069650546 
229 328 28 40 0.069378704 
701 125 10 14 0.06893659 
204 237 16 22 0.068140045 
249 135 9 11 0.06800623 
554 325 24 30 0.06747872 
596 107 9 13 0.066939116 
685 134 14 18 0.06672275 
789 444 25 32 0.06535305 
129 111 10 13 0.065088496 
759 116 13 18 0.064996175 
915 543 43 62 0.064761125 
235 359 37 53 0.06394332 
219 132 12 15 0.063529976 
761 101 9 12 0.06307699 
196 253 16 22 0.06290744 
175 117 8 10 0.06278708 
717 288 13 17 0.061819833 
148 256 24 28 0.061649017 
719 162 12 16 0.060821865 
723 289 15 17 0.060235634 
669 124 12 17 0.059253704 
823 228 24 31 0.059177835 
112 70 9 11 0.05875671 
730 140 12 16 0.0586039 
728 461 26 34 0.058550704 
796 454 15 19 0.05851543 
305 376 19 22 0.05824699 
863 334 34 50 0.05816434 
910 532 28 34 0.057768244 
273 245 25 31 0.05768248 
132 260 26 33 0.05744813 
84 331 30 33 0.05732138 
241 96 16 20 0.05693117 
706 287 18 20 0.05669441 
0 197 9 15 0.05647432 
355 409 30 40 0.056329437 
688 126 10 13 0.05514569 
116 253 21 30 0.05502934 
708 487 37 54 0.05473491 
642 201 21 30 0.054526955 
718 150 20 26 0.05337171 
733 111 9 13 0.053241935 
269 458 30 42 0.052759733 
5 350 13 16 0.052648302 
482 346 21 31 0.05244459 
70 467 28 37 0.052284338 
401 47 11 13 0.05154264 
1012 108 9 13 0.051533896 
148 305 19 22 0.051225744 
117 93 11 13 0.050652336 
139 203 16 18 0.050454102 
769 245 16 22 0.049819738 
44 37 9 13 0.04967409 
688 139 15 18 0.04964114 
405 24 8 11 0.049009435 
319 417 39 47 0.048734434 
170 13 12 14 0.0487004 
795 190 13 17 0.048610494 
578 159 9 11 0.048540488 
694 114 13 16 0.048477102 
733 171 13 18 0.048337553 
700 235 25 30 0.048286043 
745 131 11 15 0.048171632 
125 132 11 13 0.047935486 
67 131 12 16 0.0478871 
604 201 23 28 0.047626656 
858 410 14 18 0.047527328 
686 117 10 13 0.047124114 
570 632 15 19 0.04703905 
766 176 12 18 0.04638471 
333 257 29 40 0.046106357 
583 185 16 20 0.04610035 
246 193 15 18 0.046030838 
61 56 14 16 0.045668066 
100 66 11 14 0.045387316 
701 115 11 14 0.04527189 
76 374 15 21 0.04456574 
439 54 10 13 0.044509724 
88 20 10 13 0.044478483 
324 331 19 22 0.04388298 
42 388 13 19 0.04377312 
6 131 12 14 0.04349951 
53 231 29 32 0.043439504 
62 222 14 18 0.043213416 
52 409 27 32 0.04302911 
13 281 29 36 0.04276024 
471 93 13 15 0.0427381 
94 18 11 14 0.042682968 
673 208 17 22 0.04226385 
198 323 27 40 0.0421772 
9 423 29 35 0.0420697 
348 414 18 23 0.041795556 
585 129 8 10 0.04151436 
120 98 10 13 0.04131308 
188 46 11 12 0.041165702 
22 418 42 57 0.040970203 
156 118 10 13 0.040968813 
80 134 11 13 0.040859636 
586 173 14 18 0.04080511 
80 78 11 13 0.040754054 
640 186 13 17 0.04067991 
181 203 26 30 0.040481355 
113 277 23 33 0.040447567 
765 201 14 17 0.040363416 
171 251 23 29 0.04036264 
305 261 18 24 0.040249288 
829 290 31 39 0.040242825 
636 133 10 13 0.040230453 
49 426 26 36 0.040044315 
220 223 16 21 0.03944187 
155 258 38 45 0.039395973 
228 459 32 41 0.039330464 
85 355 15 19 0.03930891 
7 394 46 56 0.039076887 
267 387 26 37 0.03907165 
161 414 30 38 0.03876051 
286 193 15 20 0.038718745 
709 124 11 15 0.03851059 
80 318 30 32 0.03838628 
248 246 26 31 0.0383585 
649 120 10 12 0.038219687 
344 416 31 45 0.038163163 
983 65 15 18 0.03800095 
753 512 25 37 0.03784307 
749 124 12 17 0.037828088 
169 306 15 20 0.03756258 
185 33 9 11 0.037511956 
654 108 11 13 0.037492584 
759 529 45 61 0.037051406 
45 43 9 12 0.037006 
225 217 17 21 0.03690317 
317 263 17 22 0.03684009 
219 235 16 19 0.03677101 
46 316 30 36 0.036611035 
3 9 21 25 0.036412623 
58 61 10 13 0.036406312 
93 26 11 14 0.03634522 
666 489 40 57 0.03604501 
672 147 11 15 0.03586324 
78 360 28 38 0.03568783 
94 226 13 17 0.035665937 
184 254 21 28 0.03534554 
126 102 9 11 0.03530802 
56 125 12 14 0.035120778 
21 201 15 19 0.03500032 
138 116 12 14 0.034956913 
471 67 8 11 0.034920286 
298 253 17 21 0.03479301 
489 487 43 50 0.034710683 
79 114 11 14 0.03470506 
507 360 28 34 0.034536432 
167 40 8 9 0.034486614 
253 132 11 13 0.03444228 
178 38 9 11 0.034250874 
297 380 26 31 0.03420471 
724 134 15 19 0.034151416 
109 63 10 12 0.034113664 
204 34 10 12 0.03406507 
97 361 29 40 0.034043223 
90 290 27 31 0.03400881 
86 100 11 13 0.033809442 
39 213 13 15 0.033772916 
821 573 16 23 0.03371937 
594 181 11 14 0.03352345 
713 283 22 26 0.033329405 
188 212 26 29 0.033315636 
728 478 38 54 0.03321763 
269 280 18 27 0.03313604 
638 178 20 28 0.033130232 
220 196 13 14 0.032854106 
260 248 24 29 0.032835327 
267 149 15 18 0.03277365 
642 193 13 18 0.032633744 
529 305 37 47 0.03262897 
109 241 23 31 0.032541644 
92 220 13 17 0.032276433 
442 46 10 13 0.032102883 
468 434 33 43 0.03209249 
210 248 17 22 0.032086574 
186 37 12 13 0.031994022 
651 511 14 19 0.03192334 
660 188 36 43 0.031807832 
89 303 27 35 0.031665348 
601 124 10 13 0.03142275 
740 501 27 40 0.031402458 
847 51 46 60 0.031399533 
721 318 36 46 0.031168906 
634 202 19 29 0.031144744 
758 522 13 19 0.031031992 
663 148 10 14 0.03097597 
630 204 13 19 0.030931119 
446 451 43 52 0.030912543 
670 139 13 17 0.030817792 
726 170 13 18 0.030789064 
654 120 18 24 0.030761776 
147 373 27 32 0.030759715 
463 294 15 17 0.03067641 
412 47 11 13 0.030625153 
62 79 10 11 0.030570481 
93 347 30 39 0.03055511 
668 277 29 39 0.030490339 
686 111 9 12 0.030340215 
227 235 15 17 0.0303346 
99 338 15 19 0.030307438 
723 271 27 32 0.030287214 
454 71 8 10 0.030283464 
91 141 11 12 0.030210199 
540 325 25 33 0.030054852 
248 140 10 13 0.029915283 
31 276 17 24 0.02987386 
205 0 12 11 0.029768756 
834 298 41 53 0.029619662 
984 92 10 12 0.029591905 
235 217 21 26 0.029550673 
660 119 10 14 0.029530918 
589 166 11 14 0.029488044 
767 122 22 26 0.02935406 
865 183 17 23 0.028864209 
1008 95 10 13 0.02880198 
155 376 16 17 0.028691085 
337 378 42 48 0.028612949 
2 351 21 26 0.028610272 
320 430 19 22 0.028536247 
489 359 26 35 0.028493684 
127 247 24 31 0.028468678 
159 283 26 34 0.028436728 
952 93 10 15 0.02841508 
772 165 25 34 0.028400684 
999 103 11 14 0.028343322 
452 606 51 58 0.02829621 
730 283 14 17 0.02828296 
376 425 29 42 0.02824742 
709 118 9 12 0.028204724 
281 441 39 52 0.027936859 
33 365 38 50 0.027898168 
456 31 7 9 0.027896605 
371 407 28 38 0.027801394 
454 301 12 14 0.027771953 
10 77 9 12 0.027536526 
699 138 12 16 0.027480246 
46 101 9 11 0.027336765 
141 196 23 27 0.027326519 
198 112 10 12 0.027315836 
154 202 14 19 0.027181882 
316 235 48 61 0.027122883 
759 116 22 28 0.027121946 
-9 408 76 99 0.027070338 
207 275 26 32 0.026707504 
77 126 11 14 0.026700642 
118 239 24 29 0.026645752 
802 376 26 31 0.026552793 
848 412 21 29 0.02654396 
1 483 14 18 0.026520453 
48 124 11 13 0.026382295 
709 130 12 17 0.026338134 
638 151 10 13 0.026324416 
49 118 10 12 0.026322136 
608 142 10 13 0.026252046 
-1 365 30 41 0.026251454 
22 112 10 12 0.026240652 
276 302 24 30 0.026198806 
989 638 34 44 0.026180286 
171 271 19 22 0.026137004 
845 318 41 53 0.026026418 
608 131 10 12 0.025935339 
56 56 10 12 0.025930785 
130 241 17 21 0.02590109 
70 86 9 11 0.025891976 
706 331 19 25 0.025880275 
286 385 28 35 0.025816895 
584 132 12 15 0.025751892 
699 264 27 33 0.025709502 
271 182 26 30 0.02566496 
71 94 9 11 0.025573187 
220 45 11 13 0.02542052 
738 521 38 56 0.025320671 
259 471 38 52 0.025291407 
615 159 10 14 0.025287412 
633 501 43 58 0.02528291 
390 46 9 11 0.02519357 
732 173 20 27 0.025117254 
85 348 14 17 0.025055984 
664 122 21 28 0.025000954 
371 411 16 20 0.024982253 
811 487 25 32 0.02484278 
69 403 25 32 0.024741542 
624 126 9 11 0.024675786 
589 128 8 11 0.024663392 
599 119 9 12 0.024542464 
446 40 8 10 0.024504444 
288 330 25 30 0.024475003 
101 54 12 16 0.024422185 
937 574 25 31 0.024265956 
62 645 15 19 0.024254233 
120 131 10 12 0.024228085 
153 365 26 29 0.02420895 
61 449 29 41 0.024198616 
988 70 14 17 0.024178678 
623 138 12 15 0.024147248 
120 521 48 52 0.02411134 
681 210 16 20 0.024051597 
431 645 27 37 0.023985824 
41 442 34 45 0.023976943 
49 111 8 11 0.02396068 
201 211 15 18 0.023925588 
989 91 10 13 0.023908127 
356 309 30 42 0.023894401 
407 40 9 11 0.0238541 
112 89 13 16 0.023852296 
863 26 47 65 0.02382835 
850 425 15 20 0.023825085 
743 125 11 16 0.023789195 
727 159 20 29 0.023689406 
752 328 18 23 0.023689345 
87 212 14 17 0.023681836 
16 203 24 29 0.023671793 
235 345 18 28 0.023642076 
669 110 11 14 0.023619432 
326 271 29 36 0.023614759 
626 133 21 25 0.02361235 
77 70 11 12 0.023607448 
232 105 11 14 0.02352509 
768 136 13 18 0.02348688 
763 120 14 17 0.023469703 
201 30 11 14 0.023447488 
476 503 46 54 0.023443263 
712 487 19 23 0.023408093 
630 119 8 11 0.023297625 
97 495 28 37 0.023257608 
565 400 16 24 0.023238948 
189 30 11 13 0.023234837 
285 233 49 59 0.02319263 
84 400 16 23 0.02317511 
890 355 15 24 0.023074383 
43 139 14 16 0.023002576 
168 8 10 11 0.022986246 
195 207 16 19 0.022929288 
576 164 10 13 0.022888571 
294 404 38 42 0.022861013 
710 157 22 29 0.022845441 
335 274 41 55 0.022844173 
770 115 14 18 0.022728208 
200 471 34 44 0.022722661 
616 203 21 29 0.022687808 
426 300 15 21 0.022565924 
724 502 39 58 0.02254605 
751 116 13 18 0.022530079 
87 127 11 14 0.022479905 
103 118 9 11 0.022471588 
153 341 26 36 0.022430496 
38 505 38 52 0.022415653 
127 367 17 23 0.022414196 
110 79 18 24 0.022409908 
62 47 11 12 0.022302136 
93 125 10 13 0.02226062 
967 117 14 17 0.022259727 
786 126 14 17 0.022229886 
216 117 10 11 0.022179162 
127 141 11 13 0.02216483 
261 280 16 25 0.022136379 
244 204 16 19 0.022112692 
720 111 9 12 0.022035314 
989 61 13 16 0.022020118 
378 289 43 51 0.022015749 
423 14 8 10 0.021912498 
175 31 9 12 0.021908164 
591 156 10 13 0.02188433 
809 564 27 38 0.021878349 
639 161 25 34 0.021871246 
867 345 18 26 0.02182714 
544 456 20 25 0.021786558 
109 380 15 23 0.021769004 
252 378 15 23 0.021707049 
0 355 13 18 0.021670204 
444 299 14 17 0.021660617 
316 573 45 54 0.021588737 
139 310 27 33 0.021563908 
108 108 11 14 0.021528779 
614 149 9 12 0.021518864 
216 311 38 49 0.021497492 
868 477 30 41 0.021449033 
78 101 9 11 0.021396127 
68 271 24 29 0.02135268 
638 127 8 12 0.021292388 
625 134 10 12 0.021253014 
131 106 19 23 0.02121615 
628 198 13 16 0.021198688 
644 150 10 13 0.02115048 
749 171 17 23 0.021056838 
613 142 10 13 0.021019964 
141 213 15 20 0.021006258 
709 111 9 12 0.020998772 
44 132 13 15 0.02095425 
7 70 11 13 0.02094181 
168 125 9 10 0.020874605 
6 192 10 13 0.020826757 
72 229 17 23 0.02080785 
84 106 13 16 0.020750947 
271 413 41 52 0.020654025 
180 117 10 11 0.020636002 
719 530 45 64 0.020617912 
62 316 31 37 0.020577226 
637 108 9 11 0.020576589 
242 254 25 33 0.020566285 
52 118 13 15 0.020559948 
707 493 18 25 0.02054585 
895 527 32 44 0.020491406 
241 336 17 21 0.020486258 
428 621 53 58 0.02046841 
31 80 9 11 0.020467874 
207 14 14 14 0.020445554 
474 306 12 15 0.020435968 
747 505 14 21 0.020428807 
669 118 11 14 0.020407166 
230 96 21 25 0.020393182 
670 180 12 16 0.020355327 
833 225 19 26 0.020349557 
275 273 16 27 0.020295622 
719 116 13 16 0.020224968 
35 213 22 27 0.020211287 
27 603 32 34 0.020129401 
745 312 26 34 0.020098956 
713 193 17 25 0.020039119 
259 132 14 15 0.020033231 
103 138 10 13 0.020032585 
399 22 10 13 0.020017767 
