2_Demonstration_Political_Rally_2_867
222
915 370 27 37 0.99675155 
796 424 37 44 0.9965281 
649 498 30 38 0.9948179 
921 511 50 56 0.9704869 
130 489 16 19 0.94894755 
891 586 67 77 0.92770016 
69 523 44 45 0.9039464 
616 504 21 28 0.890235 
946 371 25 30 0.8621862 
71 453 17 19 0.8201487 
176 552 45 57 0.8132723 
854 380 12 15 0.7555445 
44 421 14 17 0.6967779 
173 515 33 44 0.6126559 
880 365 12 15 0.5909842 
827 406 19 24 0.5622213 
334 541 40 55 0.5434871 
78 398 10 13 0.37412214 
833 367 10 12 0.36842173 
818 388 14 17 0.31643972 
168 484 28 35 0.30518833 
837 366 9 11 0.28622147 
866 359 10 13 0.28573772 
1 528 16 21 0.275085 
797 370 10 13 0.25072685 
170 495 36 47 0.24768339 
496 461 51 71 0.23696524 
820 384 11 13 0.2213824 
874 394 16 20 0.21116182 
816 359 11 13 0.20425384 
301 509 13 15 0.19555669 
477 484 41 61 0.19426751 
53 398 10 11 0.18919045 
992 334 9 11 0.15520021 
94 390 9 12 0.14745507 
374 505 16 17 0.1465464 
847 612 77 66 0.14415078 
6 399 10 13 0.13730595 
191 385 11 15 0.13695863 
120 404 10 13 0.13190506 
64 507 39 43 0.13070323 
815 392 20 25 0.12995476 
127 523 26 30 0.12325237 
115 490 16 20 0.12099762 
957 366 23 31 0.11959434 
605 478 14 19 0.11909327 
891 365 10 13 0.11629078 
169 387 10 12 0.11077739 
24 501 12 14 0.10686892 
859 376 12 14 0.105872236 
767 358 9 12 0.10513061 
913 480 48 55 0.10173524 
885 367 12 15 0.096123755 
997 362 15 19 0.094258375 
868 363 10 13 0.09270626 
470 514 33 41 0.0926372 
877 392 24 28 0.09089632 
726 384 13 17 0.089105025 
641 480 25 28 0.089033484 
820 362 10 13 0.087500125 
885 361 11 13 0.08335432 
1 399 10 14 0.08037579 
458 532 26 30 0.07989331 
819 397 23 29 0.076880135 
891 392 16 19 0.07675696 
726 418 27 39 0.07647811 
765 375 10 11 0.07444047 
868 381 10 13 0.06613376 
0 419 8 13 0.06468886 
1007 344 10 13 0.0640929 
160 436 21 28 0.06116622 
107 509 23 35 0.05879166 
152 403 10 13 0.058306504 
123 621 58 58 0.057388235 
47 393 10 13 0.056387473 
989 359 23 32 0.054933578 
32 397 8 11 0.05440334 
732 429 15 22 0.052937623 
982 343 9 11 0.052314904 
171 383 13 15 0.052062996 
331 557 28 45 0.05195483 
846 348 9 12 0.04927214 
563 476 13 16 0.04896166 
179 536 36 49 0.048862737 
172 443 14 18 0.047658745 
983 351 8 11 0.046663743 
743 371 10 14 0.04665447 
1 535 20 32 0.04630122 
762 358 9 11 0.046181083 
1 518 18 22 0.04450565 
272 570 29 38 0.044470135 
814 371 10 12 0.043733437 
487 510 28 41 0.043118235 
11 398 11 12 0.041970048 
376 499 24 28 0.041693937 
870 352 9 11 0.041222464 
142 377 12 14 0.040580727 
204 470 17 24 0.0402841 
298 502 22 25 0.03992832 
726 375 10 14 0.039901715 
122 398 11 13 0.039798044 
899 558 63 74 0.039386995 
719 534 12 15 0.039378595 
774 377 8 10 0.039029364 
51 416 14 17 0.037957426 
903 350 9 10 0.037595812 
838 360 9 12 0.036497287 
39 392 9 12 0.036374174 
84 397 11 14 0.035444852 
329 535 29 44 0.035110857 
996 372 16 23 0.034764417 
862 353 18 24 0.03459956 
782 415 31 37 0.034535754 
772 360 8 10 0.034036603 
138 485 14 18 0.032735553 
913 468 39 43 0.032712974 
919 590 45 54 0.03261768 
156 373 9 12 0.03257877 
1012 394 12 19 0.032193165 
1013 343 8 13 0.031491775 
971 368 14 20 0.03134969 
137 399 10 13 0.030518144 
165 484 15 19 0.030488083 
964 365 16 20 0.030306408 
979 356 23 31 0.030269027 
817 430 30 38 0.030092234 
896 351 8 9 0.03006926 
43 428 16 19 0.029970698 
535 474 14 18 0.029758405 
73 393 9 12 0.02966486 
177 414 10 12 0.029580064 
865 353 9 10 0.029354742 
782 375 8 10 0.029199287 
945 349 10 11 0.02914639 
792 383 11 14 0.029123912 
162 458 34 40 0.029014355 
293 533 23 32 0.028827662 
784 368 8 10 0.028660674 
897 388 15 19 0.028595243 
879 353 9 10 0.02847565 
888 352 8 10 0.028459994 
3 393 20 24 0.028271148 
832 362 9 11 0.028255053 
977 344 9 11 0.028216895 
61 397 9 11 0.02806104 
776 381 9 12 0.027634274 
808 366 10 12 0.027533347 
171 21 471 490 0.02751993 
24 397 9 11 0.02729666 
169 437 25 28 0.027150698 
9 523 14 17 0.027141416 
847 343 10 13 0.027049812 
491 473 36 47 0.02680431 
556 470 22 28 0.026486631 
187 473 28 34 0.026482048 
780 425 18 24 0.026445117 
113 504 17 25 0.026366133 
807 371 10 12 0.026225777 
100 389 10 12 0.026114136 
731 381 13 17 0.025816463 
911 348 9 10 0.025768925 
176 533 21 30 0.02566671 
125 521 18 23 0.025534656 
47 403 11 14 0.025277331 
956 344 42 54 0.025221486 
413 530 29 36 0.025055455 
972 587 43 56 0.025039533 
409 509 28 35 0.024941234 
463 448 80 107 0.024914837 
495 494 35 49 0.024723863 
523 476 36 48 0.024564032 
786 352 8 10 0.024067873 
338 530 30 38 0.024046447 
165 456 15 20 0.023980377 
74 402 10 13 0.023921918 
998 308 15 18 0.023874758 
118 448 13 17 0.023765014 
158 388 11 13 0.023610136 
830 442 13 18 0.02360226 
878 356 18 24 0.023592044 
629 500 26 33 0.023500526 
832 360 19 24 0.02347892 
853 343 8 11 0.023275282 
201 542 43 57 0.023263386 
741 359 9 11 0.023117235 
110 478 40 45 0.023003923 
879 621 69 72 0.022991998 
155 405 12 14 0.022819716 
93 423 17 23 0.022743305 
774 403 24 33 0.022691162 
893 360 9 12 0.022672998 
991 328 10 13 0.02248426 
979 317 13 17 0.022438413 
736 356 8 11 0.022223715 
910 506 37 47 0.022199364 
89 391 11 13 0.02205624 
118 382 9 10 0.022020152 
904 528 60 64 0.022014368 
111 510 40 50 0.021950034 
976 350 9 12 0.021946939 
1001 378 22 31 0.021873372 
603 482 24 30 0.021815833 
58 419 11 15 0.021784544 
16 478 11 14 0.021479696 
149 485 10 14 0.021411244 
407 496 10 12 0.021350786 
967 351 10 12 0.021118244 
833 434 24 34 0.02082357 
179 435 15 19 0.020806376 
606 498 14 20 0.020796271 
1014 321 10 14 0.02069442 
791 358 8 9 0.02066821 
167 379 23 26 0.020663949 
559 481 12 16 0.020626917 
810 358 9 12 0.02050409 
786 418 18 20 0.02043091 
-3 313 35 64 0.020356717 
156 398 10 13 0.020341814 
599 476 14 19 0.020279875 
779 397 13 17 0.020173166 
117 392 19 24 0.020079382 
749 369 9 11 0.020046555 
