2_Demonstration_Demonstrators_2_100
24
408 134 259 356 0.99966276 
698 357 99 146 0.8298254 
914 350 48 67 0.702802 
269 35 92 132 0.15456359 
727 298 90 120 0.14793341 
882 250 57 73 0.13281159 
391 635 198 244 0.1076605 
425 726 119 125 0.10070865 
765 304 68 77 0.0913502 
390 732 242 237 0.06683115 
711 337 71 95 0.06400143 
951 286 45 56 0.06112716 
755 373 97 136 0.055377137 
73 21 188 215 0.0494783 
704 310 155 241 0.032545958 
833 360 51 66 0.029414784 
404 452 240 268 0.027237542 
48 876 350 490 0.02686882 
365 717 398 388 0.02568999 
296 359 403 404 0.02208797 
119 190 220 253 0.020634362 
207 52 115 144 0.02048848 
399 761 114 134 0.020350747 
412 689 98 122 0.020292722 
