2_Demonstration_Demonstration_Or_Protest_2_98
1734
361 490 32 41 0.99940276 
558 482 32 42 0.9993729 
378 420 22 31 0.9958144 
411 506 26 32 0.9833066 
193 505 29 35 0.98119843 
605 577 39 47 0.97590965 
285 566 38 43 0.97049004 
514 525 33 41 0.9620492 
329 567 41 50 0.95842534 
277 526 27 35 0.9482516 
865 605 29 34 0.9207416 
443 462 24 28 0.9016808 
513 481 21 29 0.8751694 
104 295 9 12 0.86373 
889 327 12 16 0.8384296 
351 301 10 13 0.8337635 
5 479 19 22 0.8258691 
325 474 19 29 0.8144393 
997 55 8 11 0.8136418 
300 69 9 12 0.81149274 
26 461 16 24 0.8027831 
76 276 10 12 0.77482724 
26 239 8 12 0.74850637 
139 515 21 28 0.7435251 
69 298 9 12 0.7420076 
187 285 11 14 0.73891824 
527 233 8 11 0.7342455 
527 60 8 10 0.7068003 
77 236 8 10 0.6711168 
418 294 9 11 0.6468172 
589 192 10 12 0.63926464 
791 56 8 10 0.63002557 
564 84 11 15 0.6256486 
668 243 11 14 0.62501466 
1 431 17 21 0.6172528 
55 277 10 12 0.61147565 
148 269 9 13 0.6101877 
133 299 10 12 0.6080258 
556 253 9 12 0.6071927 
836 281 12 16 0.6025223 
53 302 8 10 0.5949121 
637 128 9 12 0.5910943 
408 259 11 13 0.5880808 
580 254 10 14 0.57946265 
588 475 24 31 0.5777832 
960 215 9 12 0.57410705 
495 72 9 12 0.5635836 
662 606 29 40 0.55775636 
446 418 16 21 0.55570006 
725 166 8 11 0.5545357 
388 79 8 11 0.54153544 
590 282 11 14 0.535801 
276 84 9 11 0.5068774 
764 79 9 12 0.4991422 
893 230 8 11 0.4973213 
159 293 12 15 0.4881232 
577 154 11 14 0.48700514 
312 302 10 12 0.4647411 
123 488 20 27 0.45900846 
933 206 9 12 0.45715186 
75 182 7 10 0.44992578 
548 139 10 13 0.44397673 
579 125 9 13 0.43391967 
360 39 7 9 0.43115798 
32 261 8 11 0.43049583 
885 38 8 11 0.4303754 
756 144 9 12 0.42746955 
173 172 9 11 0.42466605 
198 85 8 11 0.42004427 
518 295 11 14 0.40757847 
977 252 9 12 0.40336132 
516 126 11 14 0.40294132 
353 272 9 11 0.40069348 
751 182 9 11 0.3988228 
336 288 9 11 0.39542788 
724 41 9 11 0.39186904 
590 461 20 30 0.38919333 
743 85 8 11 0.3888199 
33 295 9 12 0.38641757 
118 256 8 10 0.38531864 
190 410 15 18 0.38372812 
528 251 11 12 0.3833931 
839 621 32 30 0.38062865 
31 117 8 9 0.3768077 
193 228 8 10 0.37652037 
253 305 8 11 0.37487692 
200 93 9 12 0.37302756 
640 78 8 11 0.372895 
226 224 8 10 0.37066343 
555 36 8 11 0.36407468 
222 551 30 45 0.35887238 
457 319 9 11 0.35702527 
677 60 8 11 0.35691023 
247 79 11 14 0.35689723 
492 230 9 11 0.35677063 
216 94 10 12 0.35643825 
481 111 9 11 0.35570115 
1001 333 13 17 0.35338646 
213 114 10 13 0.3496044 
871 176 10 13 0.34450454 
615 117 12 16 0.34050646 
518 77 9 11 0.34001344 
18 174 8 11 0.33012706 
784 222 8 11 0.32291254 
832 159 9 12 0.32144308 
276 78 11 13 0.31847876 
960 296 12 15 0.31802306 
980 199 8 12 0.31742105 
119 111 8 10 0.31696308 
753 7 9 12 0.31477416 
415 210 10 12 0.31366873 
417 195 10 12 0.313336 
590 85 8 10 0.31258416 
641 54 9 10 0.3099883 
167 256 8 11 0.30667007 
40 518 22 26 0.30589625 
511 124 12 15 0.30504686 
106 511 18 21 0.30177215 
723 187 11 14 0.3015092 
2 260 8 12 0.3006067 
1002 112 8 10 0.29773533 
0 527 12 22 0.29064798 
209 224 9 10 0.28847435 
942 133 9 11 0.28688172 
966 389 10 12 0.28391144 
909 109 8 10 0.28284562 
980 221 8 11 0.28185228 
164 577 22 29 0.28057396 
449 452 22 30 0.27472043 
57 316 8 10 0.2726947 
695 137 8 10 0.27260906 
439 125 9 10 0.27045152 
589 81 7 9 0.27015188 
674 124 8 11 0.26971114 
388 263 8 10 0.2690907 
804 131 11 12 0.26551542 
357 56 9 12 0.26425573 
104 263 9 11 0.26394275 
592 92 9 11 0.26280776 
79 68 7 10 0.2625426 
296 284 9 12 0.2618297 
936 325 11 13 0.25946018 
291 112 8 10 0.25907218 
399 167 11 12 0.25526947 
61 317 8 10 0.2507668 
479 268 7 10 0.24888834 
16 465 20 28 0.24878651 
56 159 8 10 0.24535736 
420 176 8 11 0.24495897 
167 78 9 12 0.24439925 
780 94 9 11 0.24186364 
253 84 8 11 0.24026687 
84 503 15 19 0.2389097 
48 48 7 9 0.23889971 
743 257 8 10 0.23749271 
985 103 8 10 0.23323488 
848 329 14 17 0.23096104 
485 100 9 12 0.23027854 
12 109 9 11 0.22915995 
325 447 14 18 0.22881033 
721 43 9 11 0.2279334 
7 78 10 13 0.22704683 
622 179 8 12 0.22202796 
628 163 10 13 0.22180481 
406 44 9 11 0.22173285 
173 238 8 11 0.2207245 
441 271 8 11 0.22017519 
3 503 16 22 0.22000606 
127 263 8 11 0.216383 
531 458 13 16 0.21576563 
166 215 8 9 0.21438043 
926 229 9 11 0.21360253 
431 232 9 11 0.21211597 
229 604 27 39 0.21043748 
508 274 12 15 0.20766164 
292 222 16 18 0.20697993 
610 70 8 11 0.20680945 
174 183 8 11 0.20652634 
401 229 8 12 0.20528854 
926 256 14 18 0.20495267 
413 232 9 11 0.20469767 
314 59 9 12 0.20464884 
216 88 8 10 0.19829088 
754 56 7 10 0.19799115 
166 223 8 10 0.19713701 
58 239 7 10 0.19697206 
851 614 31 31 0.19654381 
196 79 10 13 0.1957087 
782 134 8 10 0.19569165 
311 45 8 9 0.1949911 
864 93 8 9 0.19459867 
761 133 9 12 0.19303541 
990 234 9 12 0.1928028 
871 253 7 9 0.1920615 
685 248 11 13 0.18906201 
421 275 9 11 0.18896195 
807 236 9 12 0.1867965 
896 30 7 10 0.18618806 
781 278 7 10 0.1851903 
873 284 11 14 0.18331653 
480 291 10 12 0.18126205 
592 510 24 29 0.18109484 
634 627 28 30 0.18079108 
223 280 10 11 0.1805766 
442 276 8 11 0.17980829 
926 224 9 10 0.17859846 
207 285 9 11 0.17821802 
712 126 11 12 0.17758183 
151 172 7 11 0.17647558 
129 268 9 11 0.17582989 
546 99 9 12 0.17562667 
975 229 9 11 0.17170602 
392 182 9 11 0.17053103 
165 286 11 13 0.1699554 
704 60 8 11 0.16985331 
115 64 7 9 0.1689553 
955 45 8 10 0.16850898 
710 94 9 11 0.1676468 
710 62 7 10 0.16695675 
893 136 9 11 0.16668718 
154 119 7 9 0.16667016 
698 180 9 11 0.1665995 
121 548 14 17 0.16613673 
623 54 7 10 0.16607508 
520 73 8 10 0.16509007 
263 103 8 10 0.16504972 
458 165 9 11 0.16467819 
485 623 47 39 0.1646266 
119 294 9 12 0.16364871 
111 241 8 10 0.16235815 
144 183 7 9 0.16203718 
561 207 8 11 0.16187909 
301 285 8 11 0.16144516 
736 108 10 11 0.16021334 
970 143 8 10 0.15980376 
198 437 24 27 0.15977131 
525 165 9 12 0.15974706 
114 112 8 10 0.15971506 
727 318 10 11 0.15900575 
466 70 7 9 0.15851626 
957 40 7 10 0.1578142 
704 57 7 9 0.15759279 
635 148 11 16 0.15742432 
818 78 7 10 0.15690768 
49 54 7 10 0.15661167 
616 55 8 11 0.1565021 
181 118 8 12 0.15542011 
1008 201 9 11 0.15508133 
56 181 8 10 0.15432559 
73 272 9 11 0.1541818 
1013 102 8 11 0.15405032 
936 169 11 12 0.15253097 
710 101 9 12 0.15092866 
738 71 7 9 0.15065558 
250 113 8 10 0.15059637 
34 566 14 17 0.14951564 
248 278 8 10 0.14900729 
597 101 9 13 0.14872454 
802 102 7 10 0.14870839 
631 157 12 15 0.148308 
614 147 10 13 0.14828846 
281 248 9 12 0.14817172 
861 260 9 11 0.14753956 
354 60 10 14 0.14683145 
56 282 10 12 0.14538638 
127 198 7 9 0.14505875 
487 293 10 12 0.14405036 
7 256 9 12 0.14352855 
479 164 9 11 0.14343421 
862 255 8 11 0.14335477 
614 111 9 12 0.143153 
562 388 11 13 0.1430329 
497 167 8 10 0.1428822 
576 413 11 14 0.14232308 
439 109 7 9 0.14203593 
275 56 8 11 0.14135718 
861 151 12 14 0.14100422 
719 85 8 10 0.13926646 
550 232 9 12 0.13890816 
905 103 10 12 0.13761015 
80 315 9 11 0.13737826 
295 367 11 14 0.13609877 
629 175 9 11 0.13556358 
62 232 8 10 0.13482489 
581 319 13 16 0.1348092 
494 294 11 14 0.1339368 
412 256 10 13 0.13387288 
624 553 25 29 0.13320799 
5 238 8 11 0.13278626 
277 60 8 11 0.13275535 
71 133 7 10 0.13057882 
385 267 9 12 0.13025188 
813 236 8 11 0.12996957 
407 231 10 13 0.12992279 
952 59 10 12 0.12931406 
276 71 10 13 0.12893501 
64 246 8 10 0.12711504 
9 73 9 9 0.1266651 
309 410 10 13 0.12653455 
672 67 9 11 0.12614363 
122 103 8 10 0.12533976 
675 313 13 18 0.12518996 
637 142 11 13 0.12474331 
107 486 15 17 0.124252774 
401 44 9 11 0.12313641 
431 87 7 9 0.122771375 
495 237 8 11 0.12236212 
582 143 10 11 0.12196132 
66 96 8 10 0.12141937 
984 108 9 11 0.12087404 
665 238 11 15 0.120840766 
320 441 15 19 0.11943051 
464 298 12 14 0.1190808 
220 308 10 12 0.11776984 
830 62 7 9 0.11769124 
950 283 9 12 0.116846785 
172 488 24 27 0.11665191 
97 62 7 9 0.116209924 
180 66 13 14 0.116075784 
839 260 10 13 0.11527919 
69 101 8 11 0.11471112 
642 551 23 32 0.11391521 
208 293 10 13 0.11322517 
728 126 8 11 0.111689724 
5 261 9 11 0.1112241 
61 176 8 9 0.11058371 
169 184 9 11 0.10963873 
215 300 10 14 0.108418584 
108 443 13 17 0.108319454 
526 172 8 11 0.10811651 
150 223 8 9 0.1076368 
491 465 17 20 0.10697943 
420 193 10 11 0.10673027 
454 93 8 10 0.10568248 
769 55 8 9 0.104798265 
23 453 16 20 0.104568005 
805 256 8 10 0.103551134 
496 485 27 34 0.10329137 
114 256 8 10 0.10252879 
662 182 7 10 0.10224339 
213 229 8 10 0.101738684 
94 160 8 10 0.101699665 
703 316 13 14 0.10145665 
500 295 11 13 0.101212524 
942 100 9 11 0.10067097 
935 150 10 14 0.10060738 
897 59 9 12 0.10045365 
162 225 7 10 0.099822715 
998 207 9 11 0.099622585 
817 310 11 15 0.09922629 
313 296 10 12 0.09898139 
207 280 9 11 0.098875254 
938 330 12 15 0.09796136 
455 277 10 13 0.097895876 
520 164 10 12 0.09782942 
270 315 10 13 0.097802795 
516 109 9 11 0.09757234 
737 78 7 10 0.0966033 
671 86 10 12 0.09656628 
857 474 10 13 0.09650317 
535 215 8 11 0.09645865 
451 78 7 10 0.09613658 
78 176 8 10 0.09595462 
737 64 8 10 0.095915236 
111 261 9 11 0.09519692 
742 81 8 10 0.095195785 
88 62 7 9 0.0948634 
600 271 11 13 0.094664626 
609 77 9 11 0.094616205 
345 278 8 11 0.094454244 
174 278 11 13 0.09394911 
976 46 9 12 0.09357061 
2 232 8 11 0.0925877 
524 158 11 13 0.09248512 
289 280 8 11 0.09138043 
762 128 9 12 0.090844624 
96 191 8 12 0.09079692 
535 402 12 15 0.089900896 
671 78 10 12 0.08942935 
302 103 8 9 0.088721976 
207 94 8 11 0.087867156 
220 98 9 12 0.08776023 
133 63 7 10 0.08757129 
548 53 10 11 0.08750004 
130 295 10 14 0.08734964 
785 227 8 10 0.08730369 
532 249 10 11 0.08720774 
8 269 9 11 0.08672255 
153 632 19 19 0.086490944 
14 104 8 10 0.08632346 
132 505 13 17 0.08597341 
586 84 9 12 0.08589053 
184 280 11 14 0.085713 
769 270 9 11 0.08542442 
841 365 11 13 0.085205235 
391 164 10 13 0.08507414 
536 88 7 10 0.08456862 
926 61 6 10 0.08436761 
410 104 8 10 0.08411706 
857 189 10 12 0.08408144 
802 126 11 13 0.083640955 
10 106 9 10 0.08361116 
976 217 10 12 0.08341167 
140 294 9 12 0.083245 
242 56 8 11 0.08305047 
162 77 8 11 0.08285545 
857 54 7 8 0.08243501 
166 200 9 11 0.08235747 
631 78 8 10 0.0818652 
56 263 8 10 0.08169504 
170 572 14 20 0.08123555 
55 56 7 9 0.0811421 
489 247 7 10 0.081067264 
513 300 8 11 0.08055591 
440 133 9 11 0.080548696 
493 56 8 9 0.080500156 
552 261 10 13 0.080500044 
505 121 8 11 0.0804546 
425 100 8 12 0.080022454 
456 117 8 9 0.07974078 
104 158 9 10 0.079661444 
149 515 21 31 0.07947832 
101 506 17 20 0.079069205 
525 138 11 14 0.07889889 
185 158 9 12 0.078739904 
245 60 8 11 0.07871842 
671 249 10 14 0.07868824 
360 44 8 11 0.07860887 
550 63 10 11 0.07786352 
672 101 11 14 0.07783037 
585 277 12 14 0.07761993 
72 129 8 9 0.077552915 
241 71 10 11 0.077425405 
166 207 8 10 0.077364564 
78 282 10 11 0.07709957 
168 229 8 10 0.07707837 
142 286 10 11 0.07707408 
495 245 8 10 0.07697522 
144 96 9 11 0.07687049 
311 263 9 11 0.07670335 
454 87 8 10 0.076696225 
584 93 8 10 0.07667335 
903 539 13 17 0.07659101 
135 197 9 11 0.07659045 
28 242 8 12 0.07625424 
883 149 12 14 0.07579286 
662 197 9 12 0.075419664 
430 55 7 9 0.075415015 
296 103 9 11 0.07518827 
474 457 17 20 0.07509439 
194 200 8 11 0.07506189 
14 71 7 9 0.07497056 
249 307 9 11 0.074803956 
317 294 9 12 0.07477975 
328 415 11 14 0.074710526 
781 100 8 11 0.074671015 
595 94 10 13 0.07440109 
471 83 9 11 0.074366465 
54 297 10 12 0.07421686 
559 211 9 12 0.07408123 
431 103 8 10 0.074036986 
425 55 8 11 0.07381533 
922 86 9 10 0.07380288 
117 69 8 10 0.07373804 
862 280 9 12 0.07360642 
624 78 9 11 0.073517434 
434 63 7 10 0.07339215 
613 85 9 12 0.07312459 
1005 111 8 10 0.07289679 
31 268 8 10 0.072734386 
726 80 9 11 0.07261208 
887 141 11 12 0.07257872 
942 638 14 17 0.0724548 
160 199 7 11 0.07233848 
977 52 9 11 0.071867615 
120 151 10 12 0.071466774 
188 262 10 13 0.071459435 
822 144 9 10 0.07141817 
678 167 9 11 0.07123667 
149 265 9 12 0.071133316 
145 276 10 11 0.071010776 
340 286 9 12 0.07094035 
697 62 8 9 0.07086082 
138 192 8 10 0.07085647 
496 172 10 12 0.07078973 
433 70 8 9 0.070438676 
985 237 8 12 0.07042314 
197 294 10 13 0.07022292 
425 87 6 9 0.07019308 
167 148 8 11 0.07017668 
596 275 12 15 0.07017524 
516 333 9 12 0.07007815 
559 80 11 13 0.069721155 
513 105 9 11 0.06968779 
153 229 8 9 0.069664486 
999 278 9 11 0.069624044 
162 205 8 11 0.06953542 
357 86 9 11 0.069349214 
216 324 10 13 0.069272935 
765 247 10 13 0.06925375 
401 72 9 11 0.06892459 
927 234 10 12 0.06887051 
22 342 10 13 0.06853122 
910 501 11 14 0.068327084 
597 24 14 17 0.068170704 
256 102 8 11 0.06815547 
984 70 7 9 0.06803398 
677 275 15 16 0.067943424 
120 97 8 10 0.0678833 
1008 103 8 10 0.06773199 
181 45 8 10 0.06742248 
124 108 8 11 0.0673557 
12 254 10 12 0.06726265 
548 187 10 13 0.06720047 
739 84 8 11 0.06713933 
208 136 9 10 0.06667135 
491 61 7 9 0.06654206 
651 549 23 37 0.06622803 
609 84 9 13 0.066122934 
558 68 9 11 0.06608563 
417 88 6 9 0.06574089 
465 78 9 11 0.06543709 
170 168 9 11 0.06495267 
74 150 8 10 0.06491622 
1009 309 10 14 0.06485994 
40 270 8 10 0.06481692 
149 216 8 11 0.0645757 
296 311 8 12 0.0644214 
437 143 10 12 0.064143024 
376 285 9 12 0.06365375 
294 360 9 11 0.063509785 
200 99 9 11 0.063325815 
482 454 22 25 0.06310021 
644 78 8 10 0.06305869 
658 195 9 12 0.06294356 
821 187 10 13 0.06294265 
292 215 14 15 0.062909864 
1014 245 9 14 0.06287872 
362 318 9 11 0.06287233 
88 501 22 24 0.06277094 
475 269 8 10 0.0627679 
523 294 11 13 0.062756486 
941 150 12 14 0.06268754 
861 471 10 13 0.062664755 
252 371 9 11 0.0623846 
655 215 9 11 0.06233691 
293 549 33 44 0.062259525 
709 311 10 13 0.062008094 
256 246 8 11 0.061853364 
709 106 10 13 0.061794538 
357 276 9 12 0.061689354 
856 551 27 31 0.061639722 
622 102 9 11 0.06149869 
433 110 8 9 0.06135332 
423 96 9 10 0.061078835 
929 213 10 11 0.060997523 
96 422 12 16 0.06096912 
48 514 19 24 0.06086134 
208 166 9 11 0.06084679 
494 63 7 9 0.060817674 
81 343 8 11 0.060806807 
58 112 8 11 0.06077733 
999 127 9 10 0.060774706 
418 71 8 10 0.060764603 
17 95 7 10 0.060732752 
229 279 9 11 0.060654674 
47 246 7 10 0.060502686 
548 96 9 11 0.060351577 
75 69 8 10 0.060198545 
876 164 12 14 0.060144074 
568 270 9 11 0.06004138 
617 176 11 13 0.05991015 
576 120 10 13 0.059906658 
485 287 9 12 0.059901137 
144 221 8 11 0.059810594 
7 165 7 10 0.058980394 
386 83 11 12 0.058848944 
17 170 8 10 0.058848534 
399 110 7 8 0.05883941 
368 238 7 9 0.058785446 
361 286 8 11 0.058695573 
979 245 10 14 0.058670767 
513 264 8 11 0.05866711 
544 236 10 12 0.058586985 
154 197 8 10 0.05851627 
316 54 9 12 0.058491465 
296 379 11 13 0.05840075 
868 554 15 19 0.057983037 
550 46 10 12 0.057966862 
409 212 10 12 0.057749327 
62 111 9 11 0.05772819 
783 374 7 10 0.057651304 
111 152 7 11 0.05759286 
455 312 10 13 0.057524756 
582 120 10 13 0.057506353 
496 343 9 11 0.05743522 
104 276 9 11 0.057424247 
983 230 10 12 0.057405334 
471 136 7 9 0.057372056 
565 205 8 11 0.057251647 
552 268 10 11 0.057185702 
613 78 9 11 0.05711623 
334 297 10 13 0.05701733 
490 225 8 11 0.056854695 
103 80 8 10 0.05678537 
214 277 8 11 0.056612257 
542 87 8 11 0.05657012 
462 310 11 13 0.05646901 
956 54 9 11 0.056441616 
90 159 8 11 0.056187734 
198 198 8 12 0.056105003 
375 279 10 12 0.055960115 
591 99 12 15 0.055936147 
800 96 8 10 0.055776667 
127 276 9 11 0.05561987 
78 189 9 13 0.05548941 
766 223 10 12 0.05535517 
72 143 8 10 0.055237558 
1 309 8 12 0.055235583 
675 57 8 10 0.055109706 
10 63 8 10 0.055107478 
7 221 8 10 0.054859217 
253 110 8 11 0.054811757 
878 155 14 15 0.054602996 
833 535 9 12 0.054573532 
119 288 9 12 0.05436462 
737 278 11 13 0.054184258 
245 72 10 12 0.054001715 
422 72 7 9 0.05394576 
145 117 8 10 0.053920217 
310 92 9 12 0.053881593 
197 224 8 11 0.05352719 
909 96 9 11 0.053315442 
871 137 9 11 0.053312454 
551 68 10 11 0.053039953 
175 243 9 10 0.05303606 
750 216 8 10 0.052943937 
586 197 10 11 0.052800603 
525 151 11 13 0.05274036 
798 196 10 13 0.05250132 
784 217 9 12 0.0524159 
482 97 9 11 0.052392714 
936 128 8 12 0.05235694 
520 136 12 15 0.052266523 
613 60 9 11 0.052192487 
526 463 15 20 0.052186355 
560 62 9 12 0.052089453 
387 426 21 28 0.051931344 
308 540 29 38 0.051921476 
415 57 9 11 0.051903274 
833 38 10 13 0.05175169 
717 311 9 11 0.051744882 
775 272 8 11 0.05174093 
377 294 9 10 0.051579576 
352 201 9 11 0.051543456 
830 174 9 11 0.051518384 
59 117 8 10 0.051483635 
0 437 12 20 0.051406905 
181 73 12 15 0.05138854 
496 125 8 10 0.051097218 
780 88 9 11 0.050879434 
446 272 9 12 0.050784655 
736 247 8 10 0.05071987 
141 190 8 11 0.05062202 
335 271 8 10 0.050390664 
625 70 9 11 0.050306275 
877 281 9 12 0.050294638 
609 62 9 11 0.050120957 
125 119 8 10 0.049854435 
738 254 9 11 0.049689215 
0 203 8 11 0.049479354 
422 78 8 10 0.049454354 
542 279 9 12 0.04938404 
40 278 10 11 0.04932278 
581 131 10 13 0.04921774 
161 150 8 11 0.04900738 
114 231 7 9 0.048886992 
183 112 10 12 0.048678447 
161 71 8 12 0.048647832 
221 331 10 12 0.048646484 
224 567 39 53 0.048571702 
303 109 8 10 0.048505694 
450 93 9 11 0.04844522 
276 91 10 12 0.04829737 
557 258 10 13 0.048172966 
61 180 8 11 0.04801032 
450 87 8 10 0.047941938 
254 277 7 10 0.04790836 
462 284 10 12 0.0476766 
241 76 12 15 0.047675345 
25 78 8 10 0.04766706 
8 142 8 11 0.047447238 
51 184 7 10 0.04738905 
75 157 8 10 0.047225744 
920 236 9 12 0.04717779 
165 514 25 33 0.047063034 
288 94 8 9 0.046957556 
1014 106 9 12 0.046813987 
440 319 8 10 0.046755865 
81 506 21 27 0.04672536 
205 141 11 13 0.046703216 
297 63 10 12 0.04666778 
442 285 8 11 0.046648387 
73 177 9 11 0.046565574 
757 62 9 10 0.046431128 
672 143 10 12 0.046400167 
776 253 7 10 0.04636448 
961 231 9 10 0.046317656 
38 286 9 10 0.046293743 
200 316 11 13 0.046194844 
471 278 8 11 0.046143103 
162 253 9 13 0.046123058 
609 212 9 12 0.046113327 
312 67 9 12 0.046077944 
545 48 9 11 0.046004735 
468 308 9 12 0.04596008 
566 575 24 41 0.045945972 
713 47 8 9 0.045875084 
669 271 26 27 0.045862876 
293 116 9 10 0.0457056 
176 475 28 31 0.04568854 
837 43 11 13 0.04564721 
27 594 50 47 0.04562405 
173 85 8 10 0.04549657 
305 96 8 9 0.04548156 
560 54 9 11 0.04546803 
993 212 11 13 0.04545407 
439 167 10 12 0.045444965 
975 77 7 10 0.04534212 
966 394 12 16 0.045288205 
405 287 10 12 0.04508162 
155 294 8 11 0.04494014 
432 119 9 11 0.044732124 
61 495 20 27 0.04454352 
968 467 10 13 0.04453819 
776 128 9 11 0.044535924 
128 497 22 29 0.04441992 
110 157 7 10 0.04437784 
517 263 10 12 0.044338387 
526 259 11 13 0.044246048 
502 220 12 15 0.04423034 
975 94 8 11 0.044138566 
60 159 8 10 0.04396658 
821 78 8 10 0.04394057 
177 61 12 15 0.04380994 
946 278 10 13 0.04378258 
26 111 7 9 0.04373198 
124 143 9 11 0.043723147 
134 204 9 11 0.043669246 
768 60 10 12 0.043370113 
491 453 15 19 0.04309881 
676 120 9 11 0.04307761 
23 142 8 11 0.04307014 
622 48 9 12 0.04305451 
525 451 22 26 0.042985097 
854 558 13 15 0.04296108 
719 317 9 10 0.042917576 
173 506 27 37 0.042868365 
461 279 10 12 0.04281345 
464 95 7 9 0.042608183 
894 179 9 11 0.042563546 
141 508 14 19 0.04253871 
830 69 8 10 0.04248639 
799 295 9 12 0.042405587 
798 86 8 10 0.042379133 
270 103 9 12 0.04233977 
437 64 8 10 0.042239342 
848 47 8 10 0.04223807 
209 112 10 13 0.042231377 
683 314 14 17 0.04221378 
400 63 8 10 0.042178456 
394 340 9 12 0.042148322 
640 73 8 10 0.04206816 
902 325 12 15 0.042041518 
49 59 9 10 0.042003654 
207 216 10 12 0.041976735 
662 85 9 12 0.041933298 
312 316 12 14 0.041891787 
37 263 8 10 0.041851383 
974 137 7 10 0.041836508 
490 235 9 13 0.041836236 
544 166 9 11 0.041786894 
257 253 8 11 0.041778136 
462 244 10 12 0.04176087 
857 48 7 11 0.04170047 
262 254 9 12 0.04168906 
172 77 11 14 0.041633613 
317 309 10 13 0.041583117 
625 159 10 14 0.041569 
393 309 9 12 0.04152284 
554 249 9 11 0.041445397 
392 173 10 13 0.041399617 
237 105 8 9 0.041387342 
727 627 13 18 0.041310083 
821 148 8 11 0.041265234 
163 101 8 11 0.041260444 
167 267 10 12 0.04111847 
584 107 10 12 0.04105521 
848 214 9 11 0.040989075 
678 245 12 16 0.040861726 
484 115 9 11 0.040853 
762 250 10 13 0.0408239 
129 67 9 10 0.040787734 
950 151 9 11 0.04071861 
697 55 7 10 0.040716954 
968 230 9 11 0.04070146 
605 222 9 12 0.040673077 
239 374 8 11 0.04064271 
888 34 8 11 0.040595245 
167 412 10 15 0.040586267 
901 535 21 30 0.040515725 
695 315 13 15 0.040471926 
766 214 8 10 0.04046515 
175 271 9 11 0.040441897 
737 260 10 12 0.04036086 
95 247 7 9 0.04034716 
312 89 9 11 0.040330462 
825 165 9 12 0.04031368 
562 198 9 11 0.040258054 
589 231 9 11 0.040240753 
214 135 9 12 0.04014413 
359 80 9 12 0.04013895 
562 395 12 17 0.040113017 
119 238 7 9 0.03999559 
784 295 8 10 0.03993349 
518 82 9 12 0.03983969 
1002 104 8 10 0.03983217 
835 557 10 13 0.03981469 
546 61 9 12 0.03976482 
575 277 9 11 0.03975086 
687 77 9 12 0.039704148 
816 149 10 12 0.03967634 
33 457 16 25 0.039494693 
212 437 25 29 0.039474316 
712 88 8 10 0.039402362 
826 70 7 10 0.039394386 
32 71 7 10 0.03937849 
740 103 8 12 0.039358705 
841 469 12 15 0.03931951 
422 263 9 11 0.03921698 
466 65 7 9 0.039205335 
0 135 7 11 0.039199766 
391 187 9 12 0.03919928 
307 44 8 11 0.039089054 
1012 198 9 13 0.039061755 
535 221 8 10 0.039055005 
430 311 9 10 0.038980782 
961 237 10 11 0.038965862 
637 206 8 10 0.038952585 
868 149 12 14 0.0389419 
491 71 8 11 0.038832903 
445 294 9 12 0.03882678 
690 135 9 11 0.038791064 
792 296 8 11 0.03873857 
50 188 8 11 0.03862945 
206 315 10 14 0.038565997 
15 143 7 10 0.03848749 
390 256 8 11 0.03844338 
23 234 17 23 0.038420286 
630 71 8 11 0.03823385 
863 542 27 32 0.038146656 
759 103 9 12 0.038131583 
977 192 9 11 0.03808244 
1007 151 8 10 0.038006645 
581 521 27 30 0.037989687 
38 254 9 12 0.037888445 
392 240 8 10 0.037835345 
76 521 18 23 0.037744094 
347 349 8 11 0.037707876 
409 349 8 10 0.03766551 
800 108 8 11 0.037612654 
805 138 10 13 0.03758201 
214 318 10 12 0.03755902 
576 248 11 13 0.037545804 
178 124 10 11 0.03745174 
232 104 8 11 0.037373126 
120 233 6 9 0.037356507 
606 230 9 11 0.03735279 
971 341 16 19 0.037349787 
719 277 11 13 0.037338533 
430 466 28 30 0.037334863 
288 443 12 14 0.037327144 
800 327 10 12 0.037248608 
781 273 8 10 0.037189677 
885 583 15 21 0.03714137 
152 192 8 11 0.03704865 
576 92 9 11 0.037036724 
416 94 7 9 0.037027974 
928 331 12 15 0.036994096 
78 150 8 11 0.036931846 
408 13 12 14 0.036862966 
871 259 9 12 0.036703255 
582 269 10 12 0.03666531 
161 64 7 10 0.036657535 
577 452 14 18 0.03660398 
575 191 8 10 0.03657611 
317 69 9 13 0.03656257 
968 73 8 10 0.036424283 
434 123 9 12 0.036409777 
697 189 9 12 0.03631267 
7 90 10 13 0.036185637 
755 181 11 12 0.036100984 
470 64 7 9 0.03603672 
213 165 9 11 0.03603579 
248 127 10 12 0.03602173 
7 303 9 12 0.03597444 
413 102 8 11 0.03594622 
464 85 8 10 0.035940737 
692 117 10 13 0.03588548 
80 195 10 12 0.03576999 
683 270 16 18 0.035768315 
254 272 8 10 0.035761874 
302 247 9 11 0.035692383 
588 222 9 10 0.035691928 
104 256 7 10 0.035672314 
534 270 10 11 0.03564518 
276 102 10 13 0.035637822 
66 490 15 19 0.035615258 
158 411 11 15 0.035586726 
786 60 8 10 0.035522733 
522 236 11 13 0.035447735 
262 247 8 10 0.035368983 
609 236 9 11 0.035367087 
62 286 9 11 0.035356548 
406 256 17 21 0.035302058 
291 364 19 24 0.035236713 
357 65 10 13 0.035200667 
110 435 22 29 0.03515005 
41 247 8 10 0.03502316 
617 104 8 11 0.035011016 
950 271 8 11 0.034994353 
440 264 9 12 0.03494988 
453 328 12 16 0.03494816 
174 292 10 12 0.03493694 
876 549 11 15 0.034851477 
57 342 9 11 0.034834668 
336 280 10 12 0.034743004 
806 119 9 11 0.03467782 
867 156 12 14 0.034676734 
400 235 9 12 0.03467533 
920 259 12 16 0.03464323 
352 92 10 12 0.034584973 
404 171 9 12 0.03458434 
310 208 11 13 0.034549855 
209 237 10 12 0.034548096 
73 165 9 10 0.034537356 
532 115 12 14 0.034522507 
710 56 8 9 0.034408953 
839 328 22 27 0.034403466 
896 364 10 13 0.034400385 
1014 378 10 14 0.03439383 
445 260 10 13 0.03437051 
294 210 23 25 0.03435378 
826 57 7 9 0.034333117 
357 200 8 11 0.034329202 
726 312 11 12 0.034318652 
896 192 9 12 0.034314584 
746 215 7 10 0.034265846 
106 247 8 9 0.03422527 
834 606 54 48 0.03419684 
691 140 9 13 0.03417165 
424 318 9 12 0.034155693 
119 247 8 10 0.034146804 
56 257 8 10 0.03410674 
250 103 8 11 0.034106128 
916 507 13 15 0.034081656 
725 276 10 11 0.034069262 
711 68 8 11 0.034061134 
607 363 9 12 0.034034584 
257 392 10 13 0.03402335 
5 126 10 12 0.034011748 
224 456 27 36 0.033988982 
535 278 10 12 0.033983827 
567 140 10 13 0.033946518 
185 150 9 11 0.033846453 
552 78 9 11 0.03381739 
581 249 10 13 0.03379758 
503 215 10 12 0.033711642 
804 181 10 12 0.033710618 
100 517 20 22 0.03368613 
248 272 8 12 0.03368466 
673 167 8 11 0.033661537 
418 211 11 14 0.033648036 
599 33 12 15 0.033641893 
262 96 8 10 0.033641312 
240 254 9 12 0.03362714 
807 77 8 11 0.03362568 
40 55 7 9 0.033569682 
0 139 8 13 0.033557493 
111 455 14 20 0.033551697 
889 179 9 12 0.033548497 
996 182 9 12 0.03351274 
167 71 9 13 0.033450354 
863 181 9 12 0.033350933 
966 221 8 11 0.03334804 
581 310 13 16 0.033339683 
489 214 9 11 0.033333644 
445 254 10 12 0.03332727 
757 56 7 9 0.033313055 
288 530 30 36 0.03326786 
238 109 9 11 0.033244364 
182 189 9 10 0.033194102 
184 183 8 11 0.033104178 
957 150 10 12 0.033095177 
831 140 9 11 0.032865845 
726 630 24 25 0.032856952 
55 72 8 10 0.03283873 
126 246 9 10 0.032823317 
278 539 30 40 0.03280523 
250 133 9 12 0.032748185 
546 261 8 11 0.03270157 
405 224 10 11 0.032680776 
286 132 9 11 0.0326788 
173 504 15 20 0.032661747 
419 158 11 14 0.03265715 
366 262 10 11 0.032647043 
22 180 8 9 0.03263349 
255 94 9 12 0.032592565 
790 263 9 11 0.032506637 
929 151 9 13 0.03247896 
5 308 9 13 0.032430828 
744 310 9 12 0.032361783 
268 506 39 48 0.032352332 
896 48 9 11 0.032335714 
104 289 10 12 0.03230158 
418 78 8 11 0.03227831 
678 69 8 12 0.032240815 
662 93 9 11 0.03221652 
800 78 9 11 0.0321621 
418 205 11 14 0.032142855 
503 86 7 10 0.031962395 
991 111 8 10 0.03194877 
143 395 24 29 0.031929746 
49 72 7 10 0.031901587 
935 143 9 11 0.03190133 
544 69 9 11 0.031864375 
852 211 10 11 0.031813707 
2 163 8 12 0.03181353 
197 204 9 12 0.031809997 
154 616 25 32 0.031746283 
992 246 9 11 0.031734724 
61 271 8 11 0.031720426 
532 231 9 11 0.03170465 
528 117 10 12 0.03169371 
869 468 11 13 0.031692 
199 286 9 12 0.031624667 
115 425 22 31 0.031605456 
386 355 13 15 0.03160515 
34 55 7 9 0.03159703 
583 331 11 14 0.031521928 
783 140 9 12 0.031457286 
646 71 8 11 0.031431284 
102 290 17 22 0.031346247 
573 479 27 37 0.031343374 
945 270 10 11 0.03134316 
844 255 9 12 0.031341426 
64 252 9 11 0.031196304 
688 116 10 13 0.031179637 
702 135 8 10 0.031173268 
239 247 8 11 0.031158684 
366 140 8 11 0.031121407 
503 206 8 10 0.03109992 
202 279 9 10 0.030914886 
773 165 9 12 0.030841067 
490 76 10 11 0.030820906 
494 496 18 22 0.03072411 
271 296 8 11 0.030692097 
173 261 9 11 0.030620044 
215 122 10 14 0.030573882 
137 183 8 10 0.030560782 
185 141 9 12 0.030496148 
985 115 9 11 0.03046131 
81 333 9 11 0.030448517 
737 94 9 11 0.030426918 
389 286 10 12 0.030391486 
85 344 9 12 0.030390661 
523 56 8 10 0.030382408 
135 287 10 13 0.030366356 
162 261 9 11 0.030252907 
283 464 16 21 0.030239984 
167 491 15 20 0.030204445 
415 269 11 14 0.030195897 
611 520 27 32 0.03018646 
831 78 9 11 0.030131174 
242 118 9 11 0.030125447 
8 295 8 11 0.030124614 
287 87 9 11 0.030119177 
970 77 8 10 0.030118994 
367 427 14 19 0.030112814 
529 215 9 11 0.030089246 
238 296 8 10 0.03007225 
976 72 7 11 0.030055862 
447 318 9 12 0.030035296 
639 120 10 13 0.030028665 
431 318 8 11 0.029958814 
806 108 8 10 0.029936288 
0 513 12 22 0.029931054 
663 80 8 11 0.029902803 
103 104 7 10 0.029889252 
135 278 8 10 0.029882407 
399 161 9 11 0.029862631 
25 270 8 10 0.029859537 
759 108 9 13 0.029859511 
993 116 8 11 0.029856319 
72 188 9 11 0.029823327 
382 277 9 12 0.029821258 
62 56 6 9 0.029790893 
236 348 12 18 0.029691808 
760 72 10 12 0.029598273 
409 87 8 9 0.029587287 
885 44 9 11 0.029568583 
970 94 8 11 0.02955403 
927 247 12 14 0.029521959 
610 56 8 12 0.029491298 
304 308 9 12 0.029442718 
690 275 13 15 0.029413046 
991 96 9 10 0.029404597 
944 62 8 10 0.029379306 
926 104 9 11 0.02935724 
47 271 8 10 0.029341491 
657 93 9 13 0.029332718 
799 332 12 15 0.029317392 
999 132 8 11 0.029306108 
917 512 15 19 0.029300883 
649 613 26 33 0.029269177 
149 181 8 10 0.029268846 
553 248 16 22 0.029225092 
116 483 15 22 0.02921895 
223 272 9 12 0.029123625 
448 236 8 11 0.029122343 
231 229 9 11 0.029061256 
55 60 8 9 0.029025516 
807 73 7 9 0.029018898 
437 230 10 13 0.02900772 
178 399 24 27 0.028988058 
837 268 11 15 0.028977267 
272 151 9 11 0.028969185 
106 240 7 10 0.02894705 
0 303 8 13 0.028895937 
118 77 9 11 0.028886793 
870 281 18 22 0.028883971 
500 239 9 11 0.028845133 
57 243 8 11 0.028841889 
742 119 9 10 0.028836126 
574 269 10 11 0.02882056 
736 239 8 11 0.028788894 
66 197 9 11 0.028738499 
598 355 11 14 0.028726662 
469 316 10 12 0.02872299 
434 147 10 13 0.028698396 
543 171 10 12 0.028680671 
573 86 9 12 0.02866646 
974 148 8 10 0.028645461 
699 310 22 25 0.028642373 
420 299 10 12 0.02864155 
123 154 11 14 0.028629452 
90 57 7 9 0.02861316 
197 323 11 13 0.02854107 
8 245 8 11 0.028518114 
580 531 15 20 0.028512858 
290 357 9 12 0.028504279 
588 141 9 12 0.028474143 
47 136 8 11 0.028473876 
241 276 8 12 0.028449632 
784 261 9 11 0.028432712 
624 189 8 11 0.028427972 
398 247 9 11 0.028293781 
1016 78 8 11 0.028283326 
1000 200 9 11 0.028282685 
608 142 10 13 0.028271172 
471 139 10 12 0.028260594 
765 118 8 10 0.02825976 
801 72 8 9 0.02825237 
290 103 8 12 0.028251322 
405 77 9 11 0.028219255 
653 289 12 17 0.028209297 
542 206 10 12 0.028208762 
824 158 9 12 0.028187122 
239 309 10 12 0.028157894 
857 184 10 12 0.02814438 
317 46 8 10 0.028111983 
645 308 15 21 0.028029531 
1014 469 10 15 0.028028544 
449 324 10 12 0.028020179 
589 215 9 12 0.027975382 
767 208 8 10 0.027957818 
577 198 9 11 0.027945403 
625 61 8 10 0.027926713 
14 116 8 10 0.027915366 
40 153 7 9 0.027871918 
48 278 9 10 0.027832534 
101 64 7 9 0.027823275 
877 269 9 11 0.027785264 
774 247 8 11 0.027780741 
727 368 9 11 0.027753646 
550 108 9 11 0.027741214 
845 115 11 14 0.027708463 
147 175 8 11 0.027701873 
718 119 10 13 0.027696975 
646 101 9 12 0.027675321 
831 136 8 10 0.027670443 
669 214 9 12 0.027653966 
749 311 9 11 0.0276271 
176 63 21 24 0.027601838 
853 590 53 56 0.027598057 
89 224 8 10 0.02758747 
470 103 8 10 0.027565405 
196 445 17 21 0.027553206 
218 483 26 37 0.027497647 
774 60 8 11 0.02747227 
140 197 9 11 0.027471628 
846 220 9 11 0.027423596 
585 340 9 13 0.02740621 
21 95 8 10 0.027396545 
137 224 8 11 0.027380971 
597 191 9 11 0.027362987 
272 364 10 13 0.027336122 
39 230 9 11 0.027332839 
430 80 9 10 0.027321696 
461 160 9 11 0.027261185 
64 191 8 10 0.027221989 
949 617 15 17 0.027163846 
135 246 9 10 0.027094832 
961 372 10 15 0.027084438 
153 123 9 11 0.027072437 
440 292 11 13 0.027050257 
981 190 10 13 0.02701023 
356 37 8 11 0.026997473 
293 87 9 11 0.026947048 
160 248 8 11 0.026921364 
97 254 7 10 0.026898084 
975 431 10 12 0.026886484 
237 343 10 13 0.026848676 
573 221 8 11 0.026848465 
977 39 8 11 0.02681552 
212 285 9 12 0.026794959 
80 214 8 10 0.026757235 
40 157 8 10 0.026727697 
221 110 9 11 0.02669733 
180 55 12 13 0.026681827 
233 108 9 12 0.026681548 
904 127 9 11 0.026641468 
300 233 13 15 0.0265868 
954 214 10 12 0.026585173 
222 443 25 31 0.026583139 
27 116 8 11 0.02657223 
231 83 10 13 0.026552238 
474 164 8 11 0.026518084 
425 14 8 11 0.026515136 
62 166 8 10 0.026493806 
160 84 9 11 0.026457502 
890 224 8 11 0.026433973 
982 452 13 17 0.026409704 
383 284 9 12 0.026402686 
1012 312 11 17 0.026401961 
637 101 11 14 0.0263995 
1 221 7 11 0.026386175 
651 625 14 20 0.026384266 
862 560 15 18 0.026341774 
309 351 9 11 0.026317412 
646 288 14 18 0.026304694 
664 251 12 14 0.02629517 
97 68 8 10 0.026255118 
972 332 13 16 0.026254069 
350 117 8 10 0.02622104 
159 269 9 11 0.02611096 
932 334 15 19 0.026108861 
590 107 10 12 0.026093248 
608 556 33 36 0.026077416 
156 493 14 19 0.02605726 
862 301 10 13 0.026019603 
679 200 8 11 0.025963252 
341 293 10 13 0.025922567 
49 158 8 11 0.025918983 
513 165 8 10 0.025911283 
834 527 8 10 0.025895419 
544 255 8 11 0.025895117 
308 228 11 14 0.025892518 
22 224 9 10 0.025868116 
743 268 10 13 0.0258602 
997 188 10 11 0.025851581 
185 257 8 10 0.025847953 
559 334 9 13 0.025838064 
440 95 7 8 0.025822239 
127 239 7 9 0.025820548 
983 151 8 10 0.025797144 
682 258 16 18 0.025721509 
857 229 10 13 0.025711313 
718 231 8 10 0.02570816 
782 128 9 11 0.02570079 
761 278 7 9 0.025676683 
612 533 27 36 0.025671229 
567 254 11 13 0.025629753 
408 53 9 11 0.025622748 
72 271 19 22 0.025618665 
734 270 11 12 0.025612295 
41 87 7 9 0.025528029 
500 71 9 11 0.025499938 
782 256 8 9 0.02542568 
710 166 9 12 0.025417643 
454 273 10 12 0.025413629 
494 215 9 10 0.025374297 
88 230 8 11 0.025357459 
503 311 8 10 0.025322534 
951 494 9 11 0.025322286 
781 117 9 11 0.025313094 
50 504 24 28 0.025301086 
305 303 10 12 0.025283473 
385 258 8 10 0.025280282 
450 73 7 9 0.025269706 
431 268 9 12 0.025225887 
470 284 9 13 0.025223348 
526 68 9 11 0.025216684 
17 231 7 10 0.025191847 
240 271 8 11 0.025174236 
88 79 8 10 0.025159713 
452 446 14 19 0.02513239 
831 561 12 16 0.025115635 
796 55 8 10 0.02511014 
46 87 7 9 0.025095701 
513 72 8 10 0.02508139 
496 161 9 11 0.02507696 
238 301 9 12 0.025072275 
942 345 13 17 0.025058072 
48 296 10 11 0.025000751 
599 517 26 35 0.02497661 
424 49 8 10 0.024950773 
378 493 27 35 0.024941875 
30 276 10 12 0.024935534 
127 193 7 9 0.024927102 
664 203 9 12 0.02483929 
161 96 9 11 0.02483867 
271 426 12 15 0.024803333 
711 119 12 14 0.024787173 
77 127 7 9 0.024762029 
568 222 10 11 0.024729112 
627 601 45 48 0.024720661 
933 320 18 23 0.024708867 
774 71 8 10 0.024693716 
833 261 10 14 0.024689212 
56 153 9 11 0.024682617 
830 472 12 16 0.024640353 
144 111 9 12 0.024636978 
163 299 11 12 0.024632806 
942 556 12 14 0.024612218 
759 72 17 24 0.024592912 
545 231 10 12 0.024584088 
273 136 9 11 0.024575338 
486 470 17 21 0.024566127 
930 126 9 12 0.024565853 
446 232 8 10 0.024561757 
637 277 13 15 0.024558427 
95 239 7 9 0.024542028 
457 223 8 11 0.02452205 
232 543 29 39 0.024519416 
533 235 9 12 0.024512347 
635 306 14 18 0.02450131 
296 303 9 11 0.024499737 
564 100 11 13 0.024437228 
192 324 10 12 0.024436465 
57 349 9 11 0.024436312 
138 300 11 12 0.024364155 
815 198 8 10 0.024326008 
316 322 11 13 0.0243188 
134 403 14 17 0.024318578 
868 93 8 10 0.024314206 
62 485 15 20 0.024299365 
780 110 9 11 0.024299014 
290 371 10 14 0.024298612 
793 94 8 11 0.0242919 
287 295 9 11 0.024272995 
329 286 8 11 0.02427064 
1006 269 10 12 0.024252944 
391 92 8 10 0.02425151 
778 140 9 12 0.024238776 
905 86 8 9 0.024219418 
462 183 9 11 0.024210999 
511 256 9 11 0.0241866 
648 280 21 26 0.024159735 
462 118 8 10 0.024149412 
909 132 10 11 0.02413104 
407 344 9 11 0.02411993 
67 506 15 21 0.024119621 
999 309 10 14 0.02410365 
318 448 22 31 0.02409031 
116 462 16 21 0.024031028 
231 139 12 14 0.024019213 
395 45 8 11 0.024015335 
415 163 12 16 0.023990527 
864 389 10 13 0.023934916 
625 548 18 22 0.0239333 
710 323 10 12 0.023923522 
406 614 16 21 0.02392311 
447 102 8 10 0.02391223 
298 73 10 13 0.02390594 
294 55 10 12 0.023885882 
727 120 8 11 0.02388194 
995 278 9 11 0.02388188 
147 167 8 12 0.023862027 
950 356 10 13 0.023855234 
577 206 9 11 0.023853851 
710 279 12 14 0.02385355 
1005 116 8 10 0.02384406 
134 324 9 10 0.023840064 
835 30 12 14 0.023823807 
904 498 13 17 0.023787944 
910 224 8 9 0.023767889 
910 230 9 11 0.023759218 
845 124 11 13 0.023748113 
193 407 25 27 0.023704669 
925 79 9 11 0.023679681 
179 488 30 33 0.02358929 
878 262 8 10 0.023576802 
960 366 10 13 0.023565412 
573 405 19 25 0.023564124 
414 246 9 12 0.023552708 
932 247 10 12 0.02353782 
657 277 23 28 0.023528928 
240 327 9 12 0.023525394 
361 139 9 12 0.023520848 
172 256 9 11 0.023515856 
496 254 8 10 0.023515131 
876 587 25 35 0.02350364 
655 230 9 13 0.023489334 
470 325 11 13 0.023488224 
848 617 19 23 0.023475686 
401 286 9 13 0.023474235 
828 332 15 18 0.023461597 
765 332 10 14 0.023458058 
534 55 7 10 0.023454681 
190 69 10 13 0.023452096 
677 246 21 24 0.023447776 
395 180 11 12 0.02343044 
663 234 18 24 0.023425909 
162 592 19 23 0.023411842 
878 255 7 10 0.023400186 
849 53 9 10 0.023396578 
37 112 8 10 0.023363283 
279 126 9 10 0.02334703 
221 436 14 20 0.023342397 
88 85 8 11 0.023328336 
350 110 9 13 0.023280708 
566 334 9 12 0.023264961 
859 150 9 12 0.023262491 
55 221 8 10 0.023259668 
768 275 9 11 0.023255471 
864 132 9 12 0.023237694 
225 443 16 19 0.023228582 
682 626 13 17 0.023226818 
66 134 8 10 0.02320853 
124 255 9 11 0.023165535 
129 295 19 21 0.02316271 
352 31 8 11 0.023143306 
193 299 10 12 0.02313552 
762 230 8 10 0.023127778 
353 231 8 10 0.023125982 
465 102 8 10 0.023120066 
559 191 10 12 0.023107333 
69 326 9 11 0.023106845 
246 255 11 13 0.02307364 
732 126 10 11 0.023069171 
536 79 8 10 0.023025922 
718 110 9 12 0.023020217 
552 85 9 12 0.023009002 
279 135 10 11 0.0230006 
862 268 9 13 0.02297494 
577 108 9 12 0.022955868 
348 296 18 23 0.022937343 
484 332 11 13 0.022935998 
858 95 7 9 0.022914061 
189 445 28 32 0.022909619 
121 192 8 10 0.022897948 
509 215 9 11 0.022894053 
469 462 16 19 0.022883238 
496 261 9 11 0.022882124 
848 236 8 11 0.022872858 
165 403 11 16 0.022866188 
167 280 12 14 0.022864025 
366 270 9 11 0.022825578 
800 230 11 13 0.022811456 
387 158 9 13 0.022777673 
832 127 8 10 0.022746446 
109 299 9 11 0.02273957 
856 235 10 12 0.022738405 
190 135 10 11 0.022645967 
536 423 10 12 0.02262473 
26 293 9 12 0.022615982 
270 322 10 13 0.022604357 
230 271 10 12 0.022598647 
939 338 14 18 0.02259377 
673 257 24 28 0.022592526 
164 395 23 29 0.022558257 
733 310 10 12 0.022548778 
671 172 9 11 0.022544565 
663 176 9 11 0.022540856 
952 165 10 13 0.022540214 
132 264 9 11 0.022532934 
766 71 9 12 0.022517363 
585 187 18 22 0.02251514 
127 125 8 10 0.022507407 
489 298 10 13 0.022486906 
386 190 9 12 0.022480331 
848 524 8 12 0.022474427 
816 306 19 24 0.02241978 
237 231 9 11 0.022381067 
567 228 10 12 0.022363493 
952 602 12 17 0.022342984 
688 85 8 11 0.022322355 
674 617 15 20 0.022321498 
-1 278 8 12 0.022317378 
143 136 9 10 0.022315284 
616 300 9 12 0.02229347 
614 155 10 13 0.022269402 
166 517 14 20 0.022260044 
128 356 10 13 0.022257227 
992 220 10 13 0.022236265 
845 462 12 16 0.022229701 
658 633 16 20 0.022228604 
52 272 19 23 0.022225572 
385 197 9 13 0.022214977 
817 83 9 10 0.022204438 
774 78 8 11 0.022203382 
974 216 18 23 0.02220286 
368 233 7 9 0.02220005 
91 246 7 10 0.022195525 
695 146 9 13 0.022189548 
129 204 8 11 0.02216542 
421 498 25 32 0.02215981 
971 462 11 12 0.022144936 
911 524 11 14 0.022121921 
309 296 18 23 0.022112558 
437 69 8 10 0.02210462 
999 142 8 10 0.022102732 
687 93 9 11 0.022093592 
271 155 9 13 0.022085877 
158 156 10 12 0.022040548 
72 230 18 24 0.022034353 
221 399 14 16 0.022029284 
503 159 8 11 0.02201491 
39 239 8 10 0.021971788 
587 279 19 22 0.021966191 
760 214 8 11 0.021964623 
902 47 8 10 0.02195923 
351 254 9 12 0.021938404 
349 345 9 12 0.021938026 
585 316 13 16 0.021927606 
542 80 9 11 0.02191533 
721 159 11 14 0.02189194 
886 542 11 14 0.0218911 
30 78 7 10 0.021875603 
63 224 8 10 0.021852313 
353 126 8 11 0.021839486 
681 214 9 11 0.021826077 
833 255 8 11 0.02182592 
788 49 18 25 0.021824796 
223 427 14 16 0.021824162 
203 147 12 13 0.021811372 
774 160 9 12 0.021796746 
750 93 9 11 0.021757452 
277 358 9 11 0.021745412 
751 239 7 10 0.02173624 
311 287 8 10 0.02169203 
221 135 10 12 0.02168811 
933 201 11 13 0.021679256 
294 94 8 10 0.021678312 
132 513 18 23 0.021657737 
578 317 22 26 0.021655044 
240 621 17 24 0.02164317 
717 94 9 11 0.021643061 
653 134 11 12 0.021639468 
550 461 13 16 0.021635706 
485 280 9 10 0.021623181 
24 384 9 12 0.021619992 
874 575 106 100 0.021614576 
191 419 25 31 0.02161225 
183 164 10 12 0.021610852 
801 118 10 11 0.021570766 
48 41 7 10 0.021550275 
918 206 10 12 0.021533119 
398 278 9 11 0.021516891 
376 263 8 10 0.021500962 
319 207 9 12 0.02148022 
512 327 9 12 0.021460632 
935 118 7 10 0.021456415 
926 56 7 10 0.02145217 
85 311 8 11 0.02143879 
30 311 10 12 0.02143541 
814 255 8 9 0.021428026 
851 516 43 56 0.021406058 
508 282 11 14 0.021372834 
790 402 13 19 0.021361554 
721 34 17 23 0.021360632 
519 457 14 18 0.021355638 
958 348 10 15 0.021353306 
9 275 9 12 0.021349618 
956 275 11 15 0.021345306 
56 78 8 9 0.021338314 
193 360 25 28 0.02132722 
208 124 11 13 0.021299995 
48 239 209 222 0.021273565 
750 126 8 11 0.021271551 
248 282 9 12 0.021269437 
718 142 10 11 0.021261439 
959 400 13 18 0.021242455 
182 510 30 41 0.021239216 
817 183 10 13 0.021235557 
927 167 10 13 0.021228766 
568 20 9 11 0.021228712 
861 52 9 11 0.021224596 
448 300 8 12 0.02122426 
455 124 9 11 0.021208355 
806 350 10 13 0.021204585 
277 140 11 12 0.02120223 
904 498 24 30 0.021196254 
57 94 9 11 0.02118407 
840 125 8 11 0.021171108 
524 227 17 22 0.021168115 
493 67 17 23 0.021166518 
196 377 13 17 0.021145642 
575 142 13 16 0.021135064 
400 118 7 10 0.021131163 
319 288 8 10 0.021103105 
327 279 9 11 0.02110285 
920 214 9 12 0.021099746 
999 96 9 11 0.021096902 
815 155 11 13 0.021071907 
588 88 19 24 0.021068078 
997 246 9 12 0.02106719 
113 517 15 21 0.021059925 
144 263 17 23 0.021059738 
788 229 9 12 0.02105922 
62 88 8 9 0.021042522 
85 272 9 10 0.021032622 
735 231 8 10 0.02102427 
600 247 10 13 0.021020344 
688 112 8 10 0.021018352 
676 259 14 17 0.020993292 
395 161 18 23 0.020991985 
1000 150 9 11 0.020985708 
721 270 10 13 0.02097459 
519 437 12 15 0.020957489 
948 348 11 15 0.020952284 
24 85 8 10 0.020951638 
622 83 10 12 0.020921428 
310 111 8 10 0.020919649 
471 126 7 10 0.020902175 
630 63 8 10 0.020876665 
396 336 10 12 0.02086222 
689 305 24 29 0.020856807 
415 381 13 17 0.020854147 
842 535 44 54 0.020848475 
943 140 10 13 0.020834468 
332 530 14 19 0.020831024 
921 80 9 11 0.0208154 
990 103 7 10 0.02081304 
404 159 10 13 0.02081062 
504 102 9 12 0.020806598 
613 263 10 12 0.020794922 
358 222 8 10 0.02078998 
41 459 14 20 0.020789001 
153 79 8 10 0.020780275 
64 324 8 11 0.02076723 
270 358 12 14 0.020763887 
263 240 8 11 0.020763429 
997 236 9 12 0.020761913 
95 286 9 11 0.020761149 
487 253 8 10 0.020745456 
366 293 9 10 0.020737944 
630 190 8 10 0.020737626 
192 450 13 18 0.020715792 
895 539 14 17 0.020713756 
535 71 8 11 0.020704001 
304 292 9 11 0.020692917 
293 232 14 16 0.02068841 
2 84 10 14 0.020683948 
802 237 10 12 0.020683888 
472 111 8 9 0.020653684 
102 125 8 9 0.020653227 
801 247 9 10 0.020653164 
385 352 9 13 0.020650415 
617 48 9 11 0.020607505 
166 96 9 11 0.020578962 
451 404 14 19 0.020561587 
647 252 9 13 0.020554923 
113 249 19 24 0.020547947 
103 448 14 19 0.020531941 
174 149 9 12 0.020530876 
749 254 8 11 0.020517321 
928 133 9 11 0.020491654 
202 164 8 11 0.020484757 
640 251 11 14 0.020462332 
366 286 9 12 0.020433025 
248 90 10 14 0.020428294 
631 538 27 33 0.02042497 
982 85 8 10 0.02041212 
848 561 13 16 0.02040364 
286 158 14 18 0.020400787 
71 120 9 10 0.020355724 
525 286 11 13 0.02035016 
335 254 9 11 0.02033469 
47 78 7 9 0.020332294 
321 465 32 44 0.020328688 
695 606 9 12 0.020324688 
497 85 8 11 0.020323921 
558 238 8 10 0.02031047 
1007 261 10 15 0.020296529 
530 87 8 11 0.02024698 
297 65 16 21 0.020245505 
33 508 23 30 0.02023707 
33 123 9 11 0.020230066 
393 109 8 10 0.020214496 
976 493 9 12 0.020213928 
720 252 10 12 0.020187201 
663 214 9 12 0.020178901 
414 190 19 23 0.020174474 
776 373 9 12 0.020151805 
669 189 10 12 0.020146618 
187 61 11 15 0.02014545 
42 48 7 10 0.020136362 
793 86 8 11 0.020107828 
519 221 9 12 0.020100536 
136 240 8 10 0.020085493 
678 76 10 12 0.02008157 
716 133 9 11 0.020081487 
792 279 9 10 0.020071113 
550 159 8 9 0.020062478 
1012 221 11 16 0.020060413 
15 285 7 10 0.020058522 
546 183 9 13 0.02004628 
184 205 7 10 0.02003384 
899 54 10 12 0.020015437 
847 95 8 10 0.020005222 
955 612 12 16 0.02000447 
1013 214 10 14 0.020003978 
