2_Demonstration_Political_Rally_2_491
54
630 374 29 41 0.9919137 
648 500 35 50 0.98405993 
541 500 33 48 0.96931577 
968 535 17 23 0.9377891 
747 538 19 25 0.91793746 
864 527 20 24 0.89130044 
789 526 20 25 0.8893599 
564 386 26 35 0.88544476 
583 492 52 79 0.86623156 
908 540 19 22 0.84353846 
388 462 19 26 0.755216 
251 626 13 16 0.19515634 
221 584 18 22 0.18997848 
327 595 30 49 0.13154358 
447 612 56 53 0.12754445 
798 530 16 19 0.08259762 
273 616 10 13 0.08002558 
176 625 34 49 0.0765875 
634 372 20 25 0.07346196 
38 559 52 55 0.06363497 
112 570 64 75 0.04194603 
80 577 40 36 0.04137526 
286 638 21 35 0.040280595 
670 210 15 18 0.03369369 
187 604 44 62 0.033186827 
115 630 48 64 0.032963917 
909 576 24 27 0.031484686 
557 493 43 63 0.031044846 
2 532 96 120 0.030866878 
376 577 31 42 0.029461063 
336 644 10 15 0.029366862 
247 613 9 11 0.029158719 
572 336 14 16 0.028946096 
811 491 14 17 0.028937614 
796 171 12 15 0.027942311 
147 633 48 55 0.02697779 
43 563 30 36 0.026930256 
402 466 13 18 0.026657203 
27 578 95 113 0.026340833 
227 601 13 16 0.025528245 
396 525 27 32 0.025127396 
712 215 10 13 0.024783036 
216 590 24 33 0.022593452 
389 524 47 68 0.022314679 
199 660 29 33 0.021990646 
988 571 16 21 0.021802476 
89 570 62 58 0.021577809 
184 649 31 41 0.021403855 
981 575 17 22 0.02097029 
37 631 32 31 0.020821443 
967 181 13 14 0.020446738 
63 3 29 31 0.020327197 
51 565 16 20 0.0202681 
335 609 37 50 0.02020239 
