2_Demonstration_Protesters_2_174
22
656 61 122 155 0.99956006 
46 367 30 37 0.9900327 
444 272 32 41 0.9766728 
995 198 26 32 0.802384 
508 183 32 51 0.7417007 
270 241 38 40 0.28800058 
538 184 37 50 0.20266461 
20 445 15 19 0.14573018 
589 263 45 72 0.11114156 
514 185 48 64 0.087568864 
489 197 44 63 0.07936195 
363 168 26 34 0.05547741 
4 467 15 25 0.047435742 
26 443 39 52 0.04397256 
445 279 19 25 0.028736448 
54 300 459 467 0.028375601 
984 210 31 42 0.028103538 
24 436 22 27 0.026782764 
7 449 24 36 0.026442306 
34 437 13 16 0.025460528 
452 275 40 49 0.024632964 
991 206 17 22 0.023530342 
