2_Demonstration_Political_Rally_2_451
36
199 90 117 162 0.9997917 
842 119 128 152 0.9996024 
57 236 135 192 0.99945813 
720 121 100 158 0.9992687 
232 436 179 237 0.999116 
558 275 117 168 0.92561835 
832 49 66 78 0.76889414 
804 12 55 71 0.5542418 
559 443 15 18 0.32462716 
543 623 40 43 0.31181866 
783 29 34 50 0.2920399 
864 0 45 40 0.26720518 
589 682 47 52 0.1703614 
835 -1 62 61 0.15435281 
521 461 23 29 0.13499323 
809 34 66 85 0.08683759 
764 95 137 185 0.08531313 
477 435 14 18 0.07512482 
843 16 65 71 0.06151117 
831 75 100 130 0.051033802 
863 14 42 45 0.046546023 
408 467 38 41 0.043070477 
51 655 109 106 0.041785553 
424 471 20 23 0.03997587 
509 425 15 21 0.035411723 
-6 395 78 135 0.03393879 
787 30 59 82 0.033849712 
823 1 41 47 0.032699563 
689 157 90 121 0.028951304 
633 580 47 65 0.02598965 
91 683 77 64 0.024898844 
507 444 43 52 0.02443968 
394 468 63 78 0.023590256 
515 470 27 33 0.023381127 
766 62 107 135 0.020492647 
0 429 9 16 0.020067267 
