2_Demonstration_Political_Rally_2_171
69
850 652 57 92 0.9941049 
124 568 17 23 0.9912198 
619 665 53 91 0.9890751 
407 707 47 58 0.9801609 
150 706 31 57 0.957145 
103 628 42 53 0.95174205 
47 711 39 55 0.9266944 
449 655 23 41 0.91419995 
553 659 23 41 0.8898785 
947 621 18 21 0.80324316 
424 665 31 37 0.8000924 
437 660 27 39 0.7963446 
304 649 34 37 0.72200435 
1003 625 20 25 0.70667666 
730 726 51 41 0.63319683 
48 645 32 45 0.26787782 
331 701 36 52 0.18179114 
300 633 35 40 0.1531675 
996 715 15 18 0.14273083 
417 680 30 41 0.11438968 
917 692 46 66 0.082032084 
302 620 34 35 0.080440685 
208 712 49 52 0.074710526 
297 661 32 45 0.07369549 
266 -46 390 487 0.06981798 
695 653 46 73 0.058445416 
677 657 76 116 0.0549784 
418 594 24 36 0.05267151 
185 675 51 61 0.049569722 
377 730 44 42 0.048696622 
965 707 13 18 0.04565134 
187 715 49 52 0.045357578 
160 713 52 55 0.04479747 
266 670 42 66 0.043140315 
246 712 50 55 0.040642843 
145 683 17 21 0.039023917 
204 657 37 34 0.038769305 
150 604 15 21 0.03852218 
631 657 81 108 0.038201455 
449 600 24 34 0.037906293 
288 192 8 10 0.036294714 
421 690 37 51 0.035304792 
346 701 45 56 0.034580573 
306 656 22 24 0.03311424 
322 650 19 23 0.03249824 
973 701 10 16 0.031329628 
768 199 12 14 0.031141408 
702 688 65 74 0.029215114 
57 631 29 45 0.029125666 
984 715 12 17 0.02890095 
316 520 14 18 0.028749678 
54 666 33 39 0.028234793 
892 684 53 73 0.02762525 
753 199 12 15 0.026550986 
989 716 16 20 0.026086545 
48 665 22 28 0.025965182 
190 661 35 38 0.025854846 
185 651 29 34 0.025546115 
824 692 53 75 0.024682872 
784 199 11 13 0.023983559 
613 688 30 52 0.023405008 
668 497 26 36 0.023331134 
346 670 43 52 0.02260268 
121 678 44 63 0.02168783 
535 550 27 34 0.021131124 
411 653 34 42 0.02095158 
203 698 36 54 0.020416806 
970 637 16 19 0.020337567 
955 707 24 32 0.020259267 
