2_Demonstration_Demonstrators_2_672
30
647 190 128 164 0.9994628 
266 166 31 43 0.99176747 
72 176 29 41 0.9894823 
456 170 24 34 0.9804673 
157 254 54 64 0.9622918 
220 165 36 48 0.92603403 
167 165 52 55 0.19499056 
248 165 39 52 0.16781114 
178 173 32 33 0.104116015 
558 291 30 34 0.08981308 
1013 479 11 21 0.07117236 
532 280 34 45 0.055673115 
517 447 9 12 0.040503215 
608 309 50 65 0.037481353 
596 22 103 131 0.033392224 
620 424 223 231 0.0319824 
531 440 206 254 0.030399328 
225 163 22 24 0.030349063 
136 230 55 69 0.03021463 
83 172 17 25 0.030137584 
228 142 23 27 0.023839306 
391 37 36 38 0.023450982 
340 17 114 108 0.022811063 
657 45 30 40 0.022440063 
186 245 55 67 0.02222002 
194 169 58 66 0.021957563 
561 264 33 40 0.021326987 
528 464 9 10 0.020968772 
509 462 10 12 0.020635443 
836 128 14 17 0.020361118 
