2_Demonstration_Protesters_2_508
130
949 175 33 38 0.9972807 
868 140 26 39 0.99329126 
987 146 25 32 0.9895169 
314 180 32 38 0.9879226 
956 111 23 30 0.97940344 
716 167 40 43 0.97597957 
95 175 22 32 0.95093626 
236 181 26 37 0.92116386 
788 139 23 28 0.91004634 
935 151 23 32 0.8991218 
182 203 25 29 0.8652605 
654 155 28 33 0.84999144 
441 203 34 39 0.55831814 
266 179 25 31 0.44472498 
175 88 10 13 0.3619506 
541 162 26 41 0.2848134 
271 72 17 20 0.2358111 
966 115 21 29 0.21720141 
29 185 25 32 0.21098784 
254 179 25 34 0.16008833 
643 152 25 31 0.15943949 
190 177 23 31 0.1512594 
782 146 18 22 0.14809956 
635 151 14 21 0.12741533 
980 122 15 20 0.12325535 
671 157 19 24 0.11976157 
699 180 34 45 0.117825314 
182 216 28 34 0.11143253 
561 235 41 43 0.10952755 
259 197 23 30 0.09686753 
219 249 40 58 0.095469676 
430 191 26 34 0.09052069 
637 159 16 23 0.08398762 
186 187 27 37 0.08398741 
455 201 19 24 0.07990694 
750 366 14 16 0.072776556 
580 161 26 38 0.068250954 
866 123 13 17 0.06535678 
37 170 43 51 0.06345582 
309 132 14 16 0.06328069 
360 168 24 34 0.061229505 
499 199 17 21 0.059849378 
178 192 19 28 0.05587632 
96 148 26 30 0.05302313 
775 136 38 44 0.051067043 
22 163 29 37 0.0487553 
71 169 37 46 0.048426565 
749 212 15 19 0.048189756 
451 196 18 21 0.047402292 
286 178 33 47 0.046895657 
659 132 26 33 0.04584468 
301 181 28 39 0.04535665 
548 180 33 37 0.044961166 
684 156 13 19 0.042899493 
364 180 15 21 0.03939433 
493 204 15 18 0.03718075 
797 175 24 30 0.036908794 
15 192 27 34 0.03674434 
949 411 13 19 0.036484834 
975 395 11 14 0.035345428 
589 145 15 18 0.03450062 
988 98 15 19 0.03423437 
765 175 16 21 0.033358283 
855 140 12 18 0.033273283 
873 229 28 34 0.03300466 
673 145 17 23 0.032915995 
746 214 26 31 0.032585837 
116 228 15 17 0.03197001 
23 186 14 20 0.031711493 
435 110 11 13 0.031614713 
611 191 26 38 0.03144547 
378 156 35 49 0.03128247 
496 184 27 32 0.031230822 
487 205 24 31 0.03092736 
967 147 40 49 0.030756254 
867 130 16 23 0.030345356 
615 189 39 57 0.03020582 
706 202 19 27 0.030002434 
506 193 15 21 0.029329764 
439 120 11 16 0.028949736 
361 226 30 34 0.02833253 
531 169 27 42 0.027778797 
235 34 12 15 0.02774513 
453 202 44 52 0.02772492 
35 160 31 34 0.027423047 
830 294 16 21 0.026866063 
724 190 46 56 0.026302105 
58 170 34 40 0.026278237 
507 189 26 35 0.026077766 
180 178 25 37 0.02590479 
187 232 18 20 0.025830539 
558 189 34 38 0.025737718 
692 176 26 39 0.025704565 
369 84 15 17 0.025671532 
449 214 20 23 0.025448302 
370 175 14 22 0.025392313 
195 172 17 23 0.02456275 
709 193 36 42 0.024409201 
429 190 16 25 0.024129258 
307 133 22 26 0.024066653 
156 354 27 32 0.024004627 
181 157 24 30 0.023565903 
638 144 11 14 0.023373922 
103 184 19 26 0.02318729 
357 146 27 36 0.02292147 
371 168 26 36 0.022625513 
982 128 21 26 0.022416808 
84 177 40 50 0.02228736 
772 163 14 18 0.022138245 
441 203 23 22 0.021976378 
417 254 30 34 0.02187597 
205 62 9 11 0.021718765 
68 157 32 39 0.021623619 
577 543 27 31 0.021589937 
551 161 32 40 0.021344958 
345 152 29 42 0.02122836 
47 157 31 35 0.021211991 
508 159 24 34 0.021197591 
854 137 22 30 0.021011664 
914 142 22 38 0.020948421 
828 165 15 20 0.020820625 
556 248 35 43 0.02073493 
21 180 47 52 0.020651784 
342 196 27 33 0.020577217 
265 204 28 32 0.020516219 
642 148 15 20 0.020486379 
1012 202 11 17 0.020429583 
564 174 33 38 0.020383952 
225 289 34 51 0.020237662 
998 149 18 25 0.020024057 
