2_Demonstration_Demonstration_Or_Protest_2_140
926
952 637 28 34 0.9980246 
331 519 15 19 0.9959559 
764 624 15 20 0.99539244 
843 628 24 33 0.9910409 
493 476 13 17 0.99030465 
202 539 16 21 0.98979175 
806 569 14 20 0.98487246 
742 548 15 19 0.98326683 
382 476 12 15 0.982576 
413 561 17 21 0.97857636 
956 590 15 21 0.9764237 
785 561 15 19 0.9764058 
769 541 16 20 0.97396505 
138 585 18 22 0.97371304 
802 644 17 21 0.97353697 
531 490 15 20 0.97040457 
756 577 15 19 0.96646154 
637 383 13 16 0.96610916 
332 606 20 23 0.9646073 
616 526 18 22 0.9644335 
637 487 14 18 0.9593163 
430 619 18 21 0.9577893 
451 486 13 15 0.956899 
763 597 13 16 0.9561972 
302 606 15 21 0.95290625 
558 501 14 19 0.9522701 
157 544 14 18 0.9496762 
548 475 14 17 0.9454369 
180 616 17 19 0.9406144 
455 397 11 14 0.94053805 
521 574 18 23 0.9397731 
245 607 15 20 0.9294502 
375 630 19 24 0.92719615 
834 543 13 16 0.9257527 
702 462 13 17 0.924871 
779 522 13 16 0.91774833 
860 601 15 17 0.9144189 
547 526 15 19 0.90566176 
559 355 10 12 0.89509535 
511 501 14 19 0.8911134 
564 468 14 16 0.8812976 
512 386 11 15 0.87376153 
624 623 20 26 0.8719578 
365 604 17 20 0.8682264 
413 478 15 18 0.864247 
915 602 16 19 0.8615776 
713 572 12 17 0.860951 
630 470 13 16 0.85511667 
299 517 16 19 0.8534824 
523 527 13 17 0.8526375 
601 380 11 15 0.84913033 
685 504 15 17 0.8468268 
591 458 14 17 0.8442772 
740 395 11 14 0.8365502 
545 397 10 13 0.8292334 
682 477 13 16 0.81410563 
725 476 12 15 0.8009651 
572 537 15 19 0.7879149 
304 557 16 20 0.7854616 
711 389 9 12 0.78094274 
375 509 14 20 0.7550537 
280 526 13 17 0.7544111 
379 573 13 17 0.74809396 
183 651 21 20 0.7439352 
686 415 12 16 0.724927 
412 652 19 21 0.7194406 
623 378 10 13 0.71625865 
231 463 16 20 0.7133295 
644 461 13 16 0.7024108 
823 272 9 12 0.6969078 
903 641 28 28 0.69653505 
575 328 13 17 0.6961719 
721 627 17 21 0.67717624 
611 434 12 15 0.6771123 
527 621 21 27 0.65446335 
854 265 8 10 0.63038343 
249 563 15 21 0.6261671 
721 311 10 13 0.6134897 
453 643 15 20 0.598831 
694 357 11 14 0.5708022 
388 615 15 19 0.5622911 
552 419 10 12 0.5619312 
557 387 11 14 0.5554048 
671 318 11 15 0.5431533 
743 240 8 10 0.53147715 
721 255 8 11 0.5310439 
670 540 15 21 0.53059834 
692 269 10 13 0.50783324 
609 653 20 20 0.50597817 
232 485 13 17 0.5041849 
759 256 9 12 0.5016378 
698 591 15 19 0.47071105 
668 248 9 12 0.46826762 
221 621 15 19 0.45944804 
460 556 14 18 0.4330997 
362 548 15 18 0.41051674 
803 301 10 14 0.41044244 
160 592 15 19 0.40801892 
656 333 10 12 0.39717743 
459 533 13 16 0.39650244 
923 639 23 27 0.38010803 
702 216 6 9 0.37969697 
784 263 10 12 0.36456278 
661 638 22 24 0.36176524 
857 288 10 13 0.36037225 
652 556 14 19 0.35235083 
654 270 8 12 0.3440228 
673 367 12 15 0.34123588 
485 634 16 18 0.33918238 
838 97 11 12 0.3370498 
653 598 16 21 0.3323622 
751 287 9 11 0.3288429 
769 235 8 11 0.32693568 
490 629 17 20 0.31181005 
860 324 12 13 0.3103357 
910 581 16 20 0.30580464 
872 237 7 10 0.3047744 
798 238 8 10 0.28641254 
490 531 17 21 0.27940848 
686 196 8 11 0.27940542 
794 237 7 10 0.2737421 
695 651 15 18 0.26668733 
304 581 12 16 0.26606062 
751 293 8 10 0.25226885 
648 530 14 17 0.23360863 
562 245 11 13 0.22696152 
876 578 13 16 0.22365035 
468 389 13 16 0.22119701 
571 445 12 15 0.21685793 
736 271 8 9 0.21297877 
522 275 11 13 0.21001337 
629 281 11 15 0.20919184 
676 299 10 13 0.20912337 
999 220 8 10 0.20875528 
630 463 12 15 0.20634793 
744 175 8 10 0.20599903 
671 390 10 14 0.20458488 
693 448 10 12 0.20362212 
655 204 10 12 0.20344311 
692 543 16 18 0.20099384 
697 239 8 10 0.19287848 
781 214 9 11 0.18919782 
687 287 9 13 0.18494445 
896 279 10 12 0.18317027 
358 553 16 20 0.18243015 
888 229 7 9 0.17886294 
571 436 11 13 0.1766471 
604 311 10 12 0.17509544 
746 651 18 21 0.1710387 
540 255 10 12 0.17051008 
788 318 10 12 0.16442265 
469 583 11 15 0.16356948 
879 284 8 10 0.16328575 
432 589 13 17 0.16274987 
774 188 8 11 0.16197246 
527 374 10 13 0.16115016 
673 295 11 13 0.15934272 
804 296 10 12 0.15749218 
447 604 14 19 0.15401585 
678 389 12 15 0.1524764 
550 391 12 15 0.15233256 
854 215 8 11 0.15219598 
758 207 7 9 0.15140341 
800 262 9 12 0.14958861 
985 263 7 10 0.14731254 
571 430 12 13 0.14566784 
494 430 9 12 0.14348757 
871 189 10 12 0.14281484 
534 259 10 13 0.14097393 
792 233 8 10 0.13768768 
419 503 16 20 0.13760881 
822 174 7 9 0.13638173 
799 214 7 9 0.1299706 
783 255 9 11 0.12834302 
140 611 12 16 0.12606488 
832 223 8 9 0.12603565 
582 313 10 15 0.12556344 
686 254 8 11 0.12503932 
592 346 10 12 0.12158977 
969 264 7 9 0.12044868 
842 238 8 11 0.11914738 
937 224 8 10 0.118751556 
597 548 16 18 0.11797892 
675 446 13 15 0.11710352 
934 279 8 10 0.11659511 
842 142 9 11 0.11426468 
834 185 7 9 0.1135524 
742 601 14 17 0.11217008 
764 256 9 11 0.11196877 
74 344 10 13 0.11110614 
912 178 9 12 0.11098492 
721 248 8 11 0.110036 
700 237 9 11 0.109258056 
761 174 7 9 0.107179165 
145 648 23 26 0.10597638 
767 174 8 9 0.10518668 
689 452 11 13 0.103277124 
816 199 7 9 0.103274226 
768 168 8 10 0.10223834 
665 453 10 14 0.10171561 
743 212 8 10 0.100570194 
828 277 10 12 0.0999182 
615 280 11 13 0.09917771 
281 414 19 20 0.09831602 
166 513 13 16 0.09723006 
688 274 11 14 0.09719627 
725 253 8 11 0.09655565 
749 300 8 10 0.09561713 
976 248 6 8 0.09534056 
941 225 8 10 0.095172174 
685 349 11 13 0.094132334 
284 594 16 21 0.093496285 
595 565 17 19 0.092623495 
792 190 8 10 0.09259838 
681 383 10 12 0.09167202 
767 216 7 9 0.0913762 
569 287 9 12 0.09110407 
809 625 15 18 0.090415984 
701 483 13 16 0.090179965 
998 642 12 17 0.09016267 
686 522 16 18 0.08934891 
750 175 8 10 0.08909614 
770 149 8 11 0.088466816 
754 207 8 9 0.08675946 
962 232 7 10 0.08661611 
833 247 8 10 0.085638985 
669 450 12 15 0.08535942 
838 613 12 16 0.08485337 
807 611 11 14 0.08475594 
477 524 12 16 0.084538884 
777 214 9 11 0.08302785 
718 240 7 9 0.08277877 
413 537 15 20 0.082545765 
702 232 8 10 0.08232171 
927 311 10 12 0.08216843 
264 428 12 14 0.081288844 
606 406 12 14 0.08100314 
738 238 8 10 0.08077619 
739 206 8 11 0.08038612 
765 655 13 15 0.08002386 
730 232 7 9 0.07871891 
805 278 9 11 0.078243904 
634 476 14 17 0.07765704 
725 249 9 10 0.07759827 
791 197 8 10 0.07635198 
809 159 8 10 0.07581633 
403 535 20 24 0.07539003 
597 245 9 11 0.07526029 
683 387 11 14 0.0750559 
749 310 9 11 0.07463653 
461 545 22 28 0.07434594 
889 272 8 9 0.074046485 
697 167 7 9 0.073800534 
589 386 10 13 0.07376669 
587 521 15 17 0.073679075 
786 175 7 9 0.07359048 
849 216 8 10 0.07344674 
793 184 7 9 0.07331775 
874 284 9 11 0.07311171 
887 277 9 12 0.07287107 
839 217 8 9 0.07231607 
562 351 13 16 0.07194947 
724 341 9 12 0.07189509 
592 326 10 13 0.07137003 
789 311 10 11 0.07123875 
783 287 8 10 0.071068294 
655 213 8 10 0.070895314 
735 231 7 10 0.07083562 
688 356 12 15 0.07060425 
741 200 8 9 0.07058803 
510 575 16 21 0.07049233 
820 319 9 12 0.07032716 
660 541 19 26 0.070309676 
781 209 8 9 0.070147924 
509 412 12 13 0.070036165 
533 299 9 12 0.06998717 
508 261 9 14 0.06969002 
791 173 7 9 0.06964642 
683 593 16 19 0.069487244 
683 343 12 13 0.06945916 
790 548 13 16 0.06930497 
638 214 9 11 0.06922738 
988 641 14 18 0.069113486 
805 317 10 11 0.06895747 
829 578 15 17 0.06755879 
749 241 8 10 0.066841334 
882 605 12 16 0.06646993 
678 306 11 15 0.06641449 
735 276 10 12 0.06634898 
916 91 10 13 0.066171296 
734 265 8 9 0.06493236 
526 256 10 12 0.06464189 
634 183 7 10 0.06434801 
596 279 10 13 0.06425214 
928 318 10 13 0.064143516 
968 216 8 9 0.0639537 
839 245 8 11 0.063927986 
426 500 14 19 0.06366886 
281 544 12 17 0.06348542 
680 144 7 9 0.06301063 
622 278 13 15 0.062909186 
297 641 22 26 0.06246402 
435 114 13 16 0.06218811 
669 276 11 13 0.062049206 
816 206 8 10 0.06182696 
308 456 15 21 0.061044186 
691 293 10 13 0.06102934 
701 647 20 25 0.060771987 
877 189 7 10 0.06015207 
798 190 7 9 0.060145795 
460 388 18 22 0.05989421 
822 169 7 9 0.059879415 
642 207 7 10 0.059858713 
303 649 23 24 0.05982659 
744 181 9 11 0.059695713 
626 375 12 15 0.059547044 
822 214 8 10 0.059378866 
840 296 8 10 0.05923432 
520 627 12 17 0.059161212 
571 505 13 16 0.059017766 
751 535 13 14 0.05872075 
910 606 16 20 0.058564235 
648 207 8 11 0.058536936 
593 212 10 15 0.058495138 
180 475 10 13 0.058448147 
356 616 14 20 0.057910513 
954 215 6 9 0.057279706 
838 221 8 10 0.05652804 
785 240 8 9 0.05627799 
213 577 13 15 0.05566083 
663 647 23 25 0.055553775 
894 573 12 15 0.055283718 
397 546 15 19 0.05495883 
832 190 7 9 0.05494541 
687 238 8 11 0.054647196 
748 501 10 13 0.054416656 
825 245 8 11 0.0542857 
709 271 9 11 0.05390105 
782 246 9 10 0.053844653 
239 571 13 17 0.053715833 
838 183 7 8 0.053651974 
555 475 13 17 0.053635195 
624 384 10 14 0.05356475 
447 581 12 16 0.05345285 
896 216 8 9 0.05174072 
1001 247 7 9 0.051632013 
622 223 9 13 0.05115174 
762 574 13 16 0.051055286 
718 621 13 17 0.050947193 
623 612 14 16 0.05069824 
974 215 7 9 0.05017887 
934 292 11 14 0.050147798 
381 623 19 24 0.05014408 
359 608 15 20 0.049792036 
204 588 12 16 0.049677975 
929 292 9 13 0.04961189 
806 215 7 10 0.04945764 
704 199 7 8 0.049140513 
582 460 13 15 0.04909042 
799 145 7 8 0.04906663 
720 293 10 12 0.048777405 
850 221 8 10 0.048739877 
518 351 13 14 0.04859869 
916 177 9 11 0.04851984 
814 294 11 13 0.048490763 
632 381 12 15 0.048109412 
702 220 8 11 0.047878157 
793 216 7 9 0.047853094 
817 192 7 9 0.047786925 
282 611 16 20 0.047511294 
862 280 9 11 0.047415953 
299 444 25 32 0.047308777 
520 373 10 13 0.047181126 
682 254 8 10 0.04707586 
974 549 10 13 0.047022205 
378 600 16 20 0.04693803 
791 543 11 14 0.046700664 
773 233 8 10 0.04638353 
788 577 13 15 0.04619355 
776 247 9 10 0.04592948 
742 643 17 21 0.04590599 
682 239 8 11 0.045696132 
798 232 8 10 0.04568246 
750 181 8 10 0.04556296 
711 284 9 11 0.045418136 
475 581 11 15 0.04511417 
737 183 8 10 0.04506307 
937 200 7 9 0.04483375 
544 431 11 14 0.0448274 
680 208 7 9 0.04475109 
799 209 7 8 0.044579595 
754 256 9 11 0.04432371 
761 214 7 9 0.044193212 
629 456 12 14 0.0441323 
688 263 11 14 0.043988626 
685 527 21 24 0.04398138 
928 240 8 9 0.043968916 
688 231 8 9 0.043930586 
179 145 13 17 0.04387719 
463 527 20 25 0.043868642 
915 574 14 17 0.043764357 
636 219 10 13 0.043691725 
370 462 13 17 0.043615237 
862 177 7 9 0.043607283 
778 208 8 9 0.04359694 
487 585 15 18 0.043584663 
743 223 6 9 0.04355046 
798 184 8 10 0.043250497 
782 220 9 11 0.043212388 
801 319 8 11 0.043031834 
824 239 8 10 0.043002352 
800 243 8 11 0.0429636 
697 208 7 10 0.04289695 
114 609 18 22 0.042842604 
769 190 9 10 0.04281295 
545 358 10 12 0.04243119 
821 295 10 12 0.042259358 
718 183 7 10 0.04216475 
738 224 6 8 0.042135138 
679 500 14 19 0.041709334 
684 310 10 12 0.04168866 
725 294 9 10 0.041593004 
285 653 14 18 0.04154101 
752 224 7 9 0.0411508 
714 247 8 10 0.040913325 
725 391 10 11 0.04078299 
820 270 9 11 0.040707603 
680 214 7 10 0.0405628 
768 295 8 10 0.0405034 
715 633 22 29 0.040414024 
634 277 13 15 0.040380202 
805 285 10 12 0.04026851 
678 472 13 17 0.040178575 
777 253 8 11 0.040000033 
669 285 11 13 0.039947297 
728 271 8 10 0.039921988 
582 444 12 15 0.039778765 
205 579 14 18 0.03976057 
177 625 25 31 0.039668564 
268 422 11 13 0.039608702 
646 544 21 27 0.039357137 
146 611 16 20 0.03919827 
761 223 7 10 0.038977016 
688 537 15 19 0.03894151 
752 280 8 11 0.038924783 
773 534 13 17 0.03889696 
865 191 9 11 0.038819946 
759 296 8 9 0.03881771 
747 296 8 10 0.038781393 
634 188 9 12 0.03868568 
204 639 15 19 0.03868526 
676 585 18 22 0.038669597 
711 303 10 12 0.038653966 
695 172 10 12 0.03863646 
797 109 10 12 0.038602106 
662 269 11 14 0.03850019 
517 364 11 13 0.038493514 
515 495 13 17 0.03840676 
611 421 13 15 0.038321007 
793 169 7 9 0.03826399 
933 285 11 14 0.038240887 
773 237 8 11 0.0381625 
646 253 9 11 0.038128592 
371 502 17 21 0.038108625 
709 278 10 13 0.038104016 
232 494 14 17 0.03808022 
678 277 9 12 0.03807077 
617 632 23 28 0.03803729 
686 215 7 9 0.03800961 
896 241 8 10 0.03797324 
208 572 13 15 0.03790336 
513 363 10 13 0.037855316 
697 160 8 9 0.0376896 
827 270 9 13 0.037653275 
735 283 10 12 0.037561838 
749 316 9 12 0.037508298 
832 283 10 13 0.037393708 
202 650 16 18 0.03704526 
633 216 8 9 0.036889747 
866 652 17 19 0.0366485 
91 126 15 23 0.036637407 
858 320 10 13 0.03660295 
817 167 8 9 0.03639881 
682 393 14 16 0.036378488 
889 191 6 9 0.036163438 
469 537 23 27 0.036128998 
760 248 9 11 0.036128126 
800 285 9 12 0.036041245 
855 231 7 9 0.035930306 
784 183 7 9 0.03589914 
817 145 7 8 0.03586301 
834 100 9 12 0.035823863 
594 571 24 27 0.035755254 
559 240 19 25 0.035716295 
880 215 7 9 0.035548024 
885 283 9 12 0.035387628 
738 213 8 10 0.035343654 
728 262 8 10 0.035303146 
760 200 8 10 0.035281718 
832 252 9 11 0.035173398 
248 612 17 22 0.035117086 
934 272 9 10 0.03507863 
712 650 17 20 0.034992237 
791 278 8 11 0.034807634 
607 248 10 12 0.03473541 
339 491 12 15 0.034734737 
824 231 8 10 0.034659427 
816 151 8 10 0.03455472 
687 363 9 12 0.034538053 
519 269 18 23 0.034380164 
902 601 13 18 0.034341544 
511 562 14 18 0.034218933 
789 268 8 10 0.034188505 
455 571 11 16 0.034170005 
928 231 7 9 0.034163192 
828 482 15 19 0.034154024 
610 412 12 14 0.03398222 
976 269 7 9 0.033973634 
881 206 8 10 0.03392778 
420 530 12 15 0.03387642 
761 300 8 10 0.033790126 
629 246 8 10 0.033641938 
583 230 8 10 0.03361716 
927 199 6 9 0.03348589 
882 223 7 9 0.03321283 
691 560 16 19 0.033163037 
760 169 7 10 0.03313657 
844 622 17 22 0.0331068 
680 222 7 9 0.03304809 
718 394 10 12 0.032993857 
816 312 8 10 0.03297198 
761 192 8 9 0.0329405 
977 143 7 9 0.032904625 
725 336 8 11 0.032902654 
622 505 14 17 0.032897566 
552 357 9 12 0.0328912 
333 629 16 21 0.032823402 
989 263 8 9 0.032813784 
554 383 11 14 0.032779686 
912 651 20 22 0.03275543 
817 185 7 8 0.03274454 
677 269 10 13 0.032669842 
366 499 15 19 0.032586623 
87 605 11 16 0.032581445 
983 643 13 17 0.03255975 
292 641 16 22 0.03250815 
853 642 24 26 0.03233027 
1001 253 7 10 0.03222371 
215 624 13 18 0.03220251 
745 317 9 12 0.03218506 
596 651 24 25 0.031995818 
680 263 9 12 0.0319117 
897 199 8 10 0.031893134 
913 215 8 10 0.0318697 
847 280 10 11 0.031786546 
822 266 17 23 0.03173323 
854 141 7 10 0.031710986 
793 223 8 9 0.031708162 
766 245 10 11 0.03167282 
770 183 9 10 0.031663973 
514 565 21 27 0.03165219 
593 284 11 14 0.03161611 
456 533 21 24 0.031556353 
750 496 9 11 0.03153063 
898 206 7 9 0.031497438 
671 328 11 13 0.031435728 
651 516 15 18 0.031115478 
685 459 13 14 0.031104432 
975 264 7 10 0.031075645 
280 426 12 14 0.031044735 
757 250 18 23 0.030980675 
588 529 15 20 0.030967284 
670 499 13 18 0.030956827 
449 109 9 13 0.030934565 
792 152 7 9 0.030918898 
385 571 14 18 0.030779254 
966 236 8 9 0.03077869 
665 586 24 30 0.030739432 
752 326 10 12 0.030712174 
718 231 7 9 0.030568229 
684 316 10 13 0.030564992 
784 324 10 12 0.030560814 
624 277 20 24 0.030536028 
805 261 8 11 0.030498208 
840 191 8 10 0.03048439 
398 577 15 20 0.03047168 
912 231 6 8 0.030451959 
674 213 7 10 0.030392285 
709 384 18 23 0.030346131 
798 509 11 11 0.030221477 
866 232 7 9 0.029998314 
625 213 7 10 0.029964253 
693 396 10 12 0.029939378 
470 492 11 15 0.02991679 
776 302 7 10 0.029911282 
967 554 14 16 0.029904896 
817 213 9 11 0.029900063 
824 192 7 8 0.029890344 
282 518 16 20 0.029842207 
846 244 8 10 0.029744264 
822 208 8 10 0.029697323 
685 602 13 16 0.029691603 
192 633 23 30 0.029569719 
847 137 9 11 0.029551923 
671 241 8 11 0.02953698 
849 284 9 12 0.029483214 
725 394 12 15 0.02933723 
838 317 8 11 0.029136019 
807 222 8 9 0.029108232 
917 214 9 11 0.029089622 
836 606 13 16 0.029074699 
685 512 16 19 0.029041119 
767 566 11 14 0.028957235 
681 246 9 11 0.02888978 
567 406 11 13 0.028774124 
549 427 11 14 0.028755993 
381 584 14 18 0.028740749 
909 595 18 22 0.028739735 
752 332 10 12 0.02866463 
971 642 24 28 0.02864086 
666 389 11 14 0.028552309 
741 271 8 10 0.028499952 
719 223 6 9 0.02846466 
548 415 19 22 0.028376851 
830 602 14 16 0.028291708 
969 248 7 8 0.02826847 
752 271 7 9 0.028246745 
767 301 7 10 0.028165959 
856 209 8 10 0.028151607 
792 158 8 9 0.028131181 
831 159 7 9 0.028093854 
727 276 8 11 0.027977524 
718 306 17 23 0.027906666 
864 182 7 10 0.02788772 
452 619 11 14 0.027865715 
688 264 17 22 0.027822604 
635 459 18 22 0.027815972 
192 648 24 26 0.027714541 
840 233 9 9 0.027662491 
830 230 8 10 0.02766217 
841 137 8 10 0.027590912 
734 652 17 20 0.027533028 
220 578 13 15 0.027521847 
878 240 7 9 0.027473912 
792 245 8 10 0.027460715 
492 611 14 17 0.027425228 
789 254 9 11 0.02741857 
583 364 10 11 0.027384564 
335 484 11 15 0.027377078 
478 492 12 15 0.0273587 
927 192 7 9 0.027356775 
776 544 15 19 0.02735269 
903 610 15 18 0.027287997 
774 168 7 9 0.027234137 
715 254 8 11 0.02722412 
712 189 8 11 0.027191455 
664 243 18 22 0.027081437 
574 461 12 16 0.027072543 
833 217 8 9 0.026985802 
936 205 7 9 0.026981033 
645 572 83 100 0.026907666 
687 223 7 10 0.026900394 
782 304 7 9 0.026888946 
693 299 10 13 0.026869897 
589 309 11 14 0.026861675 
900 283 8 11 0.026858702 
925 570 14 16 0.02684914 
832 294 9 11 0.026846072 
716 384 11 13 0.026803566 
703 276 10 14 0.026782019 
722 470 12 16 0.026774276 
822 150 7 10 0.026742598 
619 380 9 13 0.026706275 
895 191 7 9 0.026601626 
777 328 9 11 0.026577586 
581 438 12 14 0.02654512 
916 501 9 12 0.02647623 
983 268 8 9 0.02645642 
774 294 8 10 0.026454939 
581 454 12 15 0.026388098 
766 270 9 11 0.026348466 
586 383 10 13 0.026278175 
821 311 10 12 0.026262878 
810 199 7 9 0.026179548 
886 199 8 10 0.026159432 
835 612 20 25 0.026083823 
678 357 13 16 0.026064243 
691 285 11 15 0.026016701 
352 604 11 16 0.026002351 
470 525 15 18 0.025936855 
729 168 7 10 0.025915584 
1004 586 16 17 0.025906228 
647 306 13 17 0.02589213 
800 257 9 10 0.025879145 
805 240 9 10 0.025870537 
857 320 18 23 0.025864344 
772 658 12 13 0.02584445 
607 283 12 15 0.025825668 
768 288 9 10 0.02580331 
558 293 11 14 0.025752373 
449 104 9 11 0.025679082 
740 609 15 18 0.025649128 
655 220 8 11 0.02561808 
769 144 7 10 0.025608215 
721 346 10 13 0.025603455 
832 317 9 12 0.02559339 
686 247 8 11 0.025536552 
816 223 8 9 0.025503647 
694 325 12 15 0.025429009 
960 215 7 10 0.025373664 
513 357 11 13 0.025357293 
277 653 13 17 0.025339171 
960 236 9 11 0.025325172 
929 223 7 9 0.025295112 
777 220 9 11 0.02526266 
782 258 18 23 0.02525193 
315 643 17 20 0.025250996 
760 134 10 13 0.025163298 
705 395 9 12 0.025158849 
694 141 7 9 0.025134884 
472 526 22 26 0.025104921 
808 164 8 10 0.025087278 
758 584 20 24 0.025070366 
571 303 21 29 0.024962481 
747 540 15 18 0.024928845 
703 284 9 13 0.02484703 
823 183 7 9 0.02482908 
405 552 19 24 0.024733 
784 311 8 11 0.024685023 
773 564 13 16 0.024655398 
575 398 9 11 0.024655053 
1006 254 8 9 0.024654161 
720 287 8 10 0.024653278 
625 238 10 11 0.024612505 
929 651 17 20 0.024606064 
584 358 10 11 0.024596712 
840 176 7 9 0.024503177 
219 629 17 21 0.024501698 
855 152 7 9 0.02442819 
895 222 7 10 0.024426902 
990 199 8 9 0.024412435 
588 315 11 15 0.02438745 
229 581 11 15 0.024379157 
984 136 7 8 0.024368184 
799 610 12 17 0.024296742 
368 512 15 19 0.024283156 
914 583 23 27 0.024210224 
520 517 20 24 0.024198022 
669 291 18 22 0.024174258 
387 471 11 15 0.024081301 
400 389 15 17 0.024078585 
213 592 14 19 0.024077205 
757 539 13 16 0.024047704 
640 197 7 11 0.024046429 
759 278 8 10 0.024035668 
685 406 14 18 0.024024118 
569 525 21 27 0.024012271 
558 257 14 16 0.024004394 
999 239 8 11 0.024000036 
952 158 7 9 0.023979962 
595 588 22 27 0.0239436 
436 599 15 20 0.023894494 
815 287 10 12 0.023851996 
793 563 14 18 0.023834039 
714 184 7 10 0.023812495 
382 602 20 26 0.023810092 
838 325 8 11 0.023807662 
352 562 14 18 0.023804497 
984 166 7 9 0.023794498 
485 525 13 17 0.0237535 
967 220 8 11 0.02374773 
872 244 8 10 0.023714485 
524 367 11 14 0.023711374 
976 209 6 9 0.023686914 
702 269 10 13 0.023682972 
656 183 8 11 0.023667062 
952 208 7 9 0.023649856 
753 201 7 9 0.023641964 
579 621 16 21 0.0236145 
840 197 8 10 0.023601292 
871 215 7 9 0.023581842 
324 585 13 17 0.023544874 
985 257 7 9 0.023538506 
701 157 9 11 0.023528123 
622 585 20 28 0.023505114 
940 293 10 13 0.02349784 
712 293 9 12 0.023437466 
741 232 8 10 0.023413517 
300 459 17 21 0.023356915 
704 152 9 10 0.023329632 
696 232 8 10 0.023328992 
473 554 14 17 0.02325228 
661 341 10 11 0.023189837 
858 177 7 8 0.02315437 
590 654 16 18 0.023144806 
609 577 14 20 0.023142235 
892 271 10 11 0.02297161 
858 191 7 10 0.022965714 
992 149 8 11 0.022905415 
500 436 13 16 0.022893861 
829 593 15 17 0.022884129 
970 167 6 8 0.022879444 
713 308 11 13 0.022874115 
600 403 11 15 0.022818973 
634 622 14 20 0.022746295 
750 214 8 9 0.02270145 
508 253 9 13 0.022670763 
308 439 15 18 0.02263355 
690 352 18 22 0.022562228 
599 314 12 14 0.02248435 
436 582 12 16 0.022473179 
744 159 8 10 0.022446798 
799 222 8 10 0.02240559 
943 199 7 10 0.0223826 
910 539 11 12 0.022382516 
334 478 11 14 0.022330265 
888 239 8 10 0.022313377 
690 609 17 20 0.022304881 
719 305 10 13 0.022296557 
854 606 17 20 0.022278279 
684 323 12 15 0.02223979 
694 136 7 10 0.022215014 
980 543 9 11 0.02219541 
654 583 24 32 0.022163168 
728 215 7 10 0.02213711 
285 644 14 17 0.022096785 
621 610 22 26 0.022092378 
985 119 7 10 0.022089265 
867 238 8 10 0.02208234 
707 476 12 16 0.02207904 
806 270 7 10 0.022070067 
136 565 11 15 0.022040177 
760 269 9 11 0.022034677 
729 236 8 10 0.021987215 
799 325 9 10 0.021987215 
286 500 12 15 0.021942666 
87 600 20 28 0.021898275 
660 593 52 57 0.021887133 
676 534 12 17 0.021843893 
569 471 15 18 0.021803344 
593 341 12 14 0.021746716 
210 628 20 25 0.02174453 
648 412 11 14 0.021735353 
489 422 11 14 0.021700231 
936 193 8 9 0.021668803 
864 214 7 9 0.021666862 
656 247 9 11 0.021644192 
617 223 10 13 0.02152934 
932 633 24 31 0.021526404 
864 209 7 9 0.02148178 
872 573 14 17 0.021473797 
693 598 17 22 0.021401098 
139 643 19 24 0.021364937 
885 572 14 16 0.021338822 
652 589 14 19 0.021338614 
546 434 13 15 0.021284401 
664 325 10 14 0.021280665 
617 576 20 29 0.021279916 
741 385 11 13 0.021279782 
962 224 7 8 0.021266486 
443 594 16 21 0.02125174 
647 248 9 10 0.021237973 
713 231 7 9 0.021201862 
766 199 8 10 0.021172203 
579 428 12 15 0.021165838 
728 173 8 10 0.021145679 
800 291 18 23 0.021143036 
846 193 8 10 0.021129135 
769 158 8 9 0.021105025 
632 301 10 14 0.021007515 
668 458 13 15 0.020997943 
814 560 11 14 0.02098546 
920 597 16 20 0.020932447 
824 223 8 10 0.02089802 
622 271 11 13 0.020893285 
992 256 7 10 0.02086036 
710 617 15 20 0.020842422 
599 506 13 16 0.020832242 
219 592 15 19 0.020824317 
766 535 14 18 0.020804238 
902 240 8 10 0.020768413 
905 324 9 11 0.020751178 
766 221 8 10 0.020697286 
742 507 12 16 0.0206833 
176 635 40 40 0.02067756 
712 137 8 9 0.020668969 
937 382 38 50 0.020658942 
761 238 8 10 0.020618558 
976 149 7 10 0.020609625 
563 496 13 16 0.020600896 
752 230 7 10 0.020591576 
573 279 23 26 0.020589186 
372 517 15 20 0.020582639 
568 299 12 16 0.020576604 
508 417 13 17 0.020552358 
109 604 16 20 0.020533523 
900 626 26 32 0.020523872 
521 259 12 15 0.020500502 
612 247 10 12 0.020494 
630 271 11 13 0.020475075 
499 427 13 16 0.02047391 
928 206 7 9 0.020470658 
164 478 10 12 0.02047028 
832 198 8 10 0.020426687 
822 282 11 14 0.020410612 
975 254 7 9 0.020401124 
740 513 13 15 0.020390293 
414 485 22 24 0.02035421 
928 244 8 10 0.020340124 
491 620 15 18 0.020280255 
269 654 15 19 0.020270754 
108 615 18 20 0.020229975 
374 565 15 19 0.020214343 
392 85 8 11 0.020201545 
673 208 7 9 0.020200886 
300 635 16 19 0.020189691 
584 223 10 13 0.02017304 
609 569 15 19 0.020160979 
740 233 18 23 0.020159928 
598 249 12 16 0.02014725 
833 143 7 10 0.020146081 
726 349 9 11 0.020105684 
884 599 13 16 0.020101633 
96 605 24 28 0.020097438 
975 166 7 9 0.020068424 
35 659 14 14 0.020060977 
