2_Demonstration_Demonstration_Or_Protest_2_76
32
160 316 116 148 0.99978596 
20 362 115 139 0.9997836 
571 236 103 141 0.9985468 
702 215 107 148 0.99715364 
330 387 77 107 0.9264996 
548 353 26 35 0.37466496 
616 213 115 167 0.30157903 
521 198 61 76 0.27406597 
582 161 30 38 0.19632088 
532 332 50 76 0.155519 
530 268 104 137 0.108640745 
593 149 17 19 0.086638264 
544 212 92 125 0.07129535 
536 219 61 88 0.063328765 
0 207 46 76 0.06232105 
302 442 36 48 0.06009934 
427 87 17 20 0.059558954 
446 341 40 63 0.039535917 
228 177 16 19 0.037918437 
495 281 93 126 0.03413552 
2 235 31 45 0.030398753 
147 81 55 68 0.029147504 
426 155 18 21 0.02800214 
562 363 34 50 0.027879244 
276 198 15 19 0.027081829 
572 167 32 48 0.026636811 
122 61 58 76 0.024786655 
129 57 34 48 0.024561387 
-8 159 68 129 0.023635078 
277 188 14 19 0.020938091 
286 541 35 30 0.020686107 
48 120 102 149 0.020424852 
