2_Demonstration_Demonstration_Or_Protest_2_895
448
673 333 32 41 0.9990446 
486 347 56 71 0.99867404 
627 338 32 40 0.9867822 
276 306 22 31 0.98322314 
803 304 24 28 0.966413 
138 272 15 18 0.95782334 
23 285 18 25 0.95262694 
67 283 17 22 0.93713224 
374 318 19 28 0.92553115 
198 272 13 18 0.8650262 
610 281 13 16 0.80717605 
992 323 23 28 0.79073226 
414 279 14 17 0.78572387 
926 310 11 14 0.7807111 
215 379 33 34 0.75732964 
967 305 15 19 0.74882776 
383 275 13 15 0.67187274 
341 280 11 14 0.6695766 
115 285 15 19 0.63404065 
426 311 15 23 0.6210424 
522 293 12 16 0.6179447 
53 270 13 16 0.6036707 
616 331 25 37 0.5737658 
299 310 15 22 0.49913332 
0 284 10 15 0.43909323 
729 279 9 12 0.41612875 
549 303 15 19 0.41140938 
48 298 21 27 0.38184655 
725 418 61 68 0.34584236 
297 292 15 18 0.32765135 
206 307 23 28 0.31787494 
749 299 15 19 0.31195143 
532 277 10 13 0.3011937 
369 268 9 11 0.27600375 
459 304 24 30 0.2590741 
259 291 13 17 0.2550408 
785 425 33 55 0.24330974 
303 331 14 18 0.23987952 
256 268 10 12 0.23058096 
44 418 95 99 0.22841796 
926 286 10 12 0.22401139 
836 294 10 12 0.22243746 
603 504 29 43 0.21365513 
328 292 13 15 0.2092526 
756 301 13 16 0.20843259 
870 325 12 15 0.19891353 
133 315 26 28 0.19306636 
466 302 14 17 0.19104323 
558 263 8 10 0.19071557 
194 256 9 10 0.17876463 
703 320 15 20 0.17765985 
155 283 11 15 0.17417064 
455 287 10 13 0.17339353 
675 274 13 15 0.1643429 
709 283 10 13 0.16209953 
211 299 14 18 0.16165835 
551 250 7 9 0.15793693 
338 314 14 18 0.15719822 
834 335 24 26 0.15389206 
364 366 20 27 0.14802738 
229 316 20 27 0.14748424 
302 274 12 14 0.1448116 
885 269 11 12 0.14048372 
290 308 18 26 0.13664798 
175 279 11 15 0.12535308 
452 305 14 19 0.12242376 
867 329 17 23 0.12138485 
564 284 14 16 0.12134099 
213 283 14 18 0.119185716 
472 260 10 11 0.118490405 
121 286 16 20 0.11823521 
299 285 14 17 0.11820112 
361 377 16 23 0.11811666 
526 254 8 11 0.11772489 
829 255 8 10 0.11771371 
749 296 11 14 0.11629445 
855 291 9 11 0.11482324 
667 261 10 11 0.11348265 
862 256 9 12 0.11303226 
437 333 22 28 0.11299373 
567 281 9 11 0.112147756 
336 284 13 16 0.10845355 
613 334 16 26 0.10679094 
788 356 12 16 0.10662478 
814 256 7 9 0.10624511 
535 292 11 14 0.10594896 
521 242 8 9 0.10540099 
462 312 14 18 0.102027744 
816 310 17 20 0.10189129 
66 309 14 19 0.10047254 
689 300 14 18 0.10016961 
803 333 24 33 0.09855006 
925 303 11 15 0.09837361 
338 335 24 30 0.09810168 
764 301 10 13 0.09795285 
579 351 29 35 0.09472284 
614 262 10 12 0.094275266 
574 265 10 11 0.09340352 
327 288 11 13 0.09079543 
881 268 9 12 0.09047763 
306 337 15 18 0.090009145 
489 260 10 12 0.089602284 
976 271 7 10 0.08744018 
566 357 39 51 0.08706158 
665 256 10 11 0.08521989 
275 291 15 18 0.08416678 
778 262 7 9 0.08224039 
211 290 15 19 0.080549374 
535 248 7 9 0.07921644 
147 276 14 17 0.07885654 
293 295 20 27 0.07780817 
407 265 11 14 0.07714083 
136 357 38 46 0.07691275 
603 337 39 50 0.07648717 
612 -4 435 524 0.075678006 
921 292 11 13 0.07508232 
591 263 7 10 0.07341326 
178 279 14 19 0.0730507 
175 297 12 17 0.07299388 
403 418 52 68 0.07253518 
192 260 12 15 0.07191435 
668 298 11 14 0.07173634 
1014 302 10 15 0.07158531 
295 274 12 14 0.07049892 
857 260 10 11 0.06965556 
535 283 12 15 0.069246106 
294 270 10 13 0.06772124 
368 292 14 18 0.06761653 
395 301 14 15 0.06744114 
409 282 11 15 0.06582313 
232 90 24 32 0.06581201 
943 296 11 12 0.06575829 
302 254 9 12 0.06514548 
942 270 8 10 0.06502535 
830 299 14 18 0.06364514 
788 344 24 30 0.06315811 
864 364 55 50 0.06272453 
477 285 12 15 0.0625686 
336 320 22 28 0.06255112 
469 292 14 17 0.06251721 
451 344 16 21 0.06230434 
410 450 66 80 0.062013414 
215 310 23 30 0.061876055 
630 292 14 16 0.06159705 
476 308 12 14 0.06137397 
204 389 49 50 0.061277248 
269 291 14 17 0.061152287 
793 255 7 9 0.06081325 
785 361 11 16 0.060465503 
696 424 58 67 0.060033023 
783 353 21 28 0.058912005 
797 353 13 16 0.058835294 
47 294 16 20 0.058672342 
274 297 20 27 0.058379695 
310 300 11 16 0.05787811 
412 330 12 18 0.057471585 
861 287 10 12 0.057416923 
863 330 28 35 0.057392754 
826 364 34 42 0.057078943 
219 308 14 18 0.05625877 
467 321 13 18 0.055817436 
686 270 11 13 0.05577438 
148 345 31 45 0.055491865 
155 267 12 15 0.05539733 
897 312 9 11 0.054784443 
577 351 16 25 0.05460041 
421 348 12 18 0.054375138 
372 268 11 12 0.05418945 
27 400 50 73 0.054096352 
29 416 22 35 0.053736567 
631 247 8 10 0.05341649 
553 271 9 12 0.0532393 
404 337 17 23 0.0530741 
831 347 29 31 0.052809596 
903 315 10 11 0.05261554 
126 434 56 79 0.052559145 
308 270 10 12 0.052278228 
309 277 10 13 0.052254155 
439 265 13 16 0.05182245 
485 308 9 12 0.051598974 
558 290 14 16 0.051420968 
598 290 11 14 0.05084157 
801 297 42 49 0.050600544 
525 286 12 16 0.050258134 
550 275 10 13 0.050147403 
137 309 18 21 0.050104722 
47 271 15 20 0.05001268 
874 268 9 11 0.049709495 
766 278 10 11 0.049696468 
535 253 8 10 0.049487818 
711 256 9 12 0.049386453 
844 334 24 29 0.04914006 
557 269 8 11 0.047775075 
169 277 12 16 0.04776073 
319 284 10 13 0.04731644 
527 247 7 9 0.046929453 
709 312 11 14 0.04648682 
120 259 10 14 0.046420086 
532 298 13 16 0.046022087 
428 347 12 18 0.04597899 
220 300 13 17 0.045314647 
810 256 8 10 0.045097556 
412 344 15 22 0.044998646 
980 319 39 54 0.044865556 
946 323 14 16 0.044405404 
205 281 15 18 0.044401757 
669 280 17 19 0.04436991 
559 278 9 11 0.044303518 
462 314 25 34 0.044286355 
471 287 12 15 0.0439111 
799 278 9 10 0.043611914 
545 255 8 9 0.043321546 
566 380 13 19 0.04312644 
614 257 8 10 0.042829096 
1 288 14 18 0.042732183 
777 254 9 11 0.042539228 
590 267 9 12 0.0424585 
441 224 10 12 0.042381577 
415 287 14 18 0.041910663 
631 458 14 22 0.041857313 
1 256 9 12 0.04168262 
636 288 10 13 0.04135955 
635 301 11 13 0.041298684 
836 371 49 57 0.040839702 
803 350 16 20 0.04079387 
873 285 9 11 0.04077432 
242 346 25 33 0.040529463 
724 341 40 48 0.039829828 
805 316 26 36 0.039785616 
316 301 12 15 0.03960734 
206 371 25 36 0.039391324 
619 267 11 13 0.03928235 
638 269 10 13 0.039170455 
140 323 30 35 0.03916588 
258 354 13 19 0.03894725 
370 359 21 29 0.0388373 
294 265 9 11 0.038803104 
598 246 7 9 0.038641296 
686 251 11 13 0.03859433 
564 377 25 38 0.038559493 
848 285 10 13 0.038484324 
669 269 16 18 0.03839657 
414 252 9 11 0.03833127 
477 256 10 13 0.038275816 
610 261 9 11 0.038237274 
834 361 19 25 0.038137265 
444 226 11 14 0.037878644 
48 255 11 14 0.03784275 
535 308 11 14 0.037716392 
76 299 20 27 0.03765216 
951 268 9 12 0.03744403 
368 323 16 22 0.03723785 
699 323 22 29 0.037211273 
838 240 9 10 0.037201595 
56 270 17 21 0.036888275 
136 255 9 10 0.036825743 
862 335 15 20 0.03682145 
930 313 13 17 0.036787 
846 281 9 11 0.036745872 
969 270 9 11 0.03672654 
196 96 25 34 0.036543645 
126 275 14 18 0.036343403 
461 293 13 17 0.036052145 
113 282 10 12 0.036028672 
765 362 16 19 0.035917465 
200 399 31 35 0.03557877 
738 351 41 49 0.03528235 
572 277 11 12 0.035238244 
608 257 8 10 0.03520601 
982 270 8 10 0.03506879 
975 293 11 14 0.03488076 
542 261 9 11 0.034660228 
253 348 15 20 0.034493178 
249 262 9 11 0.034456614 
799 292 12 13 0.034289148 
705 260 10 12 0.034260817 
907 311 11 13 0.03393603 
308 387 44 48 0.03384643 
412 318 19 28 0.033646405 
254 272 13 17 0.033293825 
450 190 8 10 0.03327891 
147 267 15 19 0.033236142 
324 307 14 17 0.033152528 
313 339 14 18 0.03267624 
61 311 22 28 0.03263376 
260 338 15 21 0.03261456 
193 267 13 19 0.032552242 
744 305 14 17 0.032451313 
920 311 19 22 0.032428063 
526 287 20 24 0.032362036 
763 338 12 17 0.03215842 
109 350 45 56 0.031632166 
218 90 44 51 0.03137314 
389 351 23 29 0.031295326 
655 260 9 12 0.031128751 
543 299 14 19 0.030946948 
404 323 16 22 0.030880032 
872 263 8 12 0.030842213 
672 385 44 62 0.03083068 
939 303 17 19 0.030742113 
1014 295 9 13 0.030547153 
759 361 28 34 0.030523974 
254 284 15 19 0.030171473 
808 350 43 52 0.030127836 
789 315 45 52 0.029983677 
820 300 23 28 0.029940573 
233 328 28 32 0.029928131 
269 298 17 21 0.02963784 
736 381 54 65 0.029593537 
849 262 8 10 0.029148713 
559 257 9 10 0.029107759 
424 340 21 28 0.029080171 
255 295 12 16 0.028971124 
777 248 8 10 0.028849376 
221 280 8 11 0.028783942 
388 282 11 15 0.02878115 
746 263 8 10 0.028678015 
429 262 10 13 0.028645843 
728 273 9 12 0.028520765 
316 380 28 35 0.028466241 
662 257 21 27 0.028433781 
819 378 17 22 0.028257284 
169 288 22 29 0.028127909 
226 307 13 17 0.027835015 
681 248 10 13 0.027700216 
197 296 26 31 0.027682403 
359 328 13 19 0.027502893 
127 270 12 15 0.027372058 
571 270 8 10 0.027302666 
717 255 8 11 0.027091432 
185 273 22 28 0.027082587 
624 294 13 14 0.026974903 
911 264 9 10 0.02693394 
364 119 10 13 0.026864685 
289 274 11 15 0.026754776 
253 348 22 34 0.026722351 
451 290 22 28 0.026556741 
102 346 36 43 0.026383957 
798 263 7 9 0.026321335 
593 360 20 23 0.026202992 
151 272 19 25 0.026102243 
426 317 20 31 0.026020031 
634 333 18 20 0.0260106 
460 408 46 62 0.025977701 
528 273 11 14 0.025795294 
920 299 13 16 0.025738059 
535 287 19 25 0.02573333 
764 399 45 71 0.02562809 
781 248 7 10 0.025567327 
46 259 21 27 0.025562957 
307 293 12 16 0.02551996 
473 312 15 19 0.025430534 
832 333 45 50 0.025198556 
920 287 18 22 0.02507435 
676 299 14 17 0.024732675 
317 307 13 17 0.024719678 
198 97 49 56 0.024661902 
580 310 14 18 0.02462863 
495 310 11 12 0.02447018 
999 446 27 52 0.024440005 
784 333 42 53 0.024431657 
302 261 11 13 0.024383258 
542 313 12 16 0.024335407 
885 299 10 12 0.024214616 
525 241 7 9 0.024171354 
429 206 8 10 0.024092007 
757 360 16 21 0.024061456 
306 307 14 20 0.024006404 
548 295 14 17 0.023948623 
943 275 9 10 0.023947218 
510 263 8 11 0.023859082 
945 299 13 17 0.023820965 
412 262 10 13 0.023819914 
325 331 14 17 0.023624478 
654 255 9 12 0.023590395 
916 270 9 11 0.023406316 
192 400 46 60 0.02329177 
588 314 15 20 0.023239933 
463 325 15 22 0.0230595 
481 279 10 13 0.022934793 
549 283 12 15 0.022915294 
932 302 12 14 0.022902416 
721 278 10 13 0.022744188 
310 263 10 12 0.022690184 
316 280 11 13 0.022661638 
704 279 12 14 0.022635503 
982 315 12 16 0.022587685 
991 262 7 9 0.022579264 
535 314 13 16 0.022546874 
164 340 23 40 0.022485353 
791 302 10 14 0.022424694 
589 257 9 10 0.02231717 
636 306 13 15 0.022313839 
693 248 9 11 0.022291962 
272 311 17 21 0.02229159 
0 403 11 19 0.022285469 
228 69 50 54 0.022173814 
128 264 21 26 0.022165978 
327 369 23 32 0.022159671 
569 263 9 11 0.02211894 
799 284 11 13 0.022082815 
512 247 8 10 0.02208222 
749 364 43 55 0.021922393 
247 256 10 12 0.021742353 
552 384 31 40 0.021679733 
725 277 18 24 0.021660015 
240 254 10 12 0.021541132 
333 331 16 21 0.0213679 
442 428 57 61 0.021331256 
632 275 10 13 0.021327956 
455 247 8 11 0.021318268 
640 240 7 9 0.021304231 
123 294 16 20 0.021226924 
868 301 10 12 0.02122449 
608 525 19 25 0.021219054 
541 276 11 14 0.021213267 
846 229 9 12 0.021197876 
625 253 9 10 0.021156339 
840 278 9 11 0.021105215 
794 261 8 10 0.021097304 
930 285 10 12 0.021088906 
258 291 22 27 0.021049812 
305 339 23 27 0.021032447 
446 274 10 14 0.020987682 
772 351 23 31 0.020909185 
719 271 9 11 0.020850759 
913 268 9 11 0.02074245 
50 280 17 22 0.020734135 
984 263 7 9 0.020696426 
607 514 13 20 0.02069087 
167 277 21 25 0.020667585 
396 401 43 64 0.020667236 
127 309 13 16 0.020609124 
864 281 9 11 0.020576328 
126 262 9 13 0.020574773 
644 308 12 15 0.02054802 
742 304 24 28 0.020539738 
736 229 9 11 0.02039438 
643 269 11 14 0.020382974 
333 343 17 19 0.020369552 
574 308 13 17 0.020284226 
35 275 15 20 0.020243896 
728 262 8 10 0.020186927 
140 262 15 18 0.020177359 
214 95 30 35 0.020165838 
621 276 11 15 0.020125544 
640 350 19 24 0.02006508 
414 351 24 31 0.020021217 
