2_Demonstration_Demonstration_Or_Protest_2_114
39
359 127 87 140 0.99909973 
119 294 88 132 0.9975604 
499 326 34 53 0.9942694 
585 276 73 105 0.9903543 
768 370 50 67 0.9777019 
822 120 27 30 0.9597399 
904 121 29 41 0.4708306 
473 638 12 15 0.37690413 
770 353 17 24 0.25343904 
937 131 31 42 0.20205055 
493 644 17 23 0.18823498 
512 344 43 51 0.114478104 
763 359 32 46 0.10418397 
741 292 16 19 0.096532606 
814 226 25 33 0.09357712 
550 424 41 56 0.077473134 
934 108 49 73 0.07708416 
736 292 29 32 0.05872018 
749 329 12 16 0.0438165 
914 236 31 35 0.04145064 
469 631 20 25 0.0384817 
527 345 46 64 0.036555797 
850 156 14 17 0.034696482 
955 100 58 87 0.033534396 
747 285 15 19 0.03325275 
757 355 26 37 0.033110928 
915 124 32 45 0.031770244 
18 466 22 30 0.031318787 
462 597 10 12 0.030057518 
494 639 12 15 0.027298657 
452 603 13 16 0.02593542 
461 614 28 37 0.023771485 
562 411 48 67 0.023132218 
761 183 9 10 0.02268851 
447 605 11 13 0.022495514 
759 356 14 19 0.022187037 
811 104 44 49 0.021843238 
553 356 48 67 0.021416632 
440 644 12 16 0.021271026 
