2_Demonstration_Demonstration_Or_Protest_2_79
183
902 623 29 36 0.9713757 
702 538 11 13 0.70189005 
641 575 12 15 0.6585292 
605 565 11 14 0.56822497 
535 598 10 13 0.51145685 
691 509 9 12 0.48301905 
636 622 14 16 0.41991267 
816 519 13 16 0.40042263 
663 571 9 11 0.39258778 
553 591 10 14 0.38508314 
571 587 11 16 0.37676793 
649 523 9 11 0.22691607 
704 568 8 10 0.22435066 
761 566 10 13 0.20736314 
868 571 10 15 0.18791892 
596 581 11 15 0.15458946 
962 618 55 71 0.14802338 
739 555 12 15 0.13891616 
613 557 11 13 0.13337867 
686 559 8 9 0.13035439 
730 551 8 11 0.12633602 
951 590 30 45 0.122371204 
687 565 9 12 0.11618042 
675 565 11 13 0.111107744 
657 615 10 12 0.10874043 
671 549 9 12 0.10873651 
734 551 10 13 0.10326041 
570 634 15 18 0.10186508 
939 585 50 73 0.09083162 
718 632 9 11 0.0838636 
868 578 11 15 0.08382499 
530 598 10 14 0.082083404 
598 123 19 25 0.08027212 
611 563 11 14 0.07501596 
758 520 8 10 0.071876295 
535 594 9 11 0.06670034 
743 542 8 11 0.066028036 
637 549 11 16 0.06589781 
641 586 10 12 0.065592915 
717 615 8 11 0.06344151 
531 598 19 22 0.062067747 
753 498 9 13 0.06065174 
863 575 12 18 0.05812158 
653 557 11 12 0.057525814 
646 549 13 16 0.057370443 
689 588 9 12 0.05689513 
743 51 52 63 0.05655769 
678 558 9 11 0.056141112 
638 248 11 15 0.055520117 
962 620 34 39 0.055411644 
664 599 10 14 0.054948665 
976 643 36 38 0.05393696 
672 569 10 13 0.053854555 
586 326 10 12 0.052985795 
767 510 7 9 0.052762657 
610 593 21 29 0.051605966 
691 582 12 14 0.04982708 
658 566 11 12 0.0495451 
673 556 10 14 0.048923653 
662 579 9 12 0.048129506 
764 560 11 13 0.048003886 
669 600 10 14 0.047963165 
548 301 11 13 0.04790081 
653 579 11 14 0.047021583 
680 605 10 13 0.045589916 
613 582 11 13 0.045455825 
612 571 10 12 0.045166004 
705 587 11 13 0.04421346 
682 228 15 17 0.043172706 
652 520 9 12 0.042797435 
40 467 93 123 0.042775866 
736 535 9 11 0.042356357 
590 318 10 12 0.042214308 
899 612 46 58 0.041740898 
609 594 12 18 0.041334126 
851 565 24 33 0.040770087 
732 576 10 11 0.04073774 
568 630 13 15 0.040736772 
592 309 11 13 0.04033403 
558 555 10 12 0.040257543 
841 585 17 22 0.03987098 
548 329 14 18 0.03933412 
751 613 10 12 0.039182007 
662 534 8 10 0.03881692 
665 548 9 13 0.03780413 
702 561 9 10 0.037213307 
648 531 10 12 0.036539465 
656 572 11 12 0.03618762 
600 572 12 15 0.03576503 
561 357 16 20 0.035273 
618 595 14 19 0.034847416 
696 547 9 11 0.034786325 
654 532 9 11 0.0345119 
740 562 11 13 0.034457073 
745 613 10 12 0.03431276 
788 441 13 17 0.03355679 
837 549 12 16 0.03316226 
783 423 11 15 0.033125363 
811 427 15 18 0.032616142 
918 569 84 114 0.03256818 
728 604 10 15 0.032527294 
744 371 104 148 0.03240249 
749 549 11 14 0.032383155 
737 542 9 11 0.03223965 
607 603 13 20 0.0311592 
698 535 11 14 0.030882629 
686 552 8 10 0.030694373 
694 573 10 11 0.030616846 
608 588 12 17 0.030613951 
732 607 11 14 0.030321226 
688 570 10 12 0.029923176 
713 619 9 12 0.029345829 
547 319 15 17 0.029198559 
677 581 9 12 0.029070359 
549 589 18 23 0.028949259 
718 652 10 12 0.02885945 
726 598 10 13 0.028473219 
607 582 10 13 0.027803691 
603 556 18 22 0.027593443 
595 301 11 14 0.027483562 
644 569 11 13 0.027475638 
568 586 19 26 0.02734576 
757 560 20 24 0.027213944 
633 554 12 16 0.026810793 
591 584 13 16 0.026384534 
530 593 9 11 0.025477143 
941 591 28 37 0.025291882 
678 599 10 14 0.025163824 
678 551 9 12 0.024836427 
708 567 9 12 0.0243812 
970 630 19 22 0.024374722 
476 626 29 36 0.024211241 
691 503 11 14 0.024196096 
676 222 24 27 0.024002396 
556 602 11 15 0.023964064 
600 612 10 14 0.023755742 
656 596 10 15 0.023458129 
555 330 13 17 0.02336491 
552 620 10 15 0.023306573 
837 571 26 32 0.02330324 
695 567 8 11 0.023241274 
670 613 12 14 0.023013098 
598 317 11 14 0.022963986 
619 608 13 18 0.022808628 
836 591 17 21 0.022650905 
874 574 9 12 0.022620447 
773 613 30 31 0.022611277 
574 320 10 12 0.02246585 
837 582 14 16 0.022336945 
824 583 11 14 0.022320446 
875 581 9 12 0.02230596 
551 585 10 13 0.022271186 
734 550 20 24 0.022230983 
574 324 11 14 0.022210283 
835 542 12 16 0.022118013 
637 596 14 18 0.022088412 
759 542 9 12 0.021996047 
578 587 13 17 0.02191124 
678 611 12 14 0.021760693 
548 305 13 15 0.021745626 
691 644 11 14 0.021680977 
886 644 27 33 0.02154667 
600 332 10 13 0.02130709 
869 29 74 72 0.021270907 
657 604 10 15 0.021238882 
670 560 18 23 0.02106515 
567 635 24 29 0.021060968 
588 330 11 14 0.02105732 
733 590 10 12 0.021026537 
672 620 10 12 0.021010946 
586 320 8 10 0.020989595 
859 575 21 29 0.020933418 
904 512 8 10 0.020903211 
856 476 12 14 0.020832784 
592 621 10 11 0.020777555 
963 556 13 18 0.02071097 
630 586 10 14 0.02065845 
688 639 11 13 0.020477695 
714 629 9 13 0.02046797 
743 590 9 12 0.020242365 
816 557 11 15 0.020174468 
809 565 9 13 0.020117788 
683 611 13 16 0.020048458 
