2_Demonstration_Demonstration_Or_Protest_2_360
751
856 602 61 66 0.9984712 
681 562 26 30 0.9968771 
618 593 29 37 0.9945018 
950 579 56 69 0.983862 
777 585 29 33 0.9767752 
653 620 48 53 0.97111434 
511 600 42 55 0.95897996 
614 549 22 28 0.9248911 
584 557 20 25 0.915084 
504 556 17 22 0.8661996 
561 644 49 57 0.8590425 
477 577 25 31 0.83129823 
539 542 15 17 0.8248304 
665 544 15 19 0.77609694 
142 605 26 32 0.76364315 
322 566 15 18 0.7250699 
785 625 33 39 0.7051519 
798 531 15 18 0.69184124 
781 552 21 26 0.6472985 
553 569 24 29 0.6448416 
598 537 13 16 0.6183 
520 530 10 13 0.61758643 
373 559 12 15 0.6076837 
582 524 9 11 0.5765555 
396 561 12 16 0.55936116 
990 559 33 43 0.5360351 
647 573 14 18 0.50672007 
409 513 8 10 0.43342653 
445 669 28 33 0.41864517 
193 641 26 35 0.4015618 
142 579 13 16 0.38118377 
345 589 16 19 0.3801935 
106 601 16 17 0.37730736 
815 583 30 35 0.3697632 
437 577 12 17 0.36568812 
537 517 9 11 0.35411447 
62 605 23 26 0.33766064 
341 556 11 13 0.3302852 
861 523 14 18 0.32461947 
141 550 11 15 0.31992903 
349 595 24 28 0.29102227 
173 617 23 31 0.28569314 
203 634 34 37 0.27144545 
136 551 11 15 0.266944 
63 547 9 12 0.26048732 
578 541 13 14 0.2574579 
59 637 25 31 0.25657064 
777 604 36 49 0.2527363 
44 629 25 30 0.24869251 
168 551 10 12 0.22953637 
81 644 30 37 0.22679098 
526 511 8 11 0.22536506 
991 666 31 40 0.2231945 
361 525 8 10 0.21278962 
575 614 34 39 0.20314448 
752 568 21 29 0.19953129 
418 540 9 11 0.19871734 
330 543 8 10 0.19739169 
417 549 11 13 0.19703071 
397 495 9 11 0.18438558 
314 494 10 13 0.18294425 
563 566 13 16 0.1823559 
593 562 15 19 0.18220899 
147 574 13 15 0.18193002 
393 512 8 9 0.1814305 
462 512 9 12 0.18006139 
130 548 9 13 0.17811608 
426 488 7 10 0.17601939 
543 513 8 10 0.17562784 
609 526 9 10 0.1701481 
55 647 33 37 0.16961226 
827 534 12 15 0.16938543 
486 540 9 12 0.1690724 
390 578 15 21 0.1676946 
578 520 7 10 0.1648316 
417 536 9 10 0.16131185 
337 527 7 10 0.15969296 
607 535 11 14 0.1590312 
350 540 9 10 0.15852565 
527 515 9 12 0.15570517 
539 563 11 13 0.15563251 
583 504 8 9 0.15477334 
922 572 25 39 0.15448421 
311 551 9 12 0.15250798 
750 534 13 16 0.1514761 
543 501 8 10 0.1484829 
404 541 10 12 0.14771852 
87 550 9 12 0.14691932 
68 640 30 38 0.14187452 
568 504 9 11 0.14180523 
581 534 10 13 0.14092827 
320 519 8 11 0.14083819 
482 493 8 10 0.14040993 
386 639 30 34 0.13910599 
116 604 12 16 0.13775526 
347 510 8 10 0.1370215 
472 504 8 10 0.13677983 
551 526 10 11 0.13471317 
416 494 8 10 0.1334911 
486 494 8 11 0.13302104 
821 536 16 19 0.13288608 
536 496 10 11 0.1320208 
374 542 9 11 0.13173789 
308 556 11 13 0.13009404 
374 519 8 11 0.1286861 
433 476 9 12 0.1275579 
346 502 8 10 0.12664448 
368 580 12 15 0.1238793 
104 551 10 12 0.123234876 
465 494 6 9 0.12320325 
561 508 8 11 0.12300471 
369 542 8 9 0.11903011 
938 346 16 17 0.118601434 
904 518 10 12 0.11603154 
450 500 7 10 0.11504176 
816 522 10 12 0.11274832 
442 534 9 12 0.11214049 
7 368 47 66 0.11133103 
154 536 7 9 0.11081781 
62 647 45 49 0.10874207 
400 548 11 14 0.10791451 
577 536 9 12 0.10657475 
525 541 11 14 0.1065684 
424 567 11 13 0.10612157 
457 528 10 12 0.10528578 
433 559 9 11 0.10524091 
781 527 9 12 0.1051242 
539 553 13 17 0.10506217 
211 618 37 37 0.1046349 
455 547 13 16 0.104099296 
336 550 9 12 0.10372715 
75 604 16 17 0.103372045 
39 637 15 22 0.10169061 
398 500 8 11 0.10152332 
391 528 8 9 0.10110405 
689 510 10 12 0.10099214 
551 503 7 10 0.10097966 
476 557 10 13 0.100770034 
368 520 8 11 0.10056242 
321 560 9 11 0.100243755 
173 551 11 14 0.09911383 
625 526 8 10 0.09829806 
525 503 9 10 0.095564306 
926 349 12 14 0.09552672 
639 541 10 13 0.09416983 
575 504 7 10 0.09387109 
374 525 8 9 0.0938499 
37 566 14 16 0.09384497 
399 536 8 10 0.092907764 
590 510 8 10 0.09163688 
191 564 10 14 0.090078846 
224 552 11 13 0.088903405 
568 518 8 11 0.08759126 
156 608 29 37 0.08745757 
683 585 28 34 0.08733584 
413 511 8 10 0.08719382 
763 563 14 20 0.08625535 
368 537 7 9 0.085854225 
542 525 9 12 0.08575847 
41 542 8 10 0.0855903 
957 523 24 30 0.085091434 
593 535 11 14 0.08359684 
158 541 8 10 0.0832636 
561 494 8 10 0.08309429 
330 647 35 44 0.083092734 
503 551 13 17 0.08292869 
184 628 26 37 0.08227252 
480 518 8 11 0.08220621 
584 508 8 10 0.08203127 
318 524 8 10 0.08127069 
8 527 10 12 0.08095686 
538 571 13 18 0.0808406 
775 518 8 10 0.08049171 
494 541 9 11 0.08043777 
397 511 8 10 0.08043744 
367 524 8 10 0.08020816 
212 669 35 36 0.080206595 
415 470 9 12 0.0795007 
481 510 7 10 0.07870639 
510 518 8 11 0.07855252 
607 520 9 11 0.07682758 
545 545 14 17 0.07660058 
277 566 9 12 0.07630048 
439 513 8 9 0.07521875 
437 557 10 13 0.075155646 
445 575 11 15 0.07507482 
567 526 9 11 0.07448148 
110 556 11 14 0.07391612 
444 658 23 27 0.07359722 
374 549 10 13 0.07243137 
504 537 8 10 0.07242332 
560 534 9 12 0.071909495 
588 590 22 27 0.071862176 
596 588 13 19 0.07185568 
379 561 11 15 0.07177365 
311 478 7 10 0.070357695 
96 554 10 12 0.0699805 
64 618 25 32 0.069131956 
541 496 9 11 0.06873405 
454 496 7 9 0.06862752 
46 544 9 11 0.06859167 
371 572 13 16 0.06856816 
313 534 9 11 0.0684732 
382 580 13 17 0.068286985 
497 509 7 9 0.06815499 
116 558 10 14 0.06810567 
369 547 10 13 0.06692579 
700 446 60 92 0.06681229 
459 517 8 10 0.065366454 
486 565 11 14 0.06518119 
360 535 8 10 0.06508433 
478 504 8 10 0.06447519 
5 540 10 14 0.064318135 
601 519 8 10 0.064220436 
312 572 11 14 0.06400961 
305 563 9 13 0.06387237 
490 502 7 9 0.063220866 
545 487 9 10 0.06316802 
52 613 24 29 0.063104436 
575 544 14 18 0.062728666 
522 510 8 11 0.062177822 
429 563 12 14 0.061875712 
85 569 10 12 0.061826654 
132 649 24 33 0.06136653 
329 623 29 38 0.06123578 
152 555 9 13 0.0611922 
75 623 26 29 0.06082887 
383 545 8 10 0.060624745 
40 639 27 35 0.060401477 
406 536 9 10 0.06034498 
482 541 9 12 0.060239248 
757 525 11 13 0.060185447 
31 570 14 18 0.0600451 
495 550 10 13 0.060017746 
945 347 14 18 0.05990726 
540 536 13 14 0.05947666 
793 533 13 16 0.058847237 
331 605 40 48 0.05873463 
553 519 8 12 0.05851126 
439 518 9 11 0.058367085 
815 540 15 19 0.058221996 
574 604 29 31 0.058205653 
103 574 11 14 0.058204584 
423 492 8 10 0.058000095 
462 531 10 12 0.057839055 
436 602 17 21 0.057743818 
615 569 14 19 0.057710964 
509 542 10 12 0.057503596 
647 527 9 11 0.057496723 
476 563 12 15 0.0571778 
978 560 31 37 0.056976732 
345 536 9 11 0.05676278 
384 511 8 10 0.056746483 
432 502 8 10 0.056743547 
504 503 9 11 0.05657624 
170 535 7 10 0.056487415 
375 537 8 9 0.056338698 
313 526 8 9 0.056309935 
616 511 8 9 0.05609817 
631 535 10 12 0.055942465 
20 609 13 17 0.05588862 
318 489 10 11 0.05581873 
28 587 13 18 0.05575675 
432 494 7 10 0.05554232 
395 570 15 22 0.055460807 
522 517 9 11 0.05540792 
445 518 9 11 0.055274256 
392 516 8 10 0.05514642 
599 528 9 11 0.054967202 
33 558 10 11 0.054892793 
1 510 8 11 0.05451024 
613 527 8 10 0.054426696 
312 541 9 11 0.054394446 
56 548 10 13 0.05435843 
113 602 21 25 0.05422313 
488 557 11 13 0.05422086 
327 494 8 10 0.054081146 
76 583 13 17 0.053598497 
537 524 10 12 0.053512037 
95 519 7 9 0.053271893 
15 526 10 11 0.05313746 
414 517 8 10 0.052894384 
633 539 12 15 0.05242852 
335 495 7 9 0.052122872 
259 559 11 13 0.05207466 
494 537 8 10 0.052016683 
255 560 10 13 0.05199292 
144 569 11 13 0.051985092 
54 590 11 15 0.051622864 
392 543 7 10 0.051581487 
445 547 11 16 0.051439237 
364 586 15 18 0.05115462 
393 579 23 30 0.051149648 
159 550 8 11 0.05114249 
316 500 9 12 0.050622787 
792 516 8 11 0.050433896 
393 533 8 11 0.05042619 
885 527 10 12 0.050277404 
69 565 9 11 0.05025197 
417 528 8 10 0.050180532 
100 589 22 27 0.050048765 
755 536 13 16 0.05003392 
835 533 12 16 0.04980512 
679 526 10 12 0.049580794 
433 518 8 10 0.049556084 
31 528 8 10 0.049479622 
717 538 11 14 0.049200516 
741 560 25 37 0.049053743 
38 559 11 12 0.04866936 
487 519 7 9 0.048534833 
559 518 9 11 0.04843773 
344 518 8 10 0.04816728 
57 534 8 10 0.047886442 
836 479 9 10 0.04759576 
149 551 9 11 0.047195114 
328 546 10 13 0.046985697 
69 544 8 10 0.046956256 
590 527 9 10 0.046888635 
22 526 8 10 0.04688314 
440 526 9 10 0.04683144 
56 528 8 9 0.046751637 
274 544 8 10 0.04635396 
576 509 8 10 0.04628165 
472 479 7 9 0.0458984 
206 568 12 14 0.04587299 
910 350 13 14 0.045796603 
47 525 9 10 0.0457793 
117 588 10 14 0.04574764 
601 503 8 9 0.04570043 
174 534 7 10 0.045476366 
488 580 14 20 0.045415528 
646 533 10 12 0.044832766 
437 473 8 10 0.044723816 
432 578 20 25 0.04469054 
341 525 8 10 0.044545814 
344 497 9 11 0.04453723 
220 579 17 20 0.044412732 
431 573 13 17 0.04439632 
440 484 8 11 0.044242725 
566 533 10 12 0.044168774 
395 502 8 10 0.04403914 
277 571 12 17 0.043997236 
495 503 8 11 0.043954115 
408 526 8 9 0.04392762 
654 533 9 11 0.043775924 
184 541 9 12 0.043761324 
599 594 24 30 0.04368654 
884 547 12 13 0.04358537 
949 354 13 16 0.043547865 
487 512 7 9 0.04352842 
983 579 37 46 0.043377995 
326 488 9 11 0.043332584 
766 532 11 14 0.043254998 
385 529 8 10 0.043168128 
452 572 13 16 0.043055933 
422 527 8 10 0.043043792 
252 563 14 17 0.043015216 
502 542 11 14 0.042802762 
30 573 23 29 0.04273185 
503 510 8 9 0.042675618 
468 534 9 11 0.042377733 
398 528 7 8 0.042028565 
168 519 7 10 0.041858822 
438 496 8 10 0.041837353 
63 528 9 11 0.04180747 
55 544 9 11 0.04170863 
436 562 12 15 0.041643098 
496 521 7 9 0.041563116 
422 464 8 11 0.041285116 
557 526 9 11 0.041267235 
932 352 15 17 0.041233666 
446 512 8 9 0.041150272 
80 573 12 17 0.04109004 
152 540 9 12 0.04092921 
808 562 13 18 0.04061845 
399 488 8 10 0.040576495 
986 524 28 36 0.04054123 
585 496 7 10 0.040326253 
122 639 24 36 0.04026677 
479 550 9 13 0.040130313 
460 550 14 18 0.040098175 
717 508 11 14 0.040098168 
566 485 10 12 0.039956708 
559 559 13 15 0.03985671 
43 571 14 17 0.039635587 
408 493 9 11 0.03955677 
181 548 11 15 0.039535467 
580 663 48 55 0.039453108 
120 605 23 28 0.039340537 
624 520 8 10 0.039305937 
763 588 24 32 0.039223656 
902 574 33 41 0.038994562 
350 517 8 10 0.038961563 
566 495 9 10 0.03894365 
456 464 8 10 0.0389135 
206 517 9 13 0.038757242 
195 589 13 17 0.038649254 
445 538 11 15 0.03845005 
359 596 24 33 0.03844591 
189 569 11 16 0.038441822 
385 486 8 10 0.03839224 
604 572 21 27 0.038334865 
855 540 11 14 0.038181305 
487 550 10 12 0.03814172 
319 576 11 15 0.038092673 
82 550 9 12 0.03809184 
122 606 13 15 0.03798204 
529 497 9 10 0.03797347 
15 655 40 48 0.03796991 
587 602 29 34 0.03795179 
39 549 11 12 0.037917778 
624 530 10 12 0.037737448 
468 550 12 15 0.037711322 
103 568 10 11 0.03765503 
143 579 22 26 0.037555173 
612 542 13 15 0.037526235 
368 503 9 10 0.03743818 
121 534 9 11 0.037401855 
196 564 11 14 0.037064165 
38 585 24 29 0.03706057 
52 599 25 27 0.03700079 
191 580 10 14 0.03696397 
455 480 7 9 0.036877453 
40 537 8 10 0.036870446 
624 557 17 21 0.03684965 
809 511 8 10 0.036822412 
24 652 25 33 0.036746975 
131 613 25 37 0.036668945 
880 530 12 15 0.036470264 
638 517 10 11 0.036291428 
157 556 10 12 0.03615883 
122 527 8 10 0.035965156 
156 574 11 13 0.03594459 
562 487 8 11 0.035929076 
441 551 10 12 0.035742346 
45 597 13 15 0.03563672 
72 525 8 10 0.035527688 
551 510 8 10 0.03546462 
429 488 8 10 0.035389952 
760 578 23 30 0.035385802 
421 555 10 13 0.03490624 
855 526 14 18 0.034883987 
536 535 10 13 0.034881562 
45 559 10 11 0.034575332 
616 504 7 8 0.03455201 
196 583 11 15 0.03449086 
798 511 9 11 0.03415204 
325 518 7 10 0.034119975 
477 573 16 20 0.0340399 
423 520 7 9 0.03399839 
110 575 10 12 0.03388132 
114 596 13 17 0.033860482 
268 574 26 35 0.03385049 
154 598 14 16 0.033718374 
689 506 8 9 0.033660736 
547 649 37 40 0.033644993 
679 530 13 16 0.033571035 
185 513 8 10 0.033321597 
319 511 9 11 0.03330902 
625 503 7 9 0.033263925 
918 348 12 14 0.03310093 
5 518 9 12 0.033014353 
139 614 30 43 0.032967195 
490 525 8 10 0.032926634 
135 611 16 21 0.032827508 
489 472 7 9 0.032816377 
416 489 8 10 0.0327825 
202 518 9 11 0.03265489 
445 555 11 14 0.032650027 
505 519 8 10 0.032622445 
494 525 8 9 0.03254169 
128 544 9 12 0.032536816 
774 529 12 15 0.03250281 
510 512 8 10 0.03239175 
509 502 8 10 0.032382336 
32 534 8 9 0.032358382 
830 528 12 14 0.032062534 
778 565 19 22 0.031983413 
453 541 12 16 0.031927377 
383 533 8 10 0.031901434 
102 604 17 21 0.031887777 
129 624 33 47 0.031823136 
576 519 20 23 0.031816408 
590 518 8 10 0.031807818 
328 536 8 10 0.031773042 
120 519 8 10 0.03145527 
192 528 9 11 0.031442173 
81 607 15 19 0.031436294 
354 526 8 10 0.031375587 
510 496 9 11 0.031310614 
71 559 9 12 0.031275738 
110 580 12 13 0.031225303 
311 507 10 13 0.03120136 
931 570 17 28 0.0311764 
319 551 8 11 0.03114035 
331 618 15 21 0.031099288 
217 556 10 13 0.031072302 
385 517 7 9 0.031040788 
869 564 14 16 0.030995103 
399 518 7 10 0.030956507 
91 519 7 10 0.030920913 
46 520 9 10 0.030789606 
399 623 42 46 0.03071453 
385 480 8 9 0.030570503 
694 505 8 11 0.030469824 
94 596 15 18 0.030421825 
617 575 17 19 0.030416423 
525 571 12 15 0.030381385 
276 549 8 11 0.030290531 
313 565 20 26 0.030220265 
566 612 28 32 0.030178433 
367 511 8 10 0.030065754 
304 534 8 11 0.029781085 
126 590 10 13 0.029754888 
773 559 17 22 0.029728057 
448 481 7 11 0.029668469 
791 535 20 25 0.029523477 
331 594 26 32 0.029446669 
758 521 10 11 0.029403215 
312 487 10 12 0.029399652 
63 533 8 10 0.02938338 
191 533 10 12 0.02935561 
866 526 16 18 0.029332532 
29 656 15 20 0.029311163 
127 583 9 11 0.029298546 
438 628 15 18 0.02927894 
644 575 23 27 0.029203784 
464 489 8 10 0.029197553 
399 481 7 9 0.02916585 
897 513 8 10 0.02914428 
131 594 14 18 0.029113352 
24 583 21 29 0.029043226 
720 579 12 17 0.028919866 
743 539 15 17 0.028866002 
368 576 20 25 0.02879748 
95 573 12 15 0.028685082 
15 596 11 13 0.028670812 
982 562 18 22 0.028606491 
823 580 20 23 0.028570171 
550 531 12 14 0.028413607 
486 488 8 11 0.028362056 
444 542 19 25 0.028271416 
169 527 7 9 0.028194431 
667 562 14 19 0.02813821 
629 527 9 10 0.028135875 
404 584 26 30 0.028087325 
318 541 9 11 0.028065624 
191 517 7 9 0.0280472 
389 589 16 23 0.028001523 
485 617 13 17 0.02798762 
175 551 20 26 0.027877035 
793 555 15 18 0.02787603 
518 527 18 22 0.027760787 
551 495 8 10 0.02761172 
212 582 29 30 0.027509788 
536 646 29 36 0.027482068 
142 520 7 9 0.02740413 
607 502 7 9 0.027387278 
589 504 8 10 0.027385972 
511 486 8 10 0.02724602 
14 533 9 11 0.027242688 
120 592 22 27 0.02721917 
359 512 9 10 0.027021447 
494 496 8 10 0.026949571 
167 542 9 11 0.02690014 
472 519 8 10 0.026857836 
391 487 7 10 0.026805779 
897 618 37 49 0.026753372 
782 543 13 16 0.026749678 
-1 633 28 39 0.02673456 
906 522 11 14 0.026720619 
184 572 11 15 0.026706085 
712 633 38 50 0.026650935 
110 544 8 11 0.0264908 
702 632 30 44 0.026360376 
845 531 12 16 0.02630687 
378 584 26 34 0.026269026 
259 565 12 15 0.026247883 
117 582 10 13 0.02622389 
944 498 13 15 0.026216209 
376 512 8 10 0.026115617 
769 517 10 11 0.026084466 
308 564 12 16 0.026000276 
875 351 66 55 0.025965698 
433 510 8 11 0.025856998 
909 344 23 25 0.02575922 
303 492 10 15 0.025729444 
917 548 16 18 0.025667008 
2 535 8 12 0.02561063 
339 586 40 48 0.025591299 
79 557 9 11 0.025495766 
275 580 16 20 0.025483035 
402 557 12 15 0.025482435 
45 589 14 17 0.025467005 
886 519 9 10 0.025357246 
78 520 7 9 0.02520585 
305 551 11 13 0.025164042 
415 504 8 9 0.025101319 
798 518 9 10 0.02505192 
425 625 26 32 0.024995154 
188 539 11 14 0.024983764 
406 505 18 24 0.02491085 
678 521 10 11 0.024904516 
409 505 8 9 0.024903683 
854 312 119 101 0.024894139 
185 536 9 11 0.02487003 
850 523 12 16 0.024853166 
84 577 13 18 0.02482323 
752 520 10 12 0.024802933 
120 540 8 11 0.024798524 
134 588 12 16 0.024775257 
303 485 9 12 0.024739204 
34 562 22 25 0.024710696 
211 566 13 14 0.024698952 
391 548 9 12 0.02469008 
104 544 10 12 0.024642926 
50 573 12 15 0.024581816 
297 526 9 12 0.02443016 
211 643 38 41 0.024365088 
529 628 34 43 0.024275418 
335 532 7 11 0.024257485 
820 518 9 12 0.02421473 
972 521 25 35 0.024144784 
813 571 26 30 0.024132742 
511 535 9 11 0.024077116 
248 565 22 27 0.02405577 
313 518 9 13 0.02403401 
450 462 8 10 0.024019478 
19 664 14 18 0.023994977 
169 513 7 9 0.023974339 
669 538 20 25 0.023953794 
479 523 8 11 0.023940908 
623 511 7 10 0.023928722 
789 469 10 13 0.023887895 
527 486 8 9 0.023837142 
607 511 9 10 0.023780927 
331 566 11 14 0.023694657 
683 527 11 13 0.023693716 
198 560 8 10 0.023614567 
305 541 9 11 0.02354579 
145 535 7 9 0.023485968 
879 379 32 32 0.023472322 
95 544 9 11 0.023378085 
464 480 7 9 0.023368578 
189 558 19 25 0.023339255 
69 599 14 18 0.02332636 
165 545 20 24 0.023310978 
420 468 9 12 0.023284586 
171 629 18 25 0.023268618 
835 526 11 14 0.023219343 
106 629 28 37 0.023207132 
354 588 16 19 0.023203883 
382 574 11 15 0.023162661 
431 551 9 12 0.023141686 
774 541 13 15 0.023067795 
879 511 9 11 0.023021827 
828 385 12 17 0.023005787 
470 495 7 9 0.022990528 
774 513 9 10 0.022976747 
505 487 8 9 0.022955302 
304 478 10 12 0.022878952 
800 501 9 10 0.02287303 
421 510 9 10 0.022856034 
726 565 24 36 0.0228354 
247 576 14 19 0.02271344 
103 535 7 9 0.022708908 
309 594 14 22 0.02266282 
347 558 10 12 0.022628872 
862 509 10 12 0.022591073 
908 494 9 10 0.022555612 
261 571 12 15 0.02250358 
16 520 10 11 0.022496644 
184 563 12 16 0.022490816 
443 652 17 21 0.022463145 
411 470 9 10 0.02242957 
10 654 26 35 0.022374917 
13 539 11 14 0.022357812 
689 575 30 34 0.022316907 
801 497 8 9 0.02231656 
585 653 34 43 0.022281107 
639 523 10 12 0.022220243 
711 533 12 16 0.022217138 
616 519 8 10 0.022145875 
673 526 11 11 0.022105249 
155 520 6 8 0.022011282 
142 593 12 17 0.021847468 
890 571 31 39 0.02174422 
174 528 8 10 0.021735206 
6 547 9 13 0.021726614 
33 510 9 10 0.021677649 
784 511 9 10 0.021676103 
390 480 7 9 0.021648515 
63 556 9 11 0.021636888 
399 470 8 9 0.021633906 
431 551 20 25 0.02155724 
21 520 9 11 0.021524077 
88 545 9 11 0.02151705 
160 520 7 9 0.021450374 
680 621 42 55 0.021445854 
600 669 46 53 0.021406006 
395 546 20 25 0.021403072 
910 573 41 59 0.021381484 
471 552 19 24 0.0213076 
930 359 16 18 0.02129464 
385 472 7 8 0.021261854 
277 559 9 12 0.021250643 
47 536 8 9 0.021227023 
40 525 8 10 0.021169243 
686 543 26 33 0.02116713 
813 511 9 11 0.02114357 
632 518 9 11 0.021124097 
489 477 7 10 0.02112001 
627 548 14 18 0.021114957 
482 535 9 11 0.021045912 
548 573 40 51 0.021028941 
696 568 16 19 0.021011338 
805 556 12 18 0.021005778 
505 496 9 11 0.020999953 
418 387 17 19 0.020991914 
338 521 7 10 0.020953648 
420 640 14 19 0.020950904 
333 602 12 17 0.020887751 
89 526 8 9 0.020873709 
659 601 24 29 0.020795166 
715 574 22 29 0.02079388 
32 541 9 12 0.02074517 
933 492 11 14 0.020742184 
204 614 28 32 0.020664344 
600 511 8 10 0.020634543 
180 614 13 18 0.02060583 
601 496 8 10 0.020601911 
565 613 14 17 0.020537425 
135 501 8 10 0.020523675 
807 622 32 38 0.020511774 
469 542 10 12 0.020483628 
840 333 99 125 0.020471422 
73 637 17 24 0.02046736 
77 525 8 10 0.02041373 
305 569 11 15 0.020306604 
133 544 13 15 0.020254718 
268 584 15 19 0.020187955 
31 550 10 12 0.020179316 
73 521 8 10 0.02012465 
357 581 13 15 0.020109132 
46 621 16 18 0.020106934 
138 575 11 15 0.020100255 
79 543 8 11 0.020037452 
703 606 28 36 0.020037102 
815 532 12 16 0.020035759 
412 591 15 19 0.020035136 
55 556 9 11 0.0200105 
