2_Demonstration_Political_Rally_2_365
144
720 103 252 367 0.999271 
462 296 72 100 0.99390596 
385 398 17 22 0.9454194 
213 340 74 90 0.9376961 
403 394 13 17 0.73032385 
374 380 10 13 0.67996836 
325 415 13 15 0.59926677 
303 369 13 17 0.581398 
309 437 15 18 0.5426421 
350 405 11 14 0.40356317 
363 395 10 14 0.3864748 
425 367 10 13 0.37039867 
-5 374 126 258 0.35410866 
350 341 10 13 0.30297756 
360 391 11 13 0.24682692 
333 348 9 12 0.23600963 
379 359 8 11 0.2107519 
344 398 11 12 0.1892113 
300 173 28 35 0.17425674 
394 360 7 9 0.15749496 
49 294 37 56 0.14899816 
333 374 9 11 0.13698328 
373 427 11 14 0.12857628 
396 393 17 23 0.1264148 
352 367 9 11 0.12090361 
358 383 10 12 0.11893564 
291 397 10 13 0.111036636 
344 421 9 12 0.104299404 
378 363 10 12 0.10291736 
350 336 9 12 0.0992377 
304 165 45 51 0.09840404 
415 373 10 12 0.085372835 
404 130 25 39 0.082865015 
370 344 8 10 0.07151976 
355 411 11 15 0.07120883 
-12 405 266 280 0.06869384 
399 359 7 10 0.06545164 
389 391 13 15 0.06431509 
354 381 10 12 0.062457014 
343 393 11 12 0.061068997 
342 359 8 11 0.059221316 
431 357 9 12 0.058499314 
318 432 22 28 0.056692727 
408 334 8 9 0.054797757 
416 360 8 9 0.052844156 
369 349 8 10 0.05240498 
368 429 12 15 0.052061304 
336 358 9 11 0.05176988 
117 336 13 17 0.0509198 
429 376 13 18 0.05075878 
352 428 10 12 0.0492449 
353 327 8 10 0.047913823 
330 342 9 13 0.047766767 
408 328 8 9 0.046841886 
385 332 7 10 0.04564874 
240 324 49 73 0.04424102 
320 236 11 13 0.044136725 
281 592 54 60 0.04383647 
399 326 6 9 0.04368648 
309 381 11 13 0.04366066 
315 431 13 16 0.04309138 
381 374 9 12 0.043068014 
351 391 9 12 0.039931007 
344 413 11 14 0.03986805 
445 222 9 12 0.038446788 
327 391 9 11 0.038392205 
357 366 9 11 0.038224895 
391 333 8 10 0.03813294 
375 328 8 10 0.038128123 
393 328 8 10 0.037958644 
344 365 9 11 0.036643114 
432 353 10 11 0.036390573 
369 328 8 10 0.035671707 
356 402 12 16 0.035040196 
417 367 8 11 0.034868866 
391 384 10 13 0.03465425 
334 379 9 12 0.03460617 
359 328 8 11 0.03418153 
310 387 11 14 0.03414767 
405 351 8 10 0.034026273 
300 427 12 17 0.033986602 
353 321 7 9 0.033824615 
378 381 11 13 0.03373374 
374 350 8 10 0.033427477 
335 366 9 11 0.033415236 
356 155 21 30 0.033113547 
383 351 7 9 0.032671943 
344 349 9 12 0.032362916 
301 422 10 12 0.032326356 
300 188 17 22 0.031854503 
348 420 11 14 0.031520393 
408 365 8 10 0.03075402 
367 368 9 10 0.03071845 
356 436 13 17 0.02996974 
415 379 11 14 0.029493859 
445 212 9 12 0.028728211 
303 361 9 11 0.028308552 
364 401 11 14 0.028240923 
392 352 8 10 0.028118232 
350 360 11 13 0.027621279 
311 420 11 13 0.02752643 
352 441 15 20 0.027416905 
167 338 49 66 0.027206575 
609 175 27 33 0.026910871 
370 375 10 12 0.026848374 
401 343 7 10 0.026761057 
414 390 11 14 0.026648702 
369 357 8 10 0.026565015 
357 429 10 14 0.02613124 
382 389 12 15 0.025821567 
401 352 8 10 0.025491456 
55 51 67 62 0.025283461 
370 375 18 23 0.025276609 
323 218 13 15 0.025193984 
358 391 18 22 0.025137464 
450 347 10 15 0.025081823 
331 418 11 14 0.025035176 
327 396 10 12 0.02472418 
399 364 8 9 0.024428884 
415 344 8 9 0.023936119 
422 176 44 57 0.0237791 
319 407 11 14 0.023729758 
433 157 88 115 0.023579495 
311 404 10 13 0.023568187 
345 393 17 22 0.022949047 
422 362 18 23 0.022883827 
406 359 8 11 0.022672944 
335 406 10 14 0.022583848 
57 21 402 481 0.022385273 
304 159 30 35 0.022347154 
317 388 9 11 0.022314139 
356 374 10 12 0.022241551 
334 336 7 10 0.021926194 
385 125 39 54 0.021768501 
422 345 7 9 0.021291835 
418 146 12 17 0.021278398 
423 361 9 11 0.021236941 
302 416 9 11 0.020913165 
317 383 8 12 0.020724202 
412 334 8 10 0.020720242 
436 373 12 14 0.020461902 
303 395 10 14 0.020360515 
462 188 11 16 0.020048575 
537 349 13 17 0.020000398 
