2_Demonstration_Political_Rally_2_57
129
213 145 33 45 0.998137 
897 256 32 40 0.9979273 
492 166 33 42 0.99784446 
757 145 29 35 0.9969452 
781 145 32 41 0.99688846 
526 155 30 36 0.996182 
826 123 31 42 0.99605286 
384 120 29 39 0.99598014 
78 137 35 46 0.99412775 
664 183 29 35 0.9925976 
280 145 26 34 0.99159604 
274 204 33 41 0.99064064 
358 140 36 44 0.98877907 
944 171 27 31 0.9851688 
588 133 35 47 0.98028266 
261 130 21 29 0.9592192 
145 133 33 36 0.94942266 
930 216 23 29 0.9382882 
465 153 23 34 0.91644895 
-1 125 19 34 0.8909001 
480 307 54 68 0.8578012 
922 170 25 33 0.82638115 
486 134 23 28 0.7787886 
104 120 27 30 0.76680773 
444 77 18 23 0.61694443 
645 134 17 25 0.5263376 
58 66 16 19 0.50792456 
476 141 29 37 0.3930443 
763 140 39 48 0.3012403 
936 152 19 22 0.2836722 
473 104 15 19 0.25772205 
92 129 30 37 0.24503691 
133 153 24 32 0.24039623 
852 237 21 27 0.20093407 
929 160 26 32 0.18455127 
21 110 13 17 0.17871848 
646 156 16 22 0.17077026 
963 148 13 16 0.15543845 
109 108 27 30 0.14254695 
289 117 11 14 0.14190932 
989 236 14 18 0.14085862 
715 184 24 34 0.1266113 
9 130 19 26 0.122422576 
130 219 12 16 0.11796304 
544 169 27 35 0.11697978 
141 146 27 35 0.11606216 
366 121 40 54 0.09794286 
368 287 31 32 0.09118501 
489 147 28 37 0.086698376 
669 123 12 16 0.08580214 
579 126 13 17 0.08505829 
294 66 12 16 0.084014624 
555 116 12 16 0.07373963 
716 169 23 28 0.069786444 
56 65 11 14 0.06915353 
402 169 17 22 0.068971284 
17 92 10 13 0.06868839 
177 214 17 20 0.06557952 
815 277 13 16 0.060562454 
302 174 22 29 0.059998892 
466 169 18 24 0.056097213 
21 88 9 11 0.055948686 
119 131 20 25 0.05430851 
647 126 13 18 0.05159696 
295 109 22 30 0.048913624 
560 4 12 13 0.04826006 
457 43 11 13 0.047653202 
300 98 13 17 0.047626223 
273 134 16 19 0.045629863 
662 169 29 35 0.042085942 
575 123 20 28 0.042010535 
2 73 12 15 0.041717507 
306 157 25 33 0.03981228 
478 160 34 39 0.039422344 
292 337 16 20 0.03869386 
654 136 20 26 0.038086943 
580 118 10 14 0.037753377 
655 151 22 29 0.037688367 
292 110 12 16 0.035903078 
961 181 17 21 0.035829894 
123 146 24 32 0.035509445 
285 131 14 18 0.035096906 
551 122 12 16 0.034450535 
474 107 22 27 0.034146454 
288 111 19 26 0.034029383 
554 177 14 22 0.03397871 
292 152 24 32 0.03263376 
955 149 21 27 0.03225577 
924 165 15 19 0.03189582 
99 150 28 33 0.03179067 
811 125 30 36 0.029897643 
667 137 15 19 0.029270522 
971 151 9 12 0.02916008 
14 114 15 19 0.029078908 
809 593 35 36 0.028798332 
711 221 23 36 0.027342334 
22 106 20 27 0.027073441 
904 366 25 30 0.026808094 
311 190 25 34 0.026398845 
108 158 16 22 0.026030807 
434 64 23 31 0.025867956 
264 127 13 17 0.025710018 
316 152 26 33 0.02551527 
584 95 7 10 0.025305165 
574 110 20 30 0.024840275 
14 95 20 28 0.024801722 
283 194 31 39 0.024375422 
946 147 15 18 0.023754725 
553 111 10 15 0.023659663 
475 119 16 21 0.022791928 
476 129 15 20 0.022703884 
849 291 17 23 0.022642544 
663 145 14 20 0.022595076 
153 75 11 16 0.022439234 
446 126 14 18 0.02235503 
71 146 26 36 0.022111185 
416 237 34 48 0.021719849 
-1 68 18 27 0.021584893 
15 135 22 28 0.021582555 
279 132 24 31 0.021426255 
396 46 17 23 0.021192743 
364 133 12 15 0.021122787 
3 60 12 16 0.020902477 
557 108 22 29 0.020701176 
348 132 12 15 0.020570356 
124 128 34 44 0.02048707 
923 188 16 21 0.020279042 
662 130 15 20 0.020200597 
296 94 11 15 0.020063357 
