18_Concerts_Concerts_18_104
58
268 359 209 273 0.96836513 
9 140 249 307 0.89347935 
672 319 269 316 0.88435316 
173 369 222 285 0.59142894 
441 363 253 273 0.5 
751 190 206 257 0.45389685 
118 168 246 285 0.3864298 
130 341 191 232 0.3436022 
4 41 57 68 0.32552502 
241 210 242 269 0.2840034 
172 529 17 21 0.19995552 
365 403 222 269 0.18550259 
6 -29 200 239 0.1065206 
354 173 239 277 0.1065206 
787 355 197 243 0.09803478 
641 184 197 246 0.09015675 
217 442 146 168 0.08285364 
895 522 51 58 0.06655858 
404 72 253 298 0.064067975 
935 451 12 18 0.05879275 
515 121 253 285 0.05874174 
41 422 97 145 0.05874174 
481 197 37 43 0.056098126 
46 431 60 77 0.056098126 
267 115 28 33 0.047198545 
559 395 14 19 0.04595155 
266 39 53 59 0.04326818 
296 120 13 17 0.04229837 
19 58 63 62 0.039651494 
536 350 128 225 0.03781825 
-39 76 232 239 0.03781825 
181 443 13 14 0.035808332 
490 -2 55 56 0.033269096 
880 497 60 68 0.033269096 
845 201 175 257 0.03163486 
232 109 222 261 0.03163486 
826 395 74 83 0.030461596 
45 283 239 250 0.028921604 
453 548 25 24 0.027884193 
858 9 27 35 0.027884185 
41 61 33 42 0.027884185 
82 482 57 73 0.025519116 
54 450 33 44 0.025519116 
257 103 51 52 0.023349825 
333 441 89 114 0.023349825 
166 404 86 103 0.023349825 
565 552 29 36 0.023349825 
521 35 28 36 0.023349825 
81 7 130 153 0.022069868 
148 510 14 19 0.021603195 
462 552 26 26 0.021603195 
174 528 6 7 0.021603195 
979 574 18 23 0.021603195 
557 129 57 67 0.021360904 
277 49 63 80 0.021360904 
501 150 62 72 0.021360904 
670 228 71 68 0.021360898 
0 27 90 112 0.0201599 
