18_Concerts_Concerts_18_1038
47
632 126 76 123 0.99952376 
460 158 69 109 0.9994784 
538 78 67 104 0.9990138 
281 154 80 129 0.9985812 
471 598 86 143 0.9953797 
292 630 97 154 0.98751885 
104 671 88 146 0.9863452 
630 545 86 136 0.97665024 
29 618 191 403 0.45389685 
503 236 191 391 0.28400344 
59 665 114 251 0.2311026 
568 518 134 187 0.21508123 
599 541 215 369 0.18550259 
572 601 67 76 0.15056497 
657 322 101 179 0.13594593 
384 665 235 434 0.1254451 
209 590 209 421 0.115646794 
683 774 109 190 0.115646794 
728 115 188 397 0.09803478 
409 730 24 41 0.09308393 
547 132 249 454 0.064067975 
487 351 27 45 0.06111947 
313 215 194 358 0.05874174 
748 576 239 440 0.045153886 
764 611 18 35 0.04229837 
488 362 74 139 0.039651494 
863 52 119 251 0.03781825 
604 90 81 154 0.03781825 
782 171 29 50 0.036325645 
139 -18 246 454 0.03163486 
483 710 225 333 0.03163486 
664 380 218 421 0.028921604 
759 243 239 403 0.028921604 
450 576 29 60 0.027884193 
275 614 61 119 0.027884193 
804 294 56 117 0.027884185 
651 528 104 187 0.026434705 
540 361 209 353 0.024156325 
503 342 117 195 0.024156325 
807 303 13 21 0.02351288 
403 741 31 52 0.023349825 
11 392 225 481 0.022069868 
282 26 232 421 0.022069868 
580 859 65 119 0.021360898 
179 307 28 52 0.021360898 
139 199 232 386 0.020159906 
294 864 117 190 0.0201599 
