18_Concerts_Concerts_18_920
266
753 626 9 13 0.97216123 
823 573 10 15 0.9540484 
279 506 13 20 0.8972024 
982 587 10 12 0.86055124 
616 604 11 16 0.8135483 
852 558 9 12 0.78582007 
868 574 9 12 0.78582007 
770 623 10 13 0.7217721 
930 562 7 10 0.66669756 
819 529 6 9 0.66669756 
757 570 8 12 0.64717066 
619 568 8 10 0.47834834 
903 566 8 12 0.47834834 
903 486 7 10 0.31433135 
801 557 7 10 0.27822798 
908 519 7 10 0.26116365 
390 5 31 39 0.2511021 
791 551 6 8 0.24479094 
850 497 14 20 0.22912638 
589 565 5 7 0.19995552 
776 89 11 19 0.1864517 
706 121 12 22 0.17366187 
418 121 33 55 0.16258557 
1004 517 9 12 0.15017675 
870 54 18 28 0.13944872 
655 -5 75 79 0.13928533 
202 618 50 61 0.12872262 
665 564 6 8 0.11991897 
849 116 12 19 0.11991897 
752 596 13 16 0.111069925 
44 462 9 13 0.111069925 
850 501 9 12 0.111069925 
232 618 27 44 0.109639935 
765 65 8 11 0.10279763 
872 545 8 11 0.09507551 
788 553 8 10 0.09507551 
705 169 27 31 0.09308393 
708 113 14 22 0.08787667 
906 624 15 21 0.08117401 
741 602 7 11 0.08117401 
155 566 6 10 0.08117401 
754 107 14 17 0.074940585 
889 2 7 12 0.074940585 
880 603 6 8 0.07494057 
877 54 22 32 0.072444364 
223 638 53 70 0.07244435 
827 62 124 153 0.06984133 
207 186 109 158 0.06984132 
903 559 7 10 0.069149815 
924 610 6 9 0.06377564 
833 553 8 11 0.06377564 
773 75 12 24 0.06377564 
254 614 31 41 0.06111947 
817 571 7 11 0.05879275 
631 568 6 8 0.05879275 
841 97 14 22 0.05879275 
604 582 7 10 0.05879275 
612 399 98 151 0.058741733 
860 84 67 83 0.056098126 
553 183 34 39 0.056098126 
673 128 11 18 0.054176662 
869 524 6 10 0.054176662 
864 558 7 10 0.054176662 
796 555 10 15 0.054176662 
613 568 5 8 0.054176662 
923 572 6 9 0.054176662 
382 -3 51 69 0.051466707 
804 573 6 9 0.04990379 
575 570 5 7 0.04990379 
594 576 7 10 0.04990379 
950 525 6 9 0.04990379 
796 555 6 9 0.04990379 
892 608 12 17 0.049903784 
876 642 8 12 0.049903784 
722 106 11 20 0.049903784 
451 96 26 37 0.047198545 
539 173 63 69 0.047198545 
550 611 21 37 0.047198545 
943 578 8 12 0.04595155 
771 86 12 22 0.04595155 
710 421 14 20 0.04595155 
618 565 7 10 0.045951538 
789 552 11 16 0.045951538 
897 611 9 12 0.045951538 
768 66 12 21 0.045951538 
760 598 9 12 0.045951538 
241 639 27 39 0.04326818 
246 658 35 41 0.04326818 
463 598 32 53 0.04326818 
816 54 25 31 0.04326818 
846 85 14 21 0.04229837 
81 528 4 6 0.04229837 
800 573 7 11 0.04229837 
800 561 7 11 0.04229837 
420 569 90 136 0.04133061 
437 610 52 79 0.039651502 
165 210 30 43 0.039651502 
977 440 42 82 0.039651502 
640 420 61 91 0.039651494 
144 590 22 32 0.039651494 
808 132 33 37 0.039651494 
434 100 24 37 0.039651494 
960 0 24 25 0.039651494 
587 564 10 14 0.038923774 
837 554 7 10 0.038923774 
883 1 13 20 0.038923774 
604 596 6 10 0.038923774 
186 488 7 10 0.038923774 
685 120 11 20 0.038923774 
759 564 9 12 0.038923774 
673 564 6 8 0.038923774 
897 625 7 11 0.038923774 
496 152 140 218 0.03781825 
527 7 32 39 0.036325652 
910 58 54 64 0.036325652 
390 559 54 91 0.036325652 
241 627 47 64 0.036325652 
884 58 23 34 0.036325645 
788 567 7 10 0.035808332 
871 606 7 9 0.035808332 
873 72 8 13 0.035808332 
608 649 26 28 0.033269096 
708 119 22 29 0.033269096 
741 600 11 16 0.03293372 
888 109 20 29 0.03293372 
158 196 15 20 0.03293372 
924 67 17 23 0.03293372 
863 543 8 10 0.03293372 
748 99 15 23 0.032933712 
822 563 12 18 0.032933712 
949 577 6 10 0.032933712 
838 551 6 9 0.032933712 
818 75 6 10 0.032933712 
922 38 20 30 0.030461604 
640 288 30 41 0.030461604 
-1 92 73 111 0.030461604 
413 121 53 99 0.030461596 
696 154 48 55 0.030461596 
750 87 20 30 0.030461596 
899 73 53 72 0.030461596 
937 576 8 11 0.030282615 
588 581 12 15 0.030282615 
855 592 8 13 0.030282615 
828 555 12 16 0.030282615 
781 468 5 6 0.030282615 
629 571 8 11 0.030282615 
252 648 20 27 0.030282615 
886 703 6 11 0.030282615 
716 111 12 20 0.030282615 
282 539 10 14 0.030282615 
1004 514 7 10 0.030282607 
136 398 218 298 0.028921604 
881 72 26 33 0.027884193 
877 105 35 44 0.027884193 
415 594 58 85 0.027884193 
1 462 44 70 0.027884185 
514 381 53 82 0.027884185 
688 417 25 40 0.027884185 
702 418 23 35 0.027884185 
548 185 86 102 0.027884185 
919 14 15 22 0.027838783 
904 489 8 12 0.027838783 
874 664 14 21 0.027838783 
913 628 10 14 0.027838783 
745 600 14 19 0.027838783 
907 609 8 11 0.027838783 
815 97 14 18 0.027838778 
907 512 7 11 0.027838778 
812 612 14 20 0.027838778 
799 567 8 11 0.027838778 
612 636 6 8 0.027838778 
766 540 6 8 0.027838778 
889 0 12 18 0.027838778 
600 582 7 10 0.02558696 
761 65 13 20 0.02558696 
851 507 14 19 0.02558696 
864 568 8 12 0.02558696 
659 568 5 8 0.02558696 
92 522 6 8 0.02558696 
167 201 8 11 0.02558696 
681 655 6 9 0.02558696 
941 558 6 8 0.02558696 
749 596 9 12 0.02558696 
824 559 8 11 0.02558696 
894 617 12 18 0.02558696 
911 501 6 9 0.02558696 
40 465 9 11 0.02558696 
1001 575 6 8 0.02558696 
928 0 14 18 0.02558696 
927 572 7 10 0.02558696 
962 554 5 7 0.02558696 
855 521 8 10 0.02558696 
992 584 27 42 0.025519116 
207 642 35 46 0.025519116 
754 559 19 26 0.025519116 
455 412 51 72 0.025519116 
681 395 27 40 0.025519116 
428 93 43 62 0.025519116 
542 153 28 37 0.025519116 
739 639 8 12 0.02351288 
269 668 15 22 0.02351288 
162 567 6 10 0.02351288 
814 569 8 11 0.02351288 
664 573 7 10 0.02351288 
807 572 7 10 0.02351288 
809 554 5 8 0.02351288 
88 524 7 9 0.02351288 
997 521 6 9 0.02351288 
899 525 6 8 0.02351288 
860 554 12 17 0.02351288 
858 558 8 11 0.02351288 
797 575 11 16 0.02351288 
895 601 13 18 0.02351288 
903 490 13 18 0.02351288 
781 87 9 14 0.02351288 
905 484 7 9 0.02351288 
810 114 11 20 0.02351288 
780 92 15 20 0.02351288 
917 1 17 22 0.02351288 
172 209 16 24 0.02351288 
123 258 51 75 0.023349825 
191 198 28 37 0.023349825 
697 121 51 58 0.023349825 
405 121 28 48 0.023349825 
849 113 28 33 0.023349825 
183 168 64 80 0.023349825 
439 616 30 47 0.023349825 
640 462 104 144 0.022069868 
152 116 186 249 0.022069868 
623 570 8 11 0.0216032 
701 109 16 23 0.021603195 
937 575 13 18 0.021603195 
692 123 9 14 0.021603195 
607 584 8 11 0.021603195 
614 567 10 15 0.021603195 
534 524 21 28 0.021603195 
922 570 12 17 0.021603195 
660 574 6 9 0.021603195 
937 569 6 9 0.021603195 
885 606 7 10 0.021603195 
710 131 16 21 0.021603195 
696 171 14 16 0.021603195 
797 84 12 21 0.021603195 
764 563 8 11 0.021603195 
882 628 8 12 0.021603195 
611 569 5 8 0.021603195 
164 200 14 21 0.021603195 
770 74 8 16 0.021603195 
173 209 7 10 0.021603195 
842 554 6 10 0.021603195 
937 559 6 10 0.021603195 
872 530 6 8 0.021603195 
715 164 18 23 0.021603195 
907 500 8 10 0.021603195 
859 523 7 9 0.021603195 
839 516 5 8 0.021603195 
814 57 15 22 0.021603195 
826 63 19 24 0.021603195 
525 390 34 49 0.021360904 
770 89 21 29 0.021360898 
877 1 23 31 0.021360898 
843 108 23 28 0.021360898 
4 483 27 44 0.021360898 
915 73 26 36 0.021360898 
212 69 206 253 0.020159906 
3 210 98 132 0.0201599 
