18_Concerts_Concerts_18_602
351
939 375 34 54 0.99931467 
557 387 27 41 0.9990138 
297 529 37 56 0.9977647 
898 480 37 58 0.99678564 
453 346 13 19 0.9964348 
407 391 17 28 0.994965 
233 299 13 20 0.9945117 
250 301 17 27 0.9928939 
52 382 17 29 0.9928939 
259 539 25 41 0.9927347 
345 377 18 29 0.99225557 
143 256 12 20 0.99225557 
480 397 25 35 0.99204755 
23 338 13 21 0.9915604 
331 503 30 56 0.99129593 
369 395 26 38 0.99129593 
838 339 15 23 0.9881053 
309 386 21 35 0.98366195 
773 334 12 20 0.98015445 
78 418 21 31 0.9697174 
133 395 13 20 0.9641916 
515 394 16 29 0.9577016 
301 254 12 18 0.95009625 
108 256 12 18 0.95009625 
167 403 22 31 0.9439019 
681 354 11 19 0.94120723 
190 261 10 18 0.92505944 
39 345 15 23 0.92505944 
263 260 10 17 0.9121234 
439 328 10 18 0.9121234 
398 326 9 16 0.9121234 
457 487 24 41 0.9069161 
50 263 10 18 0.8972024 
519 323 13 19 0.8972024 
873 371 17 26 0.87062967 
740 374 15 21 0.86055124 
139 405 20 28 0.84982324 
616 266 8 13 0.8135483 
712 338 14 21 0.7388364 
483 261 8 14 0.7217721 
472 361 18 26 0.7217721 
0 279 9 22 0.7040394 
522 338 13 19 0.66669756 
409 289 9 14 0.64717066 
335 269 8 13 0.60666233 
191 362 15 22 0.5858033 
210 275 9 14 0.5858033 
583 259 7 14 0.56463194 
552 305 8 12 0.56463194 
368 271 10 18 0.5432222 
31 395 14 24 0.5432222 
547 280 7 10 0.5216516 
577 262 9 13 0.5 
167 267 12 18 0.43536806 
817 427 17 27 0.43536806 
567 331 12 18 0.4141967 
312 518 33 60 0.4099317 
281 491 25 37 0.36670664 
393 296 8 12 0.31433132 
395 365 15 26 0.29596066 
85 724 33 30 0.28687313 
876 341 12 17 0.27822798 
652 346 15 21 0.26116365 
756 659 61 56 0.2511021 
402 312 7 10 0.24479094 
670 342 13 20 0.22912638 
223 269 12 18 0.2141799 
390 300 12 17 0.16157512 
831 428 23 35 0.13928533 
107 443 18 28 0.1293704 
216 269 12 18 0.111069925 
1 261 9 15 0.111069925 
460 551 31 55 0.109639935 
39 351 21 33 0.109639935 
116 426 16 25 0.102797605 
509 305 7 11 0.102797605 
344 330 21 30 0.10106142 
288 502 25 39 0.10106142 
240 448 22 35 0.10106142 
376 302 8 12 0.09507551 
875 472 18 25 0.09507551 
311 482 26 43 0.09308393 
707 393 7 10 0.08787667 
917 339 17 24 0.08787667 
132 395 21 33 0.08567616 
574 265 9 13 0.081174016 
372 303 12 20 0.08117401 
437 279 7 12 0.08117401 
116 409 9 13 0.08117401 
164 278 9 14 0.08117401 
27 336 19 29 0.07880669 
478 263 7 11 0.074940585 
369 278 12 19 0.074940585 
754 669 38 37 0.07244435 
195 264 9 15 0.069149815 
605 339 14 18 0.069149815 
508 376 17 23 0.069149815 
511 337 5 9 0.0691498 
875 438 27 41 0.06655858 
438 532 53 83 0.06655857 
356 277 8 15 0.06377564 
896 352 14 22 0.06377564 
523 400 16 24 0.06377564 
568 337 14 21 0.06377564 
331 271 9 15 0.06377564 
435 310 8 11 0.06377564 
780 639 69 68 0.06111947 
867 379 26 34 0.06111947 
404 290 8 12 0.05879275 
890 414 17 26 0.05879275 
17 402 13 20 0.05879275 
23 470 27 33 0.056098126 
413 321 8 13 0.054176662 
359 274 12 18 0.054176662 
112 433 17 28 0.054176662 
230 271 9 14 0.054176662 
659 340 14 24 0.054176662 
340 331 15 19 0.054176662 
437 291 8 13 0.054176662 
0 380 7 13 0.054176662 
136 257 14 21 0.054176662 
151 461 203 330 0.053832818 
272 486 24 37 0.051466707 
359 298 23 37 0.051466707 
506 384 22 30 0.051466707 
245 379 31 44 0.051466707 
219 351 13 21 0.04990379 
278 669 14 21 0.04990379 
398 315 12 22 0.04990379 
674 346 13 23 0.04990379 
914 348 17 23 0.049903784 
299 508 20 26 0.049903784 
428 323 11 19 0.049903784 
496 390 25 34 0.047198545 
518 327 19 27 0.047198545 
40 381 21 34 0.047198545 
1 449 11 23 0.04595155 
448 300 11 19 0.04595155 
331 278 14 21 0.04595155 
541 361 13 20 0.045951538 
902 350 12 21 0.045951538 
705 342 7 11 0.045951538 
383 277 7 13 0.045951538 
736 356 14 20 0.045951538 
671 337 10 15 0.045951538 
75 714 55 51 0.04326818 
321 282 23 34 0.04326818 
625 287 11 16 0.04229837 
120 412 9 14 0.04229837 
498 364 8 12 0.04229837 
842 429 19 28 0.04229837 
8 384 6 10 0.04229837 
101 278 12 19 0.04229837 
292 239 9 12 0.04229837 
396 305 11 17 0.04229837 
706 388 12 18 0.04229837 
393 307 8 13 0.04229837 
646 350 16 23 0.04229837 
373 271 11 18 0.04229837 
437 282 12 19 0.04229837 
567 260 5 9 0.04229837 
615 270 11 19 0.04229836 
832 435 215 277 0.04133061 
881 424 27 40 0.039651494 
319 498 28 49 0.039651494 
563 373 18 24 0.038923774 
710 328 16 22 0.038923774 
397 295 7 11 0.038923774 
10 385 7 11 0.038923774 
372 287 8 12 0.038923774 
633 283 7 15 0.038923774 
571 259 7 12 0.038923774 
63 412 15 26 0.038923774 
389 333 14 23 0.038923774 
584 353 15 23 0.038923774 
164 324 14 20 0.038923774 
736 352 9 13 0.038923774 
447 565 146 200 0.03781825 
288 685 70 83 0.036325652 
362 284 21 34 0.036325645 
592 366 21 29 0.036325645 
304 496 26 40 0.036325645 
398 358 15 24 0.035808332 
391 272 5 7 0.035808332 
907 348 14 21 0.035808332 
330 265 9 15 0.035808332 
867 377 10 15 0.035808332 
314 480 16 25 0.035808332 
202 340 17 26 0.035808332 
587 359 17 27 0.035808332 
1006 270 5 8 0.035808332 
418 360 13 18 0.035808332 
175 268 8 14 0.035808332 
405 314 11 18 0.035808332 
49 308 12 19 0.035808332 
434 290 6 11 0.035808332 
353 279 7 14 0.035808332 
705 339 12 18 0.035808332 
190 365 10 14 0.035808332 
989 291 6 9 0.035808332 
390 340 8 13 0.035808332 
219 522 27 38 0.033269096 
346 284 42 62 0.033269096 
727 651 28 31 0.033269096 
400 378 21 33 0.033269096 
294 491 27 38 0.033269096 
15 385 22 34 0.033269096 
1013 288 7 10 0.03293372 
621 280 11 19 0.03293372 
138 697 5 8 0.03293372 
192 268 10 16 0.032933712 
391 329 9 15 0.032933712 
386 304 13 20 0.032933712 
554 307 9 13 0.032933712 
434 326 9 15 0.032933712 
711 628 109 130 0.03163486 
859 389 27 39 0.030461604 
598 344 22 30 0.030461604 
349 545 27 47 0.030461596 
192 368 23 33 0.030461596 
959 474 28 45 0.030461596 
153 291 12 21 0.030282615 
18 275 7 13 0.030282615 
391 292 9 13 0.030282615 
874 363 15 22 0.030282615 
425 283 5 9 0.030282615 
926 341 9 14 0.030282615 
430 285 6 11 0.030282615 
450 305 13 22 0.030282615 
117 417 15 23 0.030282615 
433 311 12 18 0.030282615 
351 333 10 15 0.030282615 
386 306 8 11 0.030282615 
0 424 8 15 0.030282615 
252 283 9 13 0.030282615 
16 324 23 35 0.027884193 
470 535 55 88 0.027884193 
715 653 63 66 0.027884193 
6 327 23 35 0.027884193 
603 335 22 30 0.027884193 
866 406 46 64 0.027884185 
231 372 51 71 0.027884185 
733 690 19 22 0.027838783 
603 270 6 11 0.027838783 
482 304 9 12 0.027838783 
445 279 7 11 0.027838783 
873 351 16 23 0.027838783 
454 289 8 12 0.027838783 
135 258 9 14 0.027838783 
747 374 9 15 0.027838783 
446 303 8 13 0.027838783 
497 339 5 8 0.027838783 
6 385 11 20 0.027838783 
168 481 13 20 0.027838778 
502 378 17 26 0.027838778 
360 270 9 15 0.027838778 
1016 374 7 14 0.027838778 
379 307 12 20 0.027838778 
433 285 7 12 0.027838778 
388 302 7 11 0.027838778 
710 332 8 12 0.02558696 
326 268 9 14 0.02558696 
488 303 6 10 0.02558696 
89 330 8 13 0.02558696 
507 303 6 11 0.02558696 
549 301 8 13 0.02558696 
934 359 17 26 0.02558696 
571 254 13 21 0.02558696 
782 662 26 30 0.02558696 
516 326 9 13 0.02558696 
649 336 15 24 0.02558696 
0 409 12 23 0.02558696 
451 289 6 11 0.02558696 
16 406 9 13 0.02558696 
441 287 13 20 0.02558696 
839 348 16 25 0.02558696 
186 297 7 10 0.02558696 
201 263 8 13 0.02558696 
605 256 4 8 0.02558696 
362 281 14 22 0.02558696 
211 281 12 20 0.02558696 
932 138 88 117 0.025519116 
351 335 23 35 0.025519116 
972 489 28 45 0.025519116 
351 314 23 37 0.025519116 
974 498 46 78 0.025519116 
199 321 22 33 0.025519116 
572 160 106 151 0.024156325 
607 330 16 21 0.02351288 
897 422 9 14 0.02351288 
124 411 7 11 0.02351288 
24 398 16 26 0.02351288 
15 175 9 14 0.02351288 
383 400 19 27 0.02351288 
440 295 8 12 0.02351288 
666 336 10 15 0.02351288 
509 334 10 16 0.02351288 
423 320 11 20 0.02351288 
381 302 7 11 0.02351288 
288 321 9 14 0.02351288 
401 309 11 17 0.02351288 
0 272 9 17 0.02351288 
329 387 15 26 0.02351288 
1 394 12 22 0.02351288 
914 355 9 13 0.02351288 
516 378 9 12 0.02351288 
320 257 12 19 0.02351288 
610 267 10 17 0.02351288 
148 373 6 10 0.02351288 
215 264 9 15 0.02351288 
558 260 6 9 0.02351288 
164 266 9 15 0.02351288 
921 350 10 15 0.02351288 
397 356 9 14 0.02351288 
662 349 9 16 0.02351288 
464 504 32 49 0.023349825 
207 450 28 47 0.023349825 
273 481 45 58 0.023349825 
-1 277 17 33 0.023349825 
106 461 24 36 0.023349825 
703 382 25 42 0.023349825 
342 304 23 35 0.023349825 
134 265 9 15 0.0216032 
653 333 7 11 0.021603195 
592 355 17 25 0.021603195 
667 349 11 19 0.021603195 
441 277 8 12 0.021603195 
819 167 5 7 0.021603195 
440 296 12 18 0.021603195 
382 306 7 11 0.021603195 
822 437 15 27 0.021603195 
650 348 11 15 0.021603195 
585 256 8 13 0.021603195 
422 284 6 10 0.021603195 
329 258 8 12 0.021603195 
622 289 8 13 0.021603195 
751 187 6 9 0.021603195 
357 285 15 25 0.021603195 
372 297 9 14 0.021603195 
42 166 12 18 0.021603195 
2 378 12 18 0.021603195 
894 359 13 23 0.021603195 
609 269 7 12 0.021603195 
419 320 11 18 0.021603195 
1001 315 12 21 0.021603195 
797 608 62 81 0.021360904 
248 540 23 41 0.021360898 
952 580 64 99 0.021360898 
14 170 23 38 0.021360898 
677 350 19 31 0.021360898 
422 517 89 138 0.0201599 
