18_Concerts_Concerts_18_102
42
88 546 228 618 0.8001182 
-13 594 172 591 0.78491884 
185 539 249 695 0.71599656 
517 144 91 206 0.5227497 
258 430 246 583 0.45389685 
3 801 206 609 0.3864298 
5 1104 119 421 0.3436022 
203 855 203 600 0.32305852 
-34 2 273 737 0.2150812 
86 585 138 409 0.19988178 
660 608 222 557 0.19988176 
571 -33 197 574 0.14717786 
327 665 200 627 0.13594593 
-1 8 112 353 0.12544508 
194 611 142 481 0.1065206 
700 -26 218 646 0.09803478 
771 805 209 636 0.08285364 
341 276 253 591 0.08285364 
370 496 149 309 0.076092646 
711 604 109 421 0.06984133 
167 1070 144 380 0.064067975 
733 584 69 210 0.06111947 
112 -9 232 627 0.05874174 
81 887 206 591 0.04931264 
251 -7 239 636 0.04133061 
310 356 63 121 0.036325652 
693 1078 215 627 0.034593593 
489 1107 16 51 0.032933712 
248 558 132 453 0.03163486 
288 1021 126 374 0.028921604 
430 36 281 771 0.028921604 
556 572 194 557 0.028921604 
824 567 79 126 0.025519116 
779 336 228 665 0.024156325 
613 103 209 609 0.022069868 
614 222 5 16 0.021603195 
559 173 5 15 0.021603195 
238 1273 61 168 0.021360904 
257 718 79 217 0.021360898 
648 1234 82 210 0.021360898 
708 440 80 130 0.021360898 
608 1156 218 525 0.0201599 
