18_Concerts_Concerts_18_60
70
501 399 25 36 0.9944617 
256 380 19 24 0.8384248 
452 51 209 261 0.7520595 
710 478 23 32 0.43212515 
30 410 41 76 0.43212515 
999 626 22 35 0.28687313 
675 539 44 51 0.268611 
653 534 49 58 0.2511021 
638 513 49 60 0.23436876 
518 109 200 253 0.2150812 
482 211 222 293 0.17193554 
404 603 21 29 0.16258556 
90 275 123 191 0.13594593 
306 486 123 155 0.1254451 
778 185 232 325 0.1254451 
223 381 222 298 0.115646794 
646 73 206 264 0.115646794 
274 187 261 345 0.115646794 
38 420 70 59 0.109639935 
716 416 228 325 0.1065206 
94 358 18 25 0.08117401 
537 653 19 26 0.069149815 
561 274 225 257 0.05874174 
74 287 218 276 0.05874174 
372 604 21 29 0.056098126 
690 299 269 306 0.053832814 
718 406 14 19 0.04990379 
896 536 9 11 0.049903784 
900 531 25 30 0.047198545 
944 585 14 20 0.04595155 
920 661 21 23 0.04595155 
801 122 206 225 0.045153897 
469 342 246 268 0.045153886 
974 620 14 18 0.04229837 
902 534 15 19 0.04229837 
773 161 126 170 0.04133061 
386 22 48 70 0.039651502 
443 484 49 60 0.039651494 
807 537 6 8 0.038923774 
281 117 186 268 0.03781825 
695 541 34 41 0.036325645 
455 501 29 38 0.033269096 
664 444 194 242 0.03163486 
620 193 246 302 0.03163486 
470 484 29 33 0.030461596 
911 536 9 11 0.030282615 
755 522 119 146 0.028921604 
81 76 215 249 0.02643471 
141 323 235 289 0.02643471 
890 535 13 16 0.02558696 
961 483 24 32 0.025519116 
24 428 30 51 0.025519116 
388 473 65 94 0.025519116 
192 41 53 69 0.025519116 
182 418 23 26 0.025519116 
206 150 106 167 0.024156325 
665 495 12 16 0.02351288 
699 556 19 24 0.02351288 
316 536 4 6 0.02351288 
747 619 26 39 0.023349825 
468 497 33 43 0.023349825 
243 409 8 11 0.021603195 
387 604 19 27 0.021603195 
707 483 16 24 0.021603195 
854 601 26 34 0.021360898 
97 -1 29 27 0.021360898 
611 495 63 73 0.021360898 
420 481 46 67 0.021360898 
449 460 54 58 0.021360898 
355 69 222 272 0.020159906 
