18_Concerts_Concerts_18_133
157
641 913 35 82 0.811072 
456 959 30 70 0.71312684 
323 405 53 108 0.5900683 
152 1004 28 53 0.5454055 
312 1131 11 35 0.45677772 
674 452 212 573 0.4085711 
174 420 26 67 0.32552502 
419 172 203 548 0.32305852 
804 1212 30 68 0.2032784 
217 1280 21 58 0.17366187 
116 80 44 137 0.16258557 
701 602 134 322 0.15916686 
441 974 52 126 0.13928533 
162 304 246 590 0.13594593 
103 457 27 64 0.12872264 
350 721 235 565 0.12544508 
378 1012 41 91 0.109639935 
223 449 134 342 0.09015675 
408 949 23 59 0.08567618 
560 1007 8 20 0.08117401 
508 144 239 532 0.076092646 
390 902 246 565 0.076092646 
657 805 23 58 0.072444364 
640 916 20 44 0.0691498 
135 733 104 295 0.064067975 
480 3 60 157 0.06111947 
598 1186 16 41 0.05879275 
752 933 218 548 0.05874174 
633 908 57 132 0.056098126 
878 45 63 151 0.056098126 
172 8 209 517 0.053832818 
600 282 188 473 0.053832814 
171 396 42 113 0.051466707 
62 699 69 149 0.051466707 
321 1157 30 72 0.051466707 
823 1012 30 70 0.047198545 
561 942 4 12 0.045951538 
312 546 4 10 0.045951538 
765 -100 242 590 0.045153897 
392 980 31 82 0.04326818 
407 406 27 77 0.04326818 
283 1254 6 16 0.04229837 
341 582 4 10 0.04229837 
284 1226 6 15 0.04229837 
995 1031 17 32 0.04229837 
867 1085 61 157 0.039651502 
662 364 25 63 0.039651502 
382 964 34 75 0.039651502 
426 1002 26 68 0.039651494 
351 582 4 10 0.038923774 
463 611 14 31 0.038923774 
62 1127 27 63 0.036325652 
347 250 31 66 0.036325652 
345 608 4 11 0.035808332 
306 1 246 608 0.034593593 
383 918 49 108 0.033269096 
654 750 52 130 0.033269096 
185 389 58 139 0.033269096 
539 961 17 37 0.032933712 
557 1013 8 17 0.032933712 
408 959 4 11 0.032933712 
46 194 235 532 0.03163486 
550 1226 26 61 0.030461604 
873 1167 51 113 0.030461604 
129 903 71 165 0.030461596 
667 349 92 121 0.030461596 
652 461 13 32 0.030282615 
313 1208 8 20 0.030282615 
362 702 5 12 0.030282615 
296 658 6 14 0.030282615 
358 612 5 12 0.030282615 
291 966 4 11 0.030282615 
363 571 5 11 0.030282615 
312 541 4 9 0.030282615 
286 485 65 149 0.027884193 
307 436 61 137 0.027884193 
578 706 26 64 0.027884193 
267 1035 26 63 0.027884193 
407 373 48 126 0.027884185 
419 975 47 119 0.027884185 
301 531 4 10 0.027838783 
302 537 4 10 0.027838783 
563 1001 9 22 0.027838783 
336 608 5 12 0.027838783 
559 946 6 15 0.027838783 
667 383 7 18 0.027838783 
301 1013 6 16 0.027838778 
299 530 4 10 0.027838778 
794 436 206 540 0.02643471 
351 586 112 240 0.026434705 
327 564 5 13 0.02558696 
505 391 19 45 0.02558696 
343 582 5 11 0.02558696 
290 580 4 10 0.02558696 
340 588 4 11 0.02558696 
162 1288 6 16 0.02558696 
672 383 7 17 0.02558696 
173 1311 7 17 0.02558696 
379 659 5 13 0.02558696 
547 1105 4 10 0.02558696 
139 1290 17 41 0.02558696 
354 612 4 11 0.02558696 
332 624 5 12 0.02558696 
841 720 68 159 0.025519116 
404 997 29 74 0.025519116 
143 995 46 85 0.025519116 
223 1285 26 61 0.025519116 
693 397 128 337 0.024156325 
600 804 206 556 0.024156325 
275 808 188 487 0.024156325 
324 1121 6 16 0.02351288 
642 1046 7 19 0.02351288 
643 1275 16 38 0.02351288 
344 701 5 14 0.02351288 
341 609 4 10 0.02351288 
389 589 5 11 0.02351288 
519 501 15 34 0.02351288 
336 573 4 10 0.02351288 
306 967 5 14 0.02351288 
637 1036 12 30 0.02351288 
404 1128 61 134 0.023349825 
876 1223 24 60 0.023349825 
350 1160 32 79 0.023349825 
341 406 63 126 0.023349825 
326 1125 48 115 0.023349825 
338 1078 56 132 0.023349825 
652 347 50 108 0.023349825 
497 970 25 68 0.023349825 
764 143 209 582 0.022069868 
693 20 200 525 0.022069868 
522 507 9 21 0.021603195 
530 990 6 16 0.021603195 
329 623 4 11 0.021603195 
176 409 20 45 0.021603195 
294 984 5 15 0.021603195 
314 564 5 12 0.021603195 
417 959 6 15 0.021603195 
345 626 4 10 0.021603195 
253 1226 9 23 0.021603195 
302 591 5 11 0.021603195 
656 919 22 47 0.021603195 
426 605 4 11 0.021603195 
340 614 5 11 0.021603195 
355 1105 31 74 0.021360898 
460 958 44 108 0.021360898 
880 1119 30 72 0.021360898 
345 972 74 149 0.021360898 
454 1011 55 121 0.021360898 
411 249 27 54 0.021360898 
72 712 42 94 0.021360898 
0 926 64 199 0.021360898 
873 158 57 137 0.021360898 
535 974 27 57 0.021360898 
385 395 56 144 0.021360893 
287 880 123 291 0.0201599 
381 931 101 278 0.0201599 
112 652 112 251 0.0201599 
