18_Concerts_Concerts_18_693
33
439 87 104 172 0.9992632 
747 197 203 324 0.52310073 
618 494 235 354 0.45389685 
658 123 209 319 0.2311026 
740 341 149 227 0.2311026 
210 629 54 74 0.1753677 
-28 226 225 359 0.12544508 
0 18 239 370 0.09803478 
523 526 106 152 0.09015675 
744 351 80 113 0.08567618 
698 295 293 375 0.06984132 
6 665 70 106 0.06111947 
573 12 235 339 0.04931264 
42 153 246 334 0.045153886 
553 444 246 292 0.04133061 
300 115 73 122 0.039651502 
300 606 123 157 0.03781825 
196 194 86 124 0.036325652 
909 580 25 39 0.036325645 
480 585 61 78 0.033269096 
367 484 70 75 0.033269096 
364 513 70 83 0.030461604 
345 288 58 69 0.027884193 
599 537 25 42 0.027884185 
306 531 114 169 0.026434705 
422 586 98 135 0.024156325 
386 574 78 115 0.023349825 
245 345 212 279 0.022069868 
92 297 261 305 0.022069868 
587 492 51 79 0.021360898 
485 536 101 131 0.020159906 
438 320 206 256 0.0201599 
673 311 155 227 0.0201599 
