18_Concerts_Concerts_18_706
32
487 157 158 330 0.99731666 
214 395 197 492 0.7520595 
388 413 235 492 0.6135702 
91 412 228 450 0.18550259 
427 641 158 350 0.17193556 
-4 399 111 289 0.15916686 
431 271 218 450 0.1065206 
42 261 203 507 0.09803478 
173 470 134 298 0.08285364 
520 811 228 492 0.06984133 
73 826 269 485 0.064067975 
641 12 209 450 0.05874174 
65 484 117 285 0.04931264 
178 10 218 478 0.03781825 
628 858 218 537 0.034593593 
44 505 209 485 0.034593593 
812 401 53 121 0.033269096 
0 460 67 188 0.033269096 
305 414 194 457 0.03163486 
456 210 119 268 0.028921604 
717 575 55 125 0.027884185 
188 640 37 67 0.027884185 
-4 -6 232 499 0.026434705 
721 590 225 464 0.024156325 
765 753 14 31 0.02351288 
91 545 89 138 0.023349825 
550 244 97 208 0.023349825 
432 922 78 182 0.023349825 
184 612 70 121 0.023349825 
318 232 206 457 0.022069868 
720 328 188 437 0.022069868 
721 849 225 514 0.0201599 
