18_Concerts_Concerts_18_257
60
456 56 89 118 0.99385405 
655 286 253 270 0.6769414 
359 257 74 129 0.4085711 
473 -7 232 295 0.3864298 
547 386 186 278 0.26558137 
421 109 215 243 0.2311026 
613 311 32 42 0.15056497 
556 475 98 137 0.14717786 
606 459 107 181 0.13594593 
624 294 49 61 0.118850335 
297 166 206 282 0.115646794 
315 429 48 54 0.09308395 
329 404 37 36 0.09308393 
739 261 273 251 0.064067975 
649 297 29 41 0.056098126 
618 364 218 274 0.053832818 
437 254 111 141 0.053832814 
619 262 178 233 0.053832814 
608 233 65 73 0.051466707 
590 296 49 60 0.051466707 
605 200 15 20 0.04990379 
135 450 17 21 0.04990379 
581 140 246 251 0.04931264 
446 287 24 31 0.047198545 
632 486 24 36 0.047198545 
539 441 53 60 0.047198545 
243 204 100 141 0.045153897 
569 12 140 195 0.04133062 
321 416 39 42 0.039651502 
471 294 222 254 0.03781825 
596 198 21 25 0.036325645 
120 393 112 139 0.034593605 
533 394 121 173 0.034593593 
516 265 63 83 0.033269096 
114 449 57 71 0.033269096 
591 243 51 61 0.033269096 
388 182 188 243 0.028921604 
549 448 31 38 0.027884193 
140 411 67 77 0.027884193 
436 259 53 66 0.027884193 
551 363 70 76 0.027884185 
585 217 13 17 0.027838783 
133 456 12 20 0.027838778 
242 13 218 258 0.026434705 
440 266 32 42 0.025519116 
591 218 50 61 0.025519116 
585 199 23 27 0.025519116 
250 141 100 141 0.024156325 
716 369 144 201 0.024156325 
38 573 15 19 0.02351288 
607 202 8 10 0.02351288 
576 474 64 81 0.023349825 
459 272 27 32 0.023349825 
80 318 191 243 0.022069868 
340 394 222 266 0.022069868 
137 439 15 16 0.021603195 
484 290 6 9 0.021603195 
630 260 50 76 0.021360904 
600 261 51 67 0.021360898 
580 215 23 28 0.021360898 
