18_Concerts_Concerts_18_665
57
604 115 160 391 0.9883244 
520 68 200 510 0.69682413 
604 229 218 488 0.19988176 
258 652 194 533 0.18550259 
125 1178 56 138 0.16258557 
589 1052 232 591 0.13594593 
768 1017 101 322 0.115646794 
432 335 215 517 0.115646794 
227 745 78 131 0.109639935 
890 758 100 308 0.09015675 
914 829 63 185 0.07880669 
911 30 75 188 0.07880669 
-20 427 194 517 0.076092646 
211 1194 26 52 0.07244435 
642 471 242 541 0.064067975 
329 65 215 533 0.064067975 
686 97 7 17 0.06377564 
682 994 215 557 0.05874174 
790 36 126 363 0.058741733 
17 945 69 191 0.056098126 
334 946 253 549 0.053832818 
781 1005 186 502 0.04931264 
463 618 24 59 0.047198545 
67 11 222 557 0.045153886 
393 1215 6 16 0.04229837 
159 1173 30 78 0.039651502 
131 1231 59 145 0.039651494 
778 980 71 194 0.039651494 
484 595 54 127 0.033269096 
124 1041 212 510 0.03163486 
890 612 98 313 0.03163486 
347 1062 65 141 0.030461604 
916 619 63 179 0.030461596 
240 1325 63 100 0.030461596 
179 1245 64 129 0.030461596 
756 1075 80 194 0.027884193 
143 1154 55 125 0.027884185 
501 173 138 347 0.02643471 
204 44 257 617 0.026434705 
105 1228 59 156 0.025519116 
195 1172 50 97 0.025519116 
82 1029 51 125 0.025519116 
-10 623 200 557 0.024156325 
33 901 109 299 0.024156325 
294 775 249 510 0.024156325 
489 164 6 17 0.02351288 
224 780 58 153 0.023349825 
151 1205 53 129 0.023349825 
202 1300 65 107 0.023349825 
370 1175 7 19 0.021603195 
451 312 5 14 0.021603195 
383 1281 6 15 0.021603195 
601 1249 89 158 0.021360898 
429 243 50 129 0.021360898 
93 1179 107 244 0.0201599 
720 114 111 322 0.0201599 
343 553 239 533 0.0201599 
