18_Concerts_Concerts_18_403
93
569 113 114 216 0.9098432 
330 642 239 458 0.85282207 
276 655 188 378 0.71599656 
450 85 194 384 0.56891036 
642 202 218 389 0.56891036 
595 677 67 105 0.5227497 
559 642 215 389 0.3864298 
348 26 225 407 0.32305852 
472 701 212 389 0.18550259 
258 38 203 389 0.18550259 
616 620 119 261 0.17193554 
283 348 203 407 0.13594593 
296 96 121 222 0.12544508 
466 967 8 16 0.111069925 
526 33 75 86 0.09308395 
464 371 225 351 0.09015675 
744 765 63 109 0.07880669 
547 -2 18 28 0.07494057 
489 456 40 57 0.07244435 
599 632 57 104 0.06655858 
661 634 73 167 0.06655857 
484 383 130 222 0.064067975 
732 171 65 104 0.06111947 
287 509 24 57 0.06111947 
304 0 8 14 0.05879275 
27 323 212 389 0.05874174 
791 495 32 43 0.051466707 
627 962 6 11 0.049903784 
655 316 134 229 0.04931264 
402 213 69 107 0.047198545 
660 389 37 50 0.047198545 
641 967 6 12 0.04595155 
-5 478 117 294 0.045153897 
-59 229 170 356 0.045153897 
295 172 212 389 0.04133061 
478 79 59 93 0.039651502 
486 -1 74 84 0.039651494 
494 237 32 58 0.039651494 
357 506 8 15 0.038923774 
634 247 134 212 0.03781825 
453 326 57 98 0.036325652 
477 193 56 98 0.036325652 
358 109 70 119 0.036325652 
500 1 41 51 0.036325652 
293 524 15 33 0.035808332 
379 627 140 277 0.034593593 
779 766 55 97 0.033269096 
690 499 60 93 0.033269096 
604 965 8 13 0.03293372 
469 963 9 17 0.032933712 
475 963 9 17 0.032933712 
524 401 69 127 0.030461604 
544 8 89 93 0.030461604 
612 602 65 102 0.030461604 
496 114 32 49 0.030461604 
275 482 42 90 0.030461596 
369 205 75 123 0.030461596 
624 970 12 18 0.030282615 
113 390 136 265 0.028921604 
715 195 134 254 0.028921604 
-84 48 194 401 0.028921604 
371 133 134 257 0.028921604 
654 378 58 82 0.027884185 
609 848 32 61 0.027884185 
548 822 46 93 0.027884185 
516 952 16 23 0.027838783 
347 7 8 16 0.027838783 
574 954 12 23 0.027838778 
232 533 7 13 0.027838778 
-10 172 107 294 0.02643471 
175 654 11 27 0.02558696 
533 69 76 136 0.025519116 
666 403 64 100 0.025519116 
211 268 197 389 0.024156325 
436 945 12 22 0.02351288 
323 236 14 27 0.02351288 
669 387 21 32 0.02351288 
445 949 7 13 0.02351288 
481 349 34 60 0.023349825 
226 538 51 97 0.023349825 
248 106 30 48 0.023349825 
343 218 63 113 0.023349825 
305 640 116 254 0.022069868 
218 567 18 31 0.021603195 
548 353 58 98 0.021360904 
306 518 25 56 0.021360898 
379 658 97 119 0.021360898 
617 176 74 141 0.021360898 
750 810 32 66 0.021360898 
313 547 54 111 0.021360898 
627 616 80 141 0.021360898 
-10 20 114 216 0.0201599 
604 754 126 246 0.0201599 
