18_Concerts_Concerts_18_828
30
607 242 106 155 0.99970764 
362 604 85 56 0.5227497 
233 171 242 302 0.3647484 
122 47 228 293 0.18550259 
559 422 16 21 0.15017675 
553 390 218 280 0.1065206 
790 91 242 289 0.09803478 
932 490 69 80 0.09308395 
383 519 58 56 0.06655857 
407 137 265 350 0.064067975 
728 63 206 280 0.053832814 
823 265 235 280 0.04931264 
220 428 249 264 0.04133061 
358 36 103 134 0.03781825 
341 545 104 115 0.03163486 
93 472 249 264 0.028921604 
910 474 68 83 0.027884193 
307 245 257 302 0.02643471 
859 21 23 27 0.025519116 
198 101 222 272 0.024156325 
453 40 100 124 0.024156325 
516 189 183 242 0.024156325 
560 424 9 12 0.02351288 
597 81 30 37 0.023349825 
482 95 53 73 0.023349825 
64 151 277 316 0.022069868 
564 417 16 21 0.021603195 
657 75 82 94 0.021360898 
550 234 106 158 0.0201599 
669 -10 206 257 0.0201599 
