18_Concerts_Concerts_18_469
57
8 300 41 53 0.9944617 
664 254 32 46 0.9933628 
479 268 36 50 0.98751885 
849 241 36 44 0.98046196 
40 498 46 64 0.5227497 
288 -32 215 281 0.47689918 
88 -56 246 336 0.3647484 
442 -34 235 298 0.3436022 
248 183 32 37 0.28687313 
634 291 20 22 0.27822798 
96 415 11 19 0.18645167 
314 35 281 298 0.115646794 
-50 -25 225 307 0.115646794 
627 -26 218 281 0.1065206 
724 -34 222 290 0.09803478 
825 248 175 257 0.09015675 
810 301 16 25 0.08787667 
887 284 61 75 0.08567618 
65 496 43 60 0.07880669 
158 435 27 27 0.07880669 
125 438 239 298 0.076092646 
190 -18 215 246 0.076092646 
623 318 9 11 0.074940585 
113 497 124 156 0.06984133 
589 300 180 285 0.064067975 
190 290 235 265 0.05874174 
861 268 93 138 0.053832814 
153 -2 162 189 0.053832814 
849 223 32 32 0.051466707 
-7 85 209 326 0.04931264 
515 26 257 277 0.04133061 
844 261 47 53 0.039651502 
563 326 24 32 0.036325652 
613 312 21 22 0.036325652 
242 190 57 55 0.036325645 
193 447 16 20 0.035808332 
107 427 22 33 0.033269096 
559 340 25 30 0.033269096 
132 363 12 15 0.032933712 
301 31 124 191 0.03163486 
324 235 104 149 0.03163486 
490 379 19 25 0.030282615 
120 425 9 11 0.030282615 
477 326 188 257 0.028921604 
433 356 34 34 0.027884185 
114 425 14 20 0.027838783 
519 427 8 10 0.027838783 
-16 378 112 158 0.026434705 
669 300 8 10 0.02558696 
609 312 14 19 0.02558696 
628 299 23 26 0.025519116 
733 296 180 265 0.022069868 
103 366 13 17 0.021603195 
863 291 17 20 0.021603195 
68 424 27 30 0.021360898 
534 -4 149 191 0.0201599 
330 420 235 290 0.0201599 
