18_Concerts_Concerts_18_151
964
852 63 16 20 0.9964348 
203 91 14 19 0.9957628 
35 80 13 18 0.99401796 
464 68 18 21 0.99225557 
475 205 16 22 0.99225557 
88 285 15 19 0.99080336 
783 147 17 21 0.98997927 
122 332 18 23 0.98997927 
346 82 14 16 0.989082 
561 202 18 21 0.9881053 
670 255 18 23 0.9881053 
400 150 17 21 0.9881053 
871 148 17 23 0.9881053 
754 261 18 23 0.98704255 
472 261 16 18 0.98704255 
472 322 18 20 0.9858861 
582 269 18 19 0.98462796 
954 150 16 18 0.9832598 
105 56 13 17 0.9832598 
897 202 19 25 0.9832598 
726 320 20 25 0.98177195 
151 400 18 20 0.98177195 
784 201 17 22 0.9801546 
720 61 15 20 0.9801546 
505 139 17 21 0.98015445 
981 271 16 25 0.98015445 
694 144 18 22 0.97839683 
331 263 18 22 0.9764871 
852 328 18 23 0.97441304 
998 333 19 23 0.97216123 
742 414 17 24 0.97216123 
593 71 14 17 0.97216123 
70 98 13 16 0.9697174 
305 397 16 22 0.9697174 
591 326 18 23 0.96706635 
588 144 16 20 0.9641916 
871 257 20 25 0.9641916 
64 74 14 18 0.9641916 
8 348 19 26 0.96107626 
1011 202 12 20 0.9577016 
985 59 16 21 0.9540484 
210 268 16 21 0.9540484 
95 426 15 26 0.95009625 
101 105 17 21 0.9458233 
338 207 14 16 0.9458233 
7 112 11 15 0.9458233 
131 87 16 21 0.9308502 
265 433 14 23 0.92505944 
889 438 11 20 0.86055124 
499 336 15 25 0.8384248 
885 70 9 11 0.8000445 
362 339 17 21 0.755209 
716 436 16 24 0.6271395 
867 414 18 22 0.60666233 
15 81 11 14 0.5216516 
869 176 13 16 0.5216516 
111 559 17 20 0.5 
1008 68 11 14 0.45677772 
493 329 18 28 0.3933377 
492 74 8 11 0.3933377 
325 576 14 20 0.3728605 
409 343 30 32 0.34582692 
114 434 14 19 0.33330244 
2 165 18 26 0.33330244 
229 321 21 26 0.32552502 
944 573 12 16 0.31433135 
985 575 6 7 0.31433135 
877 338 23 29 0.30585766 
16 590 8 10 0.27822798 
284 586 9 11 0.26116365 
452 604 6 8 0.26116365 
858 178 7 9 0.26116365 
908 570 5 6 0.24479094 
139 572 8 10 0.24479094 
505 168 13 22 0.22912635 
150 54 203 275 0.21508123 
50 193 14 18 0.2141799 
951 613 7 8 0.19995552 
779 599 8 10 0.19995552 
620 77 8 10 0.19995552 
685 76 7 9 0.19995552 
952 625 7 9 0.19995552 
678 211 13 19 0.1864517 
431 599 8 10 0.1864517 
593 591 7 9 0.1864517 
387 472 7 9 0.1864517 
160 626 9 16 0.18645167 
929 154 13 16 0.18645167 
258 590 15 19 0.18645167 
994 602 8 10 0.17366187 
359 270 13 16 0.17366187 
603 169 15 16 0.17366187 
19 96 9 10 0.17366187 
890 602 7 8 0.17366186 
480 604 6 8 0.16157512 
11 607 7 10 0.16157512 
972 661 20 17 0.16157512 
74 113 13 17 0.16157512 
1014 559 6 8 0.16157512 
70 103 17 21 0.16157512 
938 579 6 8 0.15017675 
736 93 13 17 0.15017675 
350 621 14 19 0.15017675 
861 187 14 17 0.15017675 
201 595 8 12 0.15017675 
131 641 12 19 0.15017675 
40 310 7 9 0.13944872 
517 238 13 15 0.13944872 
520 215 15 17 0.13944872 
772 177 15 19 0.13944872 
580 591 7 9 0.13944872 
130 428 12 17 0.13944872 
110 589 8 11 0.13944872 
370 548 8 9 0.1293704 
887 441 20 28 0.12872264 
219 417 21 30 0.12872264 
708 441 27 29 0.12872264 
630 583 8 9 0.11991897 
0 509 18 24 0.11991897 
882 582 7 8 0.11991897 
98 585 11 14 0.11991897 
168 501 24 28 0.118850335 
324 585 16 22 0.111069925 
947 220 11 17 0.111069925 
784 588 6 8 0.111069925 
240 322 15 24 0.111069925 
120 437 9 12 0.111069925 
619 74 6 8 0.111069925 
542 317 19 22 0.111069925 
424 298 25 32 0.109639935 
73 124 194 230 0.1065206 
182 629 14 17 0.10279763 
773 568 13 17 0.102797605 
464 589 5 6 0.102797605 
1002 610 7 8 0.102797605 
1014 590 8 12 0.102797605 
70 567 23 30 0.10106142 
144 373 12 17 0.09507551 
1012 40 11 21 0.09507551 
188 588 13 19 0.09507551 
825 137 9 10 0.09507551 
526 634 13 21 0.09507551 
1011 629 10 18 0.09507551 
380 551 7 9 0.09507551 
521 165 9 10 0.09507551 
206 432 9 11 0.08787667 
1006 592 6 8 0.08787667 
493 598 8 10 0.08787667 
551 346 17 21 0.08787667 
541 358 25 29 0.08567618 
779 174 15 19 0.08117401 
467 590 5 6 0.08117401 
910 571 6 7 0.08117401 
416 610 7 9 0.08117401 
586 603 12 15 0.08117401 
10 564 8 10 0.08117401 
387 84 12 17 0.08117401 
625 58 6 8 0.08117401 
801 589 8 10 0.08117401 
469 603 5 7 0.08117401 
890 295 23 27 0.07880669 
48 238 24 31 0.07880669 
379 619 14 17 0.074940585 
439 610 5 6 0.074940585 
204 402 14 15 0.074940585 
269 439 20 26 0.074940585 
883 575 6 8 0.074940585 
645 587 11 15 0.074940585 
956 175 13 17 0.07494057 
867 192 9 10 0.07494057 
177 647 14 23 0.069149815 
421 592 7 9 0.069149815 
670 210 11 18 0.0691498 
556 596 9 10 0.0691498 
39 148 15 23 0.0691498 
631 272 11 16 0.0691498 
967 588 5 6 0.0691498 
656 58 5 6 0.0691498 
836 505 21 25 0.06655857 
21 575 6 8 0.06377564 
14 605 8 11 0.06377564 
365 84 8 9 0.06377564 
944 620 6 8 0.06377564 
206 658 22 22 0.06377564 
502 331 17 24 0.06377564 
862 598 6 7 0.06377564 
907 597 5 7 0.06377564 
786 173 12 16 0.06377564 
243 411 15 21 0.06377564 
959 175 8 10 0.06377564 
590 595 11 15 0.06377564 
740 588 12 16 0.06377564 
997 589 6 8 0.06377564 
307 149 7 8 0.06377564 
775 560 6 8 0.06377564 
554 340 17 20 0.06377564 
623 319 14 20 0.06377564 
939 569 7 8 0.06377564 
237 590 7 9 0.06377564 
154 487 24 29 0.06111947 
791 523 25 28 0.06111947 
590 187 12 15 0.05879275 
472 602 5 7 0.05879275 
193 564 8 11 0.05879275 
81 118 9 12 0.05879275 
150 601 9 11 0.05879275 
891 590 6 8 0.05879275 
841 590 9 10 0.05879275 
100 402 8 12 0.05879275 
647 569 7 9 0.05879275 
301 587 7 9 0.05879275 
988 41 7 9 0.05879275 
101 571 7 9 0.05879275 
139 589 8 10 0.05879275 
541 326 24 27 0.056098126 
694 471 28 31 0.056098126 
681 451 51 49 0.056098126 
654 146 8 10 0.054176662 
650 594 9 10 0.054176662 
863 177 12 15 0.054176662 
379 534 7 9 0.054176662 
613 606 7 10 0.054176662 
631 74 8 9 0.054176662 
173 601 6 8 0.054176662 
100 421 15 25 0.054176662 
200 592 7 10 0.054176662 
993 606 7 8 0.054176662 
839 65 11 15 0.054176662 
105 185 16 21 0.054176662 
1013 27 8 10 0.054176662 
387 224 12 16 0.054176662 
168 312 17 20 0.054176662 
454 607 6 7 0.054176662 
81 662 15 15 0.054176662 
665 91 8 10 0.054176662 
252 79 8 11 0.054176662 
974 304 8 10 0.054176662 
492 621 12 17 0.054176662 
105 602 6 8 0.054176662 
586 581 6 9 0.054176662 
374 566 14 18 0.054176662 
625 569 6 8 0.054176662 
890 574 6 7 0.054176662 
655 69 6 7 0.054176662 
628 585 8 10 0.054176662 
450 279 7 8 0.054176662 
388 637 17 20 0.054176662 
1000 151 9 11 0.054176662 
971 632 8 11 0.054176662 
179 583 24 29 0.051466707 
279 600 8 9 0.04990379 
34 331 7 8 0.04990379 
996 232 12 17 0.04990379 
668 54 5 6 0.04990379 
265 589 14 18 0.04990379 
288 8 11 15 0.04990379 
937 590 12 16 0.04990379 
697 355 15 18 0.04990379 
655 373 12 16 0.04990379 
616 579 6 8 0.04990379 
362 267 10 12 0.04990379 
951 188 15 17 0.04990379 
328 650 12 19 0.04990379 
924 599 6 9 0.04990379 
186 622 14 18 0.04990379 
977 604 7 9 0.04990379 
861 609 8 10 0.049903784 
190 594 8 10 0.049903784 
915 584 8 10 0.049903784 
329 565 14 19 0.049903784 
502 344 17 23 0.049903784 
225 332 18 21 0.049903784 
739 581 21 27 0.047198545 
633 202 22 28 0.047198545 
341 428 15 19 0.04595155 
533 321 18 22 0.04595155 
165 500 15 23 0.04595155 
477 600 7 8 0.04595155 
475 614 6 7 0.04595155 
622 588 7 9 0.04595155 
274 591 7 10 0.04595155 
250 572 12 15 0.04595155 
589 601 9 11 0.045951538 
577 519 8 10 0.045951538 
642 441 7 9 0.045951538 
329 611 7 9 0.045951538 
628 570 6 7 0.045951538 
197 597 11 16 0.045951538 
630 598 7 8 0.045951538 
47 269 5 8 0.045951538 
175 579 14 18 0.045951538 
822 605 12 15 0.045951538 
605 659 12 17 0.045951538 
757 418 9 11 0.045951538 
479 623 12 19 0.045951538 
356 566 15 18 0.045951538 
167 147 117 166 0.045153897 
883 429 22 31 0.04326818 
289 320 47 64 0.04326818 
51 127 20 26 0.04326818 
772 562 24 29 0.04326818 
114 253 23 26 0.04326818 
259 577 23 28 0.04326818 
1000 588 6 8 0.04229837 
946 584 8 10 0.04229837 
781 594 8 12 0.04229837 
179 613 6 8 0.04229837 
452 57 13 19 0.04229837 
625 166 6 7 0.04229837 
755 587 7 8 0.04229837 
999 603 7 8 0.04229837 
946 178 16 18 0.04229837 
904 558 6 8 0.04229837 
293 450 16 17 0.04229837 
499 46 6 7 0.04229837 
13 364 19 22 0.04229837 
624 600 7 8 0.04229837 
625 587 8 10 0.04229837 
605 14 8 10 0.04229837 
1000 583 5 6 0.04229837 
405 523 7 9 0.04229837 
220 268 13 19 0.04229837 
300 556 7 8 0.04229837 
596 565 6 8 0.04229837 
149 631 22 29 0.039651502 
45 424 25 29 0.039651494 
179 636 21 27 0.039651494 
556 582 10 10 0.038923774 
959 172 7 8 0.038923774 
614 576 5 7 0.038923774 
554 633 7 8 0.038923774 
734 169 9 13 0.038923774 
333 563 10 13 0.038923774 
101 569 12 15 0.038923774 
653 78 5 6 0.038923774 
987 573 6 8 0.038923774 
976 587 5 6 0.038923774 
48 592 5 6 0.038923774 
693 173 12 16 0.038923774 
559 351 14 20 0.038923774 
785 587 10 13 0.038923774 
919 157 13 16 0.038923774 
121 402 8 10 0.038923774 
622 59 6 8 0.038923774 
362 163 6 8 0.038923774 
304 590 9 12 0.038923774 
535 593 7 8 0.038923774 
551 323 16 20 0.038923774 
970 644 8 11 0.038923774 
163 600 6 8 0.038923774 
150 616 14 17 0.038923774 
523 341 12 18 0.038923774 
480 597 6 7 0.038923774 
770 612 12 14 0.038923774 
446 612 6 7 0.038923774 
868 252 17 21 0.038923774 
170 603 7 9 0.038923774 
929 229 13 18 0.038923774 
15 294 11 14 0.038923774 
992 242 6 10 0.038923774 
103 430 17 26 0.038923774 
114 599 7 9 0.038923774 
741 128 14 20 0.038923774 
478 608 6 7 0.038923774 
875 608 7 8 0.038923774 
298 96 5 7 0.038923774 
791 527 8 11 0.038923774 
411 302 24 30 0.036325652 
580 372 19 27 0.036325652 
190 592 21 25 0.036325652 
139 532 21 24 0.036325645 
700 438 44 49 0.036325645 
383 301 23 28 0.036325645 
131 584 7 9 0.035808332 
217 145 13 17 0.035808332 
595 574 6 7 0.035808332 
532 157 7 10 0.035808332 
182 593 7 9 0.035808332 
903 590 7 8 0.035808332 
30 587 6 7 0.035808332 
1017 613 5 9 0.035808332 
712 604 12 17 0.035808332 
470 613 7 8 0.035808332 
618 571 5 6 0.035808332 
460 597 6 7 0.035808332 
994 575 5 8 0.035808332 
135 583 12 15 0.035808332 
719 584 12 17 0.035808332 
96 662 12 14 0.035808332 
576 0 10 12 0.035808332 
971 587 5 6 0.035808332 
954 589 5 7 0.035808332 
789 578 7 9 0.035808332 
746 187 11 19 0.035808332 
698 479 13 16 0.035808332 
233 57 9 11 0.035808332 
373 60 8 11 0.035808332 
899 289 14 19 0.035808332 
105 195 17 18 0.035808332 
0 325 12 19 0.035808332 
18 374 14 14 0.035808332 
611 347 8 10 0.035808332 
868 420 9 12 0.035808332 
564 238 15 17 0.035808332 
335 209 10 12 0.035808332 
53 261 6 8 0.035808332 
108 428 14 19 0.035808332 
323 571 7 9 0.035808332 
483 600 6 8 0.035808332 
980 596 5 6 0.035808332 
365 565 14 17 0.035808332 
527 610 6 7 0.035808332 
117 398 14 17 0.035808332 
704 601 6 8 0.035808332 
433 300 8 10 0.035808332 
570 566 5 7 0.035808332 
861 603 8 10 0.035808332 
958 600 5 7 0.035808332 
732 174 8 11 0.035808332 
787 630 25 27 0.033269096 
344 158 27 38 0.033269096 
769 660 28 20 0.033269096 
868 324 41 49 0.033269096 
534 328 46 47 0.033269096 
136 617 23 27 0.033269096 
332 554 13 15 0.03293372 
184 555 14 17 0.03293372 
115 430 9 12 0.03293372 
371 551 8 10 0.03293372 
732 239 15 18 0.03293372 
648 579 7 8 0.03293372 
839 574 6 8 0.03293372 
940 575 8 11 0.03293372 
735 162 11 15 0.03293372 
233 413 15 22 0.03293372 
477 660 11 16 0.03293372 
972 585 5 6 0.03293372 
410 587 6 8 0.03293372 
312 650 16 23 0.03293372 
940 594 7 9 0.03293372 
587 599 8 10 0.03293372 
40 595 6 8 0.03293372 
217 601 6 7 0.03293372 
979 601 7 10 0.03293372 
542 589 5 6 0.03293372 
647 135 6 8 0.032933712 
651 87 5 6 0.032933712 
343 556 9 10 0.032933712 
835 56 13 18 0.032933712 
778 558 7 8 0.032933712 
231 328 11 13 0.032933712 
599 579 6 8 0.032933712 
892 588 6 8 0.032933712 
878 584 12 15 0.032933712 
453 580 6 7 0.032933712 
370 3 5 6 0.032933712 
297 578 7 9 0.032933712 
907 573 6 7 0.032933712 
250 24 6 7 0.032933712 
490 70 7 10 0.032933712 
116 439 8 10 0.032933712 
236 332 11 15 0.032933712 
774 590 12 16 0.032933712 
450 283 9 10 0.032933712 
0 311 10 16 0.032933712 
964 592 5 6 0.032933712 
544 345 16 20 0.032933712 
1017 541 5 9 0.032933712 
792 527 13 17 0.032933712 
683 102 11 15 0.032933712 
427 614 5 7 0.032933712 
387 230 14 19 0.032933712 
639 438 209 224 0.03163486 
356 324 20 27 0.030461604 
307 328 44 65 0.030461596 
618 295 26 33 0.030461596 
183 430 22 25 0.030461596 
364 555 24 28 0.030461596 
965 589 5 6 0.030282615 
891 584 6 7 0.030282615 
944 596 6 7 0.030282615 
280 589 8 11 0.030282615 
45 584 5 6 0.030282615 
452 596 5 6 0.030282615 
986 587 5 6 0.030282615 
996 597 7 9 0.030282615 
601 172 7 8 0.030282615 
589 575 11 15 0.030282615 
899 586 7 9 0.030282615 
268 566 14 16 0.030282615 
267 570 6 8 0.030282615 
605 572 5 6 0.030282615 
313 569 6 8 0.030282615 
281 603 8 9 0.030282615 
126 587 8 11 0.030282615 
195 586 13 18 0.030282615 
399 588 7 8 0.030282615 
845 588 7 9 0.030282615 
590 562 11 14 0.030282615 
513 341 13 19 0.030282615 
553 597 10 12 0.030282615 
905 570 6 7 0.030282615 
202 587 6 8 0.030282615 
944 173 12 17 0.030282615 
881 592 6 8 0.030282615 
470 626 12 18 0.030282615 
710 615 8 11 0.030282615 
947 219 7 10 0.030282615 
956 192 9 10 0.030282615 
312 563 7 8 0.030282615 
785 298 13 17 0.030282615 
378 637 13 19 0.030282615 
429 297 14 18 0.030282615 
545 301 8 10 0.030282615 
970 615 7 8 0.030282615 
55 4 12 18 0.030282615 
323 443 13 16 0.030282615 
155 482 17 21 0.030282615 
625 322 9 12 0.030282615 
702 443 20 17 0.030282615 
590 563 6 7 0.030282615 
271 69 8 10 0.030282615 
277 62 5 6 0.030282615 
58 188 15 19 0.030282615 
345 184 6 8 0.030282615 
211 404 42 49 0.027884193 
394 306 21 26 0.027884193 
878 294 24 28 0.027884193 
137 363 20 26 0.027884193 
276 339 30 38 0.027884193 
350 313 20 27 0.027884193 
699 613 21 29 0.027884193 
160 187 73 98 0.027884193 
612 256 25 29 0.027884193 
845 170 19 24 0.027884193 
243 561 44 60 0.027884185 
224 308 38 50 0.027884185 
741 418 27 32 0.027884185 
641 575 23 32 0.027884185 
605 176 10 11 0.027838783 
404 625 9 9 0.027838783 
485 597 5 6 0.027838783 
465 603 6 7 0.027838783 
893 230 12 18 0.027838783 
614 573 5 6 0.027838783 
190 615 13 17 0.027838783 
477 596 6 7 0.027838783 
251 96 13 18 0.027838783 
680 197 8 10 0.027838783 
360 605 8 11 0.027838783 
613 566 4 5 0.027838783 
11 312 13 15 0.027838783 
1000 596 7 9 0.027838783 
993 597 6 8 0.027838783 
474 140 16 19 0.027838783 
620 579 6 7 0.027838783 
293 54 5 6 0.027838783 
705 609 12 15 0.027838783 
652 48 5 7 0.027838783 
523 143 8 11 0.027838783 
152 306 8 9 0.027838783 
112 593 11 15 0.027838783 
996 166 12 16 0.027838783 
946 172 7 10 0.027838783 
777 419 17 18 0.027838783 
745 579 7 8 0.027838783 
353 161 5 7 0.027838783 
714 584 8 10 0.027838783 
657 353 9 10 0.027838783 
959 605 5 7 0.027838783 
991 239 12 18 0.027838783 
741 64 8 10 0.027838783 
286 584 11 15 0.027838783 
669 62 5 7 0.027838783 
996 574 7 9 0.027838783 
984 574 10 12 0.027838783 
652 83 5 6 0.027838783 
1014 159 7 10 0.027838783 
389 223 8 10 0.027838783 
553 331 16 22 0.027838783 
530 628 13 20 0.027838783 
1009 23 8 10 0.027838783 
624 80 7 9 0.027838783 
50 605 7 8 0.027838783 
1016 597 7 11 0.027838783 
939 581 14 17 0.027838778 
942 586 7 9 0.027838778 
718 437 9 15 0.027838778 
617 150 7 9 0.027838778 
484 621 14 19 0.027838778 
610 170 8 10 0.027838778 
737 592 12 14 0.027838778 
54 628 7 9 0.027838778 
852 372 8 11 0.027838778 
290 0 5 5 0.027838778 
931 234 14 20 0.027838778 
707 561 17 19 0.027838778 
197 566 7 8 0.027838778 
529 585 4 5 0.027838778 
29 584 6 7 0.027838778 
655 55 5 6 0.027838778 
821 577 12 14 0.027838778 
621 583 6 8 0.027838778 
670 165 16 22 0.027838778 
273 330 6 7 0.027838778 
488 327 15 22 0.027838778 
41 612 6 8 0.027838778 
860 188 9 10 0.027838778 
503 662 20 17 0.027838778 
793 458 215 227 0.026434705 
375 553 13 16 0.02558696 
258 591 9 11 0.02558696 
851 589 6 7 0.02558696 
184 591 9 12 0.02558696 
103 588 9 12 0.02558696 
431 593 5 6 0.02558696 
193 592 8 11 0.02558696 
38 310 12 16 0.02558696 
233 582 5 6 0.02558696 
494 592 6 7 0.02558696 
473 592 4 6 0.02558696 
975 593 5 7 0.02558696 
932 592 7 9 0.02558696 
956 547 4 5 0.02558696 
905 592 7 8 0.02558696 
780 588 7 9 0.02558696 
1007 174 9 10 0.02558696 
932 569 7 8 0.02558696 
311 582 7 8 0.02558696 
666 57 4 6 0.02558696 
749 586 13 16 0.02558696 
379 523 8 9 0.02558696 
561 332 7 10 0.02558696 
58 304 8 9 0.02558696 
364 346 10 12 0.02558696 
50 264 6 9 0.02558696 
630 81 7 8 0.02558696 
263 576 6 8 0.02558696 
386 340 8 12 0.02558696 
134 635 11 19 0.02558696 
351 341 8 11 0.02558696 
338 48 6 8 0.02558696 
536 310 20 24 0.02558696 
653 58 5 6 0.02558696 
294 42 4 5 0.02558696 
336 35 5 7 0.02558696 
668 65 6 8 0.02558696 
624 656 14 19 0.02558696 
669 76 5 7 0.02558696 
648 59 5 6 0.02558696 
171 652 15 19 0.02558696 
888 67 6 8 0.02558696 
237 585 5 6 0.02558696 
359 467 13 18 0.02558696 
405 473 6 7 0.02558696 
950 596 5 7 0.02558696 
89 125 15 17 0.02558696 
697 131 8 10 0.02558696 
647 597 13 17 0.02558696 
615 623 8 11 0.02558696 
562 207 10 11 0.02558696 
857 355 12 16 0.02558696 
663 207 13 20 0.02558696 
36 388 17 19 0.02558696 
881 600 6 8 0.02558696 
783 595 12 16 0.02558696 
870 195 7 9 0.02558696 
481 598 11 14 0.02558696 
306 600 12 16 0.02558696 
132 604 6 8 0.02558696 
903 593 10 13 0.02558696 
557 603 7 9 0.02558696 
442 606 6 8 0.02558696 
181 624 9 10 0.02558696 
972 626 7 8 0.02558696 
522 588 5 6 0.02558696 
240 589 6 8 0.02558696 
622 568 7 9 0.02558696 
46 587 6 8 0.02558696 
12 587 7 9 0.02558696 
994 567 5 6 0.02558696 
631 153 15 19 0.02558696 
838 577 8 9 0.02558696 
595 575 11 15 0.02558696 
364 166 7 8 0.02558696 
265 574 15 19 0.02558696 
343 176 6 8 0.02558696 
960 609 5 7 0.02558696 
316 423 15 16 0.02558696 
823 606 7 9 0.02558696 
159 421 14 15 0.02558696 
564 357 9 11 0.02558696 
750 415 14 19 0.02558696 
662 571 5 7 0.02558696 
967 608 6 7 0.02558696 
855 172 19 25 0.025519116 
882 450 27 39 0.025519116 
360 501 23 31 0.025519116 
804 520 27 30 0.025519116 
126 638 21 27 0.025519116 
613 279 46 56 0.025519116 
665 230 20 25 0.025519116 
669 205 20 26 0.025519116 
4 310 22 28 0.025519116 
548 329 200 224 0.024156325 
390 455 6 9 0.02351288 
373 488 12 16 0.02351288 
359 548 7 9 0.02351288 
330 549 8 11 0.02351288 
100 538 6 7 0.02351288 
602 300 16 21 0.02351288 
598 557 7 8 0.02351288 
1002 366 8 10 0.02351288 
545 490 18 21 0.02351288 
138 575 11 14 0.02351288 
954 595 6 8 0.02351288 
50 602 5 7 0.02351288 
123 433 10 14 0.02351288 
365 208 6 9 0.02351288 
83 402 8 11 0.02351288 
574 389 8 12 0.02351288 
620 416 12 16 0.02351288 
881 436 15 21 0.02351288 
696 164 9 11 0.02351288 
720 174 11 15 0.02351288 
1016 560 6 9 0.02351288 
173 570 8 10 0.02351288 
361 177 6 7 0.02351288 
650 575 6 7 0.02351288 
849 567 13 16 0.02351288 
916 570 5 7 0.02351288 
982 575 5 7 0.02351288 
566 572 6 7 0.02351288 
650 168 7 9 0.02351288 
635 563 5 6 0.02351288 
994 563 4 6 0.02351288 
949 572 7 8 0.02351288 
266 574 8 10 0.02351288 
997 571 6 7 0.02351288 
609 563 5 7 0.02351288 
939 329 13 15 0.02351288 
685 226 14 19 0.02351288 
518 290 7 10 0.02351288 
936 243 16 21 0.02351288 
689 271 13 15 0.02351288 
517 311 12 16 0.02351288 
57 313 14 16 0.02351288 
633 218 13 19 0.02351288 
504 335 10 15 0.02351288 
780 351 6 7 0.02351288 
425 595 11 14 0.02351288 
755 581 11 14 0.02351288 
738 157 12 17 0.02351288 
900 583 12 14 0.02351288 
369 49 5 7 0.02351288 
631 47 6 7 0.02351288 
485 609 5 6 0.02351288 
652 53 5 6 0.02351288 
473 589 4 5 0.02351288 
837 584 8 10 0.02351288 
748 582 7 8 0.02351288 
860 41 4 6 0.02351288 
923 159 8 10 0.02351288 
772 606 13 15 0.02351288 
971 610 6 7 0.02351288 
702 632 16 21 0.02351288 
801 613 7 8 0.02351288 
337 32 6 7 0.02351288 
392 0 6 5 0.02351288 
56 14 13 18 0.02351288 
583 585 11 14 0.02351288 
874 587 7 8 0.02351288 
628 58 6 8 0.02351288 
795 586 12 14 0.02351288 
262 590 9 11 0.02351288 
608 589 5 7 0.02351288 
266 582 9 10 0.02351288 
306 579 6 7 0.02351288 
604 3 6 8 0.02351288 
611 579 5 7 0.02351288 
761 580 7 8 0.02351288 
746 154 13 18 0.02351288 
2 582 7 8 0.02351288 
184 580 16 21 0.02351288 
718 605 9 12 0.02351288 
589 66 15 18 0.02351288 
946 592 6 8 0.02351288 
684 65 6 7 0.02351288 
142 593 7 10 0.02351288 
365 592 14 18 0.02351288 
443 597 5 6 0.02351288 
293 72 5 6 0.02351288 
628 590 8 9 0.02351288 
554 591 6 8 0.02351288 
659 61 6 7 0.02351288 
454 593 5 6 0.02351288 
447 604 6 8 0.02351288 
495 75 8 11 0.02351288 
934 604 6 8 0.02351288 
982 602 7 10 0.02351288 
989 604 6 9 0.02351288 
504 615 8 10 0.02351288 
136 617 13 17 0.02351288 
985 617 6 7 0.02351288 
363 82 7 9 0.02351288 
16 88 11 13 0.02351288 
401 628 14 19 0.02351288 
0 326 23 31 0.023349825 
523 303 21 25 0.023349825 
532 337 24 29 0.023349825 
318 347 28 37 0.023349825 
152 494 42 47 0.023349825 
604 260 46 55 0.023349825 
986 254 22 30 0.023349825 
91 431 27 36 0.023349825 
885 307 26 31 0.023349825 
367 541 8 10 0.0216032 
325 573 9 12 0.0216032 
180 634 9 12 0.0216032 
131 427 8 10 0.0216032 
132 85 11 12 0.0216032 
900 562 4 6 0.021603195 
455 523 7 9 0.021603195 
490 597 6 7 0.021603195 
581 517 7 8 0.021603195 
307 593 8 10 0.021603195 
156 504 17 23 0.021603195 
378 524 12 15 0.021603195 
108 186 9 11 0.021603195 
368 552 13 17 0.021603195 
253 592 8 10 0.021603195 
659 595 6 8 0.021603195 
465 610 6 8 0.021603195 
669 209 8 13 0.021603195 
859 587 7 8 0.021603195 
1009 98 13 22 0.021603195 
1001 591 7 9 0.021603195 
979 593 5 6 0.021603195 
971 592 6 9 0.021603195 
958 592 5 7 0.021603195 
279 594 7 10 0.021603195 
205 592 8 11 0.021603195 
29 591 6 8 0.021603195 
2 114 9 11 0.021603195 
463 600 6 8 0.021603195 
338 564 8 10 0.021603195 
443 601 5 6 0.021603195 
362 598 15 18 0.021603195 
657 348 15 17 0.021603195 
113 440 7 11 0.021603195 
18 603 7 10 0.021603195 
962 601 5 6 0.021603195 
954 175 8 10 0.021603195 
54 591 6 8 0.021603195 
490 593 6 7 0.021603195 
937 587 7 9 0.021603195 
477 593 5 6 0.021603195 
524 610 7 8 0.021603195 
548 600 7 10 0.021603195 
634 608 6 7 0.021603195 
701 601 13 17 0.021603195 
873 624 12 18 0.021603195 
407 605 8 9 0.021603195 
262 436 10 13 0.021603195 
595 570 7 8 0.021603195 
87 370 11 16 0.021603195 
945 624 7 10 0.021603195 
778 621 12 16 0.021603195 
561 625 5 6 0.021603195 
962 605 6 7 0.021603195 
924 585 5 7 0.021603195 
16 97 12 16 0.021603195 
296 623 11 20 0.021603195 
913 606 5 6 0.021603195 
277 99 7 9 0.021603195 
210 429 9 11 0.021603195 
364 569 9 10 0.021603195 
5 587 8 9 0.021603195 
791 581 8 8 0.021603195 
776 576 14 19 0.021603195 
971 605 6 7 0.021603195 
621 602 7 9 0.021603195 
623 157 12 16 0.021603195 
967 614 7 8 0.021603195 
973 613 7 8 0.021603195 
189 567 9 11 0.021603195 
501 616 12 16 0.021603195 
190 604 13 16 0.021603195 
498 619 11 15 0.021603195 
422 616 6 8 0.021603195 
727 172 11 16 0.021603195 
279 404 13 21 0.021603195 
386 612 8 10 0.021603195 
75 210 7 8 0.021603195 
455 614 6 8 0.021603195 
111 325 14 20 0.021603195 
280 584 8 10 0.021603195 
349 162 6 7 0.021603195 
460 168 15 23 0.021603195 
10 575 6 8 0.021603195 
884 572 7 8 0.021603195 
391 219 7 8 0.021603195 
554 582 7 8 0.021603195 
919 570 5 7 0.021603195 
484 58 5 7 0.021603195 
294 61 6 7 0.021603195 
585 576 7 9 0.021603195 
951 216 13 20 0.021603195 
899 574 5 7 0.021603195 
905 286 9 11 0.021603195 
357 276 14 19 0.021603195 
72 570 14 19 0.021603195 
560 351 9 11 0.021603195 
984 644 7 8 0.021603195 
251 349 8 10 0.021603195 
459 627 12 19 0.021603195 
404 312 17 21 0.021603195 
86 664 17 15 0.021603195 
981 667 10 8 0.021603195 
304 584 7 9 0.021603195 
992 634 13 16 0.021603195 
413 636 12 18 0.021603195 
128 584 12 17 0.021603195 
604 664 8 11 0.021603195 
46 580 6 8 0.021603195 
73 601 7 9 0.021603195 
969 596 6 7 0.021603195 
664 83 5 6 0.021603195 
648 83 5 6 0.021603195 
735 238 10 10 0.021603195 
133 306 14 16 0.021603195 
993 235 7 10 0.021603195 
981 579 6 7 0.021603195 
971 581 5 6 0.021603195 
653 68 5 6 0.021603195 
626 65 6 7 0.021603195 
616 299 16 21 0.021603195 
142 600 7 11 0.021603195 
529 588 4 5 0.021603195 
956 181 15 19 0.021603195 
910 596 6 8 0.021603195 
858 596 13 14 0.021603195 
898 161 8 11 0.021603195 
226 270 11 16 0.021603195 
83 275 12 16 0.021603195 
512 165 13 19 0.021603195 
817 268 11 17 0.021603195 
249 10 6 7 0.021603195 
954 259 6 9 0.021603195 
28 237 5 7 0.021603195 
913 580 6 7 0.021603195 
714 231 13 19 0.021603195 
634 61 6 7 0.021603195 
203 583 7 9 0.021603195 
984 278 25 32 0.021360904 
22 506 21 29 0.021360898 
576 528 25 31 0.021360898 
309 489 23 25 0.021360898 
998 62 21 29 0.021360898 
265 567 26 34 0.021360898 
541 532 25 30 0.021360898 
863 171 20 26 0.021360898 
55 313 22 28 0.021360898 
442 316 203 248 0.0201599 
