61_Street_Battle_streetfight_61_22
74
175 44 114 175 0.9983083 
803 406 200 235 0.85282207 
913 425 100 155 0.8408331 
226 30 104 194 0.6135702 
708 97 180 231 0.2311026 
688 384 232 257 0.2150812 
46 187 200 289 0.18550259 
824 288 209 257 0.13594593 
263 7 112 188 0.12544508 
545 3 178 261 0.115646794 
127 224 212 261 0.115646794 
954 458 71 109 0.10106142 
75 400 235 289 0.09803478 
847 208 13 16 0.08787667 
392 37 106 138 0.08285364 
408 210 235 298 0.06984132 
257 -2 46 35 0.06655858 
36 274 59 68 0.06655857 
949 203 10 11 0.05879275 
399 65 62 88 0.056098126 
724 -11 225 289 0.053832814 
573 114 64 85 0.051466707 
893 463 70 89 0.051466707 
747 157 18 24 0.04990379 
798 147 17 22 0.04990379 
899 200 17 23 0.049903784 
901 345 114 183 0.04931264 
447 435 239 231 0.04931264 
155 38 58 57 0.047198545 
354 258 73 78 0.047198545 
808 343 79 79 0.047198545 
915 237 23 28 0.04326818 
666 441 67 65 0.04326818 
501 411 69 79 0.04326818 
120 46 194 257 0.04133061 
348 48 180 246 0.04133061 
324 513 281 253 0.04133061 
811 203 17 20 0.038923774 
565 87 101 142 0.03781825 
607 372 186 249 0.03781825 
928 302 63 56 0.036325645 
453 401 94 95 0.033269096 
792 51 19 26 0.033269096 
173 14 64 68 0.033269096 
917 104 15 19 0.03293372 
783 84 112 177 0.03163486 
286 565 9 11 0.030282615 
888 112 14 18 0.030282615 
20 267 117 162 0.028921604 
465 374 67 80 0.027884193 
842 207 22 27 0.027884193 
186 0 54 50 0.027884185 
129 51 60 80 0.027884185 
820 -9 225 280 0.02643471 
372 270 116 106 0.026434705 
735 115 109 149 0.026434705 
123 525 7 8 0.02558696 
562 440 67 54 0.025519116 
682 462 64 68 0.025519116 
662 325 65 73 0.025519116 
425 60 235 289 0.024156325 
862 205 13 18 0.02351288 
564 71 52 76 0.023349825 
649 423 128 140 0.022069868 
342 237 15 19 0.021603195 
805 211 19 23 0.021603195 
850 208 8 10 0.021603195 
414 86 30 47 0.021360904 
528 435 60 61 0.021360898 
934 332 79 94 0.021360898 
944 202 23 28 0.021360898 
331 369 257 306 0.0201599 
22 364 197 272 0.0201599 
767 296 126 162 0.0201599 
