61_Street_Battle_streetfight_61_395
63
498 182 57 102 0.9979589 
696 21 203 421 0.85282207 
401 120 222 428 0.8144974 
263 -27 222 421 0.6352516 
283 475 24 42 0.43212515 
617 311 101 255 0.28400344 
534 30 242 391 0.19988176 
416 249 86 97 0.16258557 
500 834 65 127 0.109639935 
146 50 111 274 0.09015675 
576 369 178 380 0.08285364 
434 187 53 94 0.07880669 
322 71 128 283 0.076092646 
429 324 197 343 0.076092646 
540 584 232 467 0.076092646 
613 188 206 421 0.06984132 
501 792 52 97 0.06655857 
676 365 206 447 0.064067975 
323 685 57 119 0.06111947 
256 569 29 56 0.06111947 
355 303 172 348 0.053832814 
446 192 98 179 0.053832814 
756 -46 200 369 0.04931264 
184 44 71 141 0.047198545 
529 223 183 353 0.045153897 
461 816 94 179 0.04133062 
492 453 126 223 0.04133061 
170 740 58 143 0.039651494 
443 198 31 57 0.036325652 
693 763 28 42 0.036325645 
260 585 19 32 0.035808332 
648 398 67 139 0.033269096 
682 451 48 104 0.033269096 
509 122 54 113 0.033269096 
147 685 212 391 0.03163486 
166 65 257 428 0.03163486 
112 2 203 397 0.03163486 
702 476 30 61 0.030461596 
547 225 29 54 0.030461596 
280 336 8 14 0.030282615 
411 433 121 251 0.028921604 
451 720 107 210 0.028921604 
653 723 31 54 0.027884193 
480 744 65 117 0.027884193 
203 661 24 48 0.027884193 
252 65 15 28 0.027838783 
309 646 101 193 0.026434705 
302 332 13 23 0.02558696 
520 120 35 62 0.025519116 
635 725 32 55 0.025519116 
192 311 65 125 0.025519116 
258 572 186 353 0.024156325 
154 319 175 374 0.024156325 
273 468 44 72 0.023349825 
751 750 47 83 0.023349825 
215 571 49 107 0.023349825 
662 356 59 107 0.023349825 
277 475 18 33 0.021603195 
328 229 47 100 0.021360904 
253 525 47 97 0.021360904 
684 770 31 52 0.021360898 
355 -2 235 403 0.020159906 
706 193 209 428 0.0201599 
