61_Street_Battle_streetfight_61_375
60
391 167 265 434 0.9999496 
197 649 95 201 0.8144974 
666 251 197 454 0.5461031 
314 241 249 454 0.2311026 
194 911 70 105 0.188928 
606 249 165 397 0.18550259 
7 117 163 434 0.18550259 
3 762 48 107 0.15056497 
666 183 53 102 0.12872262 
369 769 197 364 0.12544508 
380 360 277 434 0.1065206 
26 757 64 134 0.09308393 
543 216 160 397 0.09015675 
312 780 58 105 0.08567618 
731 825 123 210 0.08285364 
531 813 60 102 0.07244435 
662 294 123 244 0.064067975 
481 41 253 488 0.064067975 
267 709 200 374 0.05874174 
752 178 56 92 0.056098126 
489 96 67 125 0.04326818 
352 824 126 244 0.04133062 
237 660 91 198 0.04133061 
0 859 49 105 0.039651502 
203 925 38 63 0.039651502 
542 840 33 62 0.039651494 
298 73 228 460 0.03781825 
304 635 124 263 0.03781825 
653 433 128 279 0.03781825 
937 933 73 87 0.036325652 
131 647 78 151 0.036325652 
9 788 58 119 0.036325652 
710 21 242 467 0.034593605 
79 563 191 380 0.034593605 
408 682 249 386 0.034593593 
332 733 27 57 0.033269096 
25 932 62 97 0.033269096 
524 901 18 35 0.03293372 
687 774 197 358 0.03163486 
715 829 57 121 0.030461596 
5 258 68 198 0.030461596 
388 581 32 63 0.030461596 
410 813 123 230 0.028921604 
578 36 65 105 0.027884193 
591 88 68 123 0.027884185 
584 193 29 58 0.025519116 
373 593 28 52 0.025519116 
300 302 25 50 0.025519116 
754 145 89 152 0.024156325 
455 745 134 251 0.024156325 
-3 689 91 145 0.024156325 
348 63 51 95 0.023349825 
739 951 65 76 0.023349825 
395 565 49 102 0.023349825 
714 454 144 266 0.022069868 
516 77 28 50 0.021360904 
840 940 70 87 0.021360898 
585 162 51 94 0.021360898 
725 401 222 391 0.020159906 
774 101 107 214 0.0201599 
