61_Street_Battle_streetfight_61_123
48
196 119 124 159 0.998934 
657 290 109 120 0.6135702 
800 127 111 143 0.3864298 
844 150 109 137 0.3436022 
28 450 27 30 0.21842523 
-7 173 156 233 0.21508123 
732 120 163 204 0.1254451 
439 391 188 223 0.09015675 
250 132 104 133 0.06984133 
125 117 163 220 0.053832814 
747 172 95 125 0.045153886 
497 40 23 27 0.04326818 
698 318 75 75 0.04326818 
631 247 172 193 0.03781825 
817 55 25 26 0.036325652 
710 375 19 20 0.035808332 
340 154 62 61 0.030461596 
871 31 51 53 0.030461596 
814 66 29 33 0.030461596 
592 197 25 27 0.027884193 
822 76 30 37 0.027884193 
355 201 18 18 0.027838783 
410 209 16 18 0.027838783 
666 11 186 210 0.026434705 
796 16 15 16 0.02558696 
794 147 71 94 0.025519116 
815 38 26 28 0.025519116 
516 488 48 49 0.025519116 
199 381 232 248 0.024156325 
199 130 222 220 0.024156325 
937 287 61 66 0.023349825 
516 101 22 25 0.023349825 
461 -26 206 214 0.022069868 
58 403 197 230 0.022069868 
664 183 104 118 0.022069868 
603 341 27 30 0.021360904 
551 243 60 69 0.021360904 
883 307 52 57 0.021360904 
697 16 63 68 0.021360904 
806 32 46 48 0.021360904 
827 45 25 26 0.021360898 
612 334 25 28 0.021360898 
513 500 24 26 0.021360893 
345 382 191 223 0.0201599 
357 24 206 227 0.0201599 
786 71 112 143 0.0201599 
365 23 100 118 0.0201599 
639 146 194 207 0.0201599 
