61_Street_Battle_streetfight_61_158
81
617 175 76 108 0.9996031 
873 190 30 58 0.9927347 
749 162 26 35 0.9786391 
352 382 41 50 0.8607147 
315 269 20 32 0.5900683 
101 447 136 191 0.5461031 
351 357 39 50 0.5227497 
481 404 203 285 0.18550259 
754 349 119 173 0.17193554 
87 219 124 186 0.12544508 
370 554 13 22 0.111069925 
405 392 52 83 0.109639935 
783 412 76 73 0.09308395 
539 159 52 75 0.09308395 
867 519 165 265 0.06984132 
523 312 257 316 0.064067975 
370 378 31 47 0.056098126 
395 423 52 71 0.056098126 
90 242 82 108 0.056098126 
808 108 61 75 0.051466707 
782 423 50 41 0.047198545 
308 278 18 23 0.04595155 
62 181 212 326 0.045153886 
624 167 215 281 0.04133062 
508 499 130 175 0.04133061 
152 463 54 73 0.039651502 
308 255 37 58 0.039651502 
871 201 53 76 0.039651494 
812 404 68 95 0.039651494 
984 169 8 11 0.038923774 
775 310 33 44 0.036325652 
400 394 34 54 0.036325652 
828 137 28 37 0.036325645 
1005 166 18 26 0.035808332 
634 371 281 346 0.034593605 
860 164 42 73 0.033269096 
382 302 28 41 0.033269096 
32 648 55 85 0.033269096 
783 416 191 269 0.03163486 
324 266 30 47 0.030461604 
242 365 63 69 0.030461596 
825 227 29 39 0.030461596 
563 166 39 51 0.030461596 
481 89 107 168 0.028921604 
520 491 239 326 0.028921604 
511 151 55 80 0.027884193 
882 220 75 104 0.027884193 
863 194 28 45 0.027884193 
881 539 70 104 0.027884193 
761 285 53 75 0.027884185 
299 287 19 23 0.027838778 
93 0 212 326 0.02643471 
540 306 149 200 0.02643471 
294 278 14 21 0.02558696 
49 587 64 76 0.025519116 
954 35 65 123 0.025519116 
829 94 79 89 0.025519116 
182 422 119 165 0.024156325 
361 358 85 125 0.024156325 
897 188 106 142 0.024156325 
551 22 222 331 0.024156325 
923 136 98 128 0.024156325 
963 734 7 11 0.02351288 
284 422 18 21 0.02351288 
1003 645 21 40 0.023349825 
103 423 29 46 0.023349825 
931 337 88 75 0.023349825 
372 290 26 39 0.023349825 
789 148 26 33 0.023349825 
567 104 28 39 0.023349825 
13 356 215 316 0.022069868 
81 520 180 261 0.022069868 
372 17 215 303 0.022069868 
228 368 107 147 0.022069868 
380 308 9 12 0.021603195 
378 548 14 26 0.021603195 
874 758 8 9 0.021603195 
949 155 49 68 0.021360904 
846 148 46 69 0.021360898 
387 390 31 48 0.021360898 
866 477 117 189 0.0201599 
