61_Street_Battle_streetfight_61_913
136
877 138 123 134 0.99261475 
231 317 27 32 0.8989386 
990 120 27 36 0.61190087 
69 268 109 180 0.56891036 
141 463 9 12 0.5216516 
129 310 34 46 0.4099317 
567 242 209 260 0.28400344 
109 287 61 78 0.268611 
811 173 242 349 0.2311026 
869 561 19 26 0.2141799 
143 198 15 17 0.2141799 
827 303 126 132 0.19988178 
845 356 74 68 0.188928 
801 146 183 224 0.1254451 
760 521 61 61 0.118850335 
726 223 206 284 0.1065206 
18 -18 191 238 0.09803478 
871 143 76 94 0.09308393 
113 88 57 68 0.09308393 
606 363 56 70 0.08567618 
271 463 6 8 0.081174016 
191 479 6 8 0.08117401 
706 171 16 19 0.08117401 
202 200 8 10 0.074940585 
176 199 19 23 0.074940585 
420 406 7 9 0.07494057 
37 286 186 238 0.06984133 
571 307 130 153 0.06984132 
174 473 6 8 0.0691498 
800 169 24 28 0.06655858 
496 8 30 38 0.06111947 
336 14 46 64 0.06111947 
707 396 58 70 0.06111947 
149 212 14 19 0.05879275 
811 130 107 146 0.05874174 
127 96 34 42 0.056098126 
744 -3 225 260 0.053832818 
785 294 112 144 0.053832814 
830 136 48 74 0.051466707 
901 190 79 83 0.051466707 
301 60 6 8 0.04990379 
175 188 14 18 0.049903784 
217 127 26 32 0.047198545 
935 138 69 84 0.047198545 
71 39 112 130 0.045153886 
811 158 51 65 0.04326818 
724 432 25 34 0.04326818 
559 111 30 35 0.04326818 
928 583 11 15 0.04229837 
667 286 134 172 0.04133062 
818 402 123 117 0.04133061 
137 199 23 27 0.039651494 
180 189 9 11 0.038923774 
233 302 29 35 0.036325652 
182 -1 25 27 0.036325652 
855 145 51 72 0.036325652 
919 559 32 38 0.036325652 
124 77 35 44 0.036325652 
860 568 22 29 0.036325645 
968 133 30 42 0.036325645 
992 115 19 26 0.035808332 
108 237 16 21 0.035808332 
162 476 4 6 0.035808332 
191 32 7 8 0.035808332 
213 346 22 28 0.033269096 
115 318 39 48 0.033269096 
197 205 25 29 0.033269096 
176 477 8 10 0.03293372 
227 207 6 7 0.03293372 
148 486 8 10 0.032933712 
326 452 6 8 0.032933712 
266 401 228 272 0.03163486 
934 25 94 121 0.03163486 
806 173 30 36 0.030461604 
150 302 25 40 0.030461596 
609 386 35 43 0.030461596 
286 602 46 68 0.030461596 
165 186 27 30 0.030461596 
144 459 6 7 0.030282615 
672 118 203 231 0.028921604 
172 28 29 34 0.027884193 
908 546 53 62 0.027884193 
847 213 60 72 0.027884193 
817 162 29 40 0.027884185 
111 185 48 58 0.027884185 
132 64 32 43 0.027884185 
865 561 15 22 0.027838783 
122 531 6 9 0.027838783 
116 532 7 9 0.027838783 
126 530 6 9 0.027838783 
169 40 18 19 0.027838778 
190 69 8 10 0.027838778 
154 215 9 11 0.027838778 
123 216 7 8 0.02558696 
883 372 6 8 0.02558696 
229 477 5 6 0.02558696 
145 206 10 11 0.02558696 
197 199 13 18 0.02558696 
141 210 16 21 0.02558696 
0 246 7 11 0.02558696 
724 413 61 68 0.025519116 
814 181 61 64 0.025519116 
221 284 47 56 0.025519116 
687 132 107 130 0.024156325 
22 382 186 242 0.024156325 
199 479 5 7 0.02351288 
199 197 9 12 0.02351288 
303 85 4 5 0.02351288 
206 144 12 18 0.02351288 
748 492 62 63 0.023349825 
123 44 23 30 0.023349825 
845 452 68 60 0.023349825 
736 505 191 199 0.022069868 
105 7 175 208 0.022069868 
307 85 4 5 0.021603195 
205 190 6 8 0.021603195 
170 474 6 8 0.021603195 
190 474 11 14 0.021603195 
200 491 5 7 0.021603195 
204 491 6 7 0.021603195 
114 530 6 9 0.021603195 
412 539 15 20 0.021603195 
107 50 60 71 0.021360904 
748 536 51 61 0.021360898 
323 486 30 37 0.021360898 
701 358 70 78 0.021360898 
695 161 26 31 0.021360898 
115 190 30 35 0.021360898 
205 339 21 27 0.021360898 
208 236 63 87 0.021360898 
138 76 35 49 0.021360898 
126 56 62 86 0.021360898 
831 191 37 36 0.021360898 
711 217 59 70 0.021360898 
504 194 188 242 0.020159906 
697 364 104 119 0.0201599 
