19_Couple_Couple_19_873
45
138 90 273 623 0.9964618 
344 228 197 514 0.97793007 
422 510 269 651 0.85282207 
448 109 200 471 0.8408331 
57 194 225 553 0.8280645 
454 192 265 680 0.56891036 
407 845 68 161 0.5227497 
573 493 218 562 0.4768992 
159 664 212 587 0.4085711 
457 743 142 400 0.4085711 
108 852 107 268 0.3647484 
638 412 265 570 0.3436022 
-20 819 212 514 0.19988178 
427 789 242 605 0.15916684 
97 695 191 418 0.14717786 
364 444 225 570 0.115646794 
502 164 94 242 0.109639935 
399 831 106 285 0.09015675 
215 902 69 175 0.07880669 
375 750 175 444 0.076092646 
658 544 146 371 0.076092646 
547 702 29 78 0.072444364 
204 799 117 345 0.064067975 
13 638 206 485 0.064067975 
587 719 186 562 0.05874174 
125 325 269 670 0.05874174 
644 690 212 437 0.053832814 
149 937 71 178 0.047198545 
1 645 94 345 0.045153886 
513 829 142 371 0.045153886 
250 890 119 307 0.03781825 
868 1150 128 218 0.03781825 
338 192 76 150 0.036325645 
225 849 194 478 0.03163486 
995 -4 28 63 0.030461604 
513 60 235 562 0.028921604 
84 799 92 201 0.027884185 
251 652 203 530 0.026434705 
653 884 144 350 0.026434705 
-2 656 74 188 0.025519116 
801 112 242 562 0.024156325 
267 954 215 499 0.022069868 
223 950 34 87 0.021360898 
701 21 215 530 0.020159906 
756 507 144 335 0.0201599 
