19_Couple_Couple_19_88
26
587 196 128 167 0.99911374 
680 125 128 167 0.99845755 
486 407 265 320 0.95484614 
641 156 119 165 0.6352516 
471 214 246 268 0.3436022 
460 494 136 185 0.28400344 
383 522 55 80 0.2511021 
651 245 218 264 0.115646794 
348 342 261 340 0.1065206 
660 122 212 272 0.06984132 
286 282 212 276 0.05874174 
410 523 121 158 0.053832814 
817 521 239 268 0.04133061 
539 412 136 242 0.04133061 
26 381 242 293 0.04133061 
498 510 70 95 0.033269096 
589 460 151 197 0.03163486 
389 547 71 83 0.030461596 
722 368 232 261 0.028921604 
361 626 70 58 0.027884193 
875 579 112 132 0.026434705 
763 -29 222 249 0.024156325 
658 520 146 149 0.024156325 
701 204 79 97 0.023349825 
672 122 54 79 0.021360898 
595 348 232 268 0.020159906 
