19_Couple_Couple_19_24
25
219 145 209 253 0.99385405 
515 408 225 261 0.7688974 
147 175 183 219 0.71599656 
299 190 206 250 0.52310073 
867 -36 215 277 0.4310897 
448 165 293 345 0.2311026 
96 154 112 149 0.2311026 
344 145 142 200 0.17193554 
34 74 228 302 0.12544508 
383 205 188 206 0.09015675 
98 394 138 134 0.076092646 
171 290 218 261 0.06984133 
883 35 132 149 0.06984132 
844 73 235 277 0.053832814 
199 381 285 257 0.034593593 
494 320 209 250 0.034593593 
924 53 78 70 0.030461604 
79 290 4 5 0.030282615 
478 73 242 294 0.028921604 
681 305 257 294 0.028921604 
597 40 44 56 0.027884185 
206 203 102 121 0.025519116 
46 112 27 35 0.023349825 
798 31 30 37 0.021360898 
125 459 222 277 0.020159906 
