19_Couple_Couple_19_822
35
180 149 265 326 0.99999046 
425 171 246 312 0.9999895 
298 167 265 351 0.99814475 
103 427 212 278 0.6563978 
349 419 246 290 0.4310897 
20 434 203 278 0.3436022 
120 279 257 346 0.28400344 
657 -28 242 312 0.2840034 
532 228 186 243 0.19988178 
754 212 261 294 0.14717786 
764 432 225 274 0.14717786 
675 336 97 134 0.1254451 
464 396 206 282 0.1065206 
719 105 228 303 0.08285364 
705 520 80 99 0.07880669 
539 445 212 262 0.06984132 
-63 184 261 322 0.05874174 
747 338 200 247 0.04931264 
663 500 70 66 0.047198545 
-4 20 132 183 0.045153897 
7 21 222 303 0.03781825 
718 532 101 143 0.03781825 
736 541 61 93 0.036325645 
931 120 34 39 0.033269096 
143 200 165 254 0.03163486 
68 154 68 86 0.030461596 
781 541 134 131 0.02643471 
477 157 136 206 0.026434705 
902 620 29 33 0.025519116 
744 558 36 57 0.023349825 
414 -21 194 222 0.022069868 
713 561 58 69 0.021360904 
858 122 35 41 0.021360898 
667 53 109 145 0.0201599 
283 556 98 154 0.0201599 
