19_Couple_Couple_19_86
30
466 420 239 661 0.9993876 
265 206 249 588 0.9983083 
566 496 215 614 0.9815879 
620 951 225 562 0.864054 
231 877 239 579 0.8280645 
364 285 228 623 0.8001182 
136 928 239 562 0.56891036 
26 1194 142 444 0.56891036 
324 889 261 605 0.5461031 
326 997 160 389 0.24794048 
424 533 188 457 0.2311026 
234 269 172 425 0.18550259 
520 1057 242 562 0.13594593 
451 426 80 188 0.118850335 
529 1079 126 356 0.115646794 
443 1039 149 350 0.115646794 
-8 321 273 661 0.1065206 
311 496 246 671 0.076092646 
500 1134 92 191 0.072444364 
681 492 194 554 0.06984133 
135 195 200 614 0.053832818 
38 979 228 661 0.053832814 
62 453 140 383 0.04931264 
387 446 78 208 0.033269096 
629 312 61 123 0.030461604 
72 731 232 633 0.028921604 
696 1050 235 546 0.028921604 
615 667 257 652 0.02415633 
338 57 232 596 0.022069868 
718 555 119 356 0.0201599 
