19_Couple_Couple_19_319
48
840 5 7 20 0.16157512 
416 658 61 176 0.08567618 
113 1155 232 538 0.07609263 
496 592 19 45 0.0691498 
875 689 124 335 0.064067975 
886 13 5 14 0.06377564 
0 1100 197 538 0.05874174 
622 660 95 289 0.058741733 
979 762 24 62 0.056098126 
855 721 9 22 0.054176662 
30 640 73 176 0.051466707 
303 24 7 18 0.04990379 
883 34 6 18 0.045951538 
61 529 194 514 0.045153897 
2 717 101 302 0.04133061 
794 587 206 530 0.04133061 
251 661 51 164 0.039651502 
134 712 106 285 0.03781825 
760 486 100 225 0.034593605 
132 744 56 170 0.033269096 
1 737 47 151 0.033269096 
310 28 6 18 0.03293372 
255 78 5 13 0.032933712 
293 753 62 182 0.030461596 
302 15 7 19 0.030282615 
333 351 34 97 0.027884193 
294 0 6 13 0.027838783 
829 10 7 20 0.02558696 
538 654 20 51 0.02558696 
865 9 5 15 0.02558696 
603 915 70 153 0.025519116 
591 350 186 530 0.024156325 
45 550 121 355 0.024156325 
751 619 94 281 0.024156325 
411 695 112 355 0.024156325 
488 41 6 19 0.02351288 
821 13 9 24 0.02351288 
301 3 8 19 0.02351288 
74 7 8 23 0.02351288 
480 590 27 61 0.023349825 
925 404 27 78 0.023349825 
424 693 34 102 0.023349825 
144 546 188 562 0.022069868 
225 490 200 579 0.022069868 
76 125 5 15 0.021603195 
477 589 8 21 0.021603195 
1012 748 11 41 0.021603195 
456 590 33 64 0.021360898 
