19_Couple_Couple_19_349
31
425 99 128 230 0.9997335 
558 51 107 223 0.99919194 
542 75 269 374 0.5461031 
512 67 104 227 0.47689918 
595 73 128 270 0.21508123 
595 215 253 323 0.18550259 
595 484 235 397 0.17193554 
647 49 97 227 0.08285364 
215 531 212 380 0.064067975 
744 68 285 488 0.04931264 
503 528 257 454 0.04931264 
400 130 95 179 0.047198545 
560 461 71 100 0.047198545 
666 378 246 421 0.045153886 
-40 323 302 526 0.03781825 
739 -2 33 55 0.036325652 
408 530 6 11 0.030282615 
503 188 228 358 0.028921604 
504 414 67 125 0.027884185 
368 523 5 10 0.027838783 
147 381 203 415 0.026434705 
525 438 73 132 0.025519116 
240 479 128 323 0.024156325 
510 442 265 309 0.024156325 
524 872 107 169 0.024156325 
776 55 116 263 0.024156325 
446 378 76 127 0.023349825 
591 311 53 109 0.023349825 
748 57 86 207 0.022069868 
740 539 242 440 0.022069868 
388 535 5 10 0.021603195 
