31_Waiter_Waitress_Waiter_Waitress_31_842
21
348 148 171 231 0.9994092 
752 588 137 215 0.99245995 
305 559 381 448 0.125765 
809 552 54 80 0.12228969 
374 903 474 399 0.075148955 
288 1361 149 164 0.06622354 
575 1122 451 484 0.054299854 
237 379 40 55 0.048403125 
789 561 104 155 0.04598504 
494 76 501 449 0.04552547 
406 944 257 248 0.04271313 
219 984 410 507 0.037998874 
512 705 100 105 0.029872704 
283 781 403 444 0.029653352 
-48 -35 380 523 0.02811996 
424 701 222 225 0.027471384 
103 362 408 435 0.02504625 
111 703 434 467 0.02408745 
807 549 39 51 0.024035476 
188 1058 131 133 0.022948766 
826 627 114 183 0.022707934 
