31_Waiter_Waitress_Waiter_Waitress_31_420
183
463 179 29 44 0.99932647 
653 219 26 33 0.99774736 
582 217 28 32 0.9975781 
915 209 32 43 0.997133 
332 301 22 28 0.99311996 
690 236 26 34 0.98865545 
372 299 22 30 0.985642 
552 220 21 32 0.96895903 
40 219 21 28 0.9687102 
532 205 23 28 0.956973 
240 314 19 25 0.9511778 
489 218 24 29 0.9461487 
281 316 17 21 0.8651761 
195 290 17 21 0.83916926 
868 306 23 28 0.5906722 
696 208 23 28 0.5795849 
378 289 23 31 0.55259246 
408 234 17 22 0.5452739 
148 262 19 22 0.506778 
130 307 16 19 0.42373398 
168 313 15 19 0.42001462 
387 285 21 28 0.3200434 
451 43 30 35 0.28529912 
389 272 15 17 0.2258159 
347 283 12 16 0.2178272 
868 275 12 15 0.21326184 
166 292 14 19 0.20445228 
695 218 27 35 0.1933828 
306 315 14 19 0.18656327 
248 300 14 16 0.14669496 
537 223 24 33 0.14644 
189 293 17 21 0.14494926 
230 284 11 13 0.14040656 
411 221 24 32 0.14026007 
346 222 15 20 0.1394286 
122 298 17 20 0.13093111 
271 344 14 22 0.121169396 
518 282 32 36 0.11429219 
299 296 21 28 0.11373321 
93 220 23 29 0.11045819 
573 201 16 19 0.10773689 
300 288 15 18 0.1075993 
205 323 15 23 0.10632423 
117 291 14 19 0.09767493 
295 290 11 15 0.086050235 
840 159 8 11 0.081867926 
188 275 13 15 0.07682484 
491 213 18 21 0.07565584 
355 282 12 16 0.07520683 
844 283 12 14 0.07334367 
433 168 14 20 0.07109223 
234 282 12 14 0.06912676 
11 264 13 16 0.068732604 
816 246 10 12 0.06852161 
156 340 15 19 0.06808847 
225 285 10 14 0.06766073 
738 198 10 12 0.06367081 
253 296 11 14 0.06365573 
375 277 10 12 0.063437775 
235 294 11 14 0.061305854 
758 222 10 13 0.060664464 
260 281 11 15 0.060087673 
509 208 19 26 0.055081032 
184 298 13 17 0.054922275 
753 208 8 10 0.05490529 
816 239 10 11 0.053383432 
570 220 25 31 0.053181015 
98 276 21 31 0.053007763 
350 196 9 11 0.0527979 
207 276 11 14 0.049178272 
143 363 13 17 0.04884658 
219 323 12 17 0.048410848 
893 220 13 18 0.046314325 
502 214 20 27 0.044265836 
316 260 10 13 0.044252887 
86 274 12 17 0.043538064 
289 306 20 26 0.043308944 
997 294 15 21 0.043097954 
741 192 9 11 0.04309118 
162 354 22 25 0.04221658 
874 189 10 11 0.041760653 
874 207 9 11 0.041037273 
699 226 16 21 0.040764365 
140 330 13 16 0.04004825 
109 287 13 20 0.039119318 
203 285 14 19 0.038862634 
376 253 10 11 0.038809046 
141 271 17 21 0.0386889 
208 316 21 30 0.036830198 
433 40 43 55 0.036823682 
894 190 8 9 0.036361523 
164 329 15 19 0.03626195 
892 215 24 33 0.036212016 
473 306 26 37 0.036072135 
213 271 11 14 0.035933986 
776 224 9 12 0.035014197 
186 270 11 13 0.0345331 
275 350 15 20 0.034507673 
93 273 15 21 0.034488477 
781 229 9 10 0.03429349 
279 362 14 20 0.034106627 
158 313 16 20 0.033829927 
157 353 16 19 0.033472776 
513 144 18 22 0.032837767 
232 298 14 17 0.032549877 
421 307 17 23 0.032309845 
46 375 10 12 0.031788073 
212 292 10 15 0.031234367 
24 285 12 15 0.0311572 
148 278 15 19 0.030971423 
336 289 23 29 0.029755458 
430 160 11 15 0.029626638 
620 211 14 18 0.029531443 
828 116 11 14 0.029378051 
719 204 12 16 0.029172715 
349 272 9 11 0.02876998 
830 263 10 14 0.028685274 
122 372 12 15 0.0285577 
384 275 11 15 0.028067417 
137 311 15 19 0.027927903 
58 251 17 23 0.027866038 
313 313 14 19 0.027396148 
383 284 13 19 0.026983712 
749 224 14 18 0.02672514 
199 263 9 11 0.026405899 
152 275 21 26 0.025980556 
162 348 15 18 0.025941614 
241 111 10 13 0.025895473 
406 252 11 15 0.025875388 
881 312 21 26 0.025857497 
760 199 8 9 0.025523635 
776 239 11 13 0.025489666 
147 357 13 16 0.02543568 
741 205 9 11 0.024227262 
733 215 11 12 0.02397616 
11 284 11 14 0.02395414 
892 318 15 20 0.023949694 
238 355 14 19 0.023697551 
229 278 19 23 0.023688523 
376 191 8 11 0.023620669 
160 264 13 19 0.023513775 
333 284 14 16 0.023503207 
420 212 14 18 0.023441019 
799 246 9 11 0.02331263 
100 238 16 20 0.023307126 
405 261 12 15 0.023245463 
189 285 16 20 0.023155568 
836 274 21 26 0.023140633 
779 250 16 19 0.023056997 
532 235 19 24 0.022985661 
509 288 28 34 0.02285694 
834 158 9 12 0.022845216 
421 180 11 15 0.022741709 
160 289 14 18 0.02239976 
889 222 11 14 0.022375612 
427 51 25 32 0.02236684 
195 269 11 14 0.021999843 
757 214 10 12 0.021988926 
430 54 12 18 0.021947209 
23 277 11 14 0.021839138 
28 301 11 14 0.021725126 
715 232 17 24 0.02154949 
768 211 9 12 0.02142891 
423 194 13 18 0.021342048 
872 185 10 11 0.021301841 
328 263 10 12 0.021180755 
554 212 17 23 0.021137966 
425 297 18 23 0.021053053 
329 268 10 13 0.02092766 
128 263 9 13 0.020882636 
207 261 8 11 0.020725517 
600 220 18 25 0.02054525 
99 215 15 19 0.020538876 
696 205 14 18 0.020526456 
877 211 9 12 0.020521527 
302 29 92 113 0.02042351 
864 281 13 16 0.020392949 
21 268 13 15 0.02035784 
222 279 11 15 0.020282812 
89 226 12 18 0.020273492 
873 247 9 11 0.020265618 
150 299 10 13 0.020087926 
183 284 13 17 0.020068439 
