5_Car_Accident_Car_Crash_5_365
64
275 161 37 36 0.9900682 
930 143 17 20 0.38815913 
827 194 15 17 0.35749486 
222 122 13 15 0.26501092 
923 181 28 30 0.18597972 
914 146 26 33 0.17727111 
513 352 58 79 0.13807213 
935 155 27 28 0.11750016 
688 33 9 11 0.08063877 
703 18 11 14 0.07986141 
228 119 11 13 0.07398823 
661 26 9 11 0.066221915 
603 10 19 22 0.063771255 
221 165 11 15 0.061101 
575 0 20 18 0.054312676 
667 298 23 25 0.051348694 
207 383 35 33 0.05073811 
821 195 26 27 0.050457414 
924 164 32 35 0.04943083 
693 36 10 13 0.049381394 
489 352 107 126 0.04346292 
756 476 12 13 0.04260206 
586 34 16 21 0.04157466 
700 290 43 51 0.04122421 
231 114 8 10 0.040747676 
843 531 20 19 0.039360274 
541 0 11 11 0.036693476 
770 259 55 71 0.03577085 
619 2 14 15 0.03426651 
288 117 12 16 0.033938613 
534 -1 12 11 0.033739764 
937 168 21 22 0.033158425 
749 447 12 13 0.031492356 
722 22 8 11 0.02977076 
677 66 385 466 0.029630624 
830 580 22 30 0.029629031 
613 18 15 20 0.028760027 
203 385 57 48 0.02810953 
213 148 13 17 0.027967533 
687 302 43 48 0.02765086 
617 44 27 33 0.027100982 
897 221 26 30 0.026154077 
700 38 12 14 0.026132243 
220 145 13 17 0.025657643 
912 154 13 19 0.025575345 
217 119 12 15 0.02534046 
837 613 14 21 0.024419175 
566 0 17 17 0.024223419 
611 3 17 17 0.02368678 
448 313 50 55 0.023360426 
527 -1 13 11 0.022820821 
695 309 14 18 0.022219013 
935 177 22 24 0.02184928 
727 438 13 14 0.021689598 
584 2 19 19 0.021230312 
204 150 13 17 0.021158854 
559 652 11 12 0.020991793 
225 128 16 17 0.020311952 
697 20 11 13 0.020281158 
277 199 15 17 0.020149166 
587 20 26 31 0.02013469 
691 34 22 27 0.0200763 
207 149 23 31 0.020025715 
917 184 19 22 0.020021683 
