5_Car_Accident_Accident_5_474
110
553 136 17 22 0.9851891 
347 141 16 23 0.9819841 
240 119 22 27 0.9707338 
801 143 18 22 0.58194643 
618 141 21 25 0.44824767 
707 134 21 26 0.3962461 
795 107 42 50 0.3678651 
610 145 20 25 0.35807052 
622 128 16 19 0.33793226 
586 153 15 21 0.2730135 
307 148 11 15 0.2707232 
797 129 31 37 0.2038483 
142 105 11 15 0.17066287 
298 172 17 22 0.15379827 
326 198 17 21 0.118437506 
540 162 14 19 0.11761407 
595 148 19 27 0.11548517 
630 136 19 24 0.111774765 
604 150 17 23 0.10820052 
501 121 15 20 0.09559327 
302 144 12 16 0.09238922 
795 96 33 40 0.0898107 
284 141 10 11 0.08920121 
109 291 17 19 0.08510382 
266 179 16 24 0.07464831 
637 132 16 21 0.07361327 
617 263 10 13 0.06865588 
296 148 12 16 0.06639363 
767 260 13 19 0.06502643 
160 92 43 47 0.06404262 
379 163 14 17 0.059402425 
581 139 22 27 0.059144683 
454 283 22 26 0.056787524 
702 130 18 21 0.05203103 
496 124 22 33 0.050870094 
460 76 27 33 0.0461802 
126 293 13 17 0.045473073 
400 143 9 13 0.042350806 
297 142 11 14 0.041485988 
830 94 31 42 0.040689938 
506 130 13 19 0.039963156 
539 283 12 16 0.03955538 
100 617 27 39 0.038943093 
552 270 11 13 0.038868614 
333 72 18 22 0.03833354 
960 189 8 11 0.038207106 
139 101 20 27 0.037928965 
696 139 12 17 0.03752803 
287 149 11 13 0.036970653 
318 162 12 16 0.03622717 
406 148 9 11 0.03496291 
545 225 22 31 0.034779422 
97 293 26 29 0.034472223 
838 139 16 18 0.03252272 
830 103 46 56 0.031840034 
134 112 15 21 0.03134893 
452 74 24 28 0.031301 
903 224 10 13 0.031079534 
-2 436 51 81 0.030578164 
146 101 11 15 0.030474627 
172 99 18 19 0.029918049 
567 210 22 29 0.029501365 
301 142 20 26 0.029014675 
876 250 21 27 0.028714815 
200 260 11 15 0.028015234 
804 85 50 61 0.027702417 
469 81 16 21 0.027325653 
633 359 9 12 0.027227357 
314 147 14 18 0.027092962 
494 127 15 23 0.027054282 
649 336 10 11 0.027020833 
94 306 16 19 0.027015716 
164 113 33 37 0.02680864 
186 188 24 31 0.02598437 
300 166 13 18 0.025855238 
252 177 17 23 0.025657674 
340 10 32 39 0.025028769 
373 143 10 12 0.024829822 
605 322 11 17 0.024825094 
65 160 31 38 0.02479036 
454 73 11 15 0.024705166 
499 195 17 21 0.02431833 
244 185 16 19 0.024120076 
703 340 12 15 0.02322881 
804 119 49 60 0.023137098 
594 222 22 28 0.022581479 
814 46 15 17 0.022549385 
124 106 13 16 0.022548167 
490 253 444 508 0.0224885 
483 122 25 36 0.022481607 
286 176 14 20 0.022400022 
377 170 14 17 0.021853628 
555 233 12 18 0.021646217 
406 119 8 11 0.02143188 
835 40 29 35 0.021335777 
836 95 20 25 0.021161785 
314 66 448 507 0.021111224 
817 107 16 18 0.02101166 
837 124 26 33 0.02092934 
246 183 26 30 0.020925323 
174 261 15 17 0.020917004 
88 281 46 52 0.020736797 
500 139 16 22 0.02064596 
637 366 8 10 0.02054184 
322 189 29 31 0.020521443 
145 98 9 13 0.020459665 
325 139 13 18 0.02028126 
951 201 9 11 0.020166267 
203 110 26 35 0.020146156 
839 340 13 16 0.020042505 
