5_Car_Accident_Car_Crash_5_574
314
778 150 28 39 0.99277884 
746 143 25 35 0.9605444 
734 490 16 19 0.56349957 
207 135 32 42 0.55564183 
134 171 13 15 0.5105285 
353 164 16 21 0.5031233 
92 166 12 15 0.40086067 
413 140 23 30 0.34801844 
733 149 31 33 0.3065442 
11 153 14 18 0.25003675 
54 137 14 17 0.21992353 
25 140 9 12 0.17462853 
692 478 16 19 0.1743335 
629 484 12 15 0.16803628 
934 375 11 13 0.15128195 
674 635 43 55 0.12773037 
732 494 23 27 0.115334935 
36 196 34 51 0.11364518 
112 142 11 14 0.10970847 
255 674 10 14 0.108547404 
744 443 14 17 0.10783154 
777 306 15 20 0.107425176 
566 457 48 55 0.107289694 
311 719 8 11 0.10371157 
921 335 8 11 0.09258804 
702 523 13 15 0.088586554 
664 487 11 14 0.087329865 
787 385 12 15 0.08594146 
342 714 11 13 0.08278181 
189 142 41 39 0.08166926 
306 748 11 13 0.081186906 
726 457 12 14 0.08042057 
708 405 11 16 0.07837998 
871 358 10 11 0.07470947 
816 365 10 13 0.07297839 
791 412 11 14 0.07225079 
173 128 27 41 0.072202034 
6 154 22 29 0.0707467 
813 432 11 13 0.06833539 
320 695 8 10 0.067864895 
879 415 9 10 0.06658924 
570 535 26 33 0.06563068 
813 480 9 10 0.0642798 
724 474 16 19 0.06391914 
981 593 12 15 0.06378603 
294 149 10 13 0.06340157 
725 479 22 25 0.06280669 
889 372 11 15 0.06224559 
862 372 11 13 0.06219264 
719 499 13 16 0.060413714 
98 165 11 13 0.059152126 
902 380 11 14 0.058601547 
990 702 9 12 0.058100663 
424 137 18 22 0.05787574 
938 302 9 11 0.056654554 
910 592 10 13 0.056646384 
877 357 9 11 0.0556335 
929 405 10 13 0.054869656 
128 167 20 25 0.054317836 
741 417 14 17 0.054071378 
64 85 8 10 0.053097207 
292 703 12 14 0.05225399 
49 141 11 14 0.051656082 
759 148 24 36 0.05085254 
785 372 12 14 0.050823167 
51 172 13 18 0.048444077 
739 540 12 15 0.047816806 
786 508 12 13 0.047793087 
919 366 9 11 0.04770329 
531 567 15 19 0.04667416 
892 612 14 18 0.046635933 
806 432 15 18 0.045586966 
544 654 10 12 0.044702023 
321 717 11 15 0.044176664 
377 157 24 29 0.043817353 
335 715 12 14 0.042766735 
888 397 9 11 0.042719018 
59 157 12 13 0.0424624 
738 533 12 16 0.042423554 
489 196 11 15 0.042007904 
873 412 9 11 0.041742273 
874 683 14 22 0.041263517 
877 352 10 12 0.04097115 
237 682 12 17 0.04083908 
6 134 9 12 0.04081606 
822 499 9 12 0.040792264 
559 629 10 11 0.04076448 
817 407 8 10 0.04071855 
138 95 7 10 0.040716115 
799 487 12 15 0.040397495 
678 474 13 15 0.04033155 
406 181 30 38 0.04019762 
159 111 11 14 0.039958965 
590 631 10 12 0.03959613 
342 167 15 20 0.038997803 
731 471 12 15 0.03895029 
687 475 14 17 0.038541604 
525 632 13 14 0.038187444 
770 539 29 33 0.037707444 
694 471 13 18 0.037494432 
893 376 12 15 0.03731882 
625 478 21 25 0.037309963 
667 490 11 15 0.03730838 
526 559 26 31 0.037242472 
871 407 8 11 0.037047237 
256 639 10 12 0.03682279 
358 292 30 34 0.0365973 
864 430 9 10 0.03635399 
704 577 13 16 0.036353305 
847 348 11 12 0.036303457 
840 476 11 13 0.035988927 
63 80 8 10 0.035447855 
916 413 9 11 0.035386942 
695 457 14 16 0.0353656 
479 643 10 12 0.035345294 
739 504 16 21 0.03527391 
888 521 8 9 0.03519991 
893 716 15 19 0.034949593 
76 181 9 12 0.03483456 
54 166 10 14 0.034770057 
13 141 11 13 0.03465795 
61 135 12 15 0.034182426 
781 375 20 24 0.034101684 
736 404 10 15 0.0336036 
889 367 9 12 0.033600662 
42 176 22 31 0.033319842 
805 484 11 14 0.033201355 
918 406 8 12 0.03278038 
687 502 11 14 0.032743823 
60 143 13 17 0.03269712 
914 334 9 11 0.032609005 
304 735 11 12 0.032186497 
878 341 9 12 0.032111008 
740 425 14 17 0.032005567 
997 422 9 10 0.031858105 
913 405 9 12 0.03172844 
832 310 10 13 0.03165932 
869 365 10 13 0.0313564 
1008 416 8 10 0.03132639 
406 483 14 16 0.03108002 
455 533 26 35 0.031052127 
957 302 8 11 0.030758811 
422 671 9 11 0.030672612 
342 249 97 130 0.030671675 
549 368 35 51 0.03058227 
837 372 10 12 0.030463735 
704 331 12 15 0.030395448 
624 556 24 26 0.030355563 
305 724 10 11 0.030347677 
839 365 11 14 0.030275466 
555 342 28 40 0.029897666 
663 479 20 25 0.029839398 
887 359 9 11 0.029823633 
854 420 10 11 0.029805336 
822 307 11 14 0.029768309 
93 111 9 11 0.029539237 
60 163 12 14 0.029438563 
742 404 13 15 0.029418547 
66 141 11 13 0.029349886 
747 508 12 17 0.02926519 
708 516 13 16 0.029245958 
163 120 28 43 0.029098477 
51 194 13 19 0.028961647 
34 273 49 65 0.028844805 
723 492 22 26 0.028817225 
964 697 14 18 0.028775183 
1002 316 9 13 0.028480757 
760 502 13 15 0.028439272 
592 466 34 39 0.028308606 
334 679 9 11 0.028252227 
609 469 28 32 0.027758664 
56 95 8 9 0.02770681 
894 397 9 12 0.027503297 
864 405 10 13 0.02744852 
732 544 18 21 0.027245237 
407 146 15 19 0.027071135 
880 420 9 11 0.026963918 
323 723 11 13 0.026826758 
737 485 22 28 0.02673314 
705 458 15 19 0.026721643 
90 160 21 25 0.026709741 
950 344 9 11 0.02665608 
47 147 11 13 0.026640499 
681 467 24 28 0.026572516 
562 451 37 39 0.026520547 
10 168 15 22 0.026429255 
731 460 10 13 0.026425997 
961 367 10 12 0.026219226 
105 193 24 30 0.026168855 
736 412 12 16 0.02609022 
680 503 11 14 0.026087228 
317 491 12 15 0.02578805 
692 463 23 28 0.025726724 
6 139 12 14 0.025638679 
228 667 13 16 0.025631696 
687 493 13 15 0.02560117 
243 658 15 17 0.025534937 
932 399 13 15 0.025332099 
344 178 171 213 0.025237352 
601 642 13 15 0.02517035 
246 675 13 16 0.02492246 
823 493 11 14 0.02486001 
737 417 24 27 0.024831403 
671 476 13 15 0.024729826 
903 350 10 12 0.024693944 
646 498 13 18 0.024692299 
56 197 25 38 0.024685599 
499 642 16 17 0.024673821 
312 660 9 12 0.024622623 
747 539 14 17 0.02429496 
403 474 25 30 0.024165474 
703 407 13 18 0.024056902 
861 336 9 11 0.02400866 
845 364 11 15 0.023989618 
821 371 10 12 0.02398238 
848 290 11 14 0.023959648 
413 122 11 15 0.023900438 
118 136 9 12 0.023848385 
903 550 9 10 0.023844728 
1008 419 10 12 0.023839798 
692 490 14 16 0.023799624 
832 375 8 10 0.023792839 
942 333 9 11 0.023764603 
549 639 11 13 0.023656992 
704 428 13 16 0.023563173 
854 342 11 12 0.023468051 
740 432 22 26 0.023465376 
65 127 9 11 0.023427013 
653 593 16 18 0.02337614 
672 470 13 14 0.023331095 
593 547 25 27 0.023323642 
451 130 14 20 0.023301607 
580 543 28 30 0.02329843 
519 637 12 15 0.023296004 
319 689 8 11 0.023178542 
804 491 12 16 0.023054471 
747 353 12 15 0.02302044 
93 118 10 12 0.022971446 
815 360 10 12 0.02294601 
599 637 23 27 0.022942165 
887 723 15 17 0.022939911 
767 524 26 31 0.022926688 
798 388 9 13 0.022839038 
935 390 11 13 0.022809708 
653 492 22 28 0.022748813 
245 626 10 12 0.022732507 
918 294 8 9 0.022730568 
552 135 9 10 0.02271622 
916 398 10 13 0.022708613 
833 366 9 13 0.022669729 
894 392 9 12 0.022632984 
895 334 9 12 0.022607414 
599 638 11 14 0.022598919 
1014 350 9 12 0.022590473 
21 147 12 15 0.022570588 
805 297 15 17 0.022560349 
620 474 16 21 0.022522956 
511 196 10 13 0.02250962 
5 129 9 11 0.022494573 
869 532 13 16 0.022494 
116 115 9 12 0.022386525 
47 166 11 15 0.022338934 
685 460 15 16 0.022152308 
288 708 12 14 0.02210826 
326 712 10 13 0.022055352 
533 471 16 19 0.021997318 
668 498 11 14 0.0219833 
224 140 17 26 0.021968465 
689 568 25 32 0.02188658 
719 546 13 16 0.021876002 
677 483 13 15 0.021822035 
937 333 9 11 0.021808285 
900 375 11 14 0.021738764 
690 568 14 18 0.021643307 
945 327 9 12 0.02162437 
510 640 10 13 0.021576704 
709 399 9 14 0.021535005 
545 640 10 12 0.021501545 
265 467 22 26 0.021452818 
673 472 24 29 0.021447707 
283 141 14 16 0.021424768 
344 733 11 13 0.02142394 
369 482 18 22 0.021398183 
864 412 9 12 0.021362675 
806 423 10 12 0.021359885 
911 303 9 11 0.021341203 
411 189 35 44 0.021327429 
645 456 17 20 0.021269366 
304 236 12 16 0.021223936 
751 383 10 12 0.021216415 
887 439 8 10 0.021066194 
373 161 17 22 0.02100403 
39 135 8 11 0.020949902 
333 309 46 71 0.020937588 
646 423 11 12 0.020901427 
829 396 11 14 0.020822905 
691 126 23 32 0.020820504 
1000 311 10 12 0.020755403 
866 358 9 10 0.020743188 
936 309 9 10 0.020720989 
862 423 10 12 0.020703744 
119 62 9 11 0.020687392 
756 513 16 19 0.020511862 
886 422 9 11 0.020446256 
407 139 39 46 0.0204154 
786 411 11 15 0.020396814 
295 171 10 13 0.020292768 
280 136 10 13 0.020247424 
293 654 10 11 0.020129064 
17 155 13 17 0.020113943 
458 120 21 28 0.020059789 
687 417 13 16 0.02003765 
37 164 14 17 0.020023592 
820 663 10 13 0.020023517 
