5_Car_Accident_Accident_5_628
208
266 278 28 35 0.9965803 
376 150 23 29 0.98518825 
176 218 22 30 0.98132896 
230 235 22 28 0.97948337 
856 203 23 30 0.97394335 
156 309 32 44 0.9058746 
915 239 22 26 0.87634087 
328 216 24 29 0.8582296 
76 216 24 28 0.8537637 
440 189 21 27 0.7515975 
937 288 27 30 0.6318801 
580 27 25 36 0.57800823 
283 175 18 24 0.48640746 
45 150 21 27 0.4274977 
-1 240 16 33 0.42358327 
372 84 30 36 0.41183224 
379 202 31 41 0.36231768 
946 337 26 36 0.3204806 
578 262 46 58 0.30072132 
905 196 26 31 0.29003042 
849 322 29 35 0.25992215 
961 340 26 35 0.21598542 
225 282 32 39 0.19674219 
856 272 25 31 0.196525 
927 297 26 32 0.1878921 
846 307 27 34 0.18771015 
803 265 35 40 0.18172714 
493 359 46 53 0.16814336 
202 269 23 30 0.16482894 
417 97 16 23 0.16425388 
1 169 19 25 0.15275797 
75 258 29 38 0.15195239 
386 187 39 51 0.11196099 
828 388 45 61 0.11096482 
90 345 41 43 0.10320249 
43 238 22 29 0.10100775 
648 279 41 54 0.09989434 
924 411 17 22 0.09528363 
517 351 43 50 0.09414629 
335 184 26 32 0.0929209 
700 319 23 31 0.09153794 
918 303 23 29 0.09131823 
799 192 26 30 0.09022528 
127 211 27 34 0.088729545 
947 279 24 34 0.086261064 
463 353 52 63 0.08466464 
211 267 25 32 0.08423172 
941 552 16 19 0.08119278 
330 200 38 48 0.080825575 
935 334 25 36 0.06894827 
956 276 15 21 0.06832763 
938 300 29 35 0.061896898 
897 210 24 31 0.061488543 
1008 97 16 30 0.0612639 
111 393 55 70 0.061029643 
636 251 25 32 0.060899843 
22 194 17 21 0.060314856 
885 361 18 23 0.06009505 
189 273 30 38 0.05969944 
900 491 27 30 0.059621174 
527 335 44 52 0.05873652 
859 311 26 32 0.056421045 
276 231 17 20 0.05515941 
77 235 38 53 0.054337144 
908 223 26 34 0.054030973 
171 170 15 18 0.053923037 
997 355 24 33 0.053805925 
399 179 27 33 0.052825317 
799 280 34 38 0.052351948 
964 509 15 20 0.05127877 
219 410 29 41 0.05119447 
38 249 23 29 0.049645457 
661 272 36 43 0.048932698 
349 180 24 28 0.04886828 
875 234 25 32 0.04740905 
36 264 16 20 0.04728837 
850 291 28 35 0.046494216 
977 496 36 52 0.04271495 
851 186 39 45 0.042545922 
405 95 26 32 0.03956142 
938 314 30 39 0.039459832 
412 200 15 20 0.03918754 
723 162 50 63 0.0385321 
250 508 52 63 0.03810654 
199 275 34 46 0.03801866 
988 247 36 61 0.03759229 
969 350 34 40 0.037339605 
388 59 15 19 0.037326083 
507 367 20 24 0.03731082 
222 262 29 36 0.036802147 
966 507 23 29 0.035714466 
339 384 25 28 0.035456166 
923 285 25 34 0.035308767 
384 94 29 33 0.03525339 
583 27 43 54 0.03524363 
291 172 22 29 0.035105098 
864 259 28 38 0.034737434 
11 162 15 19 0.034256306 
900 334 18 21 0.034245938 
180 202 16 17 0.034043636 
225 229 36 45 0.03386325 
433 186 39 49 0.033668544 
239 278 30 38 0.033341143 
910 324 27 31 0.03275478 
482 371 34 37 0.03269001 
781 219 16 19 0.032621827 
866 267 17 23 0.031849355 
801 227 15 18 0.031165436 
737 142 25 32 0.030913647 
403 177 18 20 0.030382972 
6 175 25 32 0.030071521 
952 288 27 34 0.02999507 
733 374 46 58 0.029752899 
160 497 107 116 0.02968529 
24 150 23 30 0.029032879 
642 266 30 39 0.028976955 
579 232 50 61 0.028819133 
133 302 41 52 0.028624475 
883 372 25 28 0.028621498 
592 39 18 23 0.028617255 
720 333 25 35 0.028580874 
911 397 27 31 0.02853612 
815 227 26 30 0.0285125 
365 94 28 34 0.028471576 
835 305 24 33 0.028376251 
214 491 58 72 0.02817929 
325 180 22 28 0.028156733 
956 238 24 27 0.02800539 
924 310 27 35 0.027947843 
816 259 18 19 0.027868573 
886 339 24 30 0.027717398 
608 164 23 30 0.027552906 
892 217 17 22 0.027519869 
490 377 16 18 0.027451068 
688 218 17 20 0.027434597 
377 201 55 64 0.027306026 
406 195 24 31 0.027270265 
894 393 16 20 0.027263846 
439 83 26 32 0.026855936 
959 303 27 36 0.02681144 
727 344 28 36 0.026679523 
178 297 30 42 0.026559714 
378 72 30 37 0.026384521 
828 336 49 60 0.026223794 
77 345 33 39 0.026080457 
49 163 19 24 0.026037227 
315 424 14 18 0.025910266 
839 367 47 62 0.025860975 
898 390 29 33 0.02581846 
931 405 26 30 0.025683494 
997 244 24 35 0.02547748 
779 226 17 21 0.025310656 
373 280 104 117 0.025247147 
18 154 16 22 0.025077334 
20 199 24 29 0.024940388 
660 202 22 29 0.024912717 
343 188 29 35 0.024787707 
532 358 17 22 0.024700504 
736 350 31 32 0.024695216 
927 241 17 20 0.024643574 
991 478 12 16 0.024590636 
302 235 20 29 0.024181562 
236 402 40 52 0.02416978 
730 122 27 32 0.023898784 
863 206 26 33 0.023857994 
954 320 46 54 0.02384093 
379 56 25 31 0.023833701 
566 23 28 33 0.023777738 
884 277 23 32 0.023740971 
314 161 26 30 0.023648206 
75 226 29 38 0.023551425 
926 327 26 34 0.02335055 
176 200 25 32 0.023278503 
28 270 30 35 0.023275573 
323 104 15 19 0.02312684 
211 261 16 24 0.022938352 
449 87 28 37 0.022866132 
931 310 16 21 0.022802584 
39 152 17 22 0.022727123 
595 168 28 36 0.02270758 
815 287 31 38 0.02255625 
100 315 34 36 0.02249073 
597 6 46 57 0.022403762 
793 197 41 48 0.022393448 
937 211 41 50 0.022168718 
415 314 100 119 0.022074409 
599 275 48 60 0.021992138 
384 144 25 32 0.021642486 
366 92 17 20 0.021595405 
800 221 13 16 0.021585569 
464 394 53 68 0.021390295 
632 295 44 53 0.02135574 
96 243 26 37 0.02134168 
383 56 14 18 0.02130174 
98 330 37 40 0.021255583 
847 367 26 37 0.02124689 
30 257 17 22 0.021186864 
34 178 22 29 0.021185765 
201 406 41 55 0.020908507 
732 364 35 39 0.020884303 
950 510 25 31 0.020796418 
901 233 26 34 0.02073663 
740 178 53 65 0.020725816 
408 107 27 32 0.020665377 
917 416 24 29 0.020637166 
899 317 27 33 0.020578932 
476 196 28 37 0.020231085 
894 331 15 21 0.020000596 
