34_Baseball_Baseball_34_164
28
748 304 17 21 0.98704255 
293 358 14 19 0.90492445 
821 278 12 16 0.64717066 
307 405 27 51 0.28687313 
279 398 51 74 0.16258557 
741 301 106 183 0.064067975 
270 422 63 82 0.06111947 
735 340 63 102 0.051466707 
109 369 100 149 0.04931264 
136 418 57 88 0.039651502 
818 281 9 13 0.038923774 
827 281 9 13 0.038923774 
580 20 206 269 0.03781825 
740 86 235 355 0.034593593 
149 400 28 41 0.033269096 
426 80 249 361 0.03163486 
744 360 36 53 0.030461596 
572 302 25 35 0.027884185 
177 22 8 11 0.027838783 
257 21 218 277 0.026434705 
808 270 23 32 0.025519116 
326 388 62 94 0.025519116 
808 255 134 203 0.024156325 
834 163 222 277 0.022069868 
-3 531 186 307 0.022069868 
828 312 13 17 0.021603195 
745 308 9 13 0.021603195 
694 286 197 277 0.0201599 
