34_Baseball_Baseball_34_391
75
517 200 59 75 0.9667309 
60 260 23 29 0.95280147 
640 114 35 44 0.43212515 
550 128 33 41 0.4099317 
905 388 95 160 0.3864298 
753 76 31 57 0.36670664 
71 334 9 12 0.33330244 
87 353 27 41 0.2032784 
563 -3 242 330 0.19988176 
557 219 75 91 0.16258557 
86 344 7 10 0.16157512 
339 567 107 167 0.14717786 
532 208 75 83 0.13928533 
61 330 7 10 0.1293704 
789 17 46 40 0.109639935 
431 342 36 38 0.109639935 
509 351 63 85 0.10106142 
453 385 232 269 0.09803478 
20 357 12 21 0.08787667 
895 458 51 70 0.08567618 
602 451 215 298 0.08285364 
918 445 60 88 0.07244435 
654 79 32 43 0.06111947 
1001 192 22 41 0.06111947 
585 373 53 69 0.06111947 
448 497 71 89 0.06111947 
798 75 59 76 0.056098126 
509 220 51 78 0.056098126 
582 69 33 44 0.056098126 
371 372 29 34 0.056098126 
169 54 235 321 0.053832814 
764 98 74 109 0.051466707 
513 351 34 48 0.051466707 
643 59 54 68 0.047198545 
504 387 63 85 0.047198545 
687 387 56 58 0.047198545 
649 101 32 41 0.039651494 
441 345 21 23 0.038923774 
690 316 242 298 0.03781825 
512 416 134 183 0.03781825 
658 489 69 88 0.036325652 
465 276 14 20 0.035808332 
572 84 49 60 0.033269096 
555 110 47 54 0.033269096 
79 331 46 67 0.033269096 
875 -12 140 209 0.03163486 
891 636 119 149 0.03163486 
15 389 98 175 0.03163486 
834 299 107 116 0.03163486 
260 132 73 86 0.030461604 
122 133 14 20 0.030282615 
164 212 14 20 0.030282615 
532 232 94 138 0.028921604 
573 341 61 75 0.027884185 
536 376 63 78 0.027884185 
390 523 16 22 0.027838783 
450 473 112 153 0.02643471 
804 281 100 112 0.026434705 
11 501 249 281 0.026434705 
105 337 15 23 0.02558696 
594 57 30 40 0.025519116 
793 41 55 71 0.025519116 
-20 361 188 261 0.024156325 
82 356 17 26 0.02351288 
161 235 12 16 0.02351288 
37 383 8 12 0.02351288 
981 192 40 86 0.023349825 
767 74 60 78 0.023349825 
379 534 104 162 0.022069868 
734 82 56 78 0.021360898 
596 104 32 44 0.021360898 
506 223 34 48 0.021360898 
560 318 59 71 0.021360898 
702 85 191 222 0.020159906 
428 552 222 261 0.0201599 
