34_Baseball_Baseball_34_171
41
428 77 83 103 0.9988171 
42 394 239 334 0.8408331 
221 166 85 53 0.7131269 
760 123 107 172 0.5 
17 37 249 324 0.5 
-49 147 218 271 0.5 
525 170 222 280 0.4085711 
-3 238 104 217 0.2311026 
791 187 60 112 0.16258557 
12 254 239 310 0.15916686 
164 252 212 280 0.15916684 
724 46 191 280 0.13594593 
4 15 76 85 0.10106142 
600 186 257 310 0.09803478 
802 154 97 167 0.076092646 
590 108 183 252 0.06984132 
191 225 55 75 0.06655857 
765 143 70 99 0.051466707 
485 33 109 152 0.04931264 
392 303 261 359 0.04931264 
70 179 200 267 0.04931264 
178 304 128 182 0.04133062 
657 79 170 238 0.04133061 
450 -9 200 256 0.04133061 
636 110 59 68 0.036325652 
135 345 218 305 0.034593593 
199 333 78 101 0.033269096 
191 132 128 91 0.03163486 
220 458 56 75 0.030461596 
252 180 28 20 0.030282615 
406 358 85 120 0.027884185 
121 157 73 72 0.027884185 
766 126 191 271 0.02643471 
872 456 64 85 0.025519116 
817 481 34 47 0.025519116 
215 309 71 81 0.025519116 
294 300 188 267 0.024156325 
766 647 12 17 0.02351288 
195 415 68 89 0.023349825 
804 469 55 73 0.023349825 
858 415 104 155 0.022069868 
