34_Baseball_Baseball_34_580
70
650 298 203 542 0.7688974 
743 489 228 558 0.7520595 
471 31 140 319 0.65639776 
725 471 149 428 0.4310897 
119 327 218 542 0.4085711 
816 632 130 364 0.4085711 
373 3 200 468 0.28400344 
125 649 209 448 0.2311026 
831 584 191 534 0.19988178 
536 320 215 584 0.19988178 
106 190 56 152 0.16258557 
754 886 253 647 0.15916686 
229 579 58 168 0.15056497 
678 1166 56 160 0.15056497 
153 419 140 305 0.14717786 
398 184 78 221 0.13928533 
458 346 206 511 0.13594593 
666 851 225 542 0.1065206 
423 138 67 160 0.09308395 
507 121 80 187 0.08567618 
31 412 232 610 0.08285364 
152 576 121 392 0.06984132 
217 381 178 511 0.064067975 
848 708 78 233 0.06111947 
464 -104 222 526 0.05874174 
393 449 215 592 0.05874174 
351 180 265 526 0.053832818 
125 695 60 155 0.051466707 
691 455 58 207 0.051466707 
169 251 28 71 0.051466707 
563 754 27 74 0.047198545 
236 830 25 72 0.047198545 
851 62 53 130 0.047198545 
736 566 80 190 0.047198545 
186 729 76 177 0.04326818 
345 896 42 124 0.04326818 
151 713 75 180 0.04326818 
833 598 59 135 0.039651502 
171 526 85 183 0.039651494 
721 957 128 343 0.03781825 
249 602 34 96 0.036325652 
501 887 26 60 0.036325652 
242 976 56 163 0.033269096 
609 539 28 66 0.033269096 
196 952 200 511 0.028921604 
287 827 49 128 0.027884185 
193 818 69 155 0.027884185 
785 743 191 526 0.02643471 
450 130 68 155 0.025519116 
284 294 232 657 0.024156325 
678 1104 97 252 0.024156325 
190 523 98 283 0.024156325 
850 1079 31 78 0.023349825 
101 962 58 135 0.023349825 
840 1061 53 124 0.023349825 
66 66 114 309 0.022069868 
635 1053 101 300 0.022069868 
357 807 5 13 0.021603195 
710 696 50 120 0.021360904 
592 504 53 118 0.021360904 
260 855 64 152 0.021360904 
437 538 49 126 0.021360904 
448 586 25 72 0.021360898 
446 167 39 95 0.021360898 
256 621 35 118 0.021360898 
817 181 28 71 0.021360898 
316 703 29 76 0.021360898 
302 1079 75 177 0.021360898 
66 134 203 526 0.020159906 
37 -29 186 482 0.0201599 
