22_Picnic_Picnic_22_541
230
93 620 37 74 0.9977647 
552 103 7 18 0.13944872 
1014 85 6 15 0.1293704 
477 115 6 15 0.12937039 
87 348 9 21 0.09507551 
632 10 222 522 0.09015675 
437 219 9 23 0.08787667 
554 99 5 13 0.08787667 
362 1110 6 14 0.08787667 
753 87 7 16 0.08787667 
320 925 215 464 0.08285364 
940 88 8 18 0.074940585 
82 319 6 14 0.07494057 
479 117 6 16 0.07494057 
372 227 29 73 0.072444364 
474 842 212 485 0.06984133 
643 76 9 19 0.0691498 
750 88 6 14 0.0691498 
805 112 7 15 0.0691498 
157 319 25 64 0.06655858 
424 1066 31 65 0.06655858 
639 97 6 15 0.06377564 
255 232 8 18 0.05879275 
749 1196 14 37 0.05879275 
733 82 6 14 0.05879275 
408 617 203 530 0.05874174 
428 1032 54 119 0.051466707 
469 161 6 14 0.04990379 
764 85 5 12 0.04990379 
788 88 6 14 0.049903784 
753 69 6 15 0.049903784 
-27 15 209 485 0.04931264 
936 194 6 17 0.04595155 
462 153 7 14 0.04595155 
467 155 5 12 0.04595155 
484 150 6 16 0.04595155 
219 1130 6 14 0.04595155 
538 100 4 10 0.045951538 
537 107 5 13 0.045951538 
613 98 5 14 0.045951538 
323 609 63 119 0.04326818 
491 129 6 14 0.04229837 
724 19 6 15 0.04229837 
529 100 3 9 0.04229837 
766 69 5 13 0.04229837 
485 119 5 13 0.04229837 
633 1122 61 125 0.039651502 
183 663 47 130 0.039651494 
238 1092 5 12 0.038923774 
348 196 6 15 0.038923774 
76 343 7 16 0.038923774 
449 148 7 15 0.038923774 
683 150 7 15 0.038923774 
456 99 4 10 0.038923774 
312 196 7 17 0.038923774 
503 190 5 13 0.035808332 
732 154 14 38 0.035808332 
609 104 5 14 0.035808332 
799 222 6 15 0.035808332 
283 231 6 13 0.035808332 
535 111 6 14 0.035808332 
456 228 5 12 0.035808332 
472 882 7 16 0.035808332 
677 306 121 235 0.034593605 
49 885 31 75 0.033269096 
302 646 64 104 0.033269096 
123 617 27 70 0.033269096 
80 554 60 144 0.033269096 
78 673 9 21 0.03293372 
78 648 7 18 0.03293372 
863 212 15 38 0.03293372 
537 1240 7 19 0.03293372 
208 1219 6 15 0.032933712 
107 329 16 37 0.032933712 
323 210 7 16 0.032933712 
618 104 5 12 0.032933712 
745 287 5 12 0.032933712 
323 204 7 14 0.032933712 
338 184 7 14 0.032933712 
101 336 6 13 0.032933712 
241 1091 5 13 0.032933712 
791 535 225 425 0.03163486 
200 644 97 194 0.03163486 
731 1127 24 70 0.030461604 
488 106 13 30 0.030282615 
318 181 6 14 0.030282615 
861 144 5 13 0.030282615 
842 118 13 30 0.030282615 
76 645 5 14 0.030282615 
83 345 9 21 0.030282615 
751 79 11 26 0.030282615 
721 90 5 12 0.030282615 
502 619 281 471 0.028921604 
-22 756 203 492 0.028921604 
512 1081 111 273 0.028921604 
259 1104 6 14 0.027838783 
724 26 6 14 0.027838783 
771 98 4 11 0.027838783 
70 136 7 18 0.027838783 
922 88 15 38 0.027838783 
267 373 7 18 0.027838783 
490 113 7 17 0.027838783 
519 189 5 14 0.027838778 
583 105 6 13 0.027838778 
550 108 6 15 0.027838778 
1014 63 5 12 0.027838778 
460 158 6 14 0.027838778 
676 524 235 492 0.02643471 
732 167 124 298 0.026434705 
439 750 117 330 0.026434705 
689 148 6 13 0.02558696 
269 1099 9 19 0.02558696 
460 112 5 12 0.02558696 
735 72 7 15 0.02558696 
639 79 7 18 0.02558696 
641 84 9 20 0.02558696 
360 1095 13 31 0.02558696 
364 1102 6 15 0.02558696 
497 112 6 14 0.02558696 
962 132 5 12 0.02558696 
614 131 6 14 0.02558696 
207 123 5 13 0.02558696 
549 1243 6 13 0.02558696 
791 86 6 15 0.02558696 
86 878 15 34 0.02558696 
160 355 15 35 0.02558696 
554 162 6 15 0.02558696 
364 211 6 14 0.02558696 
149 17 5 11 0.02558696 
263 1083 4 11 0.02558696 
791 95 6 15 0.02558696 
617 99 5 13 0.02558696 
351 1080 24 59 0.025519116 
67 707 25 69 0.025519116 
117 642 26 66 0.025519116 
772 256 65 139 0.025519116 
44 886 54 115 0.025519116 
519 480 107 218 0.024156325 
454 17 209 437 0.024156325 
248 971 134 356 0.024156325 
730 88 4 11 0.02351288 
403 210 13 33 0.02351288 
910 868 19 41 0.02351288 
804 176 13 29 0.02351288 
610 136 5 12 0.02351288 
533 140 4 11 0.02351288 
904 82 4 11 0.02351288 
90 354 8 20 0.02351288 
745 71 6 14 0.02351288 
167 336 6 15 0.02351288 
795 86 6 15 0.02351288 
608 16 5 12 0.02351288 
734 65 5 12 0.02351288 
61 254 5 13 0.02351288 
537 1240 14 31 0.02351288 
491 134 7 15 0.02351288 
937 149 7 17 0.02351288 
76 114 6 16 0.02351288 
87 889 7 16 0.02351288 
424 1093 16 39 0.02351288 
556 109 6 15 0.02351288 
533 145 4 12 0.02351288 
641 94 8 18 0.02351288 
814 113 5 13 0.02351288 
685 129 6 14 0.02351288 
673 129 5 12 0.02351288 
687 98 4 12 0.02351288 
818 113 5 12 0.02351288 
528 104 4 11 0.02351288 
244 1296 8 19 0.02351288 
397 821 42 117 0.023349825 
441 480 25 61 0.023349825 
864 934 75 159 0.023349825 
212 252 31 73 0.023349825 
718 1117 26 69 0.023349825 
221 622 31 79 0.023349825 
245 1184 54 115 0.023349825 
904 882 25 50 0.023349825 
407 1077 62 132 0.023349825 
364 1011 121 307 0.022069868 
579 468 246 507 0.022069868 
829 35 203 419 0.022069868 
108 788 203 546 0.022069868 
498 131 5 13 0.021603195 
381 1143 5 12 0.021603195 
57 363 6 14 0.021603195 
83 686 14 37 0.021603195 
53 901 6 12 0.021603195 
457 152 5 13 0.021603195 
348 228 6 13 0.021603195 
399 230 5 14 0.021603195 
749 176 12 30 0.021603195 
869 145 5 14 0.021603195 
480 125 6 14 0.021603195 
453 226 5 13 0.021603195 
755 119 6 13 0.021603195 
292 215 5 13 0.021603195 
729 113 5 14 0.021603195 
582 110 6 15 0.021603195 
738 736 14 37 0.021603195 
540 97 5 12 0.021603195 
571 99 5 13 0.021603195 
435 90 4 10 0.021603195 
148 90 6 14 0.021603195 
757 92 6 14 0.021603195 
768 97 5 12 0.021603195 
756 78 7 18 0.021603195 
751 55 6 14 0.021603195 
712 45 5 12 0.021603195 
579 47 6 13 0.021603195 
771 104 4 12 0.021603195 
195 50 5 12 0.021603195 
800 87 6 15 0.021603195 
489 94 6 14 0.021603195 
319 193 7 15 0.021603195 
177 288 6 14 0.021603195 
537 141 5 12 0.021603195 
850 124 7 18 0.021603195 
725 121 5 13 0.021603195 
747 88 5 13 0.021603195 
203 234 52 125 0.021360904 
699 1100 31 72 0.021360898 
81 637 25 58 0.021360898 
408 225 23 57 0.021360898 
925 85 23 57 0.021360898 
31 1054 58 144 0.021360893 
609 743 206 530 0.020159906 
367 -6 218 530 0.0201599 
-4 964 106 261 0.0201599 
327 587 98 203 0.0201599 
