22_Picnic_Picnic_22_732
1878
282 602 9 16 0.96107626 
338 609 12 19 0.9458233 
212 548 8 11 0.88008106 
148 521 7 9 0.86055124 
789 548 7 10 0.8384248 
606 610 10 15 0.8384248 
426 573 9 11 0.8263381 
63 654 12 19 0.8135483 
407 570 7 9 0.7858201 
224 585 11 15 0.7708736 
581 559 8 11 0.755209 
295 544 8 11 0.7040394 
214 632 12 16 0.7040394 
367 566 8 11 0.70403934 
523 602 8 13 0.6856687 
15 503 9 11 0.66669756 
849 618 13 16 0.66669756 
149 589 10 13 0.64717066 
724 582 10 14 0.6271395 
191 605 9 15 0.60666233 
516 564 9 11 0.56463194 
424 528 7 9 0.5216516 
158 536 8 10 0.5216516 
107 560 11 12 0.5 
585 543 8 10 0.5 
342 528 6 8 0.5 
488 562 8 9 0.45677772 
556 185 225 285 0.45389685 
171 523 6 7 0.43536806 
722 613 9 11 0.43536806 
367 586 8 11 0.43536806 
570 515 5 6 0.43536806 
853 491 6 7 0.4141967 
56 659 16 17 0.4141967 
141 503 6 7 0.4141967 
203 527 8 10 0.3933377 
215 609 9 11 0.3728605 
191 506 6 9 0.3728605 
668 516 5 6 0.3728605 
769 532 7 8 0.3728605 
387 572 8 9 0.3728605 
247 498 5 6 0.3728605 
225 507 6 7 0.35282937 
887 514 7 9 0.35282937 
314 578 8 11 0.35282937 
426 506 6 7 0.35282937 
344 540 7 8 0.33330244 
372 497 6 7 0.33330244 
104 494 5 6 0.33330244 
855 555 8 12 0.33330244 
195 526 7 9 0.33330244 
234 519 6 7 0.33330244 
451 542 7 9 0.33330244 
254 537 6 8 0.33330244 
50 663 14 15 0.33330244 
492 519 7 9 0.33330244 
590 583 10 14 0.33330244 
237 572 12 16 0.31433135 
621 506 5 7 0.31433135 
61 551 7 10 0.31433135 
908 509 6 8 0.31433135 
862 489 5 6 0.31433132 
265 501 5 6 0.29596066 
242 540 6 7 0.29596066 
553 506 5 7 0.29596066 
113 563 8 9 0.29596066 
572 498 5 6 0.29596066 
449 485 6 7 0.27822798 
781 516 5 6 0.27822798 
314 497 5 6 0.27822798 
509 524 6 8 0.27822798 
667 624 16 18 0.27822798 
321 524 6 8 0.27822798 
247 556 6 7 0.26116365 
353 563 10 13 0.26116365 
49 548 8 11 0.26116365 
988 567 7 12 0.26116365 
5 517 6 7 0.24479094 
561 541 7 10 0.24479094 
464 495 5 6 0.24479094 
462 484 6 7 0.24479094 
701 550 8 10 0.22912638 
861 528 5 7 0.22912635 
608 487 5 6 0.22912635 
165 500 5 7 0.22912635 
643 544 6 8 0.2141799 
468 532 6 9 0.2141799 
277 511 6 7 0.2141799 
684 497 6 7 0.2141799 
257 501 6 7 0.2141799 
325 584 8 11 0.2141799 
143 592 13 15 0.2141799 
430 489 5 6 0.2141799 
89 526 6 7 0.19995552 
221 523 6 8 0.19995552 
176 510 6 7 0.19995552 
331 534 7 9 0.19995552 
369 486 5 5 0.19995552 
58 538 7 9 0.19995552 
161 512 6 7 0.19995552 
946 520 5 6 0.19995552 
633 527 6 7 0.19995552 
831 538 7 9 0.1864517 
537 497 4 5 0.1864517 
717 518 5 6 0.1864517 
484 499 6 7 0.1864517 
704 506 5 6 0.18645167 
98 507 5 6 0.18645167 
597 490 5 6 0.18645167 
971 542 8 11 0.18645167 
783 529 6 7 0.18645167 
130 502 5 7 0.17366187 
593 580 8 11 0.17366187 
413 518 7 10 0.17366187 
546 514 5 8 0.17366187 
371 495 6 7 0.17366187 
117 514 5 6 0.17366187 
390 498 5 6 0.16157512 
293 507 5 6 0.16157512 
76 517 6 7 0.16157512 
172 570 6 8 0.16157512 
429 523 6 7 0.16157512 
741 523 6 8 0.16157512 
507 505 6 7 0.16157512 
335 520 6 7 0.16157512 
405 503 5 6 0.16157512 
593 523 6 7 0.16157512 
249 585 8 11 0.16157512 
484 562 9 10 0.16157512 
710 569 8 12 0.16157512 
675 502 5 7 0.16157512 
477 522 6 7 0.16157512 
229 494 4 5 0.16157512 
732 512 5 6 0.16157512 
396 600 6 8 0.15017675 
204 507 6 7 0.15017675 
180 521 7 8 0.15017675 
606 486 5 6 0.15017675 
531 510 5 6 0.15017675 
347 584 8 12 0.15017675 
58 545 10 15 0.15017675 
924 538 7 9 0.15017675 
418 501 5 7 0.15017675 
818 500 5 6 0.15017675 
360 501 5 7 0.15017675 
162 491 5 6 0.15017675 
126 524 6 7 0.15017675 
503 544 7 9 0.15017675 
360 544 6 8 0.13944872 
643 501 4 6 0.13944872 
196 494 4 5 0.13944872 
997 524 6 8 0.13944872 
419 535 6 8 0.13944872 
88 495 4 5 0.13944872 
339 498 5 7 0.13944872 
349 497 5 6 0.13944872 
262 490 5 6 0.13944872 
404 498 5 6 0.13944872 
306 506 5 6 0.13944872 
666 553 5 7 0.13944872 
654 522 7 9 0.13944872 
234 528 6 8 0.13944872 
485 491 6 7 0.13944872 
215 518 6 8 0.13944872 
416 514 6 7 0.1394487 
94 497 4 5 0.1293704 
257 499 5 6 0.1293704 
357 527 6 8 0.1293704 
344 488 5 6 0.1293704 
163 514 6 8 0.1293704 
514 510 5 6 0.1293704 
379 527 5 6 0.1293704 
628 489 6 7 0.1293704 
712 489 4 5 0.1293704 
583 524 5 7 0.1293704 
617 548 7 10 0.1293704 
182 559 12 15 0.12937039 
204 572 9 11 0.12937039 
643 540 5 7 0.12937039 
85 510 5 6 0.11991897 
396 503 5 6 0.11991897 
554 589 13 17 0.11991897 
553 503 5 7 0.11991897 
588 506 5 6 0.11991897 
73 494 4 6 0.11991897 
232 550 8 10 0.11991897 
331 552 7 10 0.11991897 
552 524 5 7 0.11991897 
629 510 5 6 0.11991897 
203 597 8 10 0.11991897 
102 527 5 7 0.11991897 
24 528 5 6 0.11991897 
371 502 5 7 0.11991897 
710 526 6 9 0.11991897 
382 495 6 7 0.11991897 
762 498 5 6 0.11991897 
912 528 6 7 0.11991897 
454 519 6 8 0.11991897 
610 498 5 6 0.11991897 
88 506 5 6 0.11991897 
694 514 5 7 0.11991897 
147 24 50 68 0.118850335 
111 493 4 5 0.111069925 
270 545 8 11 0.111069925 
68 509 6 7 0.111069925 
271 529 6 7 0.111069925 
264 511 5 7 0.111069925 
847 510 6 7 0.111069925 
292 509 5 7 0.111069925 
400 532 6 7 0.111069925 
1017 569 7 12 0.111069925 
450 518 6 8 0.111069925 
617 498 5 6 0.111069925 
222 506 6 7 0.111069925 
348 554 6 7 0.111069925 
434 547 6 7 0.111069925 
651 507 5 6 0.111069925 
933 514 6 7 0.111069925 
823 556 7 8 0.111069925 
356 547 6 8 0.111069925 
624 549 7 9 0.111069925 
497 502 5 6 0.111069925 
435 498 5 7 0.111069925 
352 562 7 9 0.10279763 
750 511 5 7 0.10279763 
530 534 6 9 0.10279763 
338 492 6 7 0.10279763 
628 603 8 9 0.10279763 
345 497 5 7 0.10279763 
228 497 5 6 0.10279763 
51 586 17 22 0.10279763 
196 608 9 12 0.10279763 
544 506 5 6 0.10279763 
325 526 6 8 0.10279763 
524 505 5 6 0.10279763 
516 507 5 6 0.10279763 
164 518 6 7 0.10279763 
348 506 6 7 0.10279763 
331 505 5 6 0.10279763 
629 492 6 6 0.102797605 
127 519 6 7 0.102797605 
932 455 4 5 0.102797605 
73 497 5 7 0.102797605 
738 511 5 7 0.102797605 
92 546 7 9 0.102797605 
662 17 128 172 0.09803478 
115 511 5 6 0.09507551 
848 502 6 7 0.09507551 
579 511 4 6 0.09507551 
580 493 4 5 0.09507551 
744 526 6 7 0.09507551 
405 628 20 33 0.09507551 
260 531 6 7 0.09507551 
239 497 4 6 0.09507551 
242 495 4 6 0.09507551 
247 495 5 5 0.09507551 
334 555 7 9 0.09507551 
123 495 4 5 0.09507551 
212 499 5 6 0.09507551 
322 514 5 6 0.09507551 
164 490 5 7 0.09507551 
270 493 5 6 0.09507551 
362 515 5 6 0.09507551 
392 503 5 6 0.09507551 
294 503 5 6 0.09507551 
954 478 5 6 0.09507551 
294 486 4 5 0.09507551 
341 515 4 6 0.09507551 
528 507 5 6 0.09507551 
861 497 6 7 0.09507551 
427 526 7 9 0.09507551 
262 528 6 7 0.09507551 
745 493 4 5 0.09507551 
983 502 6 7 0.09507551 
830 508 5 6 0.08787667 
578 514 4 6 0.08787667 
964 514 5 7 0.08787667 
888 511 7 8 0.08787667 
104 524 5 6 0.08787667 
473 561 7 9 0.08787667 
146 536 6 8 0.08787667 
647 515 6 7 0.08787667 
302 498 4 6 0.08787667 
243 576 12 16 0.08787667 
365 591 9 12 0.08787667 
828 507 4 5 0.08787667 
267 593 8 9 0.08787667 
511 510 5 7 0.08787667 
524 512 4 6 0.08787667 
623 482 4 5 0.08787667 
108 589 13 16 0.08787667 
696 535 6 8 0.08787667 
2 501 6 8 0.08787667 
197 525 11 13 0.08787667 
65 519 6 7 0.08787667 
620 548 7 10 0.08787667 
808 515 6 7 0.08787667 
571 552 7 8 0.08787667 
177 507 7 8 0.08787667 
610 505 5 7 0.08787667 
66 568 8 9 0.08787667 
844 518 6 7 0.08787667 
990 571 8 11 0.08787667 
186 539 7 9 0.08787667 
557 490 5 6 0.08787667 
825 519 5 6 0.08787667 
775 515 5 6 0.08787667 
1002 568 7 9 0.08787667 
130 519 5 7 0.08787667 
289 497 5 6 0.08787667 
848 505 7 8 0.08117401 
60 540 9 12 0.08117401 
630 569 6 9 0.08117401 
561 515 5 6 0.08117401 
1003 599 13 18 0.08117401 
182 505 5 7 0.08117401 
834 520 5 6 0.08117401 
699 494 4 6 0.08117401 
542 495 4 6 0.08117401 
545 512 5 6 0.08117401 
604 503 5 6 0.08117401 
495 505 5 7 0.08117401 
101 506 5 7 0.08117401 
835 497 5 6 0.08117401 
640 494 4 5 0.08117401 
767 489 4 5 0.08117401 
618 509 5 6 0.08117401 
497 492 5 6 0.08117401 
143 494 6 7 0.08117401 
759 498 5 6 0.08117401 
119 502 5 6 0.08117401 
200 498 5 7 0.08117401 
224 519 5 6 0.08117401 
897 522 7 9 0.08117401 
362 519 5 6 0.08117401 
158 492 5 6 0.08117401 
46 488 5 6 0.08117401 
434 489 4 6 0.08117401 
442 493 5 6 0.08117401 
937 537 7 10 0.08117401 
872 514 6 7 0.08117401 
539 598 11 17 0.08117401 
358 564 10 14 0.074940585 
646 531 5 6 0.074940585 
225 503 5 7 0.074940585 
34 524 6 7 0.074940585 
185 547 8 9 0.074940585 
528 603 9 12 0.074940585 
830 494 5 7 0.074940585 
448 483 5 6 0.074940585 
130 568 7 10 0.074940585 
996 542 8 10 0.074940585 
226 509 7 8 0.074940585 
697 489 5 6 0.074940585 
51 547 10 15 0.074940585 
861 487 4 5 0.074940585 
379 535 6 8 0.07494057 
442 490 4 5 0.07494057 
493 485 4 5 0.07494057 
608 523 6 8 0.07494057 
603 506 5 7 0.07494057 
653 488 4 5 0.07494057 
689 489 5 5 0.07494057 
575 488 5 6 0.07494057 
437 500 6 8 0.07494057 
923 483 7 9 0.07494057 
82 501 5 6 0.07494057 
407 505 6 7 0.07494057 
895 518 6 9 0.07494057 
366 495 4 5 0.07494057 
124 519 5 6 0.07494057 
573 501 5 6 0.07494057 
88 502 5 6 0.07494057 
322 511 5 6 0.07494057 
353 549 6 7 0.07494057 
877 481 4 5 0.07494057 
370 512 5 6 0.07494057 
574 557 9 11 0.07494057 
862 492 6 8 0.07494057 
345 486 5 6 0.069149815 
411 626 12 22 0.069149815 
678 513 6 7 0.069149815 
485 485 4 5 0.069149815 
206 509 6 8 0.069149815 
743 491 4 5 0.069149815 
349 509 6 7 0.0691498 
120 495 4 5 0.0691498 
642 536 6 8 0.0691498 
404 535 6 8 0.0691498 
827 493 6 7 0.0691498 
335 515 5 6 0.0691498 
690 513 6 7 0.0691498 
755 485 4 5 0.0691498 
487 502 5 6 0.0691498 
179 493 4 5 0.0691498 
755 495 4 5 0.0691498 
566 494 4 5 0.0691498 
571 496 4 5 0.0691498 
473 489 4 6 0.0691498 
196 497 5 6 0.0691498 
762 529 5 6 0.0691498 
391 519 6 7 0.0691498 
852 467 5 6 0.0691498 
189 547 7 9 0.0691498 
140 596 13 16 0.0691498 
553 500 5 6 0.0691498 
72 552 7 9 0.0691498 
690 522 5 6 0.0691498 
65 551 6 9 0.0691498 
337 497 6 7 0.0691498 
122 502 5 7 0.0691498 
251 617 9 10 0.0691498 
980 521 8 10 0.0691498 
822 512 5 6 0.0691498 
754 527 6 8 0.0691498 
216 539 7 9 0.0691498 
719 516 5 6 0.0691498 
846 514 7 8 0.0691498 
315 507 5 6 0.0691498 
57 511 5 7 0.0691498 
598 -27 212 265 0.064067975 
523 503 5 6 0.06377564 
292 498 5 6 0.06377564 
25 530 5 7 0.06377564 
744 637 9 10 0.06377564 
852 464 4 6 0.06377564 
62 567 7 10 0.06377564 
726 502 5 6 0.06377564 
915 531 6 7 0.06377564 
963 512 5 6 0.06377564 
528 551 7 8 0.06377564 
470 490 4 5 0.06377564 
253 584 8 10 0.06377564 
126 489 4 5 0.06377564 
542 504 4 5 0.06377564 
874 465 3 4 0.06377564 
136 490 4 5 0.06377564 
519 506 5 6 0.06377564 
200 501 6 7 0.06377564 
666 518 5 6 0.06377564 
563 507 5 7 0.06377564 
3 539 7 8 0.06377564 
567 491 4 5 0.06377564 
701 545 8 10 0.06377564 
104 502 6 7 0.06377564 
901 523 7 9 0.06377564 
405 495 5 6 0.06377564 
400 501 5 6 0.06377564 
333 513 5 6 0.06377564 
271 490 5 6 0.06377564 
464 507 5 6 0.06377564 
84 501 6 7 0.06377564 
33 494 5 6 0.06377564 
379 511 6 7 0.06377564 
428 507 7 8 0.06377564 
420 501 6 7 0.06377564 
58 501 5 6 0.06377564 
369 562 6 8 0.06377564 
797 530 7 8 0.06377564 
467 493 5 7 0.06377564 
610 501 5 6 0.06377564 
300 169 23 34 0.06111947 
338 644 21 26 0.06111947 
267 520 5 6 0.05879275 
759 620 10 16 0.05879275 
109 509 6 7 0.05879275 
103 496 6 7 0.05879275 
115 499 4 6 0.05879275 
214 543 8 10 0.05879275 
941 469 4 5 0.05879275 
715 538 7 8 0.05879275 
85 498 5 6 0.05879275 
408 580 8 10 0.05879275 
237 515 5 6 0.05879275 
220 515 5 7 0.05879275 
831 647 11 17 0.05879275 
20 567 11 13 0.05879275 
543 576 6 8 0.05879275 
161 501 6 8 0.05879275 
106 510 5 7 0.05879275 
369 606 9 12 0.05879275 
584 490 4 5 0.05879275 
350 495 5 6 0.05879275 
45 496 5 7 0.05879275 
585 560 6 9 0.05879275 
319 556 7 9 0.05879275 
379 497 5 7 0.05879275 
514 518 6 8 0.05879275 
132 512 5 6 0.05879275 
613 486 4 6 0.05879275 
331 511 5 6 0.05879275 
201 533 8 10 0.05879275 
910 512 7 8 0.05879275 
679 490 4 5 0.05879275 
499 490 5 6 0.05879275 
182 492 5 6 0.05879275 
927 535 9 12 0.05879275 
242 523 5 7 0.05879275 
244 565 7 10 0.05879275 
485 483 4 5 0.05879275 
669 502 4 6 0.05879275 
162 535 7 9 0.05879275 
618 489 4 5 0.05879275 
220 494 4 6 0.05879275 
71 500 6 7 0.05879275 
626 534 7 8 0.05879275 
797 503 5 6 0.05879275 
683 500 5 6 0.05879275 
711 492 5 6 0.05879275 
417 489 5 6 0.05879275 
55 514 5 7 0.05879275 
481 489 5 6 0.05879275 
232 519 10 12 0.05879275 
696 494 4 6 0.05879275 
534 498 4 5 0.05879275 
596 498 5 6 0.05879275 
613 498 5 6 0.05879275 
513 523 7 8 0.05879275 
634 59 30 35 0.056098126 
828 490 5 6 0.054176662 
509 503 5 6 0.054176662 
332 492 6 7 0.054176662 
630 508 5 6 0.054176662 
405 485 4 5 0.054176662 
246 587 11 14 0.054176662 
691 626 9 13 0.054176662 
443 485 4 5 0.054176662 
822 491 4 5 0.054176662 
753 507 5 6 0.054176662 
769 537 8 10 0.054176662 
882 668 12 13 0.054176662 
600 527 6 7 0.054176662 
818 539 6 8 0.054176662 
234 501 5 7 0.054176662 
42 505 5 6 0.054176662 
477 493 4 5 0.054176662 
289 520 6 7 0.054176662 
557 582 8 12 0.054176662 
752 513 6 7 0.054176662 
485 504 6 7 0.054176662 
60 536 6 8 0.054176662 
613 509 5 6 0.054176662 
750 507 5 6 0.054176662 
277 495 4 5 0.054176662 
762 506 6 7 0.054176662 
864 580 7 11 0.054176662 
872 511 6 7 0.054176662 
141 489 5 6 0.054176662 
250 494 5 6 0.054176662 
221 518 5 7 0.054176662 
596 485 5 5 0.054176662 
458 586 8 10 0.054176662 
172 520 7 9 0.054176662 
34 489 4 5 0.054176662 
123 497 4 5 0.054176662 
167 498 6 7 0.054176662 
677 493 4 5 0.054176662 
1018 520 5 7 0.054176662 
259 561 7 9 0.054176662 
31 497 5 7 0.054176662 
706 503 4 6 0.054176662 
358 499 5 6 0.054176662 
943 517 6 7 0.054176662 
320 506 5 7 0.054176662 
406 539 6 8 0.054176662 
164 521 6 8 0.054176662 
576 515 5 6 0.054176662 
618 530 5 7 0.054176662 
349 549 6 8 0.054176662 
0 540 4 7 0.054176662 
815 501 5 6 0.054176662 
216 498 5 6 0.054176662 
631 497 5 6 0.054176662 
345 502 5 7 0.054176662 
264 523 6 7 0.054176662 
745 505 5 6 0.054176662 
674 482 4 4 0.054176662 
183 556 9 11 0.054176662 
541 509 5 7 0.054176662 
186 505 6 9 0.054176662 
939 502 5 6 0.054176662 
327 540 6 8 0.054176662 
917 459 4 5 0.054176662 
88 497 5 5 0.054176662 
563 482 4 5 0.054176662 
650 513 7 8 0.054176662 
713 507 5 6 0.054176662 
14 498 8 9 0.054176662 
297 503 5 6 0.054176662 
394 505 6 7 0.054176662 
797 493 5 6 0.054176662 
916 620 26 41 0.051466707 
242 507 5 6 0.04990379 
777 489 4 5 0.04990379 
403 521 6 8 0.04990379 
499 486 4 5 0.04990379 
327 488 6 7 0.04990379 
644 489 4 5 0.04990379 
477 489 5 6 0.04990379 
242 571 10 12 0.04990379 
332 522 6 8 0.04990379 
795 523 6 8 0.04990379 
793 521 6 8 0.04990379 
400 590 7 9 0.04990379 
657 588 8 10 0.04990379 
191 527 6 8 0.04990379 
813 506 5 7 0.04990379 
724 515 5 6 0.04990379 
813 493 5 6 0.04990379 
641 502 5 6 0.04990379 
340 490 5 6 0.04990379 
699 511 4 6 0.04990379 
307 491 5 6 0.04990379 
811 490 4 5 0.04990379 
826 527 6 7 0.04990379 
648 633 12 16 0.04990379 
315 500 5 7 0.04990379 
656 488 4 5 0.04990379 
836 500 5 7 0.04990379 
473 513 6 7 0.04990379 
950 556 12 15 0.04990379 
225 513 6 7 0.04990379 
877 506 5 6 0.04990379 
837 462 4 5 0.04990379 
827 497 6 7 0.04990379 
350 514 6 7 0.04990379 
661 485 4 5 0.04990379 
524 489 4 5 0.04990379 
169 504 6 8 0.04990379 
194 545 5 7 0.04990379 
438 505 5 7 0.04990379 
319 539 6 7 0.04990379 
314 510 5 6 0.04990379 
711 498 5 5 0.04990379 
1009 567 13 18 0.04990379 
328 511 5 7 0.04990379 
797 510 6 8 0.04990379 
476 487 5 5 0.04990379 
939 477 5 6 0.04990379 
136 574 14 18 0.04990379 
737 523 6 8 0.04990379 
306 561 6 8 0.04990379 
832 515 5 6 0.04990379 
245 559 7 10 0.04990379 
691 494 4 6 0.04990379 
716 502 5 6 0.04990379 
361 523 6 7 0.049903784 
48 660 9 11 0.049903784 
67 503 6 7 0.049903784 
567 511 5 6 0.049903784 
439 486 4 5 0.049903784 
31 557 9 11 0.049903784 
813 365 7 9 0.049903784 
360 529 7 8 0.049903784 
656 533 6 7 0.049903784 
401 499 4 6 0.049903784 
626 486 6 6 0.049903784 
21 32 128 172 0.04931264 
136 12 42 68 0.047198545 
497 39 32 46 0.047198545 
549 511 4 6 0.04595155 
152 502 5 6 0.04595155 
548 547 6 8 0.04595155 
380 493 5 8 0.04595155 
669 489 4 6 0.04595155 
731 642 8 11 0.04595155 
540 561 7 8 0.04595155 
937 382 7 9 0.04595155 
787 507 5 6 0.04595155 
819 514 6 6 0.04595155 
753 536 6 8 0.04595155 
538 510 5 6 0.04595155 
536 527 6 8 0.04595155 
625 482 5 6 0.04595155 
109 519 5 6 0.04595155 
967 540 7 12 0.04595155 
135 502 6 7 0.04595155 
789 519 5 7 0.04595155 
421 493 5 6 0.04595155 
420 518 6 8 0.04595155 
208 501 6 7 0.04595155 
790 489 5 6 0.04595155 
758 485 4 5 0.04595155 
366 502 5 6 0.04595155 
52 542 8 12 0.04595155 
719 493 4 5 0.04595155 
786 531 5 7 0.04595155 
661 502 5 6 0.04595155 
339 518 5 7 0.04595155 
838 498 5 6 0.04595155 
640 497 4 6 0.04595155 
245 507 5 6 0.04595155 
309 518 5 7 0.04595155 
596 511 4 6 0.04595155 
548 517 6 7 0.04595155 
602 510 5 6 0.04595155 
181 544 8 10 0.04595155 
877 510 6 7 0.04595155 
673 485 4 5 0.04595155 
711 550 10 13 0.04595155 
873 522 6 8 0.04595155 
528 533 6 8 0.045951538 
616 618 8 11 0.045951538 
221 503 5 6 0.045951538 
580 533 5 6 0.045951538 
604 509 5 6 0.045951538 
843 557 13 15 0.045951538 
323 518 6 8 0.045951538 
233 534 7 9 0.045951538 
502 561 6 9 0.045951538 
684 575 9 12 0.045951538 
497 546 7 9 0.045951538 
381 511 6 8 0.045951538 
242 556 7 9 0.045951538 
537 571 6 7 0.045951538 
407 514 6 7 0.045951538 
675 504 6 7 0.045951538 
975 495 6 7 0.045951538 
104 558 9 11 0.045951538 
947 550 13 15 0.045951538 
312 486 4 5 0.045951538 
208 635 9 12 0.045951538 
76 490 4 5 0.045951538 
954 531 13 17 0.045951538 
575 559 11 15 0.045951538 
343 525 6 8 0.045951538 
728 535 5 7 0.045951538 
383 486 4 5 0.045951538 
335 490 7 8 0.045951538 
439 489 5 6 0.045951538 
435 487 4 5 0.045951538 
126 494 5 6 0.045951538 
255 494 5 6 0.045951538 
174 493 5 5 0.045951538 
512 73 246 289 0.045153897 
144 13 109 151 0.045153886 
613 513 5 6 0.04229837 
302 494 4 5 0.04229837 
587 489 5 6 0.04229837 
635 489 4 6 0.04229837 
588 589 9 11 0.04229837 
387 495 5 6 0.04229837 
374 489 5 6 0.04229837 
520 489 4 5 0.04229837 
0 519 4 6 0.04229837 
183 551 9 11 0.04229837 
921 481 7 9 0.04229837 
450 483 4 5 0.04229837 
495 499 5 6 0.04229837 
958 478 5 6 0.04229837 
339 554 5 7 0.04229837 
234 506 5 6 0.04229837 
883 465 4 5 0.04229837 
238 510 5 7 0.04229837 
216 510 5 6 0.04229837 
690 487 4 5 0.04229837 
331 489 6 8 0.04229837 
280 507 5 7 0.04229837 
626 507 5 6 0.04229837 
604 643 12 21 0.04229837 
712 644 16 20 0.04229837 
12 510 6 7 0.04229837 
644 486 4 5 0.04229837 
818 511 6 7 0.04229837 
276 497 4 5 0.04229837 
351 557 7 8 0.04229837 
211 664 19 20 0.04229837 
543 486 6 6 0.04229837 
746 511 6 7 0.04229837 
324 490 5 6 0.04229837 
822 499 5 6 0.04229837 
857 524 6 9 0.04229837 
715 522 6 7 0.04229837 
201 506 5 7 0.04229837 
467 528 7 9 0.04229837 
328 535 6 8 0.04229837 
746 498 4 5 0.04229837 
825 523 5 6 0.04229837 
347 537 6 6 0.04229837 
249 531 6 7 0.04229837 
195 501 5 7 0.04229837 
690 497 5 6 0.04229837 
252 490 4 5 0.04229837 
340 542 7 9 0.04229837 
354 527 6 7 0.04229837 
467 502 5 6 0.04229837 
831 523 6 7 0.04229837 
966 535 7 8 0.04229837 
257 535 6 8 0.04229837 
44 536 6 8 0.04229837 
805 499 4 5 0.04229837 
642 493 5 6 0.04229837 
488 490 5 6 0.04229837 
514 513 6 7 0.04229837 
56 498 5 7 0.04229837 
259 515 5 6 0.04229837 
942 560 7 10 0.04229837 
519 513 5 7 0.04229837 
637 548 7 8 0.04229837 
348 501 6 7 0.04229837 
563 611 7 10 0.04229837 
538 507 4 6 0.04229837 
716 499 4 6 0.04229837 
492 516 6 7 0.04229837 
809 518 6 7 0.04229837 
428 490 5 6 0.04229837 
873 518 6 7 0.04229837 
475 514 5 7 0.04229837 
408 489 5 6 0.04229837 
391 616 39 55 0.039651502 
836 326 57 64 0.039651494 
965 597 19 27 0.039651494 
540 574 7 9 0.038923774 
670 499 5 6 0.038923774 
339 524 6 8 0.038923774 
45 501 5 7 0.038923774 
559 518 6 7 0.038923774 
681 574 7 10 0.038923774 
613 550 8 10 0.038923774 
451 497 5 6 0.038923774 
514 493 5 6 0.038923774 
663 574 6 8 0.038923774 
542 518 5 7 0.038923774 
370 558 5 7 0.038923774 
323 497 5 6 0.038923774 
1000 600 9 13 0.038923774 
622 516 5 7 0.038923774 
483 482 4 5 0.038923774 
849 531 6 9 0.038923774 
887 532 6 8 0.038923774 
606 482 4 5 0.038923774 
328 503 5 6 0.038923774 
928 530 7 8 0.038923774 
321 540 6 8 0.038923774 
587 497 4 5 0.038923774 
772 497 4 6 0.038923774 
984 566 8 13 0.038923774 
488 565 9 11 0.038923774 
318 497 5 6 0.038923774 
238 507 5 6 0.038923774 
349 519 6 7 0.038923774 
800 549 7 8 0.038923774 
407 518 7 9 0.038923774 
620 498 5 6 0.038923774 
319 577 11 14 0.038923774 
370 504 5 7 0.038923774 
932 517 7 8 0.038923774 
324 493 5 6 0.038923774 
733 494 4 6 0.038923774 
118 498 5 6 0.038923774 
659 522 6 8 0.038923774 
174 506 7 8 0.038923774 
450 505 5 7 0.038923774 
812 523 6 8 0.038923774 
352 588 7 10 0.038923774 
575 507 4 6 0.038923774 
391 455 6 8 0.038923774 
255 533 6 8 0.038923774 
603 527 7 8 0.038923774 
170 543 5 7 0.038923774 
229 518 6 7 0.038923774 
98 528 5 7 0.038923774 
268 530 6 8 0.038923774 
218 493 5 6 0.038923774 
36 489 4 5 0.038923774 
128 526 7 8 0.038923774 
140 493 6 7 0.038923774 
593 589 8 10 0.038923774 
607 590 7 9 0.038923774 
86 508 6 8 0.038923774 
662 505 5 7 0.038923774 
811 507 5 6 0.038923774 
43 495 5 7 0.038923774 
698 538 7 9 0.038923774 
63 493 4 5 0.038923774 
973 544 9 11 0.038923774 
969 465 4 5 0.038923774 
834 527 6 7 0.038923774 
310 489 5 6 0.038923774 
817 504 6 7 0.038923774 
143 490 5 6 0.038923774 
919 536 7 9 0.038923774 
652 525 7 8 0.038923774 
678 628 8 10 0.038923774 
292 512 6 8 0.038923774 
537 515 5 6 0.038923774 
545 595 12 17 0.038923774 
740 513 6 7 0.038923774 
45 505 5 6 0.038923774 
896 502 5 6 0.038923774 
218 490 4 5 0.038923774 
130 535 6 8 0.038923774 
220 490 4 5 0.038923774 
229 491 5 6 0.038923774 
648 509 6 7 0.038923774 
537 502 4 6 0.038923774 
104 506 5 7 0.038923774 
322 215 31 40 0.036325652 
93 507 4 6 0.035808332 
625 514 5 7 0.035808332 
654 515 6 8 0.035808332 
681 489 4 5 0.035808332 
142 583 13 17 0.035808332 
511 492 5 6 0.035808332 
281 493 5 6 0.035808332 
259 492 6 7 0.035808332 
220 583 9 11 0.035808332 
332 544 7 8 0.035808332 
746 514 5 6 0.035808332 
650 519 8 9 0.035808332 
447 540 7 9 0.035808332 
621 503 5 7 0.035808332 
834 516 5 6 0.035808332 
214 569 12 15 0.035808332 
820 490 4 5 0.035808332 
604 539 7 8 0.035808332 
502 586 9 11 0.035808332 
72 518 5 7 0.035808332 
420 490 5 6 0.035808332 
178 565 11 15 0.035808332 
382 489 5 5 0.035808332 
182 539 8 9 0.035808332 
847 499 6 7 0.035808332 
8 548 7 10 0.035808332 
380 489 4 5 0.035808332 
209 494 4 5 0.035808332 
732 523 6 7 0.035808332 
528 513 6 7 0.035808332 
319 502 5 7 0.035808332 
553 515 6 7 0.035808332 
800 494 5 5 0.035808332 
758 494 5 6 0.035808332 
857 498 5 7 0.035808332 
848 617 9 11 0.035808332 
147 501 6 7 0.035808332 
113 507 5 6 0.035808332 
114 494 4 5 0.035808332 
458 520 6 8 0.035808332 
948 520 7 9 0.035808332 
979 497 5 7 0.035808332 
783 518 5 6 0.035808332 
699 543 7 10 0.035808332 
374 487 4 5 0.035808332 
828 385 12 14 0.035808332 
977 385 13 17 0.035808332 
459 501 6 7 0.035808332 
146 496 6 8 0.035808332 
938 468 5 7 0.035808332 
952 548 9 10 0.035808332 
254 490 5 6 0.035808332 
737 497 5 6 0.035808332 
527 502 5 6 0.035808332 
159 510 5 7 0.035808332 
984 524 6 8 0.035808332 
755 497 4 6 0.035808332 
327 530 7 8 0.035808332 
173 498 6 7 0.035808332 
802 498 4 5 0.035808332 
741 502 5 6 0.035808332 
523 498 5 6 0.035808332 
750 527 6 8 0.035808332 
674 509 6 7 0.035808332 
635 485 5 6 0.035808332 
779 501 6 7 0.035808332 
895 506 5 6 0.035808332 
880 549 7 8 0.035808332 
584 511 5 7 0.035808332 
596 501 5 6 0.035808332 
474 487 4 5 0.035808332 
755 501 4 6 0.035808332 
380 670 13 13 0.035808332 
408 550 8 10 0.035808332 
375 511 5 6 0.035808332 
0 505 6 8 0.035808332 
630 531 6 8 0.035808332 
460 497 6 7 0.035808332 
652 504 5 6 0.035808332 
758 531 6 7 0.035808332 
627 477 4 5 0.035808332 
512 497 5 7 0.035808332 
851 527 7 9 0.035808332 
502 511 5 7 0.035808332 
652 548 6 8 0.035808332 
668 549 7 9 0.035808332 
419 498 6 7 0.035808332 
194 280 257 294 0.034593605 
699 496 5 6 0.03293372 
440 604 11 17 0.03293372 
678 486 4 5 0.03293372 
292 526 7 8 0.03293372 
637 526 6 7 0.03293372 
62 531 6 7 0.03293372 
598 492 5 6 0.03293372 
252 538 7 8 0.03293372 
612 526 6 8 0.03293372 
676 499 5 7 0.03293372 
500 594 8 11 0.03293372 
863 530 6 8 0.03293372 
396 499 5 6 0.03293372 
211 509 6 8 0.03293372 
381 486 4 5 0.03293372 
67 513 6 8 0.03293372 
817 640 11 15 0.03293372 
993 526 7 8 0.03293372 
349 490 5 5 0.03293372 
661 498 5 6 0.03293372 
934 459 5 6 0.03293372 
464 534 6 8 0.03293372 
203 495 5 6 0.03293372 
878 465 4 5 0.03293372 
244 593 9 12 0.03293372 
876 526 6 8 0.03293372 
396 531 7 8 0.03293372 
352 493 5 6 0.03293372 
363 542 6 8 0.03293372 
24 524 6 7 0.03293372 
198 494 5 6 0.03293372 
809 475 4 6 0.03293372 
850 518 7 8 0.03293372 
132 571 13 16 0.03293372 
353 593 7 11 0.03293372 
894 510 5 6 0.03293372 
123 526 6 7 0.03293372 
407 494 5 6 0.03293372 
169 490 5 6 0.03293372 
438 509 5 7 0.03293372 
169 494 5 6 0.03293372 
42 545 6 7 0.03293372 
187 527 6 8 0.03293372 
127 504 6 8 0.03293372 
505 540 7 9 0.032933712 
610 494 5 6 0.032933712 
96 495 5 6 0.032933712 
794 548 7 9 0.032933712 
952 480 5 6 0.032933712 
199 545 6 7 0.032933712 
695 503 5 6 0.032933712 
776 487 4 5 0.032933712 
852 615 10 12 0.032933712 
70 570 8 10 0.032933712 
634 497 5 6 0.032933712 
6 543 8 10 0.032933712 
714 490 5 5 0.032933712 
708 498 4 6 0.032933712 
1010 599 10 17 0.032933712 
668 540 5 7 0.032933712 
647 494 5 6 0.032933712 
400 489 4 5 0.032933712 
408 485 4 5 0.032933712 
502 546 11 15 0.032933712 
762 543 7 9 0.032933712 
350 552 7 8 0.032933712 
647 486 5 5 0.032933712 
962 532 7 9 0.032933712 
236 534 7 9 0.032933712 
263 535 6 8 0.032933712 
565 502 5 6 0.032933712 
619 486 4 5 0.032933712 
220 588 9 12 0.032933712 
102 560 8 10 0.032933712 
348 559 8 10 0.032933712 
358 486 4 5 0.032933712 
126 499 5 6 0.032933712 
192 498 4 6 0.032933712 
900 448 4 5 0.032933712 
647 502 5 6 0.032933712 
261 487 4 5 0.032933712 
323 587 9 12 0.032933712 
68 493 5 6 0.032933712 
365 511 5 7 0.032933712 
785 509 6 7 0.032933712 
764 515 6 7 0.032933712 
519 523 5 7 0.032933712 
106 520 5 6 0.032933712 
160 505 6 8 0.032933712 
98 520 5 6 0.032933712 
40 518 5 7 0.032933712 
468 510 6 7 0.032933712 
618 504 9 12 0.032933712 
212 515 6 8 0.032933712 
899 506 4 6 0.032933712 
141 515 5 7 0.032933712 
376 526 5 7 0.032933712 
484 529 5 7 0.032933712 
827 502 5 6 0.032933712 
395 514 6 7 0.032933712 
242 520 5 6 0.032933712 
813 519 6 8 0.032933712 
788 514 5 7 0.032933712 
938 506 5 7 0.032933712 
725 511 5 6 0.032933712 
834 507 5 6 0.032933712 
169 510 6 8 0.032933712 
809 525 7 9 0.032933712 
544 494 5 6 0.032933712 
462 587 8 11 0.032933712 
613 545 6 9 0.032933712 
881 630 14 21 0.032933712 
876 513 7 8 0.032933712 
439 493 5 6 0.032933712 
413 619 12 19 0.032933712 
298 489 4 5 0.032933712 
483 543 7 9 0.032933712 
227 491 4 5 0.032933712 
413 502 5 7 0.032933712 
730 493 4 5 0.032933712 
983 539 11 16 0.032933712 
353 490 4 5 0.032933712 
358 489 5 6 0.032933712 
54 538 7 9 0.032933712 
367 488 5 6 0.032933712 
902 541 7 8 0.030282615 
930 538 7 10 0.030282615 
248 500 6 7 0.030282615 
172 501 6 8 0.030282615 
62 526 6 8 0.030282615 
975 538 11 15 0.030282615 
45 544 7 10 0.030282615 
848 521 6 8 0.030282615 
275 543 7 10 0.030282615 
541 523 5 6 0.030282615 
631 523 6 8 0.030282615 
1019 545 4 7 0.030282615 
424 514 6 8 0.030282615 
507 490 5 6 0.030282615 
200 609 8 11 0.030282615 
726 618 7 11 0.030282615 
37 494 5 6 0.030282615 
905 591 11 16 0.030282615 
672 515 5 7 0.030282615 
468 602 6 9 0.030282615 
697 514 5 7 0.030282615 
198 600 11 15 0.030282615 
780 489 4 5 0.030282615 
286 496 5 7 0.030282615 
156 539 8 10 0.030282615 
858 523 10 14 0.030282615 
844 497 5 6 0.030282615 
725 504 6 7 0.030282615 
379 554 5 7 0.030282615 
595 525 6 8 0.030282615 
855 535 6 8 0.030282615 
428 503 6 7 0.030282615 
889 534 6 8 0.030282615 
557 498 5 6 0.030282615 
291 506 5 7 0.030282615 
292 548 8 12 0.030282615 
388 522 7 8 0.030282615 
71 555 7 9 0.030282615 
244 553 10 12 0.030282615 
212 521 7 9 0.030282615 
246 527 6 7 0.030282615 
908 527 6 8 0.030282615 
352 531 7 8 0.030282615 
763 502 6 7 0.030282615 
954 531 7 9 0.030282615 
757 528 6 7 0.030282615 
247 530 6 7 0.030282615 
58 533 6 8 0.030282615 
375 536 6 8 0.030282615 
266 540 7 9 0.030282615 
520 503 5 7 0.030282615 
388 501 6 7 0.030282615 
630 477 3 4 0.030282615 
669 493 4 5 0.030282615 
635 494 5 6 0.030282615 
686 520 5 6 0.030282615 
702 569 8 11 0.030282615 
593 492 5 6 0.030282615 
175 519 10 11 0.030282615 
574 494 5 5 0.030282615 
571 564 6 8 0.030282615 
434 506 5 7 0.030282615 
736 495 5 6 0.030282615 
706 566 8 10 0.030282615 
669 486 4 5 0.030282615 
68 657 8 14 0.030282615 
685 555 7 10 0.030282615 
1001 566 13 16 0.030282615 
418 494 5 6 0.030282615 
448 494 4 5 0.030282615 
106 530 5 7 0.030282615 
510 520 7 9 0.030282615 
272 584 7 9 0.030282615 
154 587 9 11 0.030282615 
571 505 5 6 0.030282615 
85 523 6 8 0.030282615 
372 566 6 8 0.030282615 
25 562 12 14 0.030282615 
63 520 7 9 0.030282615 
824 557 9 11 0.030282615 
772 495 4 6 0.030282615 
373 562 5 7 0.030282615 
310 506 5 6 0.030282615 
704 486 4 5 0.030282615 
949 515 6 9 0.030282615 
592 510 5 6 0.030282615 
297 486 5 6 0.030282615 
572 486 4 5 0.030282615 
779 510 6 7 0.030282615 
661 626 6 8 0.030282615 
102 492 10 11 0.030282615 
941 471 5 6 0.030282615 
979 515 6 7 0.030282615 
904 591 7 10 0.030282615 
356 590 7 11 0.030282615 
396 510 5 7 0.030282615 
558 510 4 6 0.030282615 
870 468 4 5 0.030282615 
113 491 4 5 0.030282615 
303 491 4 5 0.030282615 
207 512 6 8 0.030282615 
106 491 4 5 0.030282615 
73 491 4 5 0.030282615 
25 514 6 8 0.030282615 
792 487 5 6 0.030282615 
327 514 5 6 0.030282615 
664 628 8 10 0.030282615 
805 511 6 7 0.030282615 
296 510 6 7 0.030282615 
386 587 6 8 0.030282615 
234 510 5 6 0.030282615 
179 508 7 9 0.030282615 
820 351 6 7 0.030282615 
139 508 6 8 0.030282615 
218 630 9 13 0.030282607 
320 46 242 257 0.028921604 
629 644 20 28 0.027884193 
411 127 51 70 0.027884185 
310 196 51 67 0.027884185 
569 383 31 37 0.027884185 
829 373 8 9 0.027838783 
622 494 5 6 0.027838783 
566 497 5 6 0.027838783 
233 573 8 10 0.027838783 
472 493 5 6 0.027838783 
555 493 5 6 0.027838783 
674 493 5 6 0.027838783 
482 493 5 6 0.027838783 
79 553 6 8 0.027838783 
241 509 6 7 0.027838783 
391 495 5 6 0.027838783 
932 527 6 8 0.027838783 
557 507 5 6 0.027838783 
345 493 5 6 0.027838783 
879 456 4 5 0.027838783 
425 519 6 7 0.027838783 
372 581 8 10 0.027838783 
303 510 6 7 0.027838783 
100 548 7 9 0.027838783 
319 520 6 8 0.027838783 
314 519 6 8 0.027838783 
810 557 6 8 0.027838783 
246 518 6 7 0.027838783 
874 467 4 5 0.027838783 
596 507 5 6 0.027838783 
278 543 6 8 0.027838783 
661 483 4 5 0.027838783 
501 501 6 7 0.027838783 
658 593 8 11 0.027838783 
208 550 8 10 0.027838783 
511 590 6 8 0.027838783 
154 492 5 6 0.027838783 
805 523 6 9 0.027838783 
875 496 5 7 0.027838783 
114 517 6 8 0.027838783 
507 452 4 5 0.027838783 
841 518 5 7 0.027838783 
316 476 4 5 0.027838783 
943 558 12 15 0.027838783 
382 587 5 6 0.027838783 
324 475 5 6 0.027838783 
877 502 6 7 0.027838783 
827 476 5 6 0.027838783 
80 494 5 6 0.027838783 
609 482 4 5 0.027838783 
596 482 5 6 0.027838783 
515 502 5 6 0.027838783 
852 496 5 7 0.027838783 
668 543 6 8 0.027838783 
639 543 8 10 0.027838783 
54 517 5 7 0.027838783 
758 501 5 6 0.027838783 
770 590 7 10 0.027838783 
912 475 5 6 0.027838783 
390 545 7 10 0.027838783 
936 514 6 8 0.027838783 
734 496 5 6 0.027838783 
362 580 13 17 0.027838783 
651 532 6 7 0.027838783 
738 502 5 6 0.027838783 
778 513 10 11 0.027838783 
48 485 5 7 0.027838783 
751 489 4 5 0.027838783 
381 595 12 15 0.027838783 
158 501 6 8 0.027838783 
528 565 7 9 0.027838783 
707 515 5 7 0.027838783 
975 510 6 8 0.027838783 
236 578 9 12 0.027838783 
403 565 8 10 0.027838783 
839 534 7 9 0.027838783 
632 510 6 7 0.027838783 
579 490 4 5 0.027838783 
542 488 5 6 0.027838783 
533 601 11 16 0.027838783 
501 488 4 6 0.027838783 
527 537 7 9 0.027838783 
996 603 11 17 0.027838783 
842 560 9 10 0.027838783 
514 498 5 7 0.027838783 
328 554 7 9 0.027838783 
475 562 8 10 0.027838783 
980 594 10 17 0.027838783 
255 515 6 7 0.027838783 
631 502 5 6 0.027838783 
586 526 6 7 0.027838783 
322 502 6 7 0.027838783 
826 516 5 7 0.027838783 
822 506 5 6 0.027838783 
450 502 5 7 0.027838783 
492 568 7 9 0.027838783 
195 539 6 8 0.027838783 
315 523 6 7 0.027838783 
346 527 7 8 0.027838783 
849 493 6 7 0.027838783 
333 519 10 12 0.027838783 
424 533 7 9 0.027838783 
698 626 7 10 0.027838783 
663 550 10 12 0.027838783 
202 544 7 8 0.027838783 
351 511 6 7 0.027838783 
414 490 4 5 0.027838783 
585 497 4 5 0.027838783 
246 613 13 15 0.027838783 
669 528 6 8 0.027838783 
890 508 6 7 0.027838783 
250 506 5 6 0.027838783 
64 506 5 7 0.027838783 
41 661 12 17 0.027838783 
766 506 5 6 0.027838783 
886 506 5 7 0.027838783 
869 510 6 7 0.027838783 
584 487 4 5 0.027838783 
881 510 6 8 0.027838783 
134 513 5 7 0.027838783 
903 537 6 7 0.027838783 
969 535 12 17 0.027838778 
516 490 4 5 0.027838778 
334 537 7 9 0.027838778 
263 595 7 9 0.027838778 
887 515 11 15 0.027838778 
480 547 7 9 0.027838778 
720 506 5 6 0.027838778 
472 522 7 8 0.027838778 
199 538 7 8 0.027838778 
420 514 6 7 0.027838778 
843 494 5 6 0.027838778 
625 521 7 8 0.027838778 
249 518 6 7 0.027838778 
63 515 6 7 0.027838778 
109 514 6 7 0.027838778 
660 494 5 6 0.027838778 
997 537 7 9 0.027838778 
694 497 5 6 0.027838778 
180 585 8 9 0.027838778 
507 508 6 8 0.027838778 
938 472 5 6 0.027838778 
245 537 6 7 0.027838778 
812 526 6 9 0.027838778 
610 509 5 7 0.027838778 
976 455 5 6 0.027838778 
515 486 4 5 0.027838778 
135 561 8 10 0.027838778 
940 478 6 7 0.027838778 
163 533 6 7 0.027838778 
379 531 6 8 0.027838778 
535 534 7 9 0.027838778 
642 510 6 7 0.027838778 
468 537 7 9 0.027838778 
712 539 6 8 0.027838778 
687 514 6 7 0.027838778 
311 494 5 6 0.027838778 
446 515 7 9 0.027838778 
8 64 209 285 0.026434705 
359 593 12 15 0.02558696 
122 515 5 7 0.02558696 
508 547 8 11 0.02558696 
638 617 7 8 0.02558696 
179 514 7 9 0.02558696 
496 597 11 15 0.02558696 
190 511 7 9 0.02558696 
626 605 11 15 0.02558696 
454 514 6 8 0.02558696 
266 513 6 7 0.02558696 
311 515 6 7 0.02558696 
184 588 12 15 0.02558696 
297 513 6 7 0.02558696 
206 596 8 10 0.02558696 
481 527 6 7 0.02558696 
778 560 8 10 0.02558696 
804 531 6 7 0.02558696 
842 532 7 8 0.02558696 
751 530 6 9 0.02558696 
458 556 6 8 0.02558696 
64 552 10 14 0.02558696 
894 525 7 9 0.02558696 
442 560 7 8 0.02558696 
830 526 7 8 0.02558696 
916 534 7 9 0.02558696 
800 513 6 7 0.02558696 
11 518 6 8 0.02558696 
381 517 6 8 0.02558696 
726 579 8 10 0.02558696 
813 515 6 7 0.02558696 
190 600 8 12 0.02558696 
733 519 5 7 0.02558696 
64 543 7 10 0.02558696 
840 515 5 7 0.02558696 
345 511 5 6 0.02558696 
84 519 5 7 0.02558696 
963 548 6 8 0.02558696 
429 544 6 9 0.02558696 
668 604 8 9 0.02558696 
151 605 14 16 0.02558696 
882 513 6 8 0.02558696 
893 570 13 21 0.02558696 
587 520 6 7 0.02558696 
421 511 5 7 0.02558696 
405 510 6 7 0.02558696 
399 511 5 6 0.02558696 
347 577 12 15 0.02558696 
810 511 5 6 0.02558696 
567 517 6 7 0.02558696 
9 548 12 15 0.02558696 
506 519 7 8 0.02558696 
991 540 13 17 0.02558696 
415 516 10 13 0.02558696 
311 501 5 7 0.02558696 
551 499 4 5 0.02558696 
752 495 4 5 0.02558696 
1018 473 5 6 0.02558696 
647 482 5 5 0.02558696 
933 472 6 7 0.02558696 
271 501 6 7 0.02558696 
533 501 5 6 0.02558696 
463 487 6 7 0.02558696 
926 484 6 7 0.02558696 
81 490 4 5 0.02558696 
133 490 4 6 0.02558696 
896 493 5 6 0.02558696 
935 476 5 6 0.02558696 
882 503 5 6 0.02558696 
981 477 5 6 0.02558696 
387 489 4 5 0.02558696 
690 501 5 7 0.02558696 
732 490 4 5 0.02558696 
754 490 4 5 0.02558696 
797 490 5 6 0.02558696 
527 498 5 6 0.02558696 
643 505 5 7 0.02558696 
396 487 4 5 0.02558696 
467 482 5 6 0.02558696 
332 481 4 5 0.02558696 
239 490 4 5 0.02558696 
920 464 5 7 0.02558696 
847 500 10 12 0.02558696 
853 461 4 6 0.02558696 
578 508 5 7 0.02558696 
284 494 5 6 0.02558696 
563 498 5 6 0.02558696 
682 495 5 6 0.02558696 
732 506 5 6 0.02558696 
467 505 5 7 0.02558696 
788 502 5 6 0.02558696 
613 495 5 6 0.02558696 
741 499 5 6 0.02558696 
828 347 5 6 0.02558696 
881 456 4 5 0.02558696 
534 495 4 5 0.02558696 
856 463 4 5 0.02558696 
508 493 5 7 0.02558696 
838 501 5 7 0.02558696 
400 505 5 6 0.02558696 
566 484 4 5 0.02558696 
513 485 4 5 0.02558696 
302 501 5 6 0.02558696 
62 497 5 6 0.02558696 
917 467 5 6 0.02558696 
499 482 4 5 0.02558696 
844 501 6 8 0.02558696 
363 494 4 5 0.02558696 
531 438 5 6 0.02558696 
358 493 5 6 0.02558696 
787 541 7 10 0.02558696 
639 538 10 12 0.02558696 
353 539 5 7 0.02558696 
838 538 7 9 0.02558696 
522 523 5 7 0.02558696 
145 521 7 9 0.02558696 
475 519 10 12 0.02558696 
893 540 6 7 0.02558696 
387 532 6 8 0.02558696 
151 535 8 10 0.02558696 
272 562 6 7 0.02558696 
685 628 7 9 0.02558696 
232 538 6 8 0.02558696 
663 522 6 7 0.02558696 
127 539 6 8 0.02558696 
708 524 6 8 0.02558696 
861 538 7 9 0.02558696 
509 556 7 9 0.02558696 
1000 520 5 7 0.02558696 
96 565 5 8 0.02558696 
49 540 7 9 0.02558696 
27 527 6 8 0.02558696 
884 624 23 33 0.025519116 
367 62 49 85 0.025519116 
152 37 67 91 0.025519116 
495 22 56 73 0.025519116 
154 107 222 273 0.024156325 
503 506 6 7 0.02351288 
358 514 5 7 0.02351288 
629 519 6 8 0.02351288 
671 518 5 6 0.02351288 
723 518 6 7 0.02351288 
460 505 6 7 0.02351288 
223 594 9 12 0.02351288 
438 514 5 7 0.02351288 
693 487 10 12 0.02351288 
594 520 6 7 0.02351288 
64 510 6 7 0.02351288 
433 509 6 7 0.02351288 
498 509 6 8 0.02351288 
579 518 5 6 0.02351288 
660 489 4 5 0.02351288 
290 501 6 6 0.02351288 
102 486 4 5 0.02351288 
999 526 7 8 0.02351288 
751 497 5 6 0.02351288 
654 507 5 7 0.02351288 
895 448 4 5 0.02351288 
783 489 5 6 0.02351288 
101 520 5 6 0.02351288 
519 519 6 8 0.02351288 
767 510 5 7 0.02351288 
661 509 6 7 0.02351288 
622 489 5 6 0.02351288 
60 494 4 5 0.02351288 
36 526 5 7 0.02351288 
134 527 5 8 0.02351288 
314 527 5 7 0.02351288 
364 526 6 7 0.02351288 
471 528 6 8 0.02351288 
58 506 5 6 0.02351288 
333 478 4 5 0.02351288 
643 529 5 7 0.02351288 
544 477 5 5 0.02351288 
732 526 6 8 0.02351288 
347 485 5 6 0.02351288 
771 511 5 7 0.02351288 
844 510 7 9 0.02351288 
250 603 13 16 0.02351288 
874 506 6 7 0.02351288 
868 507 5 7 0.02351288 
817 366 8 10 0.02351288 
1017 367 7 11 0.02351288 
27 530 6 8 0.02351288 
882 517 7 8 0.02351288 
300 541 6 8 0.02351288 
856 531 7 9 0.02351288 
829 530 8 9 0.02351288 
800 502 6 7 0.02351288 
563 490 4 6 0.02351288 
784 502 5 6 0.02351288 
766 503 5 6 0.02351288 
301 606 7 11 0.02351288 
391 532 6 7 0.02351288 
732 531 6 8 0.02351288 
554 481 4 5 0.02351288 
793 530 6 8 0.02351288 
510 535 7 9 0.02351288 
385 591 7 10 0.02351288 
348 482 5 6 0.02351288 
643 483 5 5 0.02351288 
293 536 5 6 0.02351288 
758 483 4 4 0.02351288 
902 530 6 8 0.02351288 
412 536 6 8 0.02351288 
900 543 7 9 0.02351288 
345 589 7 10 0.02351288 
817 532 5 7 0.02351288 
243 502 5 6 0.02351288 
280 503 5 6 0.02351288 
441 502 5 7 0.02351288 
797 534 7 9 0.02351288 
893 535 6 7 0.02351288 
269 486 4 5 0.02351288 
291 486 4 5 0.02351288 
970 535 7 10 0.02351288 
45 539 6 8 0.02351288 
144 532 6 9 0.02351288 
241 538 10 12 0.02351288 
63 502 5 7 0.02351288 
554 486 4 5 0.02351288 
783 533 7 9 0.02351288 
228 500 6 7 0.02351288 
455 486 4 5 0.02351288 
559 486 4 5 0.02351288 
319 542 7 9 0.02351288 
475 662 14 17 0.02351288 
708 486 4 5 0.02351288 
652 497 4 5 0.02351288 
647 498 4 6 0.02351288 
252 611 9 10 0.02351288 
702 580 12 15 0.02351288 
957 549 7 9 0.02351288 
413 494 4 5 0.02351288 
191 610 13 18 0.02351288 
682 486 4 5 0.02351288 
676 568 7 9 0.02351288 
181 589 9 12 0.02351288 
256 582 8 10 0.02351288 
858 552 7 12 0.02351288 
944 551 9 11 0.02351288 
110 498 5 6 0.02351288 
767 494 4 5 0.02351288 
426 493 4 6 0.02351288 
180 629 15 18 0.02351288 
321 605 12 18 0.02351288 
656 494 5 6 0.02351288 
568 496 10 11 0.02351288 
384 570 6 9 0.02351288 
407 606 13 15 0.02351288 
237 570 9 10 0.02351288 
579 497 5 6 0.02351288 
852 486 6 7 0.02351288 
224 551 6 8 0.02351288 
523 494 5 6 0.02351288 
600 498 5 6 0.02351288 
454 545 6 9 0.02351288 
702 497 5 6 0.02351288 
256 617 7 8 0.02351288 
618 615 8 12 0.02351288 
697 578 11 15 0.02351288 
709 495 4 5 0.02351288 
701 494 5 6 0.02351288 
176 625 8 9 0.02351288 
344 559 7 10 0.02351288 
462 583 7 8 0.02351288 
973 466 5 6 0.02351288 
557 522 5 6 0.02351288 
693 522 5 7 0.02351288 
698 523 5 6 0.02351288 
976 466 6 7 0.02351288 
505 556 8 10 0.02351288 
205 575 12 16 0.02351288 
568 553 6 8 0.02351288 
232 581 8 11 0.02351288 
577 554 7 9 0.02351288 
987 561 8 11 0.02351288 
277 490 4 5 0.02351288 
430 498 5 7 0.02351288 
545 522 5 7 0.02351288 
464 523 7 9 0.02351288 
749 524 6 8 0.02351288 
351 505 6 7 0.02351288 
334 506 5 6 0.02351288 
3 495 5 6 0.02351288 
422 505 6 7 0.02351288 
229 522 7 8 0.02351288 
394 521 7 9 0.02351288 
256 523 5 7 0.02351288 
805 495 4 5 0.02351288 
883 628 8 11 0.02351288 
315 560 7 9 0.02351288 
299 494 4 5 0.02351288 
455 557 6 8 0.02351288 
335 559 7 10 0.02351288 
242 490 5 6 0.02351288 
477 497 5 6 0.02351288 
175 625 14 15 0.02351288 
735 627 9 10 0.02351288 
688 552 6 8 0.02351288 
630 561 7 9 0.02351288 
468 553 7 8 0.02351288 
244 495 10 12 0.02351288 
338 563 7 10 0.02351288 
39 580 19 26 0.023349825 
115 10 41 61 0.023349825 
638 641 23 32 0.023349825 
986 599 19 28 0.023349825 
299 146 249 289 0.022069868 
716 376 200 239 0.022069868 
386 567 7 8 0.0216032 
355 596 9 12 0.0216032 
325 579 8 11 0.0216032 
501 493 5 6 0.021603195 
31 567 9 11 0.021603195 
73 569 7 9 0.021603195 
131 564 11 15 0.021603195 
453 577 7 9 0.021603195 
170 571 12 16 0.021603195 
583 493 5 6 0.021603195 
592 573 12 16 0.021603195 
463 574 7 8 0.021603195 
86 572 7 9 0.021603195 
978 494 6 7 0.021603195 
994 567 8 11 0.021603195 
511 566 11 14 0.021603195 
5 498 5 7 0.021603195 
13 567 12 14 0.021603195 
972 494 7 8 0.021603195 
543 564 7 9 0.021603195 
133 546 7 10 0.021603195 
823 526 6 7 0.021603195 
817 517 6 8 0.021603195 
766 528 6 8 0.021603195 
508 524 11 13 0.021603195 
403 527 6 8 0.021603195 
296 526 6 8 0.021603195 
229 527 6 8 0.021603195 
907 522 6 7 0.021603195 
868 527 6 8 0.021603195 
84 514 5 7 0.021603195 
966 512 6 7 0.021603195 
941 510 5 7 0.021603195 
882 506 5 6 0.021603195 
866 510 5 7 0.021603195 
720 522 6 7 0.021603195 
347 522 6 8 0.021603195 
214 518 10 13 0.021603195 
207 524 6 9 0.021603195 
91 524 6 7 0.021603195 
78 521 6 8 0.021603195 
28 523 7 8 0.021603195 
403 503 10 12 0.021603195 
875 519 6 7 0.021603195 
164 503 6 9 0.021603195 
644 544 10 13 0.021603195 
596 549 7 9 0.021603195 
565 547 6 8 0.021603195 
727 499 5 6 0.021603195 
333 548 7 9 0.021603195 
846 551 13 16 0.021603195 
788 499 5 7 0.021603195 
810 499 4 6 0.021603195 
710 548 7 10 0.021603195 
626 497 5 6 0.021603195 
803 550 7 8 0.021603195 
716 552 8 10 0.021603195 
672 547 6 8 0.021603195 
905 493 5 6 0.021603195 
454 560 6 8 0.021603195 
653 510 6 7 0.021603195 
510 559 11 14 0.021603195 
80 556 6 9 0.021603195 
280 497 4 5 0.021603195 
548 560 6 8 0.021603195 
266 561 6 8 0.021603195 
481 556 7 10 0.021603195 
543 558 8 9 0.021603195 
779 557 7 9 0.021603195 
70 559 7 9 0.021603195 
468 560 8 10 0.021603195 
635 551 7 8 0.021603195 
345 582 7 10 0.021603195 
232 493 5 6 0.021603195 
771 489 4 5 0.021603195 
250 594 14 17 0.021603195 
106 490 10 12 0.021603195 
1018 548 5 8 0.021603195 
885 547 7 8 0.021603195 
37 497 6 7 0.021603195 
136 492 5 6 0.021603195 
262 591 7 9 0.021603195 
719 584 9 12 0.021603195 
233 610 13 16 0.021603195 
313 488 5 6 0.021603195 
684 625 12 16 0.021603195 
601 486 4 5 0.021603195 
856 486 5 6 0.021603195 
102 491 4 6 0.021603195 
877 484 5 6 0.021603195 
39 668 8 10 0.021603195 
75 511 5 7 0.021603195 
699 487 4 5 0.021603195 
696 487 4 5 0.021603195 
874 661 17 20 0.021603195 
222 632 8 12 0.021603195 
200 491 4 5 0.021603195 
494 489 4 6 0.021603195 
890 473 5 6 0.021603195 
888 473 4 6 0.021603195 
946 468 4 6 0.021603195 
331 486 5 7 0.021603195 
320 485 4 6 0.021603195 
124 487 4 5 0.021603195 
856 480 5 6 0.021603195 
664 483 5 5 0.021603195 
635 483 4 5 0.021603195 
508 481 4 5 0.021603195 
409 483 4 5 0.021603195 
280 481 4 5 0.021603195 
847 477 4 6 0.021603195 
959 472 5 6 0.021603195 
614 482 4 5 0.021603195 
933 453 4 5 0.021603195 
503 474 4 5 0.021603195 
938 455 5 6 0.021603195 
631 607 7 9 0.021603195 
793 349 4 5 0.021603195 
814 362 6 7 0.021603195 
639 490 4 5 0.021603195 
956 462 4 6 0.021603195 
407 603 8 9 0.021603195 
976 458 6 8 0.021603195 
752 482 11 13 0.021603195 
724 536 6 8 0.021603195 
139 531 7 9 0.021603195 
19 543 7 8 0.021603195 
541 535 6 8 0.021603195 
177 502 7 8 0.021603195 
889 540 8 9 0.021603195 
315 539 7 9 0.021603195 
88 545 7 10 0.021603195 
263 543 8 11 0.021603195 
382 544 6 7 0.021603195 
950 540 13 16 0.021603195 
58 518 7 8 0.021603195 
495 519 7 9 0.021603195 
334 511 6 7 0.021603195 
260 511 5 7 0.021603195 
272 513 6 7 0.021603195 
737 506 5 6 0.021603195 
633 519 6 8 0.021603195 
532 518 5 7 0.021603195 
523 518 6 8 0.021603195 
585 506 6 7 0.021603195 
640 505 5 6 0.021603195 
644 514 7 8 0.021603195 
506 514 6 7 0.021603195 
967 497 5 6 0.021603195 
961 537 9 13 0.021603195 
963 533 13 17 0.021603195 
322 529 7 9 0.021603195 
229 531 6 8 0.021603195 
810 503 4 5 0.021603195 
352 536 6 7 0.021603195 
399 531 10 13 0.021603195 
974 536 8 11 0.021603195 
944 536 7 9 0.021603195 
447 502 6 8 0.021603195 
886 543 7 9 0.021603195 
652 536 6 7 0.021603195 
645 534 6 8 0.021603195 
583 536 7 8 0.021603195 
346 531 7 8 0.021603195 
775 543 6 8 0.021603195 
712 501 5 6 0.021603195 
817 543 7 9 0.021603195 
715 543 7 8 0.021603195 
705 544 8 10 0.021603195 
665 544 5 7 0.021603195 
624 544 8 10 0.021603195 
505 541 11 14 0.021603195 
292 540 8 11 0.021603195 
37 536 5 7 0.021603195 
827 531 6 8 0.021603195 
814 530 6 8 0.021603195 
772 532 7 8 0.021603195 
355 41 52 73 0.021360898 
706 648 25 28 0.021360898 
667 32 58 73 0.021360898 
690 620 20 26 0.021360898 
818 552 21 26 0.021360898 
585 576 20 25 0.021360898 
554 367 57 60 0.021360898 
