22_Picnic_Picnic_22_654
106
418 429 68 136 0.56787485 
521 502 48 125 0.32552502 
204 119 200 522 0.28400344 
811 386 79 173 0.1753677 
608 846 235 579 0.14717786 
623 276 29 79 0.09308395 
508 746 64 156 0.09308395 
510 300 7 17 0.07494057 
564 764 68 153 0.07244435 
915 1140 103 273 0.064067975 
582 321 7 18 0.06377564 
262 365 15 48 0.05879275 
554 369 6 16 0.054176662 
419 463 32 82 0.051466707 
436 381 67 134 0.051466707 
667 341 109 222 0.04931264 
484 774 54 129 0.047198545 
613 232 49 136 0.047198545 
53 131 222 538 0.045153897 
261 798 51 109 0.04326818 
269 765 62 117 0.04326818 
587 372 6 15 0.04229837 
627 297 17 50 0.04229837 
568 409 13 34 0.038923774 
584 301 6 15 0.038923774 
924 340 14 34 0.038923774 
744 815 239 485 0.03781825 
419 442 191 431 0.03781825 
448 318 56 136 0.036325652 
313 790 31 60 0.036325645 
558 243 6 15 0.035808332 
519 182 6 16 0.035808332 
995 64 27 86 0.033269096 
279 793 39 71 0.033269096 
584 408 5 13 0.03293372 
895 59 14 31 0.03293372 
554 331 9 20 0.03293372 
570 415 8 20 0.032933712 
608 278 7 17 0.032933712 
582 329 8 20 0.032933712 
669 925 124 361 0.03163486 
500 788 30 86 0.030461604 
821 214 22 52 0.030461604 
614 302 23 66 0.030461604 
676 426 70 146 0.030461596 
39 193 76 192 0.030461596 
459 358 34 78 0.030461596 
919 15 8 18 0.030282615 
637 378 7 17 0.030282615 
578 407 6 15 0.030282615 
887 34 8 20 0.030282615 
623 312 13 41 0.030282615 
493 1154 117 203 0.028921604 
941 1143 28 82 0.027884193 
589 368 7 17 0.027838783 
817 50 5 14 0.027838783 
609 286 7 17 0.027838783 
588 424 6 15 0.027838783 
616 322 13 37 0.027838778 
489 162 7 20 0.027838778 
903 4 8 18 0.02558696 
923 0 16 30 0.02558696 
746 14 8 19 0.02558696 
514 204 6 15 0.02558696 
583 314 6 16 0.02558696 
508 293 13 28 0.02558696 
548 308 7 16 0.02558696 
805 214 15 38 0.02558696 
613 337 14 36 0.02558696 
613 344 7 19 0.02558696 
625 337 6 19 0.02558696 
294 766 69 111 0.025519116 
542 508 73 173 0.025519116 
495 128 13 38 0.02351288 
595 322 5 13 0.02351288 
524 287 6 15 0.02351288 
823 347 13 33 0.02351288 
849 158 7 19 0.02351288 
967 319 7 19 0.02351288 
587 415 6 15 0.02351288 
527 288 5 14 0.02351288 
584 378 6 16 0.02351288 
617 373 7 15 0.02351288 
483 1005 24 46 0.023349825 
362 1064 78 141 0.023349825 
634 428 24 62 0.023349825 
435 462 114 281 0.022069868 
990 264 16 38 0.021603195 
580 320 6 16 0.021603195 
936 245 6 16 0.021603195 
379 0 14 27 0.021603195 
771 168 14 37 0.021603195 
553 305 5 13 0.021603195 
727 190 17 45 0.021603195 
752 207 15 35 0.021603195 
510 279 14 34 0.021603195 
254 830 67 134 0.021360904 
487 459 67 134 0.021360898 
891 57 26 64 0.021360898 
508 1086 55 129 0.021360893 
143 619 225 562 0.020159906 
544 756 228 538 0.020159906 
413 315 109 219 0.0201599 
489 462 104 206 0.0201599 
289 632 246 492 0.0201599 
469 643 130 298 0.0201599 
