22_Picnic_Picnic_22_933
105
719 28 155 200 0.995336 
649 189 44 44 0.9949414 
2 482 19 25 0.97216123 
634 405 45 54 0.9275556 
683 290 71 59 0.73138905 
272 42 134 177 0.71599656 
43 163 191 257 0.6352516 
712 372 228 261 0.59142894 
746 100 239 316 0.3436022 
2 544 31 43 0.32552502 
637 275 225 289 0.26558137 
730 268 54 78 0.23436876 
751 277 225 276 0.15916686 
-31 316 228 302 0.13594593 
280 82 206 298 0.13594593 
345 601 26 27 0.12872264 
302 103 82 97 0.109639935 
464 386 86 123 0.109639935 
731 412 121 170 0.1065206 
183 34 200 261 0.1065206 
180 546 16 19 0.10279763 
167 525 13 15 0.102797605 
128 183 128 200 0.09803478 
120 105 215 311 0.09803478 
546 594 15 19 0.09507551 
120 556 16 22 0.08787667 
515 572 13 20 0.08787667 
601 233 68 82 0.08567618 
37 262 225 285 0.08285364 
419 0 142 175 0.08285364 
525 385 218 289 0.08285364 
598 198 175 228 0.076092646 
95 144 114 180 0.076092646 
258 397 215 272 0.076092646 
253 568 24 26 0.072444364 
629 4 186 261 0.06984132 
677 259 101 106 0.064067975 
341 15 142 172 0.064067975 
165 245 206 235 0.05874174 
770 167 56 64 0.056098126 
185 528 21 27 0.056098126 
19 -29 225 272 0.053832814 
309 93 124 175 0.04931264 
665 64 225 264 0.045153897 
687 286 35 39 0.04326818 
86 203 62 86 0.04326818 
7 546 44 59 0.04326818 
500 568 14 19 0.04229837 
354 594 15 19 0.04229837 
308 184 215 316 0.04133061 
884 72 51 70 0.039651502 
15 532 22 31 0.039651502 
25 534 25 33 0.039651502 
47 528 24 35 0.039651494 
876 0 12 12 0.038923774 
647 293 119 136 0.03781825 
185 520 13 16 0.035808332 
249 274 197 293 0.034593593 
769 167 149 188 0.034593593 
802 386 212 289 0.034593593 
107 489 100 146 0.034593593 
735 297 39 41 0.033269096 
893 318 59 61 0.033269096 
507 567 14 21 0.032933712 
469 -9 232 276 0.03163486 
855 331 134 191 0.03163486 
637 238 107 138 0.03163486 
496 558 23 27 0.030461604 
320 40 69 82 0.030461604 
102 171 78 104 0.030461596 
49 552 7 9 0.030282615 
560 155 156 218 0.028921604 
420 427 212 249 0.028921604 
740 445 79 100 0.027884193 
601 594 32 35 0.027884193 
85 225 35 41 0.027884185 
327 532 58 69 0.027884185 
656 16 62 80 0.027884185 
50 548 7 8 0.027838783 
53 558 8 10 0.027838783 
366 585 15 20 0.027838783 
47 549 12 17 0.027838778 
682 214 239 257 0.026434705 
505 563 9 11 0.02558696 
604 590 20 21 0.02558696 
120 545 50 65 0.025519116 
34 580 28 37 0.025519116 
691 307 82 73 0.025519116 
247 566 126 93 0.024156325 
287 559 7 9 0.02351288 
37 532 23 33 0.023349825 
43 521 40 55 0.023349825 
664 410 36 43 0.023349825 
748 122 86 102 0.023349825 
685 202 31 37 0.023349825 
725 -6 63 65 0.023349825 
393 330 212 264 0.022069868 
862 31 106 140 0.022069868 
854 1 18 23 0.021603195 
508 563 9 12 0.021603195 
28 565 28 39 0.021360898 
332 582 47 49 0.021360898 
883 269 63 68 0.021360898 
740 259 39 53 0.021360893 
360 45 285 302 0.020159906 
