22_Picnic_Picnic_22_561
64
394 475 95 168 0.9949414 
214 444 104 203 0.9831867 
714 750 76 117 0.6332934 
716 214 13 34 0.5858033 
746 381 30 64 0.23436876 
820 102 257 613 0.15916686 
1 687 63 157 0.15056497 
735 278 20 48 0.15017675 
936 141 75 192 0.10106142 
722 772 47 70 0.09308395 
664 1066 121 238 0.08285364 
712 288 17 41 0.08117401 
539 286 215 499 0.06984133 
260 21 239 553 0.06984133 
471 308 60 151 0.06655858 
754 315 27 64 0.056098126 
691 741 126 180 0.045153886 
130 204 35 82 0.04326818 
118 172 58 128 0.04326818 
412 731 65 139 0.039651494 
713 689 75 113 0.039651494 
292 399 17 41 0.035808332 
13 689 94 256 0.034593593 
572 998 76 151 0.030461604 
682 616 63 139 0.030461596 
700 140 8 21 0.030282615 
715 186 8 18 0.030282615 
732 155 8 20 0.030282615 
-5 421 104 206 0.028921604 
109 572 225 463 0.028921604 
561 502 26 55 0.027884193 
469 353 35 87 0.027884193 
765 1106 7 16 0.027838783 
753 263 7 17 0.027838783 
779 1068 6 15 0.027838778 
701 612 197 456 0.02643471 
677 1104 6 14 0.02558696 
737 321 17 39 0.02558696 
49 66 58 128 0.025519116 
741 361 50 106 0.025519116 
584 737 74 132 0.025519116 
740 1057 27 52 0.025519116 
636 183 111 228 0.024156325 
322 1169 18 41 0.02351288 
787 307 18 42 0.02351288 
326 1159 15 33 0.02351288 
744 1086 18 36 0.02351288 
516 322 16 40 0.02351288 
736 288 28 67 0.023349825 
527 687 59 137 0.023349825 
808 75 107 284 0.022069868 
476 503 206 443 0.022069868 
714 188 14 32 0.021603195 
750 255 13 29 0.021603195 
678 212 5 11 0.021603195 
734 1075 19 42 0.021603195 
752 355 30 68 0.021360898 
806 43 25 63 0.021360898 
751 959 62 126 0.021360898 
761 290 26 63 0.021360898 
748 260 52 123 0.021360898 
425 242 103 200 0.0201599 
609 1047 123 235 0.0201599 
480 288 89 215 0.0201599 
