22_Picnic_Picnic_22_688
48
678 9 116 237 0.97793007 
409 623 235 686 0.78491884 
240 161 239 717 0.52310073 
350 1064 142 409 0.52310073 
315 620 225 656 0.32305852 
480 822 232 637 0.18550259 
179 258 183 583 0.18550259 
322 804 109 291 0.17193554 
529 1318 30 84 0.118850335 
634 6 106 267 0.1065206 
113 160 186 542 0.09803478 
-8 -11 232 676 0.09803478 
430 1282 68 174 0.09308393 
901 121 114 333 0.08285364 
179 387 111 369 0.08285364 
191 53 225 601 0.08285364 
442 1347 30 85 0.06111947 
315 1122 95 283 0.05874174 
272 -5 265 628 0.05874174 
89 620 218 542 0.05874174 
319 858 65 199 0.051466707 
484 789 151 421 0.04931264 
626 1366 6 19 0.04595155 
856 83 123 241 0.045153897 
370 835 215 686 0.045153897 
484 1133 218 558 0.045153886 
915 89 67 160 0.04326818 
343 914 6 19 0.04229837 
339 845 121 447 0.03781825 
354 1174 79 206 0.033269096 
393 1184 134 323 0.03163486 
653 1375 11 35 0.030282615 
333 976 20 54 0.030282615 
340 930 7 20 0.030282615 
518 1268 59 144 0.027884193 
679 1196 52 152 0.027884185 
624 1375 7 21 0.027838778 
589 1053 121 386 0.026434705 
617 -56 273 583 0.024156325 
334 912 8 23 0.02351288 
378 887 7 18 0.02351288 
338 908 10 31 0.02351288 
823 -24 206 511 0.022069868 
302 870 100 338 0.022069868 
343 908 10 31 0.021603195 
187 1168 58 160 0.021360904 
7 10 142 428 0.0201599 
8 734 109 300 0.0201599 
