22_Picnic_Picnic_22_140
163
569 370 19 28 0.97441304 
314 342 21 31 0.96367437 
420 347 22 28 0.9439019 
787 379 23 35 0.9334414 
632 385 23 30 0.811072 
922 432 16 24 0.7708736 
612 447 28 50 0.6332934 
921 374 16 27 0.6271395 
871 374 19 26 0.6271395 
875 378 24 31 0.5 
36 446 61 105 0.36670664 
855 411 27 41 0.28687313 
459 419 16 25 0.2141799 
883 380 28 34 0.2032784 
96 118 7 10 0.16157512 
37 425 27 41 0.13928533 
249 545 29 39 0.13928533 
935 377 19 25 0.11991897 
611 413 46 65 0.118850335 
547 402 20 29 0.10106142 
29 434 44 75 0.09308393 
448 417 24 33 0.08567618 
644 387 18 25 0.08117401 
93 541 19 25 0.0691498 
350 618 20 30 0.06655858 
44 41 29 39 0.06655858 
627 374 24 32 0.06655858 
650 418 43 60 0.06655857 
291 447 215 300 0.064067975 
653 369 19 23 0.05879275 
96 291 4 6 0.05879275 
865 381 43 54 0.056098126 
68 290 5 6 0.054176662 
834 614 8 11 0.054176662 
619 392 33 41 0.051466707 
394 488 60 92 0.051466707 
86 10 7 10 0.04990379 
913 425 22 34 0.047198545 
907 42 7 10 0.04595155 
431 433 27 38 0.04326818 
954 435 40 69 0.04326818 
796 406 32 45 0.04326818 
61 470 55 81 0.04326818 
670 24 25 31 0.04326818 
941 374 21 32 0.04326818 
106 127 6 8 0.04229837 
21 51 17 25 0.04229837 
560 368 15 20 0.04229837 
174 0 203 300 0.04133061 
777 460 31 38 0.039651502 
844 404 29 40 0.039651494 
393 399 15 21 0.038923774 
838 508 54 80 0.036325652 
551 546 21 37 0.036325652 
674 410 45 62 0.036325652 
917 429 40 57 0.036325645 
623 369 17 24 0.035808332 
55 296 5 7 0.035808332 
92 300 9 11 0.035808332 
568 38 12 15 0.035808332 
381 2 7 8 0.035808332 
147 85 9 12 0.035808332 
27 268 106 131 0.034593593 
908 371 21 32 0.033269096 
616 456 16 28 0.03293372 
900 376 16 21 0.032933712 
76 303 5 6 0.032933712 
216 29 6 9 0.032933712 
896 428 15 28 0.032933712 
417 57 6 7 0.032933712 
398 642 20 25 0.032933712 
19 329 6 9 0.032933712 
568 478 232 248 0.03163486 
606 433 26 41 0.030461604 
786 395 31 39 0.030461604 
919 455 27 39 0.030461604 
600 445 53 75 0.030461596 
958 442 27 37 0.030461596 
611 402 23 35 0.030461596 
76 501 55 72 0.030461596 
89 528 31 41 0.030461596 
68 332 5 6 0.030282615 
387 38 5 7 0.030282615 
782 469 17 22 0.030282615 
71 419 21 32 0.027884193 
847 385 29 40 0.027884193 
91 56 24 33 0.027884193 
726 418 46 65 0.027884185 
835 528 33 46 0.027884185 
43 31 46 63 0.027884185 
616 593 64 104 0.027884185 
763 449 49 62 0.027884185 
929 428 16 24 0.027838783 
677 612 4 6 0.027838783 
895 381 18 24 0.027838783 
598 405 14 23 0.027838783 
440 443 13 22 0.027838783 
104 33 183 296 0.026434705 
341 463 6 8 0.02558696 
311 336 18 28 0.02558696 
649 376 20 28 0.02558696 
471 565 9 12 0.02558696 
33 377 8 9 0.02558696 
802 385 18 23 0.02558696 
790 374 16 26 0.02558696 
45 45 18 23 0.02558696 
363 54 6 8 0.02558696 
340 496 5 6 0.02558696 
570 420 27 35 0.025519116 
659 510 69 97 0.025519116 
779 366 39 55 0.025519116 
397 420 29 43 0.025519116 
449 -19 104 125 0.024156325 
671 447 98 179 0.024156325 
838 583 12 16 0.02351288 
408 607 7 9 0.02351288 
873 530 7 10 0.02351288 
247 475 14 26 0.02351288 
671 22 14 21 0.02351288 
614 389 10 12 0.02351288 
326 492 6 8 0.02351288 
463 439 7 11 0.02351288 
460 431 12 20 0.02351288 
600 451 30 52 0.023349825 
98 512 55 74 0.023349825 
390 402 24 36 0.023349825 
896 459 45 66 0.023349825 
405 418 43 58 0.023349825 
741 434 27 38 0.023349825 
578 432 45 57 0.023349825 
701 408 48 65 0.023349825 
7 309 228 287 0.022069868 
684 635 9 11 0.021603195 
863 375 15 23 0.021603195 
470 561 16 21 0.021603195 
748 440 16 21 0.021603195 
624 359 16 22 0.021603195 
617 397 21 25 0.021603195 
648 392 11 15 0.021603195 
78 314 7 9 0.021603195 
75 299 5 7 0.021603195 
122 108 7 10 0.021603195 
92 115 8 10 0.021603195 
252 54 5 7 0.021603195 
442 446 7 11 0.021603195 
433 89 5 7 0.021603195 
170 93 16 21 0.021603195 
33 0 15 17 0.021603195 
336 58 5 8 0.021603195 
339 59 6 8 0.021603195 
364 56 6 8 0.021603195 
457 69 13 19 0.021603195 
119 110 6 9 0.021603195 
867 500 54 74 0.021360904 
49 91 28 38 0.021360898 
803 394 50 66 0.021360898 
907 416 21 37 0.021360898 
601 61 27 37 0.021360898 
598 422 26 35 0.021360898 
824 71 27 35 0.021360898 
678 420 27 39 0.021360898 
829 405 51 66 0.021360898 
924 446 46 62 0.021360898 
