22_Picnic_Picnic_22_152
130
126 228 42 74 0.98957527 
591 142 39 52 0.98957527 
110 363 43 78 0.82463235 
864 394 32 61 0.79672164 
408 221 34 44 0.79672164 
42 373 47 69 0.7488979 
723 493 197 285 0.45389685 
47 320 61 89 0.268611 
50 396 56 63 0.268611 
629 464 14 19 0.13944872 
704 415 29 32 0.12872264 
730 -29 222 289 0.1254451 
84 374 52 76 0.118850335 
697 511 25 32 0.10106142 
659 516 6 9 0.09507551 
648 425 14 20 0.08787667 
605 549 30 38 0.08567616 
384 550 58 53 0.07880669 
-8 563 239 316 0.076092646 
631 534 31 37 0.07244435 
495 445 4 6 0.0691498 
596 540 50 64 0.06655858 
91 332 57 88 0.056098126 
617 467 8 11 0.054176662 
616 463 14 18 0.054176662 
632 537 17 22 0.054176662 
403 217 21 30 0.054176662 
719 360 11 15 0.054176662 
430 220 19 32 0.04990379 
512 483 5 7 0.049903784 
44 351 209 239 0.04931264 
469 564 59 78 0.047198545 
688 436 55 74 0.047198545 
366 522 71 69 0.047198545 
655 472 24 31 0.047198545 
297 370 53 67 0.047198545 
700 492 119 218 0.045153886 
512 487 52 69 0.04326818 
620 464 24 31 0.04326818 
672 511 7 11 0.04229837 
537 558 6 10 0.04229837 
863 390 56 95 0.039651502 
147 224 43 83 0.039651494 
476 573 39 45 0.039651494 
608 540 20 26 0.038923774 
444 604 116 172 0.03781825 
601 423 55 75 0.036325652 
689 473 51 70 0.036325645 
680 435 30 39 0.036325645 
656 513 11 16 0.035808332 
528 436 5 6 0.035808332 
558 532 5 6 0.035808332 
681 423 48 60 0.033269096 
411 549 38 45 0.033269096 
651 508 13 20 0.03293372 
391 154 104 149 0.03163486 
319 384 30 44 0.030461596 
713 370 34 32 0.030461596 
662 429 49 68 0.030461596 
423 225 30 43 0.030461596 
391 211 41 63 0.030461596 
655 510 7 10 0.030282615 
619 464 8 10 0.030282615 
547 6 7 8 0.030282615 
546 551 5 7 0.030282615 
646 500 24 31 0.027884193 
642 372 54 64 0.027884185 
659 540 7 9 0.027838783 
621 536 20 23 0.027838778 
291 368 209 246 0.026434705 
346 324 98 126 0.026434705 
590 492 6 8 0.02558696 
597 47 18 23 0.02558696 
651 508 8 12 0.02558696 
593 531 8 11 0.02558696 
645 483 16 22 0.02558696 
561 554 6 8 0.02558696 
965 66 5 7 0.02558696 
498 448 5 7 0.02558696 
640 533 17 22 0.02558696 
413 504 48 62 0.025519116 
416 599 59 62 0.025519116 
445 452 60 69 0.025519116 
497 475 49 67 0.025519116 
654 492 25 31 0.025519116 
503 250 69 99 0.025519116 
662 453 30 39 0.025519116 
635 517 46 58 0.025519116 
917 351 89 119 0.024156325 
574 528 6 8 0.02351288 
929 95 5 8 0.02351288 
422 234 20 26 0.02351288 
538 563 8 12 0.02351288 
588 489 6 8 0.02351288 
712 509 71 100 0.023349825 
635 452 50 61 0.023349825 
387 205 26 40 0.023349825 
71 308 65 76 0.023349825 
453 555 49 72 0.023349825 
615 542 34 40 0.023349825 
377 543 46 42 0.023349825 
125 354 51 79 0.023349825 
322 368 57 78 0.023349825 
92 450 212 289 0.022069868 
447 29 186 249 0.022069868 
112 199 78 126 0.022069868 
605 402 95 124 0.022069868 
1010 86 6 9 0.0216032 
671 493 19 24 0.021603195 
655 536 13 18 0.021603195 
924 19 6 9 0.021603195 
503 459 4 6 0.021603195 
931 68 6 8 0.021603195 
83 218 6 8 0.021603195 
511 449 6 8 0.021603195 
671 442 17 23 0.021603195 
535 254 26 35 0.021360904 
620 528 48 63 0.021360904 
454 545 29 46 0.021360904 
419 496 31 35 0.021360898 
713 523 31 37 0.021360898 
426 634 37 40 0.021360898 
355 568 57 72 0.021360898 
690 405 48 51 0.021360898 
452 644 70 89 0.021360898 
693 508 62 71 0.021360898 
100 346 106 160 0.0201599 
326 493 114 126 0.0201599 
469 78 101 138 0.0201599 
258 66 212 285 0.0201599 
