53_Raid_policeraid_53_854
38
844 390 28 33 0.96993536 
707 280 17 22 0.21171395 
413 672 12 14 0.16143969 
825 524 76 57 0.12608075 
730 226 30 38 0.09257285 
598 264 27 50 0.06917844 
796 549 12 17 0.06822961 
626 279 32 32 0.06486769 
699 525 18 20 0.06293471 
821 100 10 13 0.060578465 
812 404 13 17 0.04313863 
816 529 119 87 0.039583072 
724 219 47 64 0.038640324 
822 532 38 35 0.038305826 
596 583 28 39 0.036924865 
689 528 29 30 0.035649374 
713 539 15 18 0.030548211 
615 271 31 38 0.030464906 
874 588 39 37 0.029998062 
814 537 239 284 0.0287657 
647 268 27 33 0.02763666 
677 527 50 57 0.027457023 
848 502 65 68 0.027140386 
702 532 25 28 0.027076228 
816 95 11 14 0.026749536 
445 258 13 18 0.026711797 
695 265 39 51 0.025833745 
866 393 16 21 0.02552628 
681 538 30 37 0.02445837 
806 188 13 17 0.022806577 
828 392 31 32 0.022411436 
590 560 32 43 0.022206808 
812 398 23 28 0.022190621 
824 270 28 37 0.021970203 
578 316 14 15 0.021568049 
695 282 13 17 0.021443002 
547 355 17 23 0.02093235 
873 423 24 27 0.02081659 
