53_Raid_policeraid_53_543
62
582 193 94 117 0.9990263 
730 227 49 62 0.9803673 
163 162 22 29 0.9471325 
-3 177 41 89 0.9369928 
78 260 40 48 0.9118649 
531 285 19 23 0.8206964 
393 255 29 39 0.76080495 
485 290 21 25 0.7033295 
50 165 20 24 0.67571205 
791 230 46 69 0.616242 
218 233 26 39 0.23776145 
89 197 15 19 0.17787899 
542 345 13 16 0.10888512 
522 283 20 26 0.097487524 
22 168 48 72 0.095212914 
449 284 22 27 0.08129967 
461 292 13 18 0.070790336 
768 223 49 68 0.06800387 
546 288 13 17 0.06252143 
294 282 13 17 0.059266377 
535 342 13 17 0.058089945 
368 194 14 21 0.057869814 
390 193 15 20 0.052193277 
715 236 39 45 0.04785576 
540 340 23 28 0.04621508 
550 308 12 16 0.041620076 
558 283 15 17 0.040375397 
928 276 57 57 0.03538384 
40 179 49 62 0.03507504 
1007 257 15 19 0.033411022 
83 200 25 29 0.033175234 
68 186 43 50 0.031724855 
939 636 61 58 0.030266788 
1002 232 21 28 0.028162088 
465 295 15 20 0.027865024 
266 185 16 19 0.02784334 
951 243 29 28 0.027500961 
384 197 23 32 0.02749127 
141 214 11 15 0.02740258 
375 255 36 38 0.027191976 
792 225 27 49 0.026904138 
498 291 14 20 0.026573552 
557 412 14 18 0.025927171 
498 626 15 17 0.02529262 
523 330 39 47 0.025178267 
320 179 11 16 0.025112651 
671 208 34 52 0.02436144 
520 357 13 15 0.024286477 
969 246 19 23 0.023910392 
153 298 29 34 0.023719609 
163 409 62 77 0.023564724 
953 658 31 32 0.023460006 
556 291 23 31 0.022855155 
325 177 12 16 0.022215107 
520 331 23 33 0.02185036 
519 279 14 18 0.021799609 
924 247 22 28 0.021260168 
276 275 11 14 0.02120837 
194 415 48 70 0.021091081 
301 266 13 15 0.020765942 
551 307 25 31 0.020540664 
139 280 47 59 0.020278208 
