53_Raid_policeraid_53_805
28
407 184 38 42 0.99953496 
189 215 28 38 0.9971054 
590 167 25 30 0.40454444 
486 162 39 53 0.369076 
774 175 11 15 0.21281254 
583 164 19 30 0.12581016 
296 217 37 40 0.12408574 
602 163 27 34 0.10396031 
580 162 15 23 0.07409423 
687 194 24 27 0.052308783 
204 207 24 40 0.041899294 
703 471 31 38 0.041707885 
498 186 19 24 0.038994327 
771 172 21 27 0.036066167 
219 210 14 23 0.036059264 
704 441 29 39 0.03485138 
365 181 24 33 0.034460958 
612 153 23 36 0.033196054 
315 220 28 33 0.032186363 
561 381 26 37 0.03207864 
181 191 45 61 0.02982545 
570 229 47 72 0.02919626 
334 222 15 23 0.028359175 
490 169 17 23 0.02780282 
573 63 12 16 0.026377192 
481 180 32 46 0.025164971 
564 387 15 23 0.02325099 
437 171 28 38 0.020343568 
