53_Raid_policeraid_53_54
36
643 172 61 82 0.99873847 
354 169 36 41 0.99541795 
668 131 24 30 0.35419232 
172 171 30 32 0.34728155 
125 176 27 31 0.32371536 
137 184 16 19 0.17658858 
187 160 23 36 0.16199334 
149 164 23 32 0.14193508 
51 168 33 38 0.12766391 
68 169 31 33 0.10737526 
133 167 27 35 0.06578891 
171 188 29 32 0.060600247 
310 179 13 18 0.058100976 
148 185 11 16 0.054847512 
642 99 14 18 0.05479689 
300 284 25 31 0.039454814 
297 187 24 29 0.0363675 
539 475 14 21 0.032523293 
284 327 13 16 0.03229682 
35 169 31 37 0.03166469 
162 177 20 22 0.031422924 
198 149 23 38 0.031006936 
169 181 21 22 0.030809423 
853 682 15 18 0.027381213 
127 153 26 34 0.026956068 
171 201 30 37 0.026699208 
670 118 13 16 0.026548855 
120 180 14 16 0.026519122 
623 77 12 15 0.025017353 
658 127 43 50 0.024858402 
745 538 30 31 0.023739172 
61 176 15 19 0.02303244 
676 157 405 480 0.022594737 
196 272 15 20 0.022424141 
665 116 26 34 0.020603143 
652 101 13 16 0.02005416 
