53_Raid_policeraid_53_178
47
883 274 35 44 0.91736406 
616 121 56 79 0.7966108 
1 169 27 38 0.2604014 
139 262 29 33 0.19970438 
862 279 39 45 0.14276116 
137 397 58 85 0.12751216 
131 256 25 35 0.112092815 
990 102 10 13 0.10151931 
576 124 70 80 0.09638932 
641 108 35 65 0.08913116 
391 274 38 53 0.07192863 
464 334 70 88 0.0676354 
172 333 29 46 0.05667301 
804 578 50 70 0.047935653 
694 209 113 144 0.046523526 
329 363 29 30 0.045373507 
66 290 15 20 0.038890444 
224 332 10 13 0.038466245 
935 405 30 34 0.03694973 
340 364 33 37 0.036732458 
848 449 62 69 0.034995034 
230 299 10 15 0.034696326 
543 106 57 87 0.03406217 
670 528 71 51 0.033620834 
152 268 20 24 0.0332487 
71 277 11 14 0.032470424 
605 142 42 53 0.031072121 
977 94 10 12 0.030932022 
688 159 193 230 0.0301194 
174 282 13 18 0.028536199 
881 441 37 36 0.027717153 
982 88 9 12 0.026832648 
985 101 10 12 0.026585717 
283 286 14 18 0.02588317 
124 272 31 42 0.024420703 
1001 93 8 11 0.024392258 
1000 89 8 10 0.023896046 
205 285 10 13 0.023603316 
709 -89 430 445 0.02266624 
923 288 80 117 0.021283217 
452 347 106 117 0.020913713 
139 274 32 38 0.02089443 
253 325 14 18 0.020836068 
406 273 45 55 0.020768141 
945 206 16 21 0.020464731 
126 259 15 24 0.020375876 
197 291 11 14 0.02029544 
