53_Raid_policeraid_53_619
20
224 320 70 93 0.9978416 
440 118 57 74 0.99766374 
755 110 64 81 0.9972843 
709 316 74 105 0.99230015 
856 299 63 88 0.82374656 
740 684 125 118 0.71267897 
400 616 25 30 0.10031561 
817 284 75 102 0.09307334 
349 423 55 84 0.05826541 
295 601 51 57 0.052799277 
696 583 52 65 0.04325823 
464 127 52 67 0.037341915 
370 412 51 80 0.028876428 
101 414 16 18 0.0280019 
421 91 55 80 0.024484571 
670 548 86 102 0.02227772 
454 593 14 19 0.020934807 
664 371 51 70 0.020885484 
861 328 40 56 0.02078016 
322 433 57 77 0.020716557 
