53_Raid_policeraid_53_272
55
904 191 18 23 0.9295938 
582 236 21 27 0.8801463 
314 237 16 23 0.73082435 
333 225 15 21 0.48585987 
592 238 20 24 0.29702473 
667 9 49 52 0.13897274 
64 295 11 13 0.08045954 
379 300 12 15 0.07851698 
325 226 18 25 0.06793491 
400 317 9 12 0.060711045 
365 331 11 14 0.05183567 
292 264 21 25 0.043497857 
155 250 44 58 0.043214943 
298 242 25 31 0.04281356 
924 194 15 19 0.04253367 
119 298 11 14 0.040637102 
331 239 16 20 0.03853335 
364 297 11 14 0.038224824 
599 142 221 333 0.037134465 
580 229 17 25 0.036952626 
637 363 10 14 0.03645951 
104 89 87 110 0.034526896 
339 222 13 19 0.034229796 
298 230 24 27 0.033602823 
340 243 12 17 0.033193976 
349 225 13 19 0.032811027 
380 318 10 13 0.02997347 
363 266 14 17 0.029859511 
291 221 22 27 0.029500138 
364 316 11 12 0.028904792 
956 1 11 10 0.028468609 
662 156 136 187 0.028439889 
600 126 394 498 0.028306939 
119 264 8 10 0.027902765 
567 301 11 14 0.027845003 
120 271 9 11 0.02698604 
140 302 9 10 0.02662255 
321 234 16 21 0.0253685 
262 301 9 12 0.025152653 
276 215 46 60 0.024660502 
516 247 15 18 0.024186429 
604 225 15 22 0.023503091 
284 308 37 53 0.02315299 
84 296 9 12 0.022542935 
277 269 11 14 0.02250589 
939 181 16 19 0.021883296 
298 304 25 30 0.021640973 
972 1 10 10 0.021585705 
136 256 45 62 0.021505533 
923 228 16 20 0.021014875 
688 437 40 40 0.020993128 
376 283 9 11 0.020952186 
100 295 10 12 0.020625299 
268 237 14 17 0.020544903 
379 307 12 14 0.020262927 
