57_Angler_peoplefishing_57_250
18
757 101 94 130 0.9943938 
655 312 235 321 0.9239074 
632 304 70 54 0.32552502 
783 66 44 47 0.32552502 
767 69 69 92 0.21842524 
681 149 222 302 0.19988178 
682 422 138 238 0.13594593 
741 566 134 206 0.076092646 
627 294 114 116 0.05874174 
665 552 78 94 0.04326818 
267 143 63 85 0.039651502 
980 628 8 14 0.030282615 
-25 456 130 209 0.028921604 
681 488 89 137 0.027884185 
781 627 73 100 0.023349825 
673 313 132 177 0.022069868 
689 652 64 88 0.021360898 
345 -61 197 261 0.0201599 
