57_Angler_peoplefishing_57_600
34
459 145 106 145 0.9985935 
252 390 257 358 0.52310073 
559 130 281 380 0.4310897 
318 539 203 295 0.3647484 
271 237 222 374 0.2840034 
247 122 178 291 0.19988178 
543 626 126 226 0.18550259 
298 57 87 187 0.15916684 
359 148 232 337 0.14717786 
292 187 95 210 0.13594593 
516 298 222 342 0.1065206 
236 111 38 61 0.08567618 
336 402 70 119 0.07880669 
439 562 206 337 0.06984133 
381 349 194 323 0.04931264 
440 251 27 33 0.047198545 
145 284 257 403 0.04133061 
337 501 134 223 0.04133061 
735 49 64 87 0.039651494 
403 334 33 46 0.039651494 
44 91 265 328 0.03781825 
631 211 146 282 0.03781825 
374 497 82 117 0.030461604 
717 763 34 59 0.030461596 
680 47 239 300 0.028921604 
888 754 63 62 0.027884185 
641 250 239 380 0.026434705 
717 33 107 184 0.024156325 
422 598 130 233 0.024156325 
857 54 30 40 0.023349825 
252 107 62 90 0.023349825 
498 433 212 328 0.022069868 
777 92 212 278 0.022069868 
270 28 75 102 0.021360898 
