57_Angler_peoplefishing_57_661
77
105 427 11 19 0.9697174 
205 415 12 15 0.88008106 
404 409 8 11 0.87062967 
244 387 9 11 0.77087367 
365 412 8 11 0.7040394 
498 403 6 9 0.43536806 
195 -28 212 319 0.26558137 
280 416 11 14 0.26116365 
236 410 7 9 0.26116365 
160 431 158 169 0.19988178 
182 390 218 283 0.19988178 
453 411 8 14 0.16157512 
450 411 7 12 0.15017675 
8 389 5 7 0.111069925 
494 405 11 14 0.0691498 
449 412 12 18 0.05879275 
222 40 130 190 0.05874174 
202 412 20 26 0.056098126 
0 24 40 72 0.051466707 
20 391 7 9 0.04990379 
680 183 228 296 0.04931264 
532 0 249 324 0.045153897 
0 383 4 7 0.04229837 
340 375 6 8 0.04229836 
65 67 20 35 0.039651494 
83 458 5 8 0.038923774 
304 401 9 12 0.038923774 
200 419 7 11 0.038923774 
100 431 11 15 0.038923774 
11 408 22 33 0.036325652 
114 498 26 35 0.036325645 
447 413 8 12 0.035808332 
236 408 12 16 0.035808332 
339 378 9 13 0.03293372 
38 417 11 18 0.03293372 
234 444 13 18 0.032933712 
407 404 7 11 0.032933712 
209 420 10 14 0.032933712 
80 6 27 31 0.030461604 
100 179 27 37 0.030461596 
42 390 5 6 0.030282615 
326 227 235 314 0.028921604 
446 222 246 301 0.028921604 
671 423 114 152 0.028921604 
646 332 27 37 0.027884193 
681 619 69 98 0.027884185 
501 400 6 8 0.027838783 
457 411 7 11 0.027838783 
238 387 7 10 0.027838778 
411 410 6 10 0.027838778 
354 379 5 7 0.02558696 
325 406 8 11 0.02558696 
239 397 13 18 0.02558696 
138 298 30 51 0.025519116 
275 59 146 208 0.024156325 
822 495 130 166 0.024156325 
55 348 206 248 0.024156325 
285 391 12 17 0.02351288 
348 397 7 10 0.02351288 
94 492 34 38 0.023349825 
403 405 7 10 0.0216032 
396 407 6 9 0.021603195 
478 404 4 6 0.021603195 
368 409 7 9 0.021603195 
395 399 4 6 0.021603195 
293 453 13 17 0.021603195 
393 399 4 6 0.021603195 
259 218 5 7 0.021603195 
242 390 12 16 0.021603195 
17 390 5 8 0.021603195 
898 338 5 8 0.021603195 
4 390 6 7 0.021603195 
306 380 5 6 0.021603195 
471 378 6 7 0.021603195 
2 461 6 9 0.021603195 
201 282 104 159 0.0201599 
611 625 104 137 0.0201599 
