57_Angler_peoplefishing_57_153
25
200 250 128 168 0.9831867 
680 542 103 133 0.864054 
762 696 68 52 0.34582692 
41 429 242 296 0.24794048 
-1 41 178 304 0.17193554 
197 95 239 353 0.08285364 
163 255 53 84 0.06655858 
785 687 42 33 0.06111947 
128 490 218 300 0.058741733 
323 218 17 24 0.04595155 
569 541 215 296 0.04133061 
312 550 228 318 0.03781825 
55 501 130 237 0.03163486 
406 468 73 90 0.030461604 
151 69 30 36 0.027884193 
734 461 239 270 0.02643471 
665 35 36 41 0.025519116 
610 446 218 309 0.024156325 
406 54 28 38 0.023349825 
428 53 28 35 0.023349825 
221 549 232 259 0.022069868 
109 192 222 304 0.022069868 
333 218 14 23 0.021603195 
321 220 10 15 0.021603195 
800 39 30 38 0.021360898 
