57_Angler_peoplefishing_57_924
46
496 323 24 29 0.9211933 
188 319 23 30 0.849435 
302 428 24 27 0.7488979 
876 351 111 132 0.32305852 
37 224 123 160 0.24794048 
-18 221 215 257 0.19988178 
576 196 218 276 0.06984132 
208 284 8 9 0.0691498 
557 358 7 8 0.06377564 
254 280 6 8 0.054176662 
590 230 31 33 0.04326818 
53 163 218 257 0.04133061 
911 415 97 138 0.03781825 
-84 338 249 246 0.03781825 
518 303 235 261 0.03781825 
818 293 170 218 0.03781825 
783 161 253 280 0.034593593 
405 152 228 253 0.034593593 
264 259 6 7 0.03293372 
255 263 5 7 0.032933712 
922 333 71 93 0.030461596 
630 76 5 5 0.030282615 
140 401 235 264 0.028921604 
848 429 178 225 0.028921604 
294 422 41 47 0.027884185 
367 200 13 20 0.027838778 
808 107 6 7 0.027838778 
654 382 209 238 0.026434705 
225 447 24 31 0.025519116 
416 451 261 235 0.024156325 
838 70 212 264 0.024156325 
295 262 7 8 0.02351288 
263 262 6 7 0.02351288 
760 89 7 9 0.02351288 
732 172 28 32 0.023349825 
916 396 75 96 0.023349825 
953 302 65 95 0.023349825 
677 509 24 27 0.023349825 
993 248 5 6 0.021603195 
311 251 7 8 0.021603195 
247 268 5 6 0.021603195 
244 275 6 7 0.021603195 
723 177 42 48 0.021360904 
236 437 51 68 0.021360898 
233 358 183 232 0.0201599 
889 472 103 132 0.0201599 
