57_Angler_peoplefishing_57_182
21
186 67 67 95 0.9990996 
208 46 73 124 0.14717786 
191 440 73 102 0.13928533 
682 535 26 29 0.109639935 
121 136 18 21 0.10279763 
355 502 61 93 0.10106142 
592 560 44 34 0.10106142 
130 68 33 51 0.08567618 
134 69 53 75 0.056098126 
188 399 80 90 0.056098126 
1 360 232 271 0.045153886 
198 503 65 93 0.04326818 
157 66 69 87 0.04326818 
156 465 51 84 0.027884193 
582 545 71 57 0.027884185 
248 444 52 70 0.027884185 
562 525 16 20 0.02351288 
320 338 30 37 0.023349825 
320 398 26 46 0.023349825 
132 158 25 34 0.023349825 
322 392 46 70 0.023349825 
