57_Angler_peoplefishing_57_394
37
228 358 37 55 0.96367437 
326 446 28 31 0.5227497 
0 541 21 52 0.21842524 
66 468 52 65 0.188928 
373 481 8 13 0.1864517 
0 542 48 80 0.08567616 
7 137 235 311 0.08285364 
231 458 67 60 0.06655857 
77 456 36 49 0.051466707 
593 111 34 45 0.047198545 
319 433 46 51 0.047198545 
334 462 18 20 0.045951538 
21 27 140 177 0.045153897 
175 405 35 51 0.04326818 
485 474 15 27 0.04229837 
357 461 16 16 0.038923774 
-5 535 107 132 0.03781825 
614 182 257 316 0.03781825 
276 50 32 43 0.036325652 
319 398 62 74 0.030461596 
336 454 29 29 0.030461596 
488 501 123 111 0.028921604 
372 524 57 64 0.027884193 
173 462 12 20 0.027838783 
562 275 228 293 0.02643471 
-34 -15 249 307 0.026434705 
375 478 7 12 0.02558696 
0 501 11 25 0.02351288 
577 79 54 72 0.023349825 
31 430 93 123 0.022069868 
192 389 93 107 0.022069868 
342 464 9 13 0.021603195 
343 467 14 18 0.021603195 
113 459 8 12 0.021603195 
6 528 28 47 0.021360904 
102 45 88 115 0.021360898 
459 468 21 29 0.021360898 
