21_Festival_Festival_21_526
1412
623 630 14 17 0.71974754 
78 599 20 26 0.6399328 
647 637 13 20 0.5388203 
909 582 17 23 0.51361555 
46 525 12 16 0.46499202 
33 118 23 30 0.43094265 
243 286 10 12 0.4282285 
177 534 9 13 0.40695244 
62 157 24 30 0.39031243 
660 430 9 11 0.3819283 
113 309 12 15 0.36716205 
19 615 16 21 0.3621029 
463 773 14 21 0.34259015 
685 550 9 13 0.33622852 
997 527 9 11 0.31868225 
54 564 12 15 0.3118049 
585 512 7 10 0.27262494 
47 507 10 13 0.26904365 
987 620 13 18 0.2594752 
880 18 37 40 0.25644457 
976 579 9 12 0.25124806 
944 632 20 27 0.24436426 
55 511 9 11 0.24107811 
718 551 9 13 0.23781495 
47 559 11 14 0.23410353 
984 536 9 11 0.22818042 
952 557 10 13 0.22495216 
696 567 11 14 0.21751945 
110 467 10 13 0.21228096 
220 293 9 13 0.21205083 
67 596 22 27 0.2116995 
823 634 15 18 0.2089876 
575 479 8 11 0.2084193 
612 232 14 17 0.2058657 
240 244 10 13 0.20553559 
0 61 29 34 0.20514578 
948 534 9 12 0.20377375 
931 564 10 14 0.20200571 
983 559 12 15 0.19456606 
602 -81 410 547 0.19428352 
404 409 12 15 0.19166668 
632 253 10 13 0.18680489 
62 592 16 24 0.18082619 
696 517 9 14 0.17730077 
241 502 11 14 0.17158644 
659 613 13 15 0.17142968 
659 568 11 14 0.17034517 
233 524 10 13 0.16965896 
566 542 10 14 0.16764279 
670 383 7 9 0.16633753 
55 491 10 12 0.16135293 
665 524 9 12 0.16069527 
202 535 9 11 0.1590642 
586 516 9 12 0.15816343 
577 612 9 12 0.15589806 
326 501 10 14 0.15558755 
37 493 9 12 0.14973177 
191 486 9 10 0.14580509 
275 253 11 14 0.14442454 
661 655 19 27 0.14314 
29 2 33 35 0.14103796 
23 529 12 14 0.14056088 
884 533 10 13 0.13966852 
982 541 10 11 0.13961008 
607 508 9 11 0.13754721 
405 472 8 11 0.13601209 
185 517 8 11 0.13531978 
152 496 7 9 0.13486555 
433 527 8 10 0.13411011 
116 268 12 15 0.1334396 
111 494 9 11 0.13208203 
695 493 8 11 0.13205409 
569 511 8 11 0.12931876 
222 518 10 13 0.12702674 
864 565 11 14 0.12487701 
457 359 10 12 0.12479131 
31 493 10 14 0.1246911 
416 182 10 13 0.12416342 
133 305 12 16 0.12386066 
1000 566 9 12 0.12358496 
20 564 15 18 0.12347509 
259 244 11 14 0.122843236 
150 316 11 14 0.12227272 
617 416 7 9 0.121371076 
664 384 7 10 0.12114694 
998 532 9 11 0.12015284 
11 151 18 19 0.119284265 
669 525 8 10 0.11908662 
669 360 8 10 0.1185794 
94 542 12 15 0.11853837 
330 123 29 34 0.11770359 
568 495 8 10 0.11720123 
981 573 11 13 0.11718993 
558 504 9 11 0.11698155 
417 423 10 12 0.116647296 
561 486 9 11 0.11604667 
453 550 11 13 0.11593926 
102 501 10 13 0.115542084 
728 508 10 12 0.114477195 
924 656 15 21 0.11441513 
262 679 11 14 0.11435437 
699 71 12 16 0.1143184 
649 539 10 12 0.11314208 
1 493 8 12 0.11186332 
711 503 8 11 0.11140128 
-103 69 438 547 0.110268354 
185 496 8 10 0.11026135 
884 443 11 14 0.11026065 
575 495 8 11 0.11009835 
902 570 10 12 0.109979756 
904 550 11 13 0.10943562 
749 529 9 11 0.10899684 
632 390 8 10 0.108241275 
554 208 24 26 0.10805974 
910 620 12 16 0.10801266 
6 495 8 12 0.107994564 
671 310 9 10 0.10789909 
865 561 9 11 0.10750725 
997 600 14 18 0.10713103 
972 527 9 11 0.10656679 
663 546 10 13 0.1057964 
55 515 11 16 0.10571027 
624 567 9 11 0.104402035 
111 502 9 11 0.10422806 
921 543 9 11 0.103963986 
684 692 16 22 0.10354091 
680 542 9 12 0.10189029 
593 495 8 11 0.10111497 
928 560 10 13 0.10078122 
719 522 7 10 0.100555964 
594 486 8 10 0.100419745 
961 543 9 11 0.0995847 
422 478 10 12 0.09953577 
822 618 11 14 0.09862493 
733 592 14 21 0.097984456 
881 555 11 13 0.09786207 
232 320 10 13 0.09608623 
670 519 9 11 0.09567306 
173 550 10 12 0.09513904 
578 328 9 12 0.0950133 
1008 542 9 10 0.09463708 
16 478 10 13 0.09439443 
481 193 12 16 0.09418061 
968 575 9 11 0.09394103 
700 550 9 12 0.09307849 
896 426 12 16 0.092822 
877 647 17 22 0.0928191 
111 271 12 15 0.09231741 
826 570 14 17 0.09215769 
685 544 10 12 0.09180663 
745 528 9 12 0.09131511 
109 543 13 18 0.09095158 
833 549 10 12 0.09038846 
681 555 10 13 0.09038078 
83 515 13 18 0.090348296 
261 276 13 17 0.090145275 
23 542 12 16 0.089894615 
916 502 9 11 0.08968265 
883 549 10 13 0.08913778 
75 521 15 19 0.088617325 
350 464 7 10 0.08843125 
87 495 8 11 0.08816792 
659 494 8 10 0.08812426 
586 469 8 10 0.08738407 
574 463 7 9 0.08728605 
815 618 11 14 0.087254405 
853 479 10 13 0.08649303 
182 550 10 13 0.086030915 
442 360 9 11 0.085974224 
943 572 11 14 0.08581535 
572 549 10 12 0.08527702 
753 676 17 19 0.084698595 
883 540 10 13 0.0841977 
657 502 9 11 0.083959125 
230 547 9 13 0.0832873 
696 558 10 13 0.08313078 
1008 549 11 15 0.08293701 
184 307 12 14 0.08211303 
672 512 8 10 0.08210406 
452 517 10 14 0.08202965 
469 74 24 29 0.08191066 
190 495 10 12 0.081888795 
656 389 9 10 0.08169004 
705 509 10 12 0.081307575 
945 510 10 13 0.08096208 
663 470 7 10 0.08089731 
654 536 10 13 0.080736846 
441 472 7 9 0.08072401 
865 79 28 35 0.080654606 
974 0 40 43 0.08063919 
268 503 10 12 0.080359906 
558 158 21 26 0.08004928 
40 531 13 16 0.079830825 
152 518 10 13 0.07971823 
64 475 9 11 0.079545714 
625 572 10 12 0.07942165 
532 237 12 15 0.07937254 
169 552 10 13 0.079245105 
671 462 7 9 0.07921077 
160 478 9 12 0.078693345 
624 351 9 11 0.07862754 
574 512 8 10 0.07777589 
721 618 15 22 0.07753628 
769 339 13 17 0.07721125 
672 343 8 10 0.07707418 
309 523 12 15 0.07649655 
431 408 9 11 0.0764837 
984 550 10 12 0.076339364 
606 535 9 13 0.07606039 
279 361 9 13 0.075907946 
813 572 12 15 0.07588332 
402 453 10 12 0.07566082 
577 557 9 12 0.07544546 
288 366 10 12 0.07532019 
201 539 11 14 0.07525678 
679 518 9 12 0.07524973 
636 550 8 11 0.07515717 
566 536 10 12 0.07513792 
625 400 7 8 0.074914925 
676 626 16 20 0.07485852 
84 478 10 13 0.07418436 
679 536 8 11 0.07413446 
663 511 8 10 0.07406458 
471 559 10 12 0.07404222 
55 423 9 11 0.07345371 
991 584 9 11 0.07338347 
159 494 8 10 0.072858624 
244 291 12 15 0.07264215 
133 468 10 12 0.072612986 
1012 611 10 14 0.072605014 
951 618 13 16 0.07252409 
648 408 9 10 0.0725152 
687 349 8 9 0.07220034 
657 488 8 11 0.07208365 
679 512 8 9 0.07203053 
184 511 9 12 0.07193638 
266 508 11 12 0.07189464 
583 269 11 15 0.07163721 
97 501 9 11 0.071509026 
472 423 9 11 0.07072725 
4 520 14 20 0.07067485 
654 549 11 15 0.070657946 
636 541 9 11 0.070485815 
592 556 9 12 0.0703765 
624 527 10 12 0.07005427 
253 298 10 13 0.06982908 
241 496 8 10 0.06950926 
11 514 11 16 0.0692602 
710 536 10 11 0.06922494 
157 317 10 13 0.06917734 
462 533 9 11 0.06913475 
918 482 11 14 0.06911299 
797 663 17 23 0.06868559 
575 483 9 12 0.06862238 
968 531 9 11 0.06856152 
181 528 10 12 0.06831536 
729 119 10 13 0.06831281 
41 509 11 14 0.06819933 
680 349 9 10 0.06800112 
928 526 9 11 0.06773739 
771 570 11 15 0.06751829 
697 549 8 12 0.06746235 
670 448 8 10 0.06726476 
16 501 9 11 0.06724304 
671 585 14 18 0.06712126 
632 558 8 10 0.06699902 
769 535 9 12 0.066515535 
623 463 8 10 0.06591181 
248 536 9 11 0.06583382 
263 374 9 12 0.065719835 
551 271 12 14 0.06550407 
660 424 10 12 0.06526284 
760 544 9 11 0.06521592 
421 524 9 11 0.065212026 
641 641 13 18 0.065141045 
661 695 15 21 0.06511466 
208 502 9 11 0.06509565 
663 326 8 11 0.06507944 
226 477 8 10 0.06506128 
224 659 12 17 0.0648495 
105 464 10 12 0.06480935 
177 530 9 11 0.06470584 
694 350 8 10 0.06449778 
714 524 9 11 0.063982084 
155 611 14 18 0.06397511 
218 305 13 17 0.06371662 
139 545 11 16 0.06368422 
664 343 7 9 0.06344487 
100 508 13 17 0.06313364 
670 558 10 12 0.06291629 
431 485 8 11 0.062744826 
444 364 9 11 0.062679805 
455 524 9 12 0.06264197 
294 439 7 9 0.062387943 
954 634 15 20 0.062307023 
104 496 10 12 0.062221378 
209 483 10 12 0.062013358 
30 129 25 33 0.0616842 
430 548 10 13 0.061520986 
671 351 8 10 0.06134775 
400 433 8 10 0.06134154 
753 570 12 15 0.06120377 
88 605 15 23 0.061154656 
772 580 11 14 0.060989078 
924 548 10 12 0.060617823 
945 552 10 12 0.060592953 
327 438 8 11 0.06056743 
580 609 10 13 0.06054893 
169 419 9 11 0.06054528 
566 486 8 10 0.060474757 
696 544 8 11 0.060373902 
251 318 11 14 0.060356595 
132 313 14 18 0.060058996 
564 318 9 12 0.059919935 
457 531 10 13 0.059840098 
2 499 8 13 0.05983813 
666 519 8 12 0.059810936 
428 510 8 10 0.059805766 
241 455 8 10 0.05975425 
460 550 10 13 0.059726667 
660 435 9 12 0.05967587 
366 406 9 11 0.05942676 
677 422 10 13 0.05938303 
927 522 9 10 0.059374783 
308 351 8 11 0.059185356 
81 511 12 15 0.05905642 
569 480 8 10 0.059001103 
206 614 10 14 0.05885881 
613 574 8 12 0.058854293 
687 503 8 10 0.058753137 
193 500 10 14 0.058292888 
649 557 10 13 0.05813736 
988 552 10 12 0.057968717 
214 523 10 13 0.05791595 
160 581 11 14 0.057852235 
752 565 11 14 0.057754993 
194 478 9 13 0.057728756 
926 587 12 16 0.057618488 
193 218 13 18 0.057593573 
535 53 11 14 0.057479557 
695 365 9 12 0.057323508 
111 527 12 15 0.057270925 
308 373 10 13 0.057042457 
663 447 9 10 0.056973323 
180 469 10 13 0.056932755 
32 488 9 12 0.05666778 
711 519 9 10 0.056600466 
669 549 8 11 0.056585755 
231 520 10 12 0.05651807 
687 519 10 13 0.05645629 
745 543 9 10 0.056347445 
110 585 15 18 0.056149974 
303 391 7 9 0.055968422 
163 589 14 16 0.05595979 
145 501 10 13 0.05587826 
602 693 12 17 0.055812538 
704 536 9 11 0.05574567 
63 746 29 48 0.055358574 
690 494 8 11 0.055308633 
551 486 8 11 0.055139508 
646 502 9 12 0.05493749 
139 258 13 15 0.05491454 
263 350 9 11 0.054616384 
600 408 7 9 0.05441703 
647 314 8 9 0.05434719 
145 496 8 10 0.054328203 
169 494 9 11 0.054282594 
27 634 14 17 0.053935908 
194 557 13 16 0.05390514 
743 560 9 11 0.053792093 
237 533 9 12 0.053778965 
932 527 9 11 0.053687107 
85 589 14 17 0.05367252 
288 518 9 11 0.05363752 
720 368 10 11 0.053556833 
468 784 22 27 0.053548325 
246 299 10 14 0.05351659 
27 546 12 16 0.053427946 
400 438 9 10 0.053403325 
630 247 10 13 0.053344328 
908 533 9 12 0.05316848 
1015 564 8 13 0.05311541 
402 674 23 28 0.052658852 
257 343 9 11 0.05247963 
637 392 7 9 0.052422054 
581 559 9 11 0.052306086 
0 200 22 32 0.052303746 
266 329 8 10 0.052209888 
601 478 8 10 0.052191425 
717 664 18 23 0.05213699 
319 468 10 12 0.05211321 
96 231 12 15 0.051827013 
232 565 8 11 0.05173015 
422 407 9 11 0.051666602 
664 465 7 9 0.051617514 
932 569 12 16 0.051582884 
887 578 11 14 0.051485367 
228 581 12 15 0.051415347 
277 532 10 15 0.051301394 
796 527 9 10 0.05124357 
645 611 13 16 0.051176716 
133 386 11 14 0.051120076 
639 397 7 9 0.05103505 
634 302 8 11 0.051028732 
720 544 8 10 0.05102286 
553 503 9 11 0.05098747 
511 376 7 9 0.05095938 
640 359 9 11 0.050860647 
93 583 11 15 0.05082832 
751 543 8 11 0.050691754 
1 439 9 13 0.05063903 
686 509 8 10 0.050605427 
48 493 10 12 0.0505235 
665 351 7 10 0.050512433 
672 305 7 10 0.050337788 
812 635 12 16 0.050299622 
20 484 10 12 0.050199334 
648 398 9 10 0.050175205 
315 251 12 16 0.05005652 
561 548 10 13 0.050018597 
470 542 8 11 0.050013773 
964 635 12 16 0.049895283 
402 446 9 11 0.04987703 
975 533 8 10 0.049651846 
613 559 8 10 0.049628265 
671 328 8 10 0.049617615 
108 606 17 23 0.049379446 
0 196 12 20 0.049371928 
479 409 9 11 0.049232848 
658 471 7 10 0.049204864 
972 588 12 15 0.0491911 
230 494 8 10 0.049138613 
231 588 11 13 0.04905034 
687 533 9 12 0.049040917 
673 503 7 9 0.049016297 
550 494 8 10 0.04899587 
452 420 11 12 0.04898651 
123 269 12 14 0.048972234 
143 507 11 15 0.048952408 
0 488 6 12 0.04883087 
645 424 8 11 0.04878694 
13 567 16 20 0.048683282 
826 617 15 18 0.048677124 
943 628 14 20 0.048619367 
937 711 29 36 0.048573073 
662 389 8 10 0.048488107 
687 311 8 10 0.04835947 
70 200 15 20 0.048333347 
173 502 9 11 0.04832407 
93 515 12 16 0.048303925 
602 508 10 12 0.048143893 
51 647 18 25 0.04809616 
608 582 10 13 0.04806403 
190 509 10 12 0.048062388 
571 643 11 13 0.04805857 
910 526 9 11 0.047941927 
672 399 8 10 0.047879323 
688 566 11 14 0.047870655 
1007 536 9 12 0.047798745 
372 250 13 15 0.047779772 
100 523 13 18 0.047750372 
627 581 11 14 0.047733333 
281 383 7 10 0.047585346 
132 414 14 16 0.047521755 
582 494 8 10 0.047499128 
375 389 10 12 0.04745397 
568 502 8 10 0.047367785 
449 382 11 14 0.047348034 
570 463 8 11 0.047330514 
635 12 10 14 0.04727846 
677 438 9 10 0.047196947 
648 508 9 11 0.047011867 
662 487 8 11 0.046915 
703 541 9 11 0.046822954 
713 573 10 14 0.046799306 
139 455 10 11 0.04679245 
809 572 10 14 0.046755083 
305 519 10 13 0.0467173 
916 576 10 12 0.046588037 
68 149 18 23 0.04645875 
911 575 11 13 0.04645127 
735 528 8 10 0.04641555 
662 320 8 10 0.046381667 
263 259 11 14 0.046339903 
121 632 15 22 0.046270914 
637 535 8 11 0.046208687 
968 591 11 14 0.046015903 
432 544 8 11 0.046009336 
89 463 7 10 0.045968924 
958 548 10 13 0.045848332 
289 261 11 15 0.045767922 
654 367 9 11 0.04575406 
1012 556 10 14 0.045727246 
255 581 11 14 0.045725346 
133 564 11 13 0.04562405 
641 367 9 10 0.045611676 
574 517 8 11 0.045598183 
0 540 7 15 0.04558159 
79 545 13 18 0.045525406 
239 301 13 15 0.045495626 
385 439 8 10 0.045492638 
756 576 12 15 0.045414247 
407 144 11 15 0.045366984 
59 490 13 15 0.04523284 
822 604 11 15 0.0451636 
911 520 9 10 0.045089133 
568 516 10 12 0.045010626 
681 623 20 26 0.044998314 
47 478 11 13 0.044931702 
629 532 11 13 0.04490238 
283 407 10 12 0.044849336 
497 405 10 12 0.04483393 
669 365 8 10 0.044829197 
436 525 9 11 0.044564568 
191 190 14 17 0.044550497 
751 560 8 11 0.044536307 
854 517 9 12 0.044528265 
673 532 9 12 0.044413976 
223 460 9 12 0.04435914 
670 390 8 10 0.04421287 
4 445 10 12 0.04409316 
488 331 10 12 0.04405427 
311 439 8 9 0.04404639 
649 384 8 10 0.04402413 
651 630 16 20 0.043985885 
991 533 9 11 0.043931484 
741 585 22 28 0.04373723 
41 -2 470 528 0.043656595 
736 551 8 10 0.043650873 
151 464 10 12 0.04363077 
159 455 10 11 0.0435653 
424 484 9 11 0.043517414 
977 557 11 15 0.04349915 
773 540 8 10 0.04344095 
625 479 8 10 0.043381605 
181 538 10 12 0.04336443 
423 399 8 11 0.043340486 
196 445 10 13 0.043316983 
646 429 7 10 0.043061398 
225 513 9 11 0.04286165 
457 191 21 27 0.04281457 
631 479 8 11 0.04273959 
505 746 13 18 0.042707372 
80 502 9 11 0.042688843 
68 564 11 15 0.042685922 
728 589 11 15 0.042634837 
71 455 8 10 0.042616364 
768 540 10 12 0.04250275 
585 589 11 14 0.042495955 
704 504 10 11 0.04231548 
599 412 8 10 0.042274907 
701 517 9 14 0.04227399 
624 520 10 12 0.042168427 
938 603 14 18 0.042164106 
231 489 7 9 0.042114228 
185 485 9 11 0.0420559 
177 574 12 15 0.042006426 
323 405 9 11 0.041912805 
497 399 9 11 0.041905064 
706 383 8 10 0.041848935 
656 312 7 10 0.04174705 
976 519 9 10 0.041643307 
79 464 8 10 0.041584566 
694 533 9 11 0.041572474 
905 542 9 12 0.041549545 
670 454 9 11 0.041532658 
7 510 11 15 0.04131191 
640 408 8 10 0.041234758 
1006 572 10 13 0.041227933 
311 446 8 10 0.04092054 
654 374 8 10 0.040829167 
561 492 9 11 0.04078071 
562 292 11 16 0.04074061 
149 508 10 14 0.040662266 
345 463 9 11 0.040591672 
225 566 8 11 0.04047458 
842 610 16 21 0.040348884 
696 500 8 11 0.04032497 
638 590 11 14 0.040291756 
424 502 8 10 0.0402651 
154 601 15 19 0.0402382 
14 492 11 13 0.04023603 
58 569 14 17 0.040183157 
80 494 10 13 0.04014579 
673 287 8 11 0.040131245 
440 479 9 11 0.040085815 
971 713 23 33 0.04008268 
221 208 11 14 0.039990902 
593 480 8 10 0.039937243 
682 301 8 11 0.03983408 
991 597 14 18 0.039831262 
908 554 11 14 0.03978482 
630 384 9 11 0.039734684 
159 596 13 16 0.039704837 
3 111 22 32 0.03954958 
933 533 8 11 0.039511967 
549 477 8 11 0.039421555 
420 427 10 11 0.039418574 
381 416 9 10 0.039358623 
886 529 9 11 0.03933684 
169 534 10 13 0.039331194 
550 345 8 10 0.03919836 
172 188 12 14 0.039183993 
256 655 12 12 0.039131273 
620 716 12 16 0.039052676 
230 476 8 10 0.038840637 
175 508 10 12 0.038810357 
416 407 10 11 0.038788017 
237 655 11 14 0.038602915 
85 541 13 17 0.038525425 
244 357 9 11 0.038501516 
629 407 9 11 0.03834585 
64 230 13 15 0.038290635 
116 530 10 15 0.038279008 
968 579 11 13 0.03827628 
641 446 8 9 0.03823997 
109 506 13 16 0.03822758 
166 459 10 12 0.038221344 
639 570 10 13 0.03820792 
620 422 9 11 0.03819349 
744 550 8 10 0.038167838 
562 481 8 10 0.03816361 
596 557 9 11 0.037993543 
432 436 10 13 0.037985835 
209 428 11 15 0.03794442 
655 478 8 10 0.03794032 
624 588 10 15 0.037932333 
662 406 9 10 0.037921466 
543 478 8 11 0.03790153 
991 518 8 10 0.037837997 
161 486 8 13 0.03781122 
441 486 9 11 0.037793487 
165 565 11 15 0.03773109 
0 533 8 15 0.03772284 
81 472 8 10 0.03767908 
101 543 14 19 0.0376566 
714 553 11 16 0.037653774 
835 615 16 20 0.037616923 
729 488 9 11 0.037616633 
217 316 10 14 0.03752879 
737 596 16 22 0.037493188 
424 472 9 12 0.0374754 
583 456 7 10 0.037421156 
135 486 10 13 0.03733592 
914 622 16 20 0.037283834 
588 511 9 12 0.037213843 
522 187 14 17 0.03716046 
39 515 12 15 0.03709941 
654 360 8 10 0.037085544 
629 357 9 11 0.037081357 
638 479 9 11 0.037030704 
448 511 10 13 0.036964364 
115 463 12 13 0.036951073 
149 230 11 15 0.03683444 
39 500 10 13 0.036794197 
717 501 9 11 0.03679261 
510 382 8 11 0.036791213 
526 368 8 10 0.036768217 
606 431 7 9 0.03670302 
649 391 8 10 0.036569122 
353 422 7 10 0.03655973 
899 421 12 15 0.036537845 
574 535 9 11 0.036408152 
209 463 9 11 0.036336627 
28 143 24 30 0.03633146 
680 525 8 10 0.03623091 
640 424 8 11 0.036210127 
630 495 8 10 0.0362016 
321 495 10 13 0.036161337 
21 500 10 13 0.036153004 
191 580 11 14 0.036123022 
169 325 10 12 0.036065485 
652 705 13 19 0.036050275 
295 247 10 12 0.036029365 
143 316 12 15 0.035887145 
711 496 8 10 0.035861112 
561 539 11 15 0.035804458 
140 484 10 12 0.03575533 
176 528 19 23 0.035656705 
590 463 9 11 0.035648026 
361 375 9 11 0.035647575 
803 419 11 15 0.035609283 
688 360 11 12 0.035560306 
272 526 10 13 0.035539575 
629 520 9 11 0.035482302 
851 548 11 14 0.03547328 
679 326 9 11 0.03539435 
401 239 11 15 0.03535759 
256 502 9 11 0.03533157 
688 344 8 10 0.03528751 
1001 539 9 12 0.035281263 
959 527 9 10 0.03527672 
245 496 8 10 0.035103373 
262 648 13 14 0.035096835 
341 430 10 13 0.03504712 
641 496 8 10 0.035023205 
18 623 23 30 0.03496254 
637 557 9 11 0.034955304 
772 334 11 14 0.03495221 
976 548 11 14 0.034939833 
167 525 8 11 0.034930475 
979 596 13 17 0.034858003 
7 610 25 32 0.034768954 
253 533 13 15 0.034713447 
1004 603 13 18 0.03468593 
701 493 11 12 0.03464776 
178 474 11 14 0.034617387 
718 496 8 10 0.034603614 
650 551 10 13 0.034593854 
630 485 8 10 0.034566343 
413 512 8 10 0.034550685 
21 551 20 25 0.034505125 
671 543 9 12 0.03450369 
165 519 9 13 0.034480892 
615 400 6 8 0.034444634 
734 580 12 16 0.034418683 
641 501 10 12 0.034350667 
119 414 14 17 0.034341145 
248 481 8 9 0.03433631 
618 430 7 10 0.03427434 
602 470 8 12 0.034252673 
193 200 15 20 0.034245253 
924 479 11 15 0.034143083 
416 518 9 13 0.03413855 
971 595 13 17 0.03410066 
215 462 9 12 0.034061495 
235 324 9 13 0.034049734 
231 500 9 12 0.034031045 
244 438 9 11 0.034023385 
75 668 25 30 0.03399064 
542 245 14 18 0.03392271 
553 360 8 11 0.033775076 
619 105 23 30 0.03371573 
101 602 15 21 0.033676628 
304 406 8 10 0.0336735 
245 432 10 12 0.033641297 
189 640 13 18 0.033608265 
54 504 10 13 0.033601895 
724 373 9 11 0.03355261 
265 332 8 12 0.033500787 
2 524 9 15 0.033495355 
873 518 8 10 0.033491503 
559 524 9 13 0.03346016 
872 558 21 27 0.033452217 
143 468 11 12 0.033334427 
692 624 16 21 0.033283956 
606 477 9 11 0.033196796 
692 576 14 18 0.033151165 
157 538 12 14 0.033143476 
248 587 11 14 0.03310119 
332 338 13 16 0.03307469 
408 384 8 10 0.03304375 
245 281 12 14 0.033038538 
655 699 14 19 0.033029307 
688 319 10 12 0.03292674 
127 221 15 18 0.03287922 
625 561 9 11 0.03275005 
992 624 15 17 0.032749586 
179 561 22 28 0.03262946 
895 525 9 11 0.032612093 
775 551 8 10 0.032575868 
449 415 11 13 0.032555547 
623 355 10 12 0.032523107 
542 502 9 11 0.032520227 
158 460 11 12 0.03251545 
647 519 9 11 0.032509983 
682 391 8 10 0.03250353 
835 570 14 17 0.032483354 
93 463 9 10 0.03247841 
255 270 13 16 0.032432273 
560 532 10 16 0.032429148 
644 590 11 13 0.032291368 
106 282 16 20 0.032205485 
136 461 10 13 0.03219205 
48 484 12 14 0.032148894 
417 412 9 12 0.032133557 
680 504 8 9 0.032125704 
973 707 14 18 0.03212169 
189 551 11 14 0.032101784 
431 480 8 10 0.032004397 
10 477 10 12 0.031961806 
808 622 11 12 0.03195262 
904 617 13 18 0.031890374 
338 429 8 12 0.031812612 
157 523 10 12 0.031737357 
614 566 8 11 0.031645283 
570 469 8 10 0.031577602 
191 470 10 12 0.03156447 
382 422 8 10 0.031556804 
159 510 8 11 0.031541277 
632 398 7 9 0.03145782 
933 628 13 18 0.031419523 
920 556 10 14 0.031359527 
712 640 13 18 0.03132207 
679 360 9 10 0.031320296 
536 429 9 11 0.031309646 
225 487 9 10 0.031272676 
327 8 40 40 0.031261552 
127 299 15 17 0.031257603 
363 -60 490 554 0.03125654 
932 582 11 13 0.031234244 
648 375 8 9 0.031216776 
264 441 8 9 0.031147053 
393 610 11 16 0.031129492 
526 472 8 11 0.031070678 
934 630 22 28 0.031048514 
804 319 9 11 0.031043842 
439 535 9 12 0.030974012 
113 487 9 12 0.030970564 
647 479 8 10 0.030957047 
463 375 9 10 0.03094014 
247 486 8 10 0.030936865 
60 578 14 20 0.03093628 
127 316 13 18 0.030906076 
100 587 14 17 0.030814415 
615 186 14 17 0.030733319 
400 476 11 13 0.030715808 
371 388 9 11 0.030696407 
544 494 9 11 0.03068516 
271 432 9 10 0.030604707 
947 617 21 27 0.030571153 
709 600 12 15 0.030567804 
390 439 8 11 0.030539801 
552 471 6 10 0.030517513 
211 534 12 14 0.030516425 
12 522 12 16 0.030489596 
319 391 9 9 0.030461302 
654 455 8 10 0.030395405 
927 533 9 11 0.03037321 
445 480 8 10 0.030286487 
321 384 9 10 0.030256573 
564 605 11 14 0.03021706 
986 428 16 18 0.030210407 
880 493 10 12 0.03020127 
614 375 9 11 0.030183611 
197 472 9 11 0.030179746 
758 526 9 11 0.030166693 
655 507 9 12 0.030146547 
359 380 9 12 0.030131908 
503 368 8 10 0.03009197 
881 529 9 10 0.030063871 
647 293 10 12 0.030055104 
291 372 11 12 0.030051248 
166 487 9 12 0.029884908 
897 566 11 15 0.029871752 
290 439 8 11 0.029861802 
446 535 9 13 0.029856997 
408 46 26 33 0.029824356 
727 541 9 11 0.029812919 
367 401 8 10 0.029805645 
255 495 9 11 0.029748634 
124 556 13 17 0.029719435 
734 575 11 13 0.029702445 
856 434 13 16 0.02969648 
126 485 11 14 0.029671866 
581 486 8 10 0.029668609 
38 488 9 11 0.029603105 
125 417 14 16 0.029598465 
769 560 9 11 0.029597891 
345 468 9 10 0.02959752 
110 321 14 15 0.029556995 
446 542 10 14 0.029532274 
799 551 9 12 0.029528342 
681 472 8 10 0.029519776 
717 621 23 31 0.029506456 
695 373 8 10 0.029498484 
334 367 8 10 0.029470567 
1012 500 9 14 0.029467111 
640 439 9 12 0.029464127 
416 500 8 11 0.02942601 
280 389 8 11 0.029409705 
686 389 9 11 0.029401997 
657 463 7 9 0.029358525 
24 492 10 15 0.029354984 
582 542 9 12 0.029314984 
719 280 9 12 0.029308561 
670 564 10 13 0.029289853 
980 588 12 14 0.029243711 
997 583 10 12 0.0292259 
208 495 10 11 0.02918462 
908 565 12 15 0.029160151 
456 181 13 16 0.029097503 
621 242 11 15 0.02909221 
266 477 9 12 0.029072022 
998 282 21 29 0.029071048 
421 554 11 14 0.029043965 
506 616 28 36 0.028954957 
839 587 11 14 0.028947195 
15 531 11 15 0.028942317 
582 550 9 12 0.028858634 
633 308 9 11 0.028790757 
997 588 11 13 0.028761985 
867 602 15 18 0.028681196 
923 717 15 18 0.02866629 
212 613 11 15 0.028644852 
261 671 13 16 0.028644813 
944 528 10 11 0.028638395 
891 580 12 15 0.028596265 
812 568 20 25 0.028584182 
920 563 11 14 0.028562415 
266 472 8 9 0.028547378 
311 393 8 10 0.028518062 
182 463 11 12 0.028491264 
657 606 21 25 0.028468015 
527 373 8 10 0.02844413 
1013 629 10 16 0.02842287 
487 366 11 14 0.02838607 
646 496 7 9 0.028378718 
623 252 10 14 0.028333483 
672 376 8 11 0.028325882 
338 399 9 11 0.028324796 
573 472 8 9 0.028322194 
949 528 10 12 0.028243998 
734 542 8 10 0.028216945 
646 524 10 12 0.028207678 
608 400 8 10 0.028203886 
38 428 12 14 0.028193772 
197 548 13 16 0.02814696 
255 282 13 16 0.028129932 
585 351 8 10 0.028122514 
188 535 10 12 0.028106224 
849 501 8 11 0.028085362 
80 481 10 13 0.028046034 
81 432 8 9 0.028002093 
2 431 8 12 0.02795812 
680 455 9 10 0.027950538 
616 472 8 11 0.0279497 
561 583 16 20 0.027894128 
1007 516 8 10 0.027870586 
959 517 9 11 0.02786919 
700 367 8 10 0.02783428 
252 485 9 12 0.027752971 
438 373 9 11 0.02774041 
932 541 10 13 0.027719507 
319 432 7 9 0.027696256 
702 399 8 10 0.02767579 
281 411 11 15 0.027629202 
918 472 11 13 0.027623137 
281 518 9 12 0.027611488 
533 150 23 28 0.027603796 
282 419 9 13 0.027589427 
942 578 11 15 0.027587906 
645 438 9 11 0.027551413 
345 381 9 12 0.027551344 
786 534 8 11 0.02752468 
878 571 13 18 0.027520606 
581 479 8 10 0.027519798 
183 501 10 12 0.027503805 
755 340 15 18 0.027468571 
633 296 9 13 0.027366623 
662 397 8 11 0.027337523 
345 358 10 13 0.02728167 
849 517 9 13 0.027279101 
418 478 9 12 0.027254535 
302 333 9 11 0.027226314 
462 776 22 28 0.027199226 
537 391 7 9 0.027148169 
59 558 14 16 0.027126752 
25 107 39 49 0.027116802 
1005 268 16 18 0.0271149 
599 517 10 11 0.027113192 
737 366 9 11 0.0270842 
83 612 17 22 0.027083885 
657 318 8 9 0.027083497 
940 695 18 21 0.027033573 
263 514 13 15 0.02701105 
536 759 11 14 0.027009444 
225 499 10 12 0.02700526 
224 471 8 11 0.02700117 
335 279 10 12 0.026979906 
277 247 11 14 0.02697307 
1004 566 11 14 0.026971726 
369 382 8 11 0.026970755 
737 559 9 11 0.026940404 
16 432 9 11 0.026928168 
497 411 9 13 0.026922282 
584 415 7 9 0.026921183 
983 615 12 17 0.026904244 
987 668 15 19 0.026892131 
402 367 9 11 0.026875952 
768 528 9 11 0.02686888 
243 238 13 15 0.026862647 
612 503 11 13 0.026859233 
198 317 11 13 0.02683602 
441 130 13 16 0.026824182 
679 294 8 11 0.026813269 
628 566 11 13 0.026809094 
686 477 7 10 0.02679139 
607 527 9 11 0.026772648 
625 384 8 10 0.026764972 
114 538 12 19 0.026752306 
608 485 8 10 0.026703183 
405 460 9 11 0.026686635 
153 453 9 11 0.026671365 
599 687 11 15 0.026630938 
649 279 10 13 0.026629945 
231 510 9 12 0.02662518 
559 468 8 10 0.026601193 
632 422 9 12 0.026568629 
720 399 8 10 0.02655911 
413 383 9 11 0.026532643 
239 430 9 12 0.026523286 
336 456 7 9 0.026510276 
973 444 11 13 0.026496446 
207 445 10 13 0.026456906 
625 391 8 9 0.026432917 
854 577 14 18 0.026384206 
740 692 15 20 0.026380632 
879 636 14 17 0.02635178 
326 420 8 10 0.026331542 
501 140 12 17 0.026328033 
690 487 8 11 0.0263103 
432 472 8 10 0.026300544 
408 400 9 12 0.02629096 
534 492 8 12 0.02628344 
452 386 12 14 0.026247365 
671 315 9 12 0.02620716 
329 456 7 9 0.026204403 
448 350 9 10 0.026145963 
618 236 12 16 0.026131751 
657 342 9 11 0.026127532 
613 708 11 14 0.026115954 
809 624 20 25 0.026110953 
521 374 7 9 0.02608426 
189 556 21 28 0.026061399 
601 533 11 14 0.026061023 
979 642 15 19 0.026060559 
361 440 7 10 0.026002502 
2 608 17 23 0.025998138 
889 281 23 27 0.025993064 
70 487 10 12 0.0259797 
993 521 18 23 0.025966646 
706 295 10 13 0.025934158 
59 522 14 17 0.025927221 
607 438 7 9 0.025918817 
72 461 8 9 0.025902985 
86 693 51 61 0.025895026 
687 585 13 18 0.025893439 
30 736 52 69 0.025892345 
848 642 12 16 0.025822993 
263 446 9 11 0.02581889 
646 366 8 11 0.02580786 
537 335 9 10 0.025799647 
462 528 8 11 0.025780778 
867 454 11 14 0.02576895 
622 469 9 11 0.02575965 
69 439 9 11 0.025740318 
861 682 16 21 0.025736708 
39 556 13 16 0.025716212 
697 511 8 11 0.025705973 
6 431 9 11 0.025676478 
505 374 8 9 0.025666568 
629 351 8 12 0.025644708 
626 405 8 11 0.02563924 
877 518 8 9 0.025630968 
664 477 8 10 0.02561173 
647 359 9 11 0.025603656 
325 464 8 9 0.025569662 
646 564 10 13 0.025560189 
729 305 10 12 0.025542825 
639 484 8 10 0.025530769 
631 440 8 10 0.02550726 
432 520 8 11 0.025489632 
654 589 10 14 0.025461467 
493 366 9 12 0.025452944 
758 561 8 10 0.025446516 
59 549 12 14 0.02543351 
835 554 11 15 0.025421187 
877 288 11 14 0.025417585 
957 511 10 13 0.025391834 
116 491 10 13 0.025365792 
577 360 7 8 0.025339812 
454 67 28 33 0.025308745 
871 550 10 13 0.02526791 
951 598 13 16 0.025266001 
679 399 8 10 0.0252407 
648 486 7 10 0.02522284 
959 534 9 11 0.025218483 
445 66 13 17 0.025196444 
781 321 13 17 0.02519383 
0 190 10 17 0.025186425 
253 480 8 9 0.02509146 
638 327 8 10 0.025077818 
265 309 10 13 0.025074225 
115 507 11 14 0.025062762 
721 391 7 10 0.025061851 
653 407 8 10 0.02506097 
664 311 9 11 0.025060447 
465 436 10 14 0.02500432 
311 451 8 11 0.025002396 
702 375 8 9 0.024981244 
120 629 24 36 0.024961568 
153 351 11 14 0.024948273 
827 621 22 26 0.024933344 
709 618 21 29 0.02491223 
141 404 11 13 0.024907354 
158 501 8 11 0.024891945 
452 543 21 26 0.024882603 
535 504 8 10 0.024878575 
125 275 14 16 0.024873478 
93 495 12 14 0.024845093 
621 525 21 25 0.024833413 
862 511 8 10 0.024824169 
568 621 11 13 0.024716476 
1013 573 10 14 0.024710322 
133 555 13 17 0.02470178 
814 602 15 20 0.024673363 
428 400 11 13 0.02465004 
30 510 11 15 0.02464922 
550 741 14 15 0.024623834 
329 444 7 10 0.024580518 
920 525 9 12 0.024563832 
655 327 10 11 0.024530753 
930 685 26 34 0.024519758 
432 533 8 11 0.024497163 
754 687 15 18 0.024482286 
686 463 8 10 0.024480663 
163 597 17 21 0.02447411 
547 259 12 14 0.024469772 
195 263 11 15 0.024456248 
39 655 29 37 0.0244439 
152 488 8 11 0.02443757 
457 454 8 11 0.024390548 
94 454 9 10 0.024364 
862 586 12 14 0.02435643 
447 502 8 11 0.024327869 
549 375 8 11 0.024299812 
1008 579 10 13 0.024281688 
615 478 7 10 0.024259036 
670 495 9 11 0.024256263 
239 667 11 14 0.02423582 
108 514 13 16 0.024232876 
848 543 10 15 0.024223045 
606 423 7 10 0.024213007 
505 383 9 11 0.024208983 
468 546 12 16 0.024201956 
208 507 9 11 0.02416715 
327 433 7 9 0.024146847 
649 286 10 12 0.024137983 
95 482 11 13 0.024120593 
195 507 11 13 0.024078673 
271 392 8 10 0.024034625 
258 532 13 15 0.024030112 
599 502 9 11 0.024022728 
447 375 9 11 0.024019055 
297 310 8 11 0.024012266 
261 659 12 14 0.023948966 
1013 597 10 15 0.023931263 
608 575 10 13 0.023913104 
255 396 10 12 0.023912143 
849 510 8 11 0.023896858 
646 582 10 12 0.023832155 
776 318 11 15 0.023790855 
230 574 11 14 0.023789134 
688 383 10 12 0.023782806 
671 279 8 10 0.02376926 
976 564 20 25 0.023767538 
245 444 9 11 0.023760466 
1012 438 9 13 0.023722006 
664 185 12 16 0.023711449 
895 519 9 11 0.023710666 
409 516 10 13 0.023706693 
863 563 19 25 0.023694389 
680 462 8 9 0.023680089 
200 353 12 15 0.023671292 
945 503 8 11 0.02366537 
957 709 28 40 0.023652852 
559 612 9 12 0.02365261 
227 637 11 14 0.023626603 
782 549 9 11 0.023609357 
359 305 12 15 0.023560943 
390 376 8 10 0.023549302 
258 249 13 17 0.023519153 
401 373 9 11 0.02350718 
563 56 25 30 0.023483977 
414 534 10 12 0.023458168 
519 399 9 12 0.023439484 
45 551 14 16 0.023412628 
639 352 9 10 0.02339787 
869 468 9 12 0.02337625 
337 463 7 9 0.023370504 
596 550 11 14 0.023369176 
938 688 44 59 0.02336317 
444 471 9 10 0.023362849 
750 669 17 20 0.023352053 
160 571 13 17 0.023307627 
988 539 10 12 0.02330387 
167 271 13 15 0.02327156 
416 375 9 11 0.023256369 
268 349 10 12 0.02322756 
566 554 11 16 0.023215352 
766 692 14 17 0.023206154 
141 534 9 12 0.023198253 
165 319 10 12 0.023193397 
160 555 12 17 0.023188151 
808 568 9 11 0.02318162 
118 555 13 18 0.023180217 
46 427 11 15 0.02310467 
401 383 9 11 0.023097018 
597 604 12 15 0.023093732 
303 517 20 25 0.0230755 
592 563 10 13 0.023070421 
672 336 8 9 0.023068773 
665 375 7 10 0.0230438 
158 472 11 13 0.023034045 
229 642 10 13 0.023030112 
680 334 8 11 0.023017837 
791 533 9 11 0.023012828 
125 406 12 14 0.02299713 
965 670 16 22 0.02296422 
785 542 8 11 0.022962976 
407 534 10 14 0.022930605 
987 570 12 14 0.02291673 
22 432 9 11 0.022913283 
25 634 25 32 0.022911735 
315 524 12 15 0.022908479 
313 432 8 10 0.022889435 
655 396 9 11 0.022873221 
733 534 9 11 0.022815455 
797 532 9 12 0.022777043 
567 543 18 23 0.02277568 
617 526 9 12 0.022763928 
32 230 13 17 0.02274496 
988 678 16 21 0.022678392 
716 579 11 14 0.022678385 
141 513 13 16 0.022677848 
278 526 9 14 0.022672523 
748 690 14 18 0.022668041 
20 636 40 49 0.022653563 
238 472 7 9 0.022649605 
441 492 9 12 0.022631034 
337 424 9 10 0.022626432 
838 544 9 13 0.022624502 
321 400 8 10 0.022623008 
254 463 7 10 0.022613335 
767 578 12 14 0.022577211 
465 445 10 13 0.022572707 
191 587 12 16 0.022566872 
245 456 7 10 0.022555629 
537 409 9 10 0.02254158 
522 208 16 20 0.022540858 
904 526 9 11 0.02251707 
325 414 9 12 0.022515802 
404 439 9 10 0.022498785 
69 570 11 16 0.022483662 
662 532 9 12 0.02247045 
1012 535 10 12 0.022454772 
304 398 8 10 0.022446226 
1005 526 10 12 0.022431055 
262 301 9 12 0.022408403 
655 446 9 11 0.022401858 
933 597 13 15 0.022395814 
575 343 9 11 0.022348672 
343 455 9 10 0.022335973 
129 397 11 13 0.022328896 
917 652 16 22 0.022310395 
70 471 8 11 0.02230005 
273 463 8 10 0.022264078 
939 715 17 23 0.022259105 
194 209 15 20 0.022241551 
16 547 12 14 0.022241138 
712 375 8 9 0.022226686 
409 511 8 11 0.022213725 
560 335 9 10 0.022204021 
781 270 9 12 0.022178592 
920 536 10 12 0.022170557 
599 333 9 11 0.022131093 
790 566 11 15 0.022077834 
965 548 10 13 0.022053389 
326 388 10 12 0.022048462 
807 630 12 14 0.022045985 
607 704 11 15 0.022037342 
614 486 9 10 0.022037106 
907 754 20 27 0.022035152 
584 522 11 13 0.022026697 
838 580 11 15 0.022021592 
753 561 20 25 0.022015303 
260 525 13 16 0.021988664 
238 497 17 23 0.021974947 
678 343 10 11 0.021964572 
223 546 12 16 0.0219638 
493 327 10 13 0.021931162 
517 358 8 11 0.021916935 
22 510 10 14 0.021916352 
746 576 22 27 0.021915603 
649 471 7 9 0.021906743 
237 572 11 14 0.021885935 
431 359 8 10 0.021829017 
966 512 8 10 0.021818478 
835 604 17 21 0.02179628 
125 249 15 17 0.021770975 
622 437 9 11 0.021756904 
575 501 8 9 0.021754334 
674 429 9 12 0.021752035 
729 579 22 30 0.021749668 
48 462 10 11 0.02173335 
249 410 11 14 0.02172978 
571 479 223 232 0.02172447 
320 475 9 12 0.021715038 
549 694 16 23 0.02169976 
199 527 10 13 0.021683302 
623 344 10 11 0.021678763 
422 373 9 11 0.021676471 
544 156 22 26 0.021671861 
983 517 9 10 0.021669652 
471 381 9 11 0.021665396 
272 247 11 14 0.021650493 
233 243 11 13 0.02164609 
425 83 14 19 0.021643706 
668 245 10 13 0.021636197 
960 580 11 14 0.021628575 
54 592 16 24 0.021611359 
968 360 35 40 0.021558587 
926 680 15 19 0.021557223 
292 522 12 16 0.021524303 
545 343 8 9 0.021522703 
-1 5 22 34 0.021520935 
775 492 8 10 0.021505147 
654 596 10 14 0.021480829 
669 471 8 9 0.021473832 
454 375 10 11 0.021467753 
680 366 9 11 0.021345835 
235 519 11 14 0.021316156 
668 485 9 12 0.021310579 
638 310 9 11 0.02129543 
630 445 8 10 0.021224894 
918 520 9 11 0.02121785 
384 430 8 10 0.021203656 
50 577 22 30 0.021197338 
155 751 29 35 0.02117178 
666 453 8 10 0.021137781 
923 324 10 13 0.02109887 
173 485 10 12 0.021088246 
924 626 15 19 0.02108179 
656 352 8 10 0.021074578 
462 422 9 11 0.021064457 
253 507 11 13 0.02104939 
625 485 9 10 0.021036532 
236 565 11 14 0.021033922 
894 512 10 11 0.02099755 
71 526 14 19 0.020983526 
200 611 12 17 0.020969903 
450 523 9 13 0.020955669 
934 501 9 10 0.020955492 
20 528 19 24 0.020946302 
816 335 10 13 0.020945458 
793 481 8 10 0.020938458 
927 560 17 22 0.020930756 
566 611 11 14 0.020915024 
110 611 22 29 0.02091074 
752 398 9 13 0.0208681 
939 704 18 24 0.020865526 
535 486 9 12 0.020856258 
590 176 15 19 0.020849764 
306 453 9 11 0.020847742 
196 496 10 12 0.020836025 
232 447 9 11 0.020828795 
250 134 26 30 0.020803703 
601 400 7 9 0.020765902 
735 344 9 12 0.020751543 
639 342 9 11 0.020743854 
429 555 11 13 0.020742314 
222 324 10 13 0.020736547 
689 334 9 11 0.020734271 
600 422 9 11 0.020728143 
537 413 10 12 0.020713268 
727 534 11 13 0.020709272 
415 399 9 10 0.020708917 
327 517 10 14 0.020702599 
854 737 12 18 0.020695964 
989 511 7 10 0.020694626 
991 11 31 43 0.020691684 
213 493 10 11 0.020689739 
72 547 11 15 0.020688754 
616 382 8 10 0.020668987 
694 380 7 10 0.020653374 
286 360 10 13 0.020635087 
180 221 14 18 0.020628411 
140 309 12 16 0.020554852 
655 525 10 12 0.020542227 
194 375 9 13 0.020522764 
670 631 15 20 0.020517834 
578 376 7 9 0.020513115 
529 503 8 10 0.020453617 
176 319 10 12 0.020434977 
594 241 14 17 0.020427747 
100 614 18 23 0.020417117 
671 574 11 13 0.020414274 
108 594 17 21 0.020400457 
828 354 10 12 0.02038486 
811 613 22 25 0.020383539 
565 367 8 10 0.020356378 
883 561 13 17 0.02030808 
439 519 9 11 0.02030791 
697 427 8 12 0.020283984 
288 252 10 14 0.020236764 
769 491 9 12 0.020232031 
640 317 9 10 0.020226492 
215 582 12 15 0.020209396 
652 607 14 17 0.020205626 
773 597 13 19 0.020172143 
628 187 12 15 0.020156758 
247 525 9 11 0.02014131 
342 423 8 10 0.020129563 
31 544 20 27 0.020117914 
335 470 8 9 0.020108068 
440 165 12 15 0.020103712 
260 573 11 15 0.02009249 
166 549 20 27 0.020063674 
726 3 12 15 0.02005971 
423 532 9 11 0.020014385 
626 61 13 17 0.020013507 
