21_Festival_Festival_21_605
99
937 258 31 39 0.99951863 
178 113 62 80 0.9993099 
806 76 64 87 0.9992848 
447 31 79 110 0.99854064 
312 64 72 94 0.99804485 
634 56 67 96 0.9977785 
985 185 19 24 0.956883 
993 267 28 35 0.93479776 
87 268 18 28 0.8898926 
7 249 15 22 0.84397656 
53 280 13 17 0.7717822 
36 233 13 17 0.7534633 
60 239 15 22 0.74462706 
757 162 25 31 0.65239245 
42 261 10 14 0.5658984 
31 230 13 16 0.38496673 
72 319 12 14 0.2712787 
78 161 12 14 0.25798708 
935 207 18 21 0.23200011 
1 230 8 12 0.21005993 
6 222 9 12 0.20031148 
63 230 13 17 0.14782643 
84 316 11 14 0.11952362 
63 302 13 15 0.11767915 
88 264 13 19 0.100798175 
964 226 14 19 0.090263166 
124 275 11 16 0.0901775 
7 240 9 13 0.08964393 
56 268 11 15 0.08945243 
999 297 13 18 0.087855995 
75 244 10 14 0.08545232 
12 222 9 11 0.07385544 
932 219 25 30 0.07367027 
148 193 12 15 0.07242063 
60 266 11 14 0.07188512 
994 286 27 39 0.06953745 
77 235 12 15 0.069234036 
961 194 13 17 0.06270741 
48 208 9 11 0.062239487 
64 235 16 21 0.061876837 
3 223 9 13 0.06172024 
56 262 10 13 0.058292735 
64 223 12 13 0.0557903 
38 256 17 23 0.05483332 
48 278 13 18 0.051299218 
959 95 40 50 0.051058237 
69 222 11 13 0.049404383 
45 254 11 14 0.048615467 
896 263 33 45 0.047188167 
1001 287 17 21 0.04319225 
41 596 28 39 0.042700537 
2 256 10 17 0.041325077 
30 226 10 12 0.0412871 
31 206 9 11 0.03951143 
48 242 10 15 0.03917576 
36 301 12 15 0.03770862 
933 232 27 34 0.03491446 
652 249 123 119 0.034790017 
40 282 12 16 0.034427177 
47 193 8 10 0.03408169 
52 213 9 11 0.0335317 
24 223 9 12 0.032864876 
22 214 8 10 0.032056812 
66 245 15 20 0.03181802 
880 254 38 51 0.03126473 
78 521 16 20 0.031111818 
42 191 8 10 0.030660463 
26 228 11 14 0.030627651 
135 199 9 11 0.029960787 
64 205 9 11 0.02904041 
728 426 62 55 0.028474739 
14 207 9 10 0.028385818 
128 199 9 12 0.027501918 
56 246 11 17 0.027461182 
13 240 10 14 0.027352555 
0 270 9 15 0.02730193 
0 327 9 14 0.026622279 
20 282 11 14 0.025917877 
76 223 11 13 0.025800798 
65 216 10 12 0.025457874 
53 208 9 11 0.025147675 
911 263 26 37 0.024666041 
0 204 7 11 0.024542863 
44 324 10 13 0.023902398 
720 284 61 61 0.023791116 
542 99 387 467 0.023103869 
4 299 10 14 0.02246657 
78 312 20 23 0.022384468 
994 262 19 20 0.022367707 
131 272 13 19 0.022192057 
66 307 15 17 0.021886544 
37 293 12 15 0.021676304 
4 331 11 14 0.021597845 
122 206 8 12 0.021479506 
395 809 133 130 0.021405539 
876 178 39 56 0.02139985 
16 276 11 14 0.021060871 
955 233 23 29 0.02088092 
1010 266 14 18 0.020594623 
