21_Festival_Festival_21_331
105
745 225 57 71 0.99951684 
349 291 48 60 0.99842834 
237 276 30 38 0.99716514 
264 271 32 40 0.99682176 
58 364 40 48 0.99096 
156 410 85 98 0.98791194 
163 282 19 23 0.98047847 
662 276 53 60 0.974856 
142 317 26 29 0.9617164 
520 299 28 33 0.95760965 
887 239 24 38 0.88543147 
459 269 12 17 0.6403909 
992 268 32 40 0.3958216 
423 303 26 34 0.35904855 
716 294 34 48 0.2383766 
497 292 16 19 0.20685446 
620 316 27 30 0.19184074 
303 394 37 40 0.18511717 
476 281 15 20 0.15979657 
453 268 22 28 0.15434925 
680 291 50 57 0.14901519 
854 214 27 34 0.13293189 
576 271 8 11 0.12614818 
865 314 37 44 0.12257677 
611 327 29 34 0.118800215 
465 273 21 28 0.11019401 
467 321 28 30 0.10528877 
995 289 29 35 0.10337057 
482 285 21 24 0.08940816 
974 259 42 52 0.08278079 
650 280 30 36 0.078392975 
137 318 41 46 0.07114928 
505 299 29 34 0.0688098 
502 319 16 22 0.063161485 
958 281 14 20 0.056965947 
406 290 38 45 0.055389035 
865 218 28 36 0.05423722 
123 328 45 52 0.053005878 
0 297 18 40 0.05237236 
613 333 13 17 0.04759254 
974 340 12 15 0.047062095 
928 269 12 14 0.047036447 
444 260 26 30 0.045200042 
866 233 38 54 0.045046095 
467 344 15 18 0.044680636 
140 308 18 23 0.04394571 
468 319 18 20 0.043351825 
1001 305 21 25 0.043273944 
457 269 38 47 0.043214023 
866 333 27 37 0.042183105 
376 134 35 44 0.042157818 
618 295 41 50 0.03943802 
1 283 39 71 0.039174065 
462 330 29 35 0.038742766 
643 287 24 32 0.038145896 
789 223 36 46 0.037257347 
959 275 22 30 0.036764078 
490 362 29 38 0.036393374 
534 302 20 24 0.036225118 
696 257 46 55 0.03541686 
863 205 27 31 0.035144277 
494 298 26 31 0.03230002 
438 265 17 20 0.031434696 
550 268 11 12 0.031184014 
990 238 14 16 0.030808553 
487 309 27 32 0.030166907 
962 334 48 60 0.030105375 
253 278 32 39 0.029526826 
654 456 14 18 0.029299738 
79 362 34 40 0.028586268 
605 273 16 21 0.027792696 
568 270 9 11 0.027473576 
619 341 17 22 0.027243992 
268 290 30 39 0.027174452 
841 213 27 38 0.026705546 
380 286 43 51 0.025488257 
207 481 33 40 0.025350802 
485 267 14 17 0.024540424 
555 305 16 20 0.02435933 
101 338 46 54 0.024059463 
908 233 27 34 0.024008093 
564 288 15 18 0.02385328 
611 340 17 22 0.023639206 
625 336 17 22 0.02356933 
891 229 32 41 0.023528375 
152 319 33 33 0.023521272 
431 291 38 46 0.023511676 
990 305 35 41 0.023426391 
1008 281 15 20 0.023334773 
451 286 18 22 0.023292063 
607 369 45 57 0.022787457 
999 201 11 15 0.02271584 
483 275 14 19 0.022629948 
987 284 19 22 0.022560136 
104 370 42 49 0.021732964 
491 304 17 21 0.02142785 
871 297 31 38 0.02140103 
148 291 15 17 0.021253431 
875 305 19 22 0.021146104 
483 306 16 20 0.020988535 
413 282 26 32 0.020953292 
211 329 26 35 0.020638723 
334 271 41 57 0.020549677 
116 270 23 32 0.020109948 
467 299 14 18 0.020020308 
