21_Festival_Festival_21_562
32
611 121 49 59 0.9938718 
52 241 25 30 0.38530758 
743 235 363 447 0.33131835 
354 281 27 30 0.29510492 
402 272 26 33 0.17759153 
167 129 54 73 0.1364468 
655 336 362 496 0.11100226 
780 315 245 262 0.10175699 
937 252 50 48 0.097715355 
351 291 15 18 0.07152923 
915 225 12 17 0.068557434 
443 349 422 502 0.065602206 
525 205 9 12 0.051701847 
1009 612 9 12 0.05059441 
485 127 8 10 0.04915551 
136 142 30 47 0.044958774 
1002 366 22 45 0.035419136 
410 502 195 266 0.03328775 
210 293 29 44 0.031431936 
96 329 62 60 0.031274404 
846 397 14 16 0.03014704 
178 131 15 18 0.02903275 
1004 341 21 38 0.028249573 
970 242 27 29 0.026737584 
393 278 12 14 0.026015155 
483 140 10 13 0.025929395 
378 284 13 17 0.02543791 
822 395 13 16 0.02319114 
381 609 46 39 0.022976805 
964 251 32 35 0.02253314 
1 337 11 20 0.022060854 
167 100 55 68 0.020585151 
