21_Festival_Festival_21_785
77
333 412 264 341 0.9998216 
728 1221 12 14 0.55755013 
755 1303 8 11 0.16378377 
725 1263 8 11 0.13716707 
815 1301 8 12 0.12135167 
752 1278 9 11 0.09686352 
101 580 49 59 0.070025824 
807 1301 11 14 0.06897324 
833 1237 8 11 0.060223408 
599 1285 8 11 0.059868112 
458 -64 410 481 0.05935066 
791 1276 9 11 0.0574516 
758 1278 7 10 0.053921733 
276 1157 383 494 0.05317573 
750 1239 7 9 0.0521512 
727 1240 10 12 0.050748862 
550 1272 8 11 0.049604643 
823 1240 9 10 0.047327954 
750 1212 8 11 0.046543356 
671 1260 10 11 0.04607237 
782 322 128 173 0.04415396 
779 214 131 199 0.042262938 
736 1257 8 10 0.041291032 
757 1306 9 11 0.038570546 
758 1296 9 12 0.038550124 
329 778 431 480 0.036353167 
718 1240 9 11 0.035196796 
783 1287 8 10 0.0341332 
687 1272 9 12 0.033627246 
732 1239 9 11 0.033464666 
801 1310 9 11 0.032561373 
308 1157 31 33 0.03241504 
753 1284 9 11 0.03180152 
817 1240 9 11 0.03037697 
687 1254 8 10 0.030013885 
718 1245 9 12 0.02994002 
36 648 220 292 0.029011924 
752 1263 7 9 0.028529027 
767 1300 8 11 0.028381007 
733 1217 8 11 0.02788435 
498 1322 35 38 0.027500618 
672 1255 9 11 0.02739103 
138 828 115 144 0.027188376 
768 1276 8 10 0.026937626 
598 1280 8 11 0.026760586 
729 1280 8 11 0.02631605 
36 616 348 505 0.026209135 
752 1273 7 9 0.025414113 
594 1284 9 12 0.025265032 
784 1237 8 10 0.025009017 
742 1262 8 10 0.024515623 
181 81 440 473 0.024225818 
733 1280 9 10 0.023845585 
759 1273 8 9 0.023830336 
671 1238 9 11 0.02312795 
734 1286 9 10 0.023046957 
718 274 174 287 0.0229679 
584 1271 7 10 0.022800194 
798 1272 8 9 0.022793442 
689 1261 8 9 0.022593549 
805 1308 10 12 0.02240968 
757 1286 8 10 0.022323629 
737 1260 9 12 0.022311365 
766 1319 8 10 0.022232171 
569 1294 9 10 0.022144169 
744 1229 9 10 0.021979516 
776 421 134 194 0.021951878 
728 1285 9 11 0.021800341 
819 1243 12 14 0.021545097 
678 1255 8 10 0.021475231 
760 1223 8 10 0.021171354 
914 1083 99 172 0.021168508 
593 1278 9 11 0.020870345 
697 1304 9 11 0.02082721 
782 1309 9 11 0.020805528 
742 1255 8 10 0.020744618 
606 1285 10 12 0.0200018 
