54_Rescue_firemanrescue_54_617
46
580 232 136 329 0.991905 
602 233 197 455 0.52310073 
305 460 203 490 0.32305852 
6 47 242 483 0.17193554 
207 1000 78 139 0.16258557 
491 103 200 476 0.13594593 
324 593 126 297 0.115646794 
724 -4 225 543 0.064067975 
368 661 12 25 0.05879275 
689 845 203 483 0.053832818 
69 713 71 134 0.047198545 
802 813 38 70 0.047198545 
246 634 63 130 0.04326818 
788 818 53 115 0.04326818 
677 255 215 505 0.04133061 
3 845 41 79 0.036325652 
269 927 17 35 0.035808332 
392 -19 225 568 0.034593593 
45 655 71 126 0.033269096 
661 1038 20 47 0.03293372 
606 90 68 162 0.030461596 
660 1108 16 35 0.030282615 
278 956 60 130 0.027884193 
170 978 93 224 0.026434705 
267 888 126 248 0.026434705 
848 856 65 132 0.025519116 
1 899 53 154 0.025519116 
269 891 27 54 0.025519116 
155 846 55 128 0.025519116 
535 954 69 162 0.025519116 
688 1047 65 171 0.025519116 
848 27 29 58 0.025519116 
70 826 106 214 0.024156325 
244 981 64 132 0.023349825 
774 309 88 149 0.023349825 
104 620 69 130 0.023349825 
606 -30 269 621 0.022069868 
269 708 109 205 0.022069868 
350 633 15 41 0.021603195 
196 846 49 117 0.021360904 
219 870 46 104 0.021360904 
314 763 62 132 0.021360898 
94 1151 85 137 0.021360898 
260 937 58 121 0.021360893 
177 522 197 393 0.0201599 
406 829 117 227 0.0201599 
