54_Rescue_rescuepeople_54_817
66
59 312 232 713 0.71599656 
787 609 67 146 0.5900683 
368 831 209 634 0.5461031 
766 517 218 624 0.45389685 
228 763 218 643 0.4085711 
158 297 130 444 0.21508123 
800 410 29 86 0.16258557 
443 695 191 588 0.15916686 
136 556 183 523 0.14717786 
66 22 232 682 0.13594593 
281 987 228 634 0.12544508 
823 355 228 662 0.115646794 
815 604 70 159 0.109639935 
168 707 124 303 0.1065206 
809 27 33 99 0.10106142 
421 345 136 383 0.09803478 
11 741 100 361 0.09803478 
780 381 52 151 0.07880669 
376 430 49 134 0.07244435 
472 421 79 170 0.07244435 
557 664 239 597 0.06984133 
565 956 172 515 0.05874174 
393 479 57 141 0.056098126 
379 426 14 37 0.049903784 
291 763 126 413 0.045153897 
11 502 209 662 0.045153897 
581 851 30 88 0.04326818 
301 155 74 195 0.04326818 
301 334 62 209 0.04326818 
302 605 30 86 0.04326818 
345 36 123 341 0.04133061 
306 763 63 182 0.039651502 
408 476 13 36 0.038923774 
-3 315 82 243 0.036325645 
851 602 140 395 0.034593593 
570 826 52 148 0.033269096 
268 891 126 431 0.03163486 
728 845 222 606 0.03163486 
202 651 73 164 0.030461596 
831 646 68 167 0.030461596 
350 463 9 26 0.030282615 
583 857 19 44 0.030282615 
335 481 15 43 0.030282615 
344 460 14 39 0.027838778 
316 -79 197 555 0.026434705 
476 270 253 634 0.026434705 
370 420 14 40 0.02558696 
819 1284 70 182 0.025519116 
771 549 70 173 0.025519116 
432 1189 64 179 0.025519116 
241 700 52 153 0.025519116 
203 705 149 438 0.024156325 
391 506 8 24 0.02351288 
627 1140 16 52 0.02351288 
812 422 22 60 0.02351288 
373 47 73 188 0.023349825 
371 449 34 88 0.023349825 
380 230 64 176 0.023349825 
797 493 128 378 0.022069868 
437 490 19 49 0.021603195 
927 1024 8 21 0.021603195 
398 473 37 92 0.021360898 
351 126 24 73 0.021360898 
129 110 144 401 0.0201599 
81 272 136 458 0.0201599 
388 1060 132 389 0.0201599 
