54_Rescue_rescuepeople_54_102
148
547 236 10 13 0.87062967 
410 253 25 39 0.7815748 
88 233 6 9 0.5432222 
739 367 45 78 0.38809907 
232 239 7 9 0.3728605 
906 436 130 196 0.3647484 
990 230 6 8 0.27822798 
730 360 35 56 0.23436876 
334 277 48 70 0.21842523 
268 241 8 12 0.19995552 
789 266 78 83 0.1753677 
770 376 52 79 0.1753677 
399 245 24 39 0.118850335 
292 282 16 24 0.111069925 
379 446 65 89 0.109639935 
536 219 6 10 0.10279763 
100 47 232 302 0.09015675 
949 238 5 7 0.08117401 
225 307 53 65 0.07880669 
762 373 32 56 0.07880669 
188 234 7 9 0.074940585 
1010 231 5 7 0.074940585 
676 169 4 6 0.07494057 
958 243 5 7 0.0691498 
482 491 130 177 0.064067975 
664 169 4 5 0.06377564 
174 291 5 8 0.05879275 
503 367 98 121 0.05874174 
233 217 60 63 0.051466707 
753 355 35 55 0.051466707 
260 237 7 9 0.04990379 
1008 233 5 7 0.04990379 
180 186 6 8 0.04990379 
585 350 53 74 0.047198545 
420 259 29 47 0.047198545 
143 468 36 41 0.047198545 
972 236 5 6 0.04595155 
31 216 55 76 0.04326818 
423 452 67 79 0.04326818 
997 236 4 6 0.04229837 
206 250 14 19 0.04229837 
261 240 9 11 0.04229837 
997 239 5 6 0.04229837 
699 188 4 5 0.038923774 
963 244 4 6 0.038923774 
550 214 6 8 0.038923774 
980 235 5 6 0.038923774 
969 236 4 6 0.035808332 
992 227 5 7 0.035808332 
498 346 8 10 0.035808332 
495 347 15 19 0.035808332 
535 225 7 11 0.035808332 
17 220 85 124 0.034593593 
330 293 32 47 0.033269096 
428 284 27 41 0.033269096 
720 356 30 44 0.033269096 
602 207 5 7 0.03293372 
202 256 7 10 0.03293372 
558 201 5 7 0.03293372 
654 180 6 7 0.03293372 
439 306 15 20 0.032933712 
389 252 29 42 0.030461604 
592 365 37 41 0.030461596 
794 390 35 52 0.030461596 
230 241 7 10 0.030282615 
686 166 4 6 0.030282615 
698 169 4 6 0.030282615 
449 577 15 16 0.030282615 
231 238 11 15 0.030282615 
926 239 5 7 0.030282615 
563 252 6 8 0.030282615 
976 236 5 6 0.030282615 
536 205 5 7 0.030282615 
588 212 5 8 0.030282615 
922 244 4 6 0.030282615 
19 522 235 264 0.028921604 
210 241 23 31 0.027884193 
489 352 28 37 0.027884193 
233 242 27 31 0.027884193 
832 274 61 82 0.027884185 
732 342 30 42 0.027884185 
84 232 11 15 0.027838783 
405 251 15 22 0.027838783 
985 235 4 6 0.027838783 
188 191 5 7 0.027838783 
407 256 7 11 0.027838778 
190 188 5 7 0.027838778 
169 204 6 9 0.027838778 
964 235 4 6 0.027838778 
448 562 17 16 0.02558696 
938 240 4 5 0.02558696 
562 248 5 8 0.02558696 
238 249 6 8 0.02558696 
983 198 8 10 0.02558696 
724 170 4 5 0.02558696 
757 513 13 17 0.02558696 
181 279 7 9 0.02558696 
200 252 14 19 0.02558696 
295 275 46 59 0.025519116 
313 278 25 35 0.025519116 
394 245 42 63 0.025519116 
581 362 33 35 0.025519116 
536 210 6 8 0.02351288 
140 277 6 8 0.02351288 
594 210 5 7 0.02351288 
206 255 9 11 0.02351288 
566 255 6 8 0.02351288 
935 244 4 6 0.02351288 
534 215 11 17 0.02351288 
200 254 6 9 0.02351288 
592 210 5 8 0.02351288 
674 192 5 6 0.02351288 
164 206 6 9 0.02351288 
288 195 5 7 0.02351288 
244 237 17 18 0.02351288 
173 193 14 18 0.02351288 
109 308 14 19 0.02351288 
956 241 4 7 0.02351288 
473 333 54 70 0.023349825 
166 194 26 34 0.023349825 
78 250 29 32 0.023349825 
327 515 24 42 0.023349825 
882 721 32 31 0.023349825 
734 495 25 32 0.023349825 
719 545 126 115 0.022069868 
708 361 90 124 0.022069868 
745 178 6 7 0.021603195 
640 186 6 8 0.021603195 
677 177 5 7 0.021603195 
955 234 4 6 0.021603195 
798 184 5 6 0.021603195 
734 211 6 8 0.021603195 
669 181 5 6 0.021603195 
682 169 4 6 0.021603195 
554 252 6 9 0.021603195 
964 239 4 6 0.021603195 
583 365 19 20 0.021603195 
450 237 14 21 0.021603195 
241 237 7 9 0.021603195 
985 231 4 6 0.021603195 
981 220 4 7 0.021603195 
851 199 51 69 0.021360904 
517 497 56 74 0.021360904 
386 361 29 38 0.021360898 
221 238 24 28 0.021360898 
41 222 36 45 0.021360898 
195 373 56 70 0.021360898 
317 290 26 39 0.021360898 
