54_Rescue_rescuepeople_54_158
36
246 382 302 671 0.9911277 
480 403 249 605 0.9815879 
-28 419 215 596 0.9171464 
196 360 206 562 0.9098432 
412 741 307 623 0.88435316 
752 611 74 209 0.811072 
6 123 209 546 0.6352516 
98 -28 188 500 0.47689918 
99 406 209 554 0.45389688 
492 -100 209 492 0.4310897 
11 24 144 444 0.4085711 
673 198 225 605 0.32305852 
218 -51 206 507 0.28400344 
552 729 257 571 0.2840034 
132 69 222 614 0.26558137 
719 535 206 546 0.2150812 
724 495 132 356 0.19988178 
362 310 257 623 0.18550259 
735 263 253 691 0.115646794 
563 254 269 661 0.1065206 
173 18 136 330 0.1065206 
276 673 253 562 0.09015675 
534 2 124 326 0.08285364 
794 -61 218 554 0.08285364 
628 2 232 588 0.064067975 
454 558 188 394 0.05874174 
792 467 246 681 0.04931264 
301 28 140 330 0.045153897 
394 -13 239 457 0.04133061 
284 578 80 223 0.033269096 
616 526 222 588 0.03163486 
507 6 48 123 0.030461596 
615 69 64 192 0.023349825 
302 1140 78 198 0.021360904 
770 33 128 425 0.0201599 
867 67 130 326 0.0201599 
