54_Rescue_rescuepeople_54_406
42
428 343 38 49 0.9944617 
738 318 37 46 0.9944617 
412 347 38 48 0.13928533 
75 50 31 43 0.12872262 
369 345 209 265 0.09803478 
489 480 253 246 0.09803478 
756 595 12 18 0.08787667 
411 394 121 167 0.045153897 
616 521 45 35 0.039651494 
644 134 12 17 0.038923774 
579 516 52 70 0.036325645 
-26 -13 194 265 0.034593593 
54 -46 203 281 0.034593593 
0 261 63 139 0.033269096 
654 575 20 24 0.032933712 
416 317 50 64 0.030461596 
577 540 30 44 0.030461596 
798 361 7 11 0.030282615 
493 61 16 23 0.030282615 
752 372 16 23 0.027838778 
547 526 12 15 0.02558696 
709 581 14 19 0.02558696 
636 3 9 12 0.02558696 
909 88 4 6 0.02558696 
410 354 58 70 0.025519116 
592 76 109 128 0.024156325 
953 96 5 7 0.02351288 
401 157 5 7 0.02351288 
557 490 16 20 0.02351288 
785 482 8 10 0.02351288 
596 514 58 59 0.023349825 
636 115 24 32 0.023349825 
574 541 6 8 0.021603195 
296 235 7 10 0.021603195 
651 561 18 25 0.021603195 
523 484 12 18 0.021603195 
912 99 5 7 0.021603195 
636 120 13 19 0.021603195 
756 593 9 12 0.021603195 
564 535 54 82 0.021360904 
731 298 34 49 0.021360904 
770 258 232 281 0.0201599 
