54_Rescue_firemanrescue_54_789
56
376 120 206 220 0.9943938 
790 201 186 220 0.59142894 
303 53 225 233 0.59142894 
862 294 117 190 0.2840034 
78 368 200 223 0.26558137 
298 152 239 266 0.24794048 
457 145 200 230 0.24794048 
875 182 117 187 0.24794048 
695 293 18 20 0.2141799 
694 165 215 230 0.19988176 
-6 265 109 184 0.18550259 
567 167 212 240 0.15916686 
142 48 111 133 0.14717786 
211 314 46 58 0.12872264 
165 366 218 214 0.1065206 
580 297 18 22 0.08787667 
151 67 71 76 0.08567618 
206 325 31 40 0.08567618 
240 247 52 53 0.08567618 
753 14 253 248 0.08285364 
530 278 76 97 0.07880669 
-1 109 178 193 0.06984133 
677 296 9 10 0.06377564 
802 246 104 141 0.05874174 
477 267 67 74 0.056098126 
738 263 76 88 0.056098126 
-34 381 222 223 0.053832814 
85 274 136 159 0.04931264 
138 391 130 133 0.04931264 
20 169 209 204 0.045153886 
227 324 32 36 0.04326818 
486 408 65 66 0.04326818 
96 26 178 220 0.04133061 
819 319 239 230 0.03781825 
975 101 49 63 0.036325652 
549 455 25 33 0.036325645 
729 196 123 159 0.034593605 
553 285 46 55 0.033269096 
33 51 76 79 0.033269096 
178 275 101 120 0.03163486 
894 201 65 92 0.030461596 
551 207 126 161 0.028921604 
351 42 136 164 0.026434705 
939 51 82 101 0.023349825 
803 117 188 214 0.022069868 
246 253 222 227 0.022069868 
11 98 119 127 0.022069868 
510 562 15 12 0.021603195 
250 324 17 18 0.021603195 
246 313 16 19 0.021603195 
156 179 69 74 0.021360904 
502 427 34 37 0.021360904 
536 399 65 86 0.021360898 
362 463 26 27 0.021360898 
3 241 235 237 0.0201599 
69 36 117 129 0.0201599 
