54_Rescue_rescuepeople_54_135
286
871 481 60 70 0.9996031 
330 43 31 51 0.98046196 
869 209 25 43 0.97665024 
502 5 51 63 0.97448087 
941 219 22 35 0.849435 
996 230 21 28 0.7815748 
40 556 64 53 0.4099317 
105 184 12 20 0.31433135 
532 261 71 106 0.30585763 
19 304 20 26 0.29596066 
165 229 15 22 0.26116365 
966 370 31 35 0.2511021 
819 304 51 62 0.23436876 
860 196 26 39 0.21842523 
83 107 7 9 0.2141799 
479 4 52 61 0.2032784 
256 157 27 40 0.188928 
884 278 55 81 0.188928 
144 207 25 31 0.1753677 
838 339 51 70 0.1753677 
157 178 15 23 0.17366187 
945 454 53 71 0.16258557 
432 368 31 44 0.16258556 
925 398 30 39 0.13928533 
452 0 46 59 0.13928533 
960 467 31 47 0.12872262 
169 164 46 59 0.118850335 
118 377 28 51 0.118850335 
58 392 51 56 0.118850335 
1005 204 20 26 0.111069925 
838 338 20 22 0.102797605 
151 183 22 30 0.10106142 
321 425 29 37 0.10106142 
264 73 197 268 0.09803478 
943 369 51 60 0.09308395 
331 284 32 44 0.09308395 
175 162 24 30 0.09308393 
734 320 14 17 0.08787667 
643 30 8 9 0.08117401 
701 46 8 10 0.08117401 
87 375 49 58 0.07880669 
677 -12 235 293 0.076092646 
338 98 123 167 0.076092646 
483 226 101 136 0.076092646 
744 42 8 9 0.074940585 
126 197 16 22 0.074940585 
823 235 16 19 0.074940585 
686 151 18 20 0.07494057 
7 305 29 39 0.072444364 
86 345 49 51 0.07244435 
778 5 59 85 0.07244435 
928 284 31 41 0.07244435 
74 230 14 21 0.069149815 
452 382 14 19 0.0691498 
741 45 11 14 0.0691498 
686 206 29 32 0.06655858 
854 356 31 41 0.06655858 
97 226 21 26 0.06655857 
660 302 51 77 0.06655857 
909 451 104 164 0.064067975 
117 112 7 9 0.06377564 
266 147 6 8 0.06377564 
686 128 9 10 0.06377564 
87 106 6 8 0.06377564 
913 273 53 66 0.06111947 
665 576 63 69 0.06111947 
952 306 51 57 0.06111947 
693 215 28 33 0.06111947 
150 218 26 31 0.06111947 
602 273 18 25 0.05879275 
646 347 225 268 0.05874174 
253 135 49 62 0.056098126 
175 182 58 60 0.056098126 
869 296 47 64 0.056098126 
62 394 29 38 0.056098126 
967 475 38 48 0.056098126 
524 408 25 31 0.056098126 
502 2 29 34 0.056098126 
153 180 43 55 0.051466707 
922 205 36 50 0.051466707 
315 26 41 59 0.051466707 
89 237 26 32 0.051466707 
589 498 62 61 0.051466707 
16 264 22 29 0.051466707 
881 345 31 35 0.051466707 
23 322 25 39 0.051466707 
262 148 11 14 0.04990379 
527 354 7 9 0.04990379 
107 223 15 24 0.04990379 
-1 258 14 24 0.049903784 
419 370 26 39 0.047198545 
250 616 35 41 0.047198545 
670 594 26 43 0.047198545 
152 264 50 60 0.047198545 
925 384 54 60 0.047198545 
287 198 13 14 0.04595155 
768 326 17 20 0.04595155 
79 186 13 19 0.045951538 
486 142 117 174 0.045153897 
569 92 54 71 0.04326818 
970 215 27 33 0.04326818 
982 221 24 33 0.04326818 
273 278 55 66 0.04326818 
917 407 45 58 0.04326818 
276 185 29 34 0.04326818 
114 183 14 22 0.04229837 
696 345 8 10 0.04229836 
70 239 45 55 0.039651502 
369 214 57 60 0.039651502 
291 133 32 33 0.039651502 
281 122 58 61 0.039651502 
794 37 57 81 0.039651502 
286 24 52 68 0.039651502 
127 203 43 52 0.039651502 
846 196 44 60 0.039651502 
880 319 30 38 0.039651494 
356 297 14 16 0.038923774 
880 173 9 11 0.038923774 
284 143 14 15 0.038923774 
662 421 134 169 0.03781825 
402 166 209 256 0.03781825 
958 347 50 58 0.036325652 
853 190 25 34 0.036325652 
806 571 62 78 0.036325652 
789 295 21 28 0.036325652 
150 378 52 64 0.036325652 
138 189 40 52 0.036325652 
938 207 40 52 0.036325652 
671 193 47 59 0.036325652 
757 320 25 28 0.036325645 
76 187 23 30 0.036325645 
239 39 67 89 0.036325645 
76 276 14 18 0.035808332 
118 187 17 23 0.035808332 
397 306 15 19 0.035808332 
259 139 7 9 0.035808332 
590 47 206 288 0.034593605 
73 233 23 28 0.033269096 
70 260 25 31 0.033269096 
707 205 55 66 0.033269096 
155 234 23 29 0.033269096 
892 209 29 37 0.033269096 
666 536 62 81 0.033269096 
282 356 30 36 0.033269096 
926 445 52 70 0.033269096 
300 25 29 41 0.033269096 
131 109 6 8 0.03293372 
299 129 13 15 0.03293372 
809 229 7 8 0.032933712 
252 167 17 28 0.032933712 
173 165 14 18 0.032933712 
240 152 28 41 0.030461604 
792 247 25 29 0.030461604 
31 332 26 35 0.030461604 
315 289 35 43 0.030461604 
274 594 32 30 0.030461604 
98 296 32 30 0.030461604 
173 629 36 33 0.030461596 
630 371 25 44 0.030461596 
236 159 45 63 0.030461596 
53 405 30 38 0.030461596 
256 170 45 57 0.030461596 
998 413 24 37 0.030461596 
52 390 27 37 0.030461596 
96 327 46 53 0.030461596 
261 147 29 37 0.030461596 
161 173 23 30 0.030461596 
102 356 47 60 0.030461596 
958 221 28 37 0.030461596 
203 230 27 30 0.030461596 
229 335 13 17 0.030282615 
90 230 19 24 0.030282615 
501 -1 23 21 0.030282615 
98 395 215 284 0.028921604 
913 211 23 32 0.027884193 
143 236 25 31 0.027884193 
787 5 35 51 0.027884193 
244 589 68 52 0.027884193 
29 565 62 79 0.027884193 
874 322 49 61 0.027884193 
312 441 23 31 0.027884193 
524 8 46 63 0.027884193 
52 534 75 66 0.027884185 
903 202 39 51 0.027884185 
801 220 70 91 0.027884185 
30 373 43 53 0.027884185 
65 174 40 55 0.027884185 
125 201 10 14 0.027838783 
121 110 7 9 0.027838783 
220 19 14 19 0.027838778 
144 200 19 25 0.027838778 
832 453 85 122 0.026434705 
175 58 18 22 0.02558696 
942 216 15 24 0.02558696 
114 225 16 23 0.02558696 
691 205 19 21 0.02558696 
297 132 8 10 0.02558696 
154 65 16 21 0.02558696 
132 198 18 24 0.02558696 
235 361 16 23 0.02558696 
75 233 8 13 0.02558696 
792 270 26 38 0.025519116 
146 253 27 35 0.025519116 
434 352 49 67 0.025519116 
94 213 42 54 0.025519116 
131 375 25 41 0.025519116 
567 483 58 62 0.025519116 
362 91 67 67 0.025519116 
302 432 48 53 0.025519116 
309 256 64 73 0.025519116 
303 448 23 27 0.025519116 
815 232 27 31 0.025519116 
409 358 44 63 0.025519116 
831 414 197 242 0.024156325 
829 295 79 95 0.024156325 
663 60 117 182 0.024156325 
161 178 9 13 0.02351288 
361 292 5 6 0.02351288 
127 107 5 6 0.02351288 
173 169 8 10 0.02351288 
684 187 27 29 0.023349825 
249 138 27 33 0.023349825 
338 546 45 63 0.023349825 
290 9 30 38 0.023349825 
900 443 51 60 0.023349825 
108 309 30 28 0.023349825 
346 553 26 35 0.023349825 
42 364 29 33 0.023349825 
790 584 54 59 0.023349825 
698 237 101 138 0.022069868 
125 111 8 10 0.021603195 
194 392 14 20 0.021603195 
252 137 11 16 0.021603195 
803 229 8 9 0.021603195 
275 145 7 9 0.021603195 
290 146 8 9 0.021603195 
1013 382 11 20 0.021603195 
189 149 8 9 0.021603195 
588 272 19 26 0.021603195 
75 398 19 26 0.021603195 
257 142 14 18 0.021603195 
685 176 17 17 0.021603195 
935 220 18 25 0.021603195 
262 154 8 12 0.021603195 
360 295 7 9 0.021603195 
291 196 8 9 0.021603195 
271 143 14 16 0.021603195 
117 186 8 13 0.021603195 
195 174 21 26 0.021603195 
81 230 19 22 0.021603195 
185 148 13 16 0.021603195 
99 173 7 9 0.021603195 
968 377 46 61 0.021360904 
113 182 42 50 0.021360904 
801 237 31 34 0.021360904 
989 212 36 52 0.021360904 
48 369 47 56 0.021360904 
146 212 43 52 0.021360904 
169 206 51 58 0.021360904 
826 213 52 61 0.021360904 
874 192 27 37 0.021360898 
125 372 43 66 0.021360898 
143 163 43 52 0.021360898 
281 140 25 31 0.021360898 
693 130 67 79 0.021360898 
67 222 42 49 0.021360898 
60 358 53 57 0.021360898 
102 305 48 47 0.021360898 
743 430 30 41 0.021360898 
872 332 29 36 0.021360898 
681 225 35 41 0.021360898 
279 340 49 59 0.021360898 
642 316 54 79 0.021360898 
11 578 54 66 0.021360898 
739 316 24 27 0.021360898 
348 292 24 31 0.021360898 
244 258 65 81 0.021360898 
61 256 25 31 0.021360898 
799 302 26 33 0.021360898 
378 590 28 34 0.021360893 
812 527 126 132 0.020159906 
523 113 172 231 0.020159906 
786 295 87 105 0.0201599 
691 268 183 231 0.0201599 
652 496 121 144 0.0201599 
96 342 87 114 0.0201599 
