54_Rescue_rescuepeople_54_191
95
809 249 58 72 0.9996031 
666 277 33 38 0.9990996 
932 277 36 43 0.9988171 
448 280 47 61 0.99813616 
998 286 25 33 0.76563126 
85 361 14 18 0.755209 
788 306 12 15 0.6856687 
908 480 100 143 0.6135702 
825 566 51 61 0.268611 
474 430 106 149 0.17193554 
785 303 21 25 0.13928533 
979 288 24 29 0.13928533 
656 269 215 278 0.09803478 
754 568 54 68 0.09308395 
941 367 30 34 0.09308393 
667 332 67 80 0.08567618 
704 304 26 29 0.08567618 
869 493 98 141 0.076092646 
397 130 95 134 0.06984132 
879 199 60 72 0.06655858 
272 267 55 72 0.06655858 
872 181 90 123 0.064067975 
75 371 249 262 0.064067975 
519 544 57 80 0.06111947 
985 380 25 24 0.06111947 
978 296 15 18 0.05879275 
906 193 61 67 0.056098126 
652 348 49 61 0.056098126 
752 391 191 232 0.053832818 
867 221 58 69 0.051466707 
871 254 43 55 0.051466707 
510 371 16 19 0.049903784 
206 428 246 286 0.04931264 
685 -22 261 308 0.04931264 
648 506 61 51 0.047198545 
990 288 17 22 0.04595155 
209 297 13 17 0.045951538 
262 47 215 278 0.045153897 
544 10 261 286 0.045153886 
515 317 29 33 0.04326818 
372 370 68 55 0.04326818 
412 -13 253 278 0.04133062 
71 1 239 262 0.04133061 
560 487 23 40 0.039651502 
919 483 7 10 0.038923774 
524 335 18 18 0.038923774 
484 461 63 73 0.036325652 
984 255 41 63 0.036325652 
208 310 7 9 0.035808332 
558 405 16 21 0.035808332 
392 293 167 229 0.034593593 
468 386 98 129 0.034593593 
881 216 37 42 0.033269096 
83 358 8 12 0.032933712 
510 393 29 37 0.030461604 
914 253 22 25 0.030282615 
87 356 7 10 0.030282615 
510 497 68 84 0.027884193 
542 399 25 31 0.027884193 
971 275 43 51 0.027884185 
924 198 37 40 0.027884185 
219 348 5 6 0.027838778 
987 293 8 10 0.027838778 
1008 302 15 21 0.027838778 
379 75 239 299 0.02643471 
322 332 116 118 0.026434705 
209 299 7 8 0.02558696 
510 378 27 34 0.025519116 
920 250 40 58 0.025519116 
645 362 29 38 0.025519116 
836 440 54 61 0.025519116 
539 475 50 81 0.025519116 
876 331 29 34 0.025519116 
980 285 47 59 0.025519116 
593 54 34 36 0.025519116 
652 384 188 243 0.024156325 
84 365 9 11 0.02351288 
773 268 15 18 0.02351288 
274 317 58 60 0.023349825 
533 570 34 45 0.023349825 
501 375 26 32 0.023349825 
262 295 25 31 0.023349825 
45 369 109 147 0.022069868 
819 505 116 141 0.022069868 
782 310 14 19 0.021603195 
547 459 8 9 0.021603195 
926 444 13 15 0.021603195 
670 410 16 17 0.021603195 
94 363 9 11 0.021603195 
264 224 15 20 0.021603195 
983 293 8 10 0.021603195 
1002 276 17 23 0.021603195 
471 602 34 31 0.021360898 
775 256 48 62 0.021360898 
505 388 53 59 0.021360898 
