54_Rescue_rescuepeople_54_493
99
32 327 232 217 0.7520595 
345 37 249 245 0.26558137 
701 377 29 29 0.188928 
748 134 30 31 0.15056497 
0 403 10 18 0.11991897 
81 506 86 56 0.118850335 
847 -4 242 248 0.115646794 
594 9 188 188 0.09803478 
-1 67 21 32 0.08567618 
64 402 51 56 0.08567618 
314 123 22 26 0.07880669 
0 298 27 33 0.072444364 
720 472 68 64 0.07244435 
43 99 239 234 0.06984133 
745 119 32 31 0.06655858 
757 95 91 102 0.064067975 
554 430 53 46 0.06111947 
404 84 10 12 0.05879275 
705 438 104 105 0.05874174 
389 207 209 248 0.05874174 
876 388 70 68 0.056098126 
53 202 12 12 0.054176662 
17 304 26 31 0.051466707 
316 31 13 13 0.04990379 
54 -42 172 196 0.04931264 
705 19 34 34 0.047198545 
376 290 22 30 0.047198545 
715 496 56 53 0.047198545 
242 29 32 29 0.047198545 
328 40 60 78 0.04326818 
896 472 31 30 0.04326818 
324 105 15 16 0.04229837 
566 418 242 193 0.04133061 
319 115 25 28 0.039651494 
821 382 16 16 0.038923774 
903 350 107 108 0.03781825 
800 180 197 211 0.03781825 
743 119 53 57 0.036325652 
47 302 29 30 0.036325652 
728 489 39 36 0.036325652 
500 351 59 57 0.036325652 
733 454 27 26 0.036325652 
417 314 67 76 0.036325652 
313 392 17 20 0.035808332 
318 295 232 245 0.034593593 
675 260 175 185 0.034593593 
828 41 54 54 0.033269096 
521 232 26 24 0.033269096 
341 70 30 35 0.033269096 
0 52 23 33 0.033269096 
9 293 43 50 0.033269096 
91 316 23 25 0.033269096 
744 316 27 30 0.033269096 
699 500 29 30 0.033269096 
724 518 34 30 0.033269096 
709 184 93 94 0.03163486 
714 496 31 30 0.030461596 
223 498 70 51 0.030461596 
181 37 27 27 0.030461596 
785 324 21 21 0.030282615 
735 279 101 122 0.028921604 
641 222 101 94 0.028921604 
775 50 197 205 0.028921604 
107 380 62 69 0.027884193 
78 185 25 27 0.027884193 
276 4 33 29 0.027884193 
107 338 30 32 0.027884193 
698 489 51 51 0.027884185 
103 325 48 52 0.027884185 
3 51 16 19 0.027838783 
209 47 17 18 0.027838783 
822 374 14 15 0.02558696 
61 173 16 16 0.02558696 
279 48 31 33 0.025519116 
260 23 60 52 0.025519116 
942 2 42 33 0.025519116 
407 84 6 6 0.02351288 
335 487 59 58 0.023349825 
30 121 20 21 0.023349825 
302 121 21 24 0.023349825 
740 200 100 122 0.022069868 
93 -31 235 234 0.022069868 
28 311 14 18 0.021603195 
868 388 14 16 0.021603195 
320 120 15 16 0.021603195 
933 160 64 61 0.021360904 
64 173 28 31 0.021360898 
922 3 35 26 0.021360898 
266 0 55 48 0.021360898 
39 181 25 29 0.021360898 
506 319 61 52 0.021360898 
738 326 55 63 0.021360898 
790 318 29 30 0.021360898 
318 65 49 58 0.021360898 
735 99 51 53 0.021360898 
255 85 33 34 0.021360898 
214 453 75 71 0.021360898 
163 391 51 48 0.021360898 
382 64 149 159 0.0201599 
