54_Rescue_rescuepeople_54_602
50
502 176 52 126 0.9721158 
356 214 45 102 0.9334414 
218 173 53 114 0.849435 
649 184 64 138 0.73138905 
842 213 58 126 0.6744751 
627 47 197 587 0.30317584 
760 487 246 711 0.2311026 
58 483 228 632 0.1065206 
148 584 232 671 0.1065206 
159 66 200 562 0.09803478 
607 190 8 21 0.08787667 
736 891 106 281 0.064067975 
704 12 222 605 0.045153897 
351 278 50 118 0.04326818 
714 339 34 87 0.04326818 
860 596 142 485 0.04133061 
832 1460 9 25 0.038923774 
819 96 126 321 0.03781825 
252 460 51 138 0.036325645 
441 1092 91 249 0.034593605 
32 701 206 614 0.034593593 
761 1390 114 273 0.03163486 
921 411 28 76 0.030461604 
307 1018 109 366 0.028921604 
386 1079 100 277 0.028921604 
619 85 117 361 0.028921604 
77 85 63 158 0.027884193 
917 423 56 142 0.027884193 
254 215 19 50 0.027838778 
505 87 116 372 0.026434705 
46 10 218 623 0.026434705 
540 217 18 49 0.02558696 
740 359 31 86 0.025519116 
360 990 29 87 0.025519116 
219 1088 93 249 0.024156325 
526 411 90 253 0.024156325 
343 958 54 140 0.023349825 
704 290 51 128 0.023349825 
531 509 246 701 0.022069868 
534 -17 206 596 0.022069868 
627 190 7 20 0.021603195 
807 1473 12 33 0.021603195 
806 1465 8 22 0.021603195 
91 1181 68 226 0.021360904 
610 942 60 158 0.021360904 
592 1003 58 187 0.021360898 
895 443 61 158 0.021360898 
561 340 32 75 0.021360898 
592 326 28 73 0.021360898 
836 114 74 207 0.021360898 
