40_Gymnastics_Gymnastics_40_642
70
265 342 34 46 0.99931467 
870 244 50 68 0.9990138 
208 272 39 54 0.99891996 
338 315 37 52 0.9982981 
785 294 45 62 0.99706453 
87 279 43 60 0.99678564 
417 270 42 59 0.9949414 
627 286 45 63 0.9933628 
529 288 42 54 0.99204755 
296 294 14 23 0.98015445 
6 83 215 298 0.90196514 
606 78 212 321 0.71599656 
808 92 222 335 0.5 
707 95 222 321 0.45389685 
961 307 60 102 0.36670667 
226 102 242 325 0.28400344 
356 70 225 307 0.24794048 
-10 462 186 277 0.21508123 
452 78 225 316 0.19988178 
464 506 228 311 0.19988178 
266 289 14 20 0.13944872 
72 328 18 22 0.13944872 
617 364 53 97 0.12872262 
618 328 215 325 0.1065206 
1014 290 7 10 0.08787667 
695 278 218 302 0.08285364 
558 236 18 23 0.07494057 
257 285 22 31 0.07244435 
707 319 36 37 0.07244435 
135 88 209 307 0.06984133 
98 56 140 242 0.06984132 
1010 290 4 7 0.0691498 
997 299 7 9 0.0691498 
1007 290 5 7 0.05879275 
286 377 48 83 0.056098126 
597 320 24 33 0.056098126 
275 289 12 18 0.04990379 
0 312 13 23 0.049903784 
886 123 128 215 0.04931264 
295 319 16 21 0.04595155 
54 330 13 17 0.045951538 
119 500 249 302 0.045153897 
997 291 6 8 0.04229837 
710 304 51 58 0.039651494 
638 11 138 268 0.03781825 
306 295 14 21 0.035808332 
257 282 13 21 0.035808332 
28 56 132 209 0.034593605 
273 331 28 38 0.033269096 
303 269 13 18 0.03293372 
855 425 249 355 0.03163486 
204 375 63 92 0.030461596 
40 337 14 19 0.030282615 
997 294 8 11 0.030282615 
722 298 14 19 0.030282615 
257 512 225 285 0.028921604 
250 317 24 32 0.027884193 
333 305 15 24 0.027838783 
602 297 46 62 0.025519116 
284 323 24 34 0.025519116 
365 483 242 311 0.024156325 
631 354 103 191 0.024156325 
253 282 11 20 0.02351288 
994 290 6 8 0.02351288 
585 1 80 71 0.023349825 
297 290 8 12 0.0216032 
613 296 9 12 0.021603195 
1011 293 6 11 0.021603195 
994 286 12 17 0.021603195 
282 289 8 13 0.021603195 
