40_Gymnastics_Gymnastics_40_580
33
477 34 209 277 0.9506874 
145 227 128 203 0.9301587 
327 83 249 321 0.8280645 
217 216 111 183 0.5461031 
783 157 46 67 0.2511021 
246 135 232 298 0.19988176 
408 4 188 285 0.17193556 
408 42 116 183 0.13594593 
169 81 222 281 0.12544508 
505 111 130 132 0.10106142 
680 4 242 355 0.08285364 
242 494 242 311 0.08285364 
-11 362 232 340 0.06984133 
514 449 261 355 0.06984133 
159 219 32 53 0.06111947 
673 494 269 340 0.05874174 
381 177 149 264 0.05874174 
259 238 76 119 0.056098126 
476 148 246 311 0.053832818 
238 257 257 366 0.053832814 
771 182 53 71 0.051466707 
153 211 57 82 0.047198545 
618 415 232 311 0.045153886 
401 531 242 311 0.034593593 
166 232 73 117 0.030461596 
119 431 269 377 0.028921604 
537 123 124 200 0.028921604 
717 96 82 95 0.027884193 
417 27 75 132 0.027884185 
282 201 111 175 0.026434705 
560 53 206 302 0.024156325 
56 533 239 307 0.022069868 
572 236 121 206 0.022069868 
