40_Gymnastics_Gymnastics_40_593
177
629 203 39 54 0.9979589 
173 262 39 52 0.9979589 
420 208 34 47 0.9973194 
752 194 36 51 0.9973194 
544 185 38 52 0.9973194 
841 253 39 52 0.99706453 
939 298 37 52 0.99614596 
301 182 43 60 0.9953797 
72 291 35 48 0.9953797 
38 244 45 59 0.99204755 
556 133 24 32 0.7815747 
113 117 15 21 0.7388364 
112 448 17 24 0.7388364 
101 40 17 24 0.7217721 
771 0 18 25 0.7040394 
23 49 22 30 0.6941424 
16 217 19 26 0.6856687 
230 254 19 24 0.5858033 
83 174 32 48 0.4545945 
634 394 180 274 0.4085711 
1001 39 23 40 0.32552502 
948 116 17 23 0.26116365 
17 315 25 33 0.2511021 
149 264 23 31 0.2511021 
167 138 17 26 0.22912635 
17 106 21 30 0.21842524 
503 21 27 30 0.21842524 
585 247 257 363 0.19988178 
362 22 23 31 0.188928 
124 418 13 19 0.17366186 
709 33 19 28 0.16258557 
627 156 25 38 0.16258557 
971 72 17 24 0.13944872 
233 33 14 20 0.1293704 
830 0 17 17 0.11991897 
56 266 39 60 0.118850335 
660 64 15 20 0.111069925 
942 262 25 33 0.109639935 
409 64 21 28 0.109639935 
745 51 21 29 0.109639935 
792 61 16 25 0.10279763 
310 8 24 30 0.10106142 
333 34 20 28 0.10106142 
211 0 163 279 0.09803478 
160 367 14 21 0.09507551 
682 84 6 10 0.08787667 
865 192 20 28 0.08787667 
128 372 12 15 0.08787667 
545 57 51 71 0.08567618 
697 28 11 16 0.08117401 
331 626 7 9 0.08117401 
354 43 22 33 0.07880669 
846 72 43 67 0.07880669 
0 275 23 37 0.07880669 
980 213 27 35 0.07880669 
932 175 14 21 0.074940585 
867 91 29 51 0.072444364 
197 336 222 323 0.06984133 
73 234 20 27 0.0691498 
678 65 14 20 0.0691498 
238 188 14 23 0.0691498 
96 165 18 25 0.0691498 
100 134 23 31 0.06655858 
298 -1 30 27 0.06655858 
497 35 12 18 0.06377564 
836 74 25 42 0.06111947 
837 30 22 30 0.06111947 
152 57 25 32 0.06111947 
348 63 31 46 0.06111947 
835 81 5 8 0.05879275 
143 232 20 30 0.05879275 
186 447 107 181 0.05874174 
122 413 203 263 0.05874174 
457 57 26 36 0.056098126 
127 394 8 10 0.054176662 
499 9 15 19 0.054176662 
301 261 200 328 0.053832818 
418 116 20 27 0.051466707 
118 394 7 9 0.04990379 
77 65 9 13 0.04990379 
1009 468 13 26 0.04990379 
778 179 18 26 0.04595155 
696 0 17 20 0.045951538 
602 15 12 18 0.045951538 
151 421 21 30 0.04326818 
155 21 29 41 0.04326818 
735 201 30 42 0.04326818 
549 74 14 20 0.04229837 
643 19 17 28 0.04229837 
911 11 7 10 0.04229837 
911 28 14 21 0.04229837 
116 414 20 27 0.039651502 
849 360 25 32 0.039651502 
454 80 25 34 0.039651494 
770 6 23 34 0.039651494 
163 376 9 13 0.038923774 
886 166 18 30 0.038923774 
64 239 29 38 0.036325652 
825 66 45 63 0.036325652 
647 56 23 30 0.036325645 
516 24 20 26 0.035808332 
150 383 6 8 0.035808332 
831 81 12 18 0.035808332 
1007 33 15 26 0.035808332 
138 348 7 9 0.035808332 
190 500 130 226 0.034593593 
539 17 24 31 0.033269096 
441 11 8 12 0.032933712 
396 272 239 328 0.03163486 
702 486 222 259 0.03163486 
142 382 23 31 0.030461596 
893 343 23 35 0.030461596 
145 24 44 64 0.030461596 
934 265 41 59 0.030461596 
124 410 10 13 0.030282615 
113 425 16 21 0.030282615 
230 23 24 30 0.027884193 
627 50 25 33 0.027884193 
573 10 26 31 0.027884193 
149 252 40 55 0.027884193 
679 76 48 70 0.027884185 
318 15 23 30 0.027884185 
879 76 26 43 0.027884185 
76 188 34 52 0.027884185 
0 402 6 11 0.027838783 
74 444 7 10 0.027838783 
167 433 14 16 0.027838783 
114 418 12 16 0.027838783 
680 74 12 19 0.027838778 
85 191 20 28 0.027838778 
90 298 22 32 0.02558696 
630 155 14 25 0.02558696 
644 16 12 16 0.02558696 
100 42 9 14 0.02558696 
835 88 12 19 0.02558696 
886 57 15 24 0.02558696 
149 366 23 29 0.025519116 
300 272 51 83 0.025519116 
51 225 47 63 0.025519116 
29 151 28 38 0.025519116 
679 92 25 42 0.025519116 
596 13 22 30 0.025519116 
904 29 48 76 0.025519116 
668 63 20 26 0.025519116 
316 455 206 309 0.024156325 
507 343 232 313 0.024156325 
676 70 7 10 0.02351288 
146 379 12 16 0.02351288 
671 69 8 11 0.02351288 
149 397 17 22 0.02351288 
828 57 14 19 0.02351288 
45 406 5 7 0.02351288 
839 82 14 21 0.02351288 
464 550 52 95 0.023349825 
348 52 25 38 0.023349825 
615 0 23 26 0.023349825 
73 58 22 28 0.023349825 
825 74 24 35 0.023349825 
648 54 14 19 0.021603195 
716 67 16 26 0.021603195 
114 395 7 10 0.021603195 
108 402 8 11 0.021603195 
917 455 16 21 0.021603195 
383 539 19 26 0.021603195 
681 102 8 11 0.021603195 
627 164 14 23 0.021603195 
499 25 17 21 0.021603195 
795 70 16 23 0.021603195 
457 71 9 11 0.021603195 
219 147 30 51 0.021360898 
619 134 47 67 0.021360898 
431 23 26 37 0.021360898 
487 8 43 56 0.021360898 
92 194 31 43 0.021360898 
798 266 23 38 0.021360898 
691 326 225 328 0.0201599 
823 29 212 309 0.0201599 
