40_Gymnastics_Gymnastics_40_161
97
588 196 60 119 0.99813616 
400 14 70 90 0.7815747 
-4 235 225 342 0.71599656 
446 566 212 318 0.59142894 
805 493 218 328 0.5461031 
470 382 124 210 0.47689918 
789 193 70 93 0.38809907 
-6 509 265 332 0.3647484 
112 316 232 313 0.3647484 
799 296 206 295 0.28400344 
137 542 265 380 0.26558137 
733 551 194 283 0.17193556 
244 156 126 190 0.17193554 
667 316 203 300 0.15916686 
473 637 126 187 0.14717786 
644 479 53 83 0.13928533 
464 220 34 41 0.13928533 
611 521 249 380 0.13594593 
771 444 55 87 0.12872264 
101 163 218 342 0.1254451 
626 177 74 119 0.118850335 
380 334 200 313 0.115646794 
797 50 191 318 0.09803478 
874 560 130 210 0.09015675 
193 147 114 181 0.09015675 
682 388 68 102 0.08567618 
744 718 55 79 0.08567618 
612 217 56 95 0.08567616 
480 730 25 40 0.072444364 
567 725 60 86 0.07244435 
3 141 112 210 0.06984133 
653 345 130 213 0.06984132 
906 164 116 173 0.064067975 
381 9 54 87 0.06111947 
783 640 59 87 0.06111947 
170 397 140 195 0.05874174 
437 456 277 278 0.053832818 
293 675 123 150 0.053832818 
223 335 232 342 0.053832814 
785 433 30 47 0.051466707 
765 157 109 154 0.04931264 
57 29 209 328 0.04931264 
247 200 24 38 0.047198545 
380 687 67 93 0.047198545 
141 6 215 328 0.045153897 
715 742 24 40 0.04326818 
758 381 117 168 0.04133061 
-9 411 197 318 0.03781825 
814 569 132 207 0.03781825 
567 129 106 201 0.03781825 
487 408 76 132 0.036325652 
769 108 39 37 0.036325652 
750 107 61 69 0.033269096 
484 477 76 107 0.033269096 
177 404 64 95 0.033269096 
580 23 63 95 0.033269096 
236 180 45 70 0.033269096 
749 432 61 83 0.033269096 
646 712 50 87 0.033269096 
715 55 116 147 0.03163486 
816 217 57 83 0.030461604 
131 161 67 93 0.030461596 
451 209 51 74 0.030461596 
766 179 56 95 0.030461596 
306 14 222 353 0.028921604 
197 672 134 166 0.028921604 
386 660 112 156 0.028921604 
749 655 71 86 0.027884193 
189 700 56 80 0.027884185 
466 216 22 28 0.027838783 
347 504 239 244 0.02643471 
568 660 117 164 0.026434705 
136 116 126 195 0.026434705 
280 467 34 45 0.025519116 
434 469 29 40 0.025519116 
449 548 91 92 0.025519116 
660 725 30 49 0.025519116 
931 190 71 100 0.025519116 
898 233 27 41 0.025519116 
210 207 24 35 0.025519116 
780 412 60 92 0.025519116 
669 147 98 147 0.024156325 
743 99 119 159 0.024156325 
419 441 28 38 0.023349825 
602 721 24 35 0.023349825 
294 160 80 102 0.023349825 
652 482 33 52 0.023349825 
180 459 63 93 0.023349825 
424 458 51 67 0.023349825 
721 177 116 168 0.022069868 
0 2 7 14 0.021603195 
473 715 45 66 0.021360904 
888 221 29 44 0.021360898 
414 426 29 35 0.021360898 
526 331 183 295 0.0201599 
132 660 121 181 0.0201599 
550 587 209 327 0.0201599 
