40_Gymnastics_Gymnastics_40_911
93
493 373 68 87 0.98751885 
499 411 186 269 0.9621817 
394 367 209 298 0.88435316 
571 186 225 277 0.8745549 
355 108 188 277 0.8144974 
205 156 228 312 0.7688974 
439 96 124 209 0.7688974 
606 347 225 261 0.73441863 
-33 425 246 290 0.6352516 
111 112 206 250 0.59142894 
-10 297 218 254 0.56891036 
830 156 194 246 0.56891036 
424 29 222 246 0.5 
508 51 215 269 0.4310897 
747 164 215 294 0.3864298 
768 311 126 186 0.3647484 
697 280 136 194 0.32305852 
844 394 47 65 0.2511021 
301 85 178 232 0.24794048 
454 613 28 34 0.23436876 
808 187 51 59 0.2032784 
495 267 273 356 0.18550259 
596 433 142 206 0.15916686 
-43 50 239 239 0.15916686 
714 207 124 175 0.15916684 
400 186 209 281 0.14717786 
604 26 232 269 0.14717786 
290 187 134 186 0.12544508 
819 367 128 165 0.12544508 
112 331 130 163 0.115646794 
897 30 79 80 0.109639935 
705 58 140 173 0.1065206 
794 -11 212 194 0.09803478 
741 145 128 180 0.09015675 
189 47 228 277 0.090156734 
903 444 22 27 0.08567616 
732 340 63 95 0.07244435 
183 424 23 32 0.06655858 
16 267 128 200 0.064067975 
19 449 140 186 0.064067975 
463 123 203 285 0.05874174 
85 144 138 186 0.053832814 
469 335 87 97 0.053832814 
989 442 23 29 0.051466707 
880 361 59 83 0.051466707 
241 267 140 183 0.04931264 
759 323 80 116 0.047198545 
102 250 62 78 0.047198545 
7 263 78 105 0.047198545 
36 389 206 225 0.045153886 
286 339 191 254 0.04133061 
464 373 107 163 0.04133061 
881 71 86 53 0.039651502 
126 295 194 269 0.03781825 
17 40 116 160 0.03781825 
718 203 70 95 0.036325652 
768 96 128 168 0.034593593 
803 522 65 66 0.033269096 
159 10 73 88 0.033269096 
78 456 65 85 0.033269096 
802 392 222 225 0.03163486 
601 73 130 175 0.03163486 
769 51 215 250 0.03163486 
872 25 119 136 0.03163486 
490 508 132 165 0.03163486 
439 122 76 112 0.030461604 
153 249 68 87 0.030461604 
735 296 59 80 0.030461596 
134 3 203 254 0.028921604 
299 211 212 269 0.028921604 
299 404 61 73 0.027884193 
101 161 78 96 0.027884193 
912 12 61 63 0.027884193 
856 375 62 84 0.027884193 
911 186 52 63 0.027884185 
162 492 54 71 0.027884185 
331 308 64 80 0.027884185 
31 131 134 175 0.026434705 
726 129 68 85 0.025519116 
30 49 69 87 0.025519116 
344 280 63 80 0.025519116 
363 126 86 98 0.025519116 
152 372 63 77 0.025519116 
50 491 242 235 0.024156325 
2 152 64 42 0.023349825 
772 109 71 80 0.023349825 
913 452 49 65 0.021360904 
804 383 86 100 0.021360898 
734 165 74 95 0.021360898 
449 591 52 63 0.021360898 
890 455 48 61 0.021360898 
898 471 27 38 0.021360898 
869 418 109 136 0.0201599 
