40_Gymnastics_Gymnastics_40_460
28
498 146 82 179 0.96034855 
457 119 51 149 0.36670664 
432 118 46 139 0.188928 
321 1020 225 595 0.17193556 
426 1084 239 631 0.17193556 
173 -1 246 640 0.13594593 
449 107 33 103 0.118850335 
369 37 222 586 0.115646794 
691 1049 225 586 0.06984132 
-42 968 197 513 0.06984132 
466 118 87 260 0.05874174 
414 152 57 159 0.047198545 
270 -124 228 621 0.04133061 
394 60 36 65 0.039651494 
517 -5 183 521 0.034593605 
128 908 232 612 0.034593593 
246 298 80 134 0.033269096 
356 1177 149 349 0.03163486 
399 509 232 603 0.028921604 
191 1032 67 167 0.027884193 
227 265 132 256 0.026434705 
561 1347 16 48 0.02558696 
528 199 49 112 0.023349825 
425 111 30 79 0.021360904 
202 1038 222 595 0.020159906 
697 -60 225 528 0.0201599 
625 395 265 621 0.0201599 
192 327 130 325 0.0201599 
