40_Gymnastics_Gymnastics_40_364
68
712 697 197 538 0.8408331 
309 663 71 235 0.6744751 
840 1085 212 530 0.4310897 
361 1335 51 129 0.2511021 
464 979 228 605 0.2311026 
-17 995 222 614 0.14717786 
505 12 228 614 0.14717786 
267 654 200 538 0.13594593 
283 578 126 350 0.12544508 
744 1140 242 623 0.115646794 
748 1324 49 119 0.109639935 
625 59 64 115 0.10106142 
29 699 225 661 0.09803478 
917 1164 109 372 0.09015675 
174 570 203 538 0.09015675 
831 726 215 596 0.08285364 
782 805 132 330 0.08285364 
725 1200 23 65 0.072444364 
566 1135 79 205 0.07244435 
223 355 197 571 0.064067975 
590 754 293 671 0.05874174 
-39 592 200 579 0.05874174 
522 1135 50 141 0.056098126 
744 450 200 588 0.04931264 
143 1052 232 633 0.04931264 
915 1239 34 75 0.047198545 
429 1019 75 134 0.04326818 
349 1268 57 143 0.039651502 
129 376 24 64 0.039651494 
555 854 13 38 0.038923774 
562 1100 130 345 0.03781825 
365 275 18 55 0.035808332 
303 35 200 596 0.034593593 
854 892 70 191 0.033269096 
7 562 112 345 0.03163486 
114 664 200 562 0.03163486 
898 941 27 76 0.030461604 
294 816 108 156 0.030461604 
119 1340 28 78 0.030461596 
362 1430 58 111 0.030461596 
765 831 203 562 0.028921604 
642 599 203 571 0.028921604 
626 1209 68 179 0.027884193 
110 986 30 74 0.027884193 
371 113 63 173 0.027884193 
716 1199 63 164 0.027884185 
557 872 9 25 0.02558696 
306 1354 57 151 0.025519116 
781 1203 31 83 0.025519116 
163 190 112 366 0.024156325 
23 723 15 40 0.02351288 
767 1335 56 134 0.023349825 
108 1330 46 134 0.023349825 
612 1135 74 176 0.023349825 
281 734 78 164 0.023349825 
872 802 123 377 0.022069868 
270 125 109 330 0.022069868 
831 149 183 485 0.022069868 
497 1131 144 356 0.022069868 
898 369 109 289 0.022069868 
717 1189 41 111 0.021360904 
746 1213 59 156 0.021360898 
3 691 69 198 0.021360898 
257 1474 32 54 0.021360898 
5 446 52 167 0.021360898 
778 594 57 148 0.021360893 
297 874 75 143 0.021360893 
236 725 160 277 0.0201599 
