40_Gymnastics_Gymnastics_40_894
32
429 164 107 215 0.99385405 
565 281 215 571 0.3647484 
315 577 257 642 0.18550259 
528 54 225 596 0.13594593 
644 134 209 596 0.08285364 
46 283 212 579 0.076092646 
348 831 242 605 0.053832814 
173 96 242 633 0.045153886 
23 597 7 17 0.04229837 
705 314 25 66 0.039651494 
753 97 215 554 0.034593593 
962 830 56 151 0.033269096 
33 504 6 13 0.032933712 
320 682 151 389 0.03163486 
488 243 203 522 0.03163486 
928 108 29 74 0.030461604 
90 472 69 156 0.030461596 
63 333 130 356 0.024156325 
851 78 239 633 0.024156325 
43 54 114 298 0.024156325 
875 788 101 253 0.024156325 
-25 -5 212 571 0.024156325 
132 503 16 35 0.02351288 
75 71 63 161 0.023349825 
43 673 63 156 0.023349825 
338 404 212 538 0.022069868 
616 872 253 546 0.022069868 
66 582 6 16 0.021603195 
171 95 27 82 0.021360898 
609 564 246 515 0.020159906 
251 455 222 546 0.0201599 
765 346 249 614 0.0201599 
