40_Gymnastics_Gymnastics_40_740
71
422 687 183 499 0.98598576 
338 783 209 578 0.65639776 
415 389 128 355 0.26558137 
47 702 235 690 0.21508123 
531 961 246 641 0.19988178 
48 444 235 570 0.18550259 
630 569 225 641 0.17193556 
381 341 209 578 0.1065206 
148 941 261 754 0.09803478 
881 1306 15 42 0.09507551 
71 1410 19 56 0.08787667 
446 216 222 570 0.08285364 
972 1277 22 62 0.07880669 
486 804 134 315 0.076092646 
87 1322 22 62 0.072444364 
903 1314 29 74 0.07244435 
207 474 92 172 0.06655857 
386 1074 16 40 0.054176662 
910 1295 19 50 0.054176662 
48 1345 8 24 0.04990379 
234 817 239 595 0.04931264 
135 33 97 264 0.04931264 
596 1076 70 136 0.047198545 
819 1075 225 631 0.045153886 
568 1020 149 340 0.04133062 
295 539 209 570 0.04133061 
881 1300 8 20 0.038923774 
698 792 142 394 0.03781825 
49 1333 14 38 0.035808332 
955 1353 13 36 0.035808332 
182 338 134 340 0.034593605 
351 910 281 680 0.034593593 
952 1399 26 72 0.033269096 
69 1288 14 34 0.03293372 
912 1223 17 47 0.032933712 
94 1311 15 47 0.032933712 
47 1325 24 65 0.030461596 
11 1347 15 41 0.030282615 
838 1308 15 43 0.030282615 
370 903 69 164 0.027884193 
61 1277 27 64 0.027884193 
153 1264 42 133 0.027884185 
901 1267 50 129 0.027884185 
853 1319 8 23 0.027838783 
82 1343 15 46 0.027838778 
35 2 186 506 0.026434705 
25 1290 19 46 0.02558696 
827 1376 13 35 0.02558696 
99 1308 8 23 0.02558696 
937 1282 31 78 0.025519116 
117 1274 56 148 0.025519116 
979 1355 20 62 0.025519116 
304 326 186 521 0.024156325 
107 765 126 388 0.024156325 
946 1291 15 37 0.02351288 
51 1316 15 44 0.02351288 
256 1153 75 184 0.023349825 
177 1259 38 148 0.023349825 
630 39 222 570 0.022069868 
544 852 134 345 0.022069868 
959 1280 47 127 0.021360904 
370 1064 30 62 0.021360898 
601 1110 86 169 0.021360898 
454 609 55 131 0.021360898 
165 1281 25 86 0.021360898 
221 372 102 164 0.021360898 
950 1232 51 131 0.021360898 
971 1310 25 75 0.021360898 
75 1377 25 74 0.021360898 
459 769 249 641 0.0201599 
322 10 242 595 0.0201599 
