40_Gymnastics_Gymnastics_40_57
48
551 162 130 344 0.94616723 
311 470 218 512 0.8745549 
-5 57 130 370 0.78491884 
288 493 142 349 0.45389685 
390 759 209 688 0.3436022 
232 1 132 319 0.32305852 
22 647 132 387 0.2840034 
833 307 134 387 0.17193554 
75 1315 121 324 0.17193554 
181 -80 191 559 0.14717786 
330 178 269 668 0.14717786 
367 609 186 568 0.13594593 
6 1193 172 527 0.1065206 
28 1288 106 292 0.09803478 
569 1117 253 630 0.090156734 
36 582 194 593 0.08285364 
486 535 209 611 0.076092646 
77 -58 188 620 0.05874174 
686 1103 242 648 0.053832814 
72 1141 239 668 0.045153897 
217 432 225 585 0.045153886 
483 5 209 551 0.04133061 
461 750 114 455 0.04133061 
229 1145 242 688 0.04133061 
871 722 68 200 0.039651494 
821 683 51 155 0.039651494 
88 657 111 375 0.03781825 
-47 243 228 639 0.03781825 
-4 -26 194 620 0.03781825 
62 1396 75 157 0.036325652 
229 -3 85 210 0.033269096 
161 658 61 180 0.033269096 
142 586 222 678 0.03163486 
493 176 107 315 0.03163486 
601 203 91 225 0.030461596 
557 635 222 698 0.028921604 
162 681 112 392 0.028921604 
793 767 73 210 0.027884185 
491 193 71 166 0.027884185 
702 673 57 152 0.027884185 
778 1160 269 658 0.02643471 
819 687 97 329 0.024156325 
143 1431 76 128 0.023349825 
654 250 232 520 0.022069868 
752 631 180 551 0.022069868 
285 9 180 490 0.022069868 
133 720 76 241 0.021360898 
797 101 246 639 0.020159906 
