61_Street_Battle_streetfight_61_558
18
147 359 207 265 0.99982566 
702 535 35 44 0.98965704 
173 266 56 62 0.21926953 
248 148 25 29 0.14613341 
513 621 99 118 0.09593218 
617 807 21 21 0.049857367 
754 462 102 122 0.04650902 
531 457 185 272 0.043377995 
218 178 52 60 0.040179554 
696 682 192 269 0.036125273 
605 800 31 36 0.030198358 
64 504 426 473 0.029295996 
301 218 335 487 0.027863687 
744 562 46 53 0.025817452 
682 639 32 39 0.02375393 
172 254 40 47 0.021112673 
176 227 59 63 0.020405298 
110 107 371 470 0.020250272 
