61_Street_Battle_streetfight_61_430
186
139 450 17 21 0.9957432 
570 471 24 34 0.9944852 
916 581 23 29 0.98236096 
795 458 15 18 0.9767933 
234 462 18 24 0.9727085 
863 486 19 22 0.96491677 
952 434 20 25 0.96232617 
839 459 19 22 0.9563258 
289 452 18 23 0.9493786 
453 451 19 22 0.9227884 
905 431 17 22 0.9167586 
198 461 17 20 0.9069456 
91 463 16 20 0.88852733 
622 463 22 27 0.8863704 
271 459 13 16 0.8739658 
691 452 16 22 0.8715146 
914 429 22 27 0.8696163 
912 390 15 19 0.86752784 
519 459 19 22 0.8453944 
164 457 17 22 0.84379613 
428 477 14 19 0.81974566 
965 534 40 74 0.7376426 
860 454 14 17 0.6994757 
372 461 22 34 0.69583344 
36 453 18 22 0.6695274 
477 452 15 18 0.64787704 
66 444 15 18 0.54437345 
552 469 15 19 0.4169734 
596 445 14 19 0.39714825 
672 444 10 14 0.39681906 
309 463 16 19 0.3616225 
413 440 10 12 0.30805862 
975 451 17 19 0.2811699 
756 443 23 29 0.24499594 
119 465 11 13 0.24215135 
136 416 16 18 0.23475422 
214 433 16 20 0.2154638 
140 381 12 14 0.203423 
918 437 26 30 0.18798494 
51 456 14 17 0.18203887 
895 488 18 21 0.16783506 
1003 391 17 22 0.16619697 
379 476 15 23 0.12181537 
267 570 14 17 0.11435321 
553 472 23 30 0.11181742 
847 456 19 23 0.104763106 
937 481 24 28 0.09712686 
423 460 11 15 0.09543427 
994 437 16 22 0.095416114 
590 515 42 55 0.08805367 
764 103 22 30 0.08563037 
319 430 11 15 0.08385803 
1013 450 11 18 0.08337569 
674 437 12 16 0.081692345 
358 459 26 31 0.07876311 
268 510 12 19 0.07851929 
549 425 15 16 0.07765672 
214 448 15 18 0.07687853 
496 544 9 12 0.076876804 
708 451 15 21 0.07522323 
590 478 20 26 0.07012728 
849 431 10 13 0.06903133 
69 459 14 18 0.06514605 
728 445 13 19 0.06468362 
746 34 16 20 0.061609555 
171 463 13 19 0.059118357 
429 454 12 14 0.05823908 
972 455 22 27 0.057205632 
462 430 10 11 0.056998525 
499 468 13 16 0.052571524 
750 28 12 15 0.052069433 
518 469 17 21 0.051613968 
750 440 17 22 0.051595468 
737 459 18 20 0.051090688 
728 448 21 26 0.05008639 
405 424 9 11 0.049962077 
98 500 11 14 0.048928868 
279 552 14 19 0.04890284 
855 480 21 26 0.04856976 
260 513 14 18 0.048114236 
411 533 14 18 0.047805768 
733 42 22 26 0.047087908 
63 439 14 16 0.0462766 
310 465 23 27 0.045740157 
957 418 14 17 0.04541565 
380 451 15 26 0.045309678 
255 516 13 18 0.04503194 
91 477 16 21 0.042998385 
666 445 11 13 0.042474885 
592 448 22 28 0.040765148 
389 444 11 15 0.040440366 
985 408 16 19 0.040420018 
20 468 13 18 0.039971884 
572 419 11 13 0.03978827 
416 468 11 14 0.03920924 
676 450 12 15 0.038915828 
434 421 8 10 0.038355216 
238 491 14 17 0.037576854 
679 430 11 15 0.037180755 
299 456 19 26 0.036107436 
727 482 52 57 0.036042977 
767 87 25 30 0.035980094 
745 449 25 30 0.034660332 
557 518 23 32 0.034470253 
715 445 13 17 0.033348072 
180 467 13 18 0.03321385 
758 109 16 22 0.032845408 
244 491 15 18 0.032761782 
388 499 13 16 0.03250275 
972 420 13 17 0.031653337 
709 456 23 28 0.031388663 
323 473 14 18 0.031304564 
552 414 12 15 0.031275317 
168 420 12 16 0.031247256 
972 397 13 16 0.03113933 
465 448 18 24 0.030486602 
511 421 12 13 0.030296292 
253 564 11 14 0.030097287 
613 455 24 29 0.030067604 
79 414 10 12 0.029939938 
657 477 14 18 0.028981863 
841 470 17 21 0.02870731 
1005 444 18 26 0.028471934 
941 430 22 28 0.028347336 
368 475 27 36 0.02819439 
674 557 13 15 0.027754044 
127 540 13 17 0.02763503 
842 479 16 22 0.027487868 
726 460 25 28 0.027411312 
189 491 13 15 0.027183274 
261 568 23 28 0.026881749 
236 455 16 19 0.026855072 
923 452 18 21 0.026680699 
460 434 13 15 0.026402222 
726 50 25 31 0.026168289 
110 467 11 15 0.026131429 
59 457 14 17 0.0255734 
425 449 20 25 0.025360797 
96 428 10 13 0.025215957 
63 426 13 15 0.0251192 
431 429 10 13 0.024547812 
395 511 16 19 0.02434083 
996 427 17 22 0.024332358 
738 440 23 27 0.024304457 
386 451 14 21 0.024274988 
0 415 9 12 0.024249898 
814 484 14 19 0.023950325 
402 428 10 12 0.023730485 
254 612 14 20 0.023592656 
1004 381 15 20 0.023566442 
93 489 15 18 0.023497578 
281 544 22 32 0.023419498 
984 412 24 28 0.023338022 
386 478 14 21 0.023296725 
173 444 12 14 0.023005718 
127 535 12 14 0.022974983 
496 473 13 18 0.022969458 
317 454 22 31 0.022876345 
187 596 11 12 0.022814753 
339 467 28 30 0.022779595 
199 279 9 12 0.022595791 
417 459 12 15 0.022490554 
455 438 13 15 0.022315253 
224 575 10 13 0.022162749 
627 455 17 20 0.022021232 
269 556 22 26 0.021942623 
45 447 13 16 0.021707186 
39 404 13 16 0.021669038 
777 96 18 22 0.021654556 
288 446 14 19 0.0214228 
475 461 17 20 0.0213572 
568 414 12 15 0.021231333 
26 465 14 19 0.021225369 
75 465 12 17 0.021114934 
413 452 14 16 0.020996531 
416 422 9 11 0.020980747 
55 427 11 14 0.020968983 
261 475 14 19 0.020960633 
492 428 11 13 0.020937417 
959 521 33 59 0.020751972 
354 469 31 36 0.020744193 
96 438 10 12 0.020523507 
913 360 15 18 0.020504044 
219 457 15 20 0.020398762 
13 469 15 19 0.020106388 
783 556 13 18 0.02005539 
