61_Street_Battle_streetfight_61_22
38
175 34 121 182 0.9996965 
871 451 94 107 0.39932212 
950 202 10 12 0.1618044 
846 207 14 17 0.12468379 
746 154 18 24 0.09112358 
436 364 120 100 0.08789524 
349 23 185 242 0.081673555 
920 411 87 138 0.051836994 
977 200 9 10 0.050906256 
783 211 14 17 0.04979281 
946 204 10 12 0.04439035 
792 385 110 120 0.041913122 
896 202 13 18 0.041576184 
676 428 139 119 0.03982542 
842 141 16 21 0.036722425 
899 206 16 19 0.03563769 
485 0 62 68 0.03405072 
784 217 16 19 0.03308366 
756 431 115 113 0.03144075 
1008 97 13 17 0.031172778 
804 437 111 116 0.028380478 
793 55 17 24 0.027155828 
862 203 12 16 0.026915135 
308 558 57 59 0.026212484 
778 201 23 31 0.024944741 
692 464 71 63 0.024623321 
797 147 20 27 0.02456111 
707 156 15 20 0.023676995 
968 198 10 10 0.023468286 
642 461 38 48 0.023363518 
359 276 204 179 0.02308208 
952 132 10 13 0.022688894 
998 177 9 11 0.022614317 
385 363 66 64 0.021927731 
443 339 79 78 0.021009268 
919 238 13 16 0.020843625 
227 20 155 216 0.020811865 
965 90 10 13 0.020305965 
