61_Street_Battle_streetfight_61_395
31
496 185 70 96 0.9901523 
276 473 30 40 0.9888004 
411 264 76 61 0.20704828 
502 808 53 76 0.13859797 
253 70 13 18 0.07912681 
356 527 25 32 0.061133865 
400 261 127 102 0.053819295 
393 205 220 297 0.050289057 
490 794 84 124 0.047888003 
494 255 111 124 0.04454667 
615 398 112 159 0.043614767 
358 420 44 75 0.040790934 
442 212 92 110 0.04078809 
394 181 86 124 0.03562258 
720 575 47 49 0.030256884 
527 286 62 76 0.029750537 
368 534 18 24 0.029499182 
371 588 431 482 0.026296599 
599 468 355 415 0.026068516 
434 284 37 38 0.025625663 
346 538 41 51 0.024201607 
434 210 60 83 0.023626072 
348 269 12 17 0.023561623 
762 743 34 40 0.023426838 
274 681 29 39 0.022949642 
375 422 26 44 0.022503592 
276 336 14 17 0.02169405 
208 8 28 29 0.021102682 
418 283 36 38 0.020401185 
674 658 59 69 0.020268388 
201 733 181 196 0.0200331 
