61_Street_Battle_streetfight_61_4
23
810 0 45 39 0.99901545 
388 47 53 81 0.9976591 
680 188 45 42 0.87952244 
791 2 28 25 0.65807205 
854 554 40 50 0.64035654 
638 631 125 105 0.10199857 
75 295 35 43 0.079358846 
868 570 41 44 0.07255849 
184 105 19 23 0.04030018 
947 444 78 135 0.04002566 
678 169 33 49 0.03406246 
664 644 75 61 0.034020852 
330 360 28 31 0.033852767 
0 8 95 124 0.033818625 
1 277 42 47 0.033103857 
184 333 389 441 0.02994075 
699 167 47 53 0.028944777 
0 143 10 21 0.025424391 
53 40 12 16 0.025130177 
399 306 24 27 0.024257297 
768 56 44 57 0.020957092 
645 0 16 14 0.02062607 
755 61 33 46 0.020309143 
