40_Gymnastics_Gymnastics_40_638
67
973 320 9 12 0.29789007 
455 323 31 39 0.26722866 
1000 487 24 34 0.18078947 
1003 234 15 19 0.17489968 
920 374 10 12 0.14009829 
910 413 12 17 0.102828436 
959 376 8 10 0.09945393 
672 365 10 13 0.07051049 
901 360 8 12 0.064578585 
901 365 10 14 0.06220488 
919 379 11 14 0.06002622 
999 376 11 12 0.054756515 
288 404 10 13 0.054275457 
656 362 12 15 0.05287236 
732 262 14 21 0.052610755 
676 362 9 14 0.05178767 
640 379 11 14 0.049852397 
293 397 14 16 0.04971267 
968 321 12 15 0.04691804 
912 382 9 12 0.046802863 
895 339 10 13 0.045744684 
955 412 10 14 0.04410588 
295 388 13 15 0.040358562 
714 324 17 21 0.039570082 
866 328 9 11 0.03934105 
645 375 10 15 0.03637435 
927 388 10 12 0.036151033 
733 270 25 31 0.035423156 
912 374 8 11 0.03311215 
670 370 9 13 0.032943957 
123 220 30 34 0.031376444 
1006 485 17 19 0.03064301 
935 383 10 12 0.030446814 
957 318 12 16 0.029416308 
935 399 11 13 0.029345516 
705 253 25 32 0.028708886 
403 357 15 17 0.028697835 
987 493 33 45 0.028497266 
759 283 53 68 0.027815556 
951 342 9 11 0.02770017 
830 294 10 14 0.026162276 
949 333 9 12 0.025934035 
938 403 12 15 0.025791021 
713 266 14 18 0.025379354 
984 375 9 12 0.024958953 
722 280 54 65 0.024423895 
997 378 15 19 0.02430244 
902 416 15 19 0.023920178 
924 381 11 14 0.023294963 
125 442 10 13 0.023260383 
650 515 28 34 0.023167253 
743 352 14 18 0.022890758 
773 248 206 231 0.022645192 
981 325 9 12 0.022177441 
739 287 16 19 0.022158735 
952 368 7 10 0.021810226 
992 326 9 11 0.021785008 
121 459 10 12 0.021610804 
689 326 10 13 0.021609882 
639 387 10 13 0.021185592 
954 373 9 11 0.021037333 
813 251 95 130 0.020918664 
714 241 43 52 0.0208786 
1009 364 9 12 0.02069665 
689 351 10 13 0.020592988 
727 247 25 33 0.02040882 
285 409 12 16 0.020310994 
