40_Gymnastics_Gymnastics_40_783
37
448 370 92 91 0.9437939 
384 559 25 31 0.25504327 
708 566 25 31 0.23451418 
234 574 18 22 0.20721947 
897 526 19 23 0.16406313 
344 444 25 35 0.06829685 
352 132 52 59 0.06666499 
806 578 31 40 0.064935975 
75 525 18 23 0.061687704 
290 618 41 53 0.059369627 
754 527 19 24 0.055360895 
490 89 16 20 0.053991042 
988 569 25 32 0.05287973 
711 523 26 33 0.046248317 
308 505 31 39 0.043504007 
345 437 47 50 0.040565543 
973 494 34 37 0.04055493 
986 489 34 39 0.035092186 
437 96 15 19 0.032555245 
579 417 450 465 0.032319915 
257 499 27 32 0.031316087 
664 505 26 33 0.027489053 
872 66 133 120 0.026224378 
179 416 26 31 0.0248298 
273 368 17 22 0.024576578 
141 575 18 23 0.023946103 
343 454 15 21 0.023606459 
152 530 25 30 0.023167208 
652 644 17 22 0.02258061 
227 560 28 35 0.022365713 
745 624 25 30 0.021663366 
906 87 77 69 0.021405723 
143 486 37 41 0.021377932 
303 611 29 38 0.021139456 
717 417 26 33 0.020764515 
77 220 29 35 0.02050032 
145 188 17 23 0.020189116 
