40_Gymnastics_Gymnastics_40_668
160
390 183 99 114 0.99887913 
275 193 118 147 0.9988048 
186 72 116 126 0.9978154 
101 262 168 147 0.9977945 
653 193 75 90 0.9972753 
498 196 87 107 0.9907012 
861 208 99 101 0.9828383 
97 53 11 15 0.6152492 
692 77 11 14 0.50950265 
674 43 10 13 0.48723006 
980 275 15 19 0.47043678 
581 31 9 11 0.37518787 
798 46 10 12 0.34628457 
860 38 13 13 0.3129084 
611 44 10 14 0.24271546 
713 43 10 12 0.23664364 
752 36 8 11 0.22765307 
652 33 9 10 0.192726 
557 46 10 12 0.1842274 
1 93 11 17 0.1810657 
183 237 132 156 0.17877395 
687 32 10 11 0.17392878 
875 32 15 16 0.16695261 
693 31 10 12 0.15408419 
89 39 7 9 0.1538134 
22 45 8 11 0.15091884 
17 74 11 15 0.14623313 
68 99 16 20 0.13947397 
412 635 98 136 0.13700055 
18 40 8 10 0.13311373 
781 56 13 17 0.13172042 
14 62 10 12 0.12648937 
760 249 11 14 0.12388278 
638 46 7 10 0.1198078 
230 444 95 109 0.11477155 
542 38 8 10 0.10865754 
24 92 9 12 0.106185876 
671 63 8 11 0.1053558 
436 92 11 14 0.104563005 
22 432 30 44 0.098639145 
925 44 10 12 0.098341264 
318 178 128 138 0.092678055 
696 58 10 12 0.08851862 
107 77 10 13 0.08025317 
97 48 9 11 0.07613097 
80 75 9 12 0.07555639 
632 32 7 9 0.0747204 
788 54 12 15 0.073685214 
4 86 11 16 0.07047671 
605 31 9 10 0.07016354 
61 54 10 14 0.07007239 
0 125 9 17 0.06523086 
846 30 10 11 0.06439488 
671 69 10 13 0.0631994 
625 63 8 10 0.062341798 
847 60 14 16 0.061956804 
601 32 9 10 0.058838673 
634 45 8 11 0.057906 
61 40 7 9 0.054158706 
22 86 9 13 0.053294778 
108 89 12 17 0.05293071 
518 31 8 10 0.051403254 
487 38 9 12 0.051369853 
657 73 9 11 0.04728114 
649 46 8 11 0.047274727 
209 149 174 164 0.045410484 
629 64 7 10 0.043009356 
554 32 8 10 0.04280355 
713 54 10 12 0.04210784 
655 47 9 12 0.041752297 
81 47 8 10 0.04009635 
86 45 9 11 0.03814031 
222 110 115 148 0.037887584 
910 36 12 16 0.037109394 
944 62 28 31 0.037059214 
756 37 8 11 0.036995735 
746 37 8 11 0.036696814 
608 40 11 14 0.036579773 
663 52 8 11 0.036191877 
914 30 13 16 0.036189258 
8 47 9 10 0.0357199 
855 31 13 13 0.035168104 
15 56 9 11 0.035100922 
94 40 8 10 0.03462399 
905 43 10 12 0.033190522 
552 40 10 11 0.03297182 
883 35 14 18 0.032463133 
563 45 10 13 0.032071654 
85 53 11 15 0.031662464 
60 46 9 11 0.031609688 
695 227 46 53 0.031257864 
613 51 9 11 0.031163191 
0 72 7 11 0.031082598 
916 36 13 16 0.030280216 
514 105 24 28 0.029382315 
68 485 85 110 0.028998107 
875 51 14 15 0.028993113 
30 69 10 12 0.028914014 
776 53 13 18 0.02874759 
541 33 9 11 0.02857687 
856 43 13 13 0.028215103 
623 32 8 10 0.027949749 
701 78 9 12 0.027878262 
712 58 9 13 0.027257955 
667 63 8 10 0.02711812 
473 41 9 10 0.026890352 
576 64 8 12 0.026756562 
514 31 8 9 0.026704581 
471 132 9 13 0.025871955 
30 75 11 14 0.025854776 
8 54 9 12 0.025422322 
857 33 21 22 0.025043659 
0 80 18 28 0.025010318 
6 77 9 13 0.024930554 
0 77 9 12 0.024865454 
1 150 16 23 0.024581809 
672 51 11 13 0.024343096 
675 61 10 12 0.024263056 
804 70 11 14 0.024083553 
615 32 10 12 0.024023192 
80 53 11 13 0.023986956 
26 213 15 16 0.023885453 
623 39 9 11 0.023870323 
70 88 12 14 0.023709254 
681 31 10 11 0.023659306 
757 32 9 11 0.023526277 
702 61 9 11 0.023492504 
622 56 9 10 0.023458293 
663 32 8 9 0.023430645 
7 117 12 17 0.023355937 
84 77 10 12 0.023254367 
631 38 9 12 0.023090903 
808 33 9 11 0.02266979 
609 61 9 11 0.022662265 
701 55 10 13 0.022658274 
921 104 11 13 0.022650197 
511 100 9 11 0.022324933 
528 39 8 10 0.022207467 
592 37 7 10 0.02199661 
891 44 10 12 0.021875609 
481 37 10 13 0.021441251 
79 59 11 13 0.02143969 
521 55 9 11 0.021355174 
769 54 9 13 0.021319794 
923 107 12 14 0.021239439 
664 39 9 10 0.021191768 
767 30 8 11 0.021111745 
638 40 9 11 0.021037327 
5 220 12 16 0.020955464 
876 42 15 18 0.020829516 
64 103 24 29 0.020694803 
851 55 14 16 0.020637678 
687 60 10 12 0.020528976 
56 520 55 70 0.02052706 
878 118 12 14 0.020335102 
994 488 31 48 0.020330248 
702 37 9 12 0.020155724 
29 101 11 14 0.020139702 
600 36 10 12 0.020121856 
710 79 9 10 0.020015867 
