40_Gymnastics_Gymnastics_40_255
150
526 357 110 76 0.2517117 
321 464 10 12 0.20874262 
140 367 11 13 0.1328763 
506 405 8 10 0.124404974 
773 454 10 13 0.109316744 
323 465 12 14 0.10241425 
804 366 11 13 0.098361745 
481 407 8 9 0.084602185 
290 437 9 11 0.08144039 
346 436 9 11 0.07867129 
386 413 9 11 0.07835126 
792 446 10 12 0.07462993 
278 461 8 11 0.07239594 
412 472 9 11 0.07120466 
463 406 9 10 0.06890005 
165 182 14 17 0.06325778 
704 367 11 14 0.06309557 
192 352 10 14 0.060338777 
457 450 10 13 0.059752647 
259 101 476 521 0.05934219 
255 414 9 11 0.054468703 
293 433 8 10 0.05383228 
536 445 9 12 0.053705513 
723 354 11 14 0.05225267 
460 448 10 12 0.05126941 
432 468 9 11 0.050744407 
375 273 39 47 0.050525744 
662 423 9 12 0.05036121 
382 282 24 28 0.049092487 
313 480 8 10 0.04738883 
784 440 9 12 0.047278926 
469 400 8 9 0.046433806 
388 408 10 12 0.046353303 
320 293 19 21 0.045549236 
114 357 10 12 0.04528497 
248 409 9 12 0.044971023 
840 420 8 11 0.04431225 
472 446 9 10 0.044299923 
311 429 9 12 0.044172756 
553 491 9 12 0.042861205 
901 405 9 12 0.04268059 
801 371 11 14 0.042115256 
546 346 75 57 0.041888207 
745 397 10 13 0.041264806 
823 368 10 12 0.040005855 
792 479 10 12 0.03862734 
517 447 8 10 0.03855652 
146 67 13 16 0.038346406 
465 401 9 10 0.0380962 
801 421 11 15 0.037860453 
305 470 8 10 0.03645549 
253 432 8 10 0.03611573 
350 526 8 10 0.035753604 
655 427 11 13 0.03573039 
372 406 9 10 0.03561389 
430 455 10 12 0.03526608 
495 437 8 10 0.035249326 
352 407 9 10 0.03523228 
183 286 10 13 0.034036405 
754 365 11 14 0.033954877 
841 416 10 12 0.033789113 
148 407 27 32 0.033678647 
571 379 47 28 0.033518914 
525 406 8 10 0.03283314 
202 293 10 12 0.032710668 
334 407 8 9 0.03258489 
262 414 8 10 0.032471966 
454 471 11 15 0.032220457 
481 423 9 11 0.03204692 
97 372 11 13 0.031790122 
897 454 10 13 0.031596 
157 412 13 14 0.0315361 
863 366 9 10 0.031386178 
753 361 9 11 0.031078028 
824 372 11 13 0.030745693 
366 437 8 11 0.030646835 
772 428 9 13 0.030599443 
386 438 7 9 0.029125404 
169 368 9 11 0.028900353 
686 340 10 12 0.02857545 
251 283 16 19 0.028420914 
477 447 7 9 0.02831855 
318 479 9 10 0.028222963 
872 432 10 13 0.027755192 
97 368 9 11 0.027447237 
430 416 9 10 0.02722661 
361 456 8 11 0.027219437 
745 421 9 12 0.027013386 
161 420 14 18 0.026973141 
380 477 9 10 0.026688391 
400 472 8 10 0.026597984 
387 527 8 10 0.02653508 
470 469 11 12 0.026169874 
312 423 10 13 0.025875766 
369 526 8 10 0.025809443 
260 284 13 16 0.025797246 
613 478 10 12 0.02577012 
861 420 9 11 0.025573315 
553 445 11 13 0.02548096 
425 455 10 12 0.02493849 
726 416 9 12 0.02463455 
278 438 8 10 0.02450694 
814 446 8 10 0.024486952 
310 416 10 11 0.024136346 
512 485 9 11 0.024062868 
856 428 9 11 0.023879534 
743 414 10 12 0.023802808 
278 408 7 8 0.023685953 
918 430 9 11 0.02345042 
349 486 9 12 0.023364574 
806 361 10 11 0.023104597 
200 288 10 12 0.023098005 
289 488 9 12 0.02307841 
469 405 8 10 0.023047987 
125 429 8 10 0.023013148 
480 401 8 9 0.02299219 
165 295 9 11 0.022794433 
267 124 15 19 0.02276276 
745 404 10 12 0.022717122 
309 470 9 11 0.022657359 
634 436 12 14 0.022390204 
183 170 13 17 0.022377186 
439 416 9 10 0.022328926 
369 401 8 10 0.022139587 
501 424 10 11 0.022107374 
376 472 9 12 0.02207118 
774 449 9 11 0.021994988 
483 415 10 10 0.021955902 
366 433 9 10 0.0218272 
707 371 11 13 0.0217999 
334 400 7 9 0.021787517 
813 371 11 13 0.02163107 
346 493 9 12 0.021473898 
430 460 11 14 0.021390166 
265 496 10 11 0.021317748 
95 453 8 10 0.021109637 
399 476 9 11 0.021096498 
272 436 9 11 0.020868795 
575 355 35 27 0.020864977 
264 432 8 11 0.020747995 
733 436 11 14 0.02071678 
295 407 7 9 0.020641929 
361 432 9 11 0.020593606 
408 474 10 12 0.020540813 
541 407 9 10 0.02031343 
326 477 10 11 0.020283712 
405 423 9 11 0.020265706 
652 446 11 14 0.02012467 
171 370 13 15 0.020117322 
348 431 10 12 0.020030431 
