40_Gymnastics_Gymnastics_40_727
88
666 173 19 23 0.9663462 
82 476 30 36 0.95834935 
218 538 33 42 0.8625014 
697 560 34 36 0.839853 
859 435 22 28 0.54788774 
323 124 13 16 0.5003929 
590 72 17 21 0.441431 
730 346 16 23 0.24448064 
876 434 15 23 0.21618848 
535 222 12 16 0.20726591 
416 125 12 14 0.155644 
502 207 11 15 0.15124229 
703 518 10 13 0.09694229 
844 18 50 72 0.08877354 
96 470 30 38 0.08418224 
362 187 16 21 0.08078818 
448 76 11 15 0.07002268 
362 100 14 18 0.06752078 
734 141 14 17 0.06449288 
631 108 14 16 0.06396745 
216 525 27 36 0.06326828 
660 548 21 30 0.062870525 
860 418 13 15 0.055403907 
356 92 13 15 0.05429536 
420 120 11 14 0.053992014 
394 152 9 11 0.05002944 
318 126 22 29 0.046209507 
735 352 16 20 0.041856997 
577 94 26 32 0.03802501 
409 126 10 12 0.037954185 
851 426 26 29 0.037608366 
412 119 20 25 0.036419593 
505 199 10 12 0.03604321 
500 217 12 17 0.035558924 
362 94 13 15 0.035167735 
592 81 25 30 0.03462177 
498 210 12 15 0.03320996 
797 413 14 16 0.03259555 
672 198 26 28 0.03229899 
509 197 9 10 0.03226713 
320 120 12 15 0.031407718 
9 28 41 56 0.031061074 
884 430 11 16 0.030538945 
540 215 10 13 0.029344708 
862 40 32 38 0.029254984 
339 27 12 16 0.029218394 
586 125 24 29 0.028840076 
398 114 12 15 0.028580802 
799 405 13 14 0.027832422 
658 525 17 17 0.02724705 
853 418 15 17 0.026868233 
526 216 10 11 0.02676427 
399 123 12 13 0.026599305 
348 99 16 19 0.026498498 
336 166 25 28 0.026347283 
352 74 11 15 0.026240602 
662 540 15 19 0.02624048 
471 191 11 14 0.026119033 
845 418 13 17 0.025738573 
707 517 12 14 0.025137559 
658 534 27 33 0.025072228 
583 67 15 24 0.024858773 
640 513 35 33 0.024809819 
461 75 13 15 0.024094433 
430 195 9 12 0.024044229 
683 194 15 20 0.0236657 
352 99 22 27 0.023324093 
447 82 12 16 0.023113357 
319 137 45 52 0.02311071 
228 523 29 36 0.023063239 
78 469 13 19 0.02249051 
77 472 19 27 0.022253802 
699 542 29 33 0.022058742 
399 89 11 15 0.02205551 
600 89 23 31 0.021866271 
866 418 13 16 0.021843854 
722 126 12 14 0.021628218 
353 176 23 30 0.021337705 
667 531 16 19 0.021198316 
333 130 12 16 0.021050205 
254 617 36 37 0.020985076 
345 169 15 17 0.020876272 
340 133 11 14 0.020851845 
734 334 12 17 0.020720579 
529 221 13 15 0.02069887 
324 585 31 32 0.020618774 
57 142 28 34 0.020126013 
430 116 10 14 0.020070786 
