40_Gymnastics_Gymnastics_40_593
209
171 261 42 55 0.9950222 
542 183 43 55 0.9947595 
302 186 43 55 0.9946049 
843 255 37 50 0.9944043 
754 196 35 49 0.99217916 
939 299 39 53 0.98956174 
629 203 41 54 0.9872497 
38 244 44 54 0.98688835 
71 287 38 53 0.98416877 
417 207 37 51 0.9828736 
22 47 24 30 0.9797831 
99 41 19 26 0.94403094 
16 107 22 30 0.89807695 
112 116 18 22 0.73305184 
946 118 18 22 0.72822326 
167 138 20 25 0.7043017 
771 1 18 21 0.59389025 
231 254 20 25 0.50868106 
839 34 18 22 0.5071649 
233 33 16 20 0.48474067 
931 176 15 22 0.46232584 
910 28 15 20 0.42449978 
91 163 24 32 0.35635453 
79 175 35 50 0.33279213 
556 132 24 31 0.3324691 
940 259 28 32 0.3252025 
361 19 15 19 0.31568578 
697 3 18 19 0.30879405 
410 66 18 22 0.29766566 
971 73 18 24 0.28831872 
164 30 15 20 0.2851651 
660 66 15 20 0.28120318 
549 72 14 18 0.2375281 
16 218 17 23 0.22314247 
66 232 29 34 0.20581457 
1010 34 14 23 0.20082752 
547 67 50 62 0.16852382 
77 61 16 20 0.16838074 
108 447 24 31 0.16600555 
0 269 18 32 0.16431786 
479 96 25 31 0.13593401 
966 102 16 20 0.13428488 
500 11 16 17 0.13299233 
775 175 26 31 0.123715796 
617 0 23 24 0.12217999 
626 150 25 34 0.122077495 
351 68 26 33 0.110761575 
866 191 18 24 0.10991015 
455 61 14 17 0.10919315 
676 66 14 19 0.10821084 
710 35 17 20 0.101174705 
459 92 12 15 0.096339375 
980 212 25 31 0.09016143 
835 89 13 16 0.08782457 
56 240 36 42 0.08537485 
972 151 24 34 0.08262884 
381 535 23 30 0.08203291 
143 22 20 26 0.08197778 
155 63 15 19 0.0771888 
142 231 21 28 0.07682027 
162 20 16 22 0.0701101 
702 106 30 36 0.069793805 
417 119 18 22 0.06950049 
644 17 14 19 0.06921757 
698 33 14 18 0.065367624 
952 88 14 17 0.062360294 
717 71 14 18 0.061260924 
601 17 14 18 0.058156222 
652 54 11 14 0.05728753 
1006 40 20 32 0.054032594 
550 71 23 31 0.053859252 
245 310 35 47 0.05324496 
887 58 14 19 0.052128628 
928 158 23 32 0.051849287 
419 0 16 18 0.05147804 
738 203 25 38 0.050236687 
506 27 14 18 0.050014544 
827 0 17 14 0.04971108 
826 52 16 19 0.04907666 
41 115 15 20 0.04843377 
70 154 22 28 0.047857746 
627 34 25 28 0.047786053 
30 111 21 27 0.04753035 
843 83 15 23 0.04687354 
507 77 13 17 0.046066955 
331 85 25 30 0.043915674 
470 96 21 30 0.043791845 
499 17 21 25 0.043594494 
834 -1 18 17 0.043495595 
843 -2 16 14 0.042347874 
334 36 15 19 0.041465525 
830 37 21 26 0.04141361 
640 19 22 31 0.04044953 
630 150 16 21 0.040432364 
528 47 81 104 0.040029418 
27 0 18 20 0.03892163 
518 23 14 17 0.035670135 
437 12 15 17 0.035300434 
654 59 13 17 0.03509401 
6 45 23 32 0.035076674 
221 239 37 52 0.03503917 
935 274 41 54 0.03391631 
634 606 26 31 0.033618804 
568 69 34 38 0.033081383 
2 15 22 31 0.032873474 
733 67 13 16 0.03264427 
750 58 16 20 0.03197041 
436 27 15 19 0.031757146 
506 6 14 16 0.03156664 
462 0 14 12 0.031455077 
862 51 16 20 0.031204171 
853 166 16 25 0.030002864 
357 23 22 27 0.029988553 
458 88 25 33 0.029882628 
993 216 17 22 0.02986083 
99 142 23 30 0.029601611 
46 5 25 29 0.029550863 
801 56 9 13 0.029508919 
986 0 15 13 0.029159889 
41 22 24 29 0.029005354 
97 155 18 23 0.028792039 
-4 279 26 41 0.028777055 
816 57 12 16 0.028495898 
454 66 24 30 0.027623443 
574 13 25 30 0.027614 
228 37 25 31 0.027500642 
364 0 16 13 0.02746535 
909 8 13 16 0.027447788 
869 74 14 17 0.02711582 
789 67 11 16 0.027106062 
588 71 18 24 0.027088184 
838 79 12 18 0.027039018 
884 115 16 21 0.026799466 
149 423 13 16 0.026762605 
959 3 14 17 0.026655283 
859 96 40 46 0.026561957 
562 87 18 23 0.026558092 
709 45 17 21 0.026512513 
570 26 29 34 0.026357152 
245 347 11 16 0.02597412 
499 78 21 27 0.02595463 
648 58 12 16 0.025952365 
910 52 15 22 0.025894277 
103 132 23 29 0.025799584 
557 -1 17 13 0.025773367 
780 187 17 24 0.025760988 
646 65 13 17 0.025719997 
45 0 15 14 0.02565904 
28 8 26 32 0.025616296 
663 34 14 18 0.025569964 
549 108 44 58 0.025492627 
133 154 21 30 0.025479836 
87 187 22 28 0.025389345 
341 78 26 35 0.025379034 
668 63 14 20 0.02536419 
299 -1 33 31 0.025239715 
613 149 43 54 0.025236474 
957 92 22 27 0.02522003 
993 0 20 19 0.025138307 
519 65 15 21 0.025109634 
723 67 13 18 0.025062032 
486 87 24 32 0.024813136 
459 97 14 18 0.02472088 
935 247 26 30 0.024449974 
30 34 25 31 0.02440304 
435 14 22 29 0.024180708 
833 73 23 30 0.02410125 
-1 69 9 16 0.024055848 
453 79 23 28 0.02393972 
818 94 13 14 0.023934826 
17 1 26 30 0.023906153 
902 432 17 20 0.02385937 
15 316 28 34 0.02385001 
993 110 16 20 0.023846822 
551 5 25 27 0.023748789 
330 624 8 10 0.023617001 
671 68 21 29 0.023614835 
304 -1 21 18 0.023509068 
555 23 48 58 0.0230576 
151 262 27 38 0.02271459 
958 106 22 28 0.022689676 
796 65 15 20 0.022378344 
885 38 16 20 0.022267003 
466 60 13 16 0.02219455 
3 220 41 52 0.02215918 
76 464 23 34 0.022157473 
933 66 15 21 0.0221509 
239 27 19 23 0.02209815 
631 106 13 18 0.021846544 
313 12 25 29 0.021496069 
30 25 15 18 0.021397794 
170 37 15 20 0.021272287 
159 265 35 44 0.02125351 
883 164 21 32 0.021130836 
684 109 11 13 0.021122271 
792 102 22 27 0.021116657 
449 11 22 30 0.02105267 
822 48 12 14 0.020927854 
801 61 14 17 0.02061062 
428 19 15 19 0.020580953 
795 74 15 19 0.020518685 
459 55 15 18 0.020518012 
245 61 23 29 0.020472102 
813 53 20 25 0.020389205 
621 59 24 29 0.020241939 
441 33 14 18 0.020204788 
741 66 13 17 0.020174142 
236 105 13 19 0.02005453 
937 179 17 24 0.020046135 
