59_peopledrivingcar_peopledrivingcar_59_1019
132
94 548 17 29 0.97441304 
962 515 26 41 0.849435 
125 558 13 24 0.56463194 
720 600 218 342 0.4310897 
830 523 116 244 0.3436022 
735 527 46 95 0.30585766 
276 506 54 97 0.30585766 
288 516 30 61 0.30585763 
565 350 163 337 0.30317584 
683 306 32 61 0.23436876 
226 575 265 474 0.2311026 
398 479 116 251 0.19988178 
545 258 23 38 0.1753677 
281 471 45 92 0.15056497 
492 313 26 45 0.15056497 
233 24 11 19 0.13944872 
291 485 28 56 0.12872262 
359 233 85 115 0.118850335 
672 566 103 190 0.115646794 
72 316 228 403 0.09803478 
1 540 249 391 0.09015675 
279 21 12 21 0.08787667 
774 432 21 38 0.07880669 
962 528 32 59 0.07880669 
806 561 225 363 0.076092646 
544 397 111 240 0.076092646 
843 302 194 309 0.076092646 
525 3 11 16 0.074940585 
242 175 69 121 0.072444364 
884 458 23 42 0.072444364 
7 469 9 15 0.069149815 
260 473 87 161 0.064067975 
51 317 15 25 0.06377564 
684 579 52 123 0.06111947 
237 66 6 11 0.05879275 
717 552 53 113 0.051466707 
241 9 8 13 0.049903784 
557 431 65 123 0.047198545 
217 142 17 28 0.04595155 
198 65 22 35 0.04326818 
627 52 55 95 0.04326818 
202 466 265 374 0.04133062 
344 440 106 181 0.04133061 
466 10 194 333 0.04133061 
115 375 123 282 0.04133061 
446 647 32 52 0.039651494 
263 38 12 21 0.038923774 
665 418 18 35 0.038923774 
260 98 8 14 0.038923774 
638 517 98 192 0.03781825 
953 493 45 70 0.036325652 
862 383 20 35 0.036325652 
973 520 30 51 0.036325652 
829 560 74 153 0.036325652 
295 88 16 25 0.035808332 
136 25 11 19 0.035808332 
191 162 104 154 0.034593605 
946 534 50 97 0.033269096 
863 411 46 84 0.033269096 
993 739 24 53 0.033269096 
226 42 14 23 0.03293372 
235 69 16 27 0.032933712 
291 37 12 21 0.032933712 
847 387 13 24 0.030282615 
520 243 12 21 0.030282615 
541 269 5 10 0.030282615 
160 81 15 23 0.030282615 
889 426 123 210 0.028921604 
708 600 112 237 0.028921604 
733 561 31 69 0.027884193 
562 261 28 45 0.027884193 
920 69 28 46 0.027884193 
681 281 26 57 0.027884185 
567 57 22 35 0.027884185 
214 127 8 15 0.027838783 
122 560 9 16 0.027838783 
264 44 15 25 0.027838783 
129 64 14 24 0.027838783 
252 71 13 22 0.027838783 
501 234 14 23 0.027838783 
113 19 12 22 0.027838778 
563 510 228 333 0.026434705 
709 147 6 11 0.02558696 
871 383 13 25 0.02558696 
962 141 14 24 0.02558696 
526 248 7 12 0.02558696 
95 181 8 14 0.02558696 
225 29 16 27 0.02558696 
238 13 11 21 0.02558696 
423 62 58 93 0.025519116 
907 34 55 97 0.025519116 
719 538 87 174 0.024156325 
82 80 12 21 0.02351288 
181 100 13 23 0.02351288 
288 0 14 22 0.02351288 
160 103 8 14 0.02351288 
679 423 16 30 0.02351288 
111 584 9 15 0.02351288 
73 746 15 25 0.02351288 
122 176 6 11 0.02351288 
498 229 25 43 0.023349825 
878 430 30 49 0.023349825 
543 229 47 77 0.023349825 
911 449 25 43 0.023349825 
298 451 50 102 0.023349825 
300 0 10 14 0.021603195 
126 102 8 13 0.021603195 
410 122 17 28 0.021603195 
153 118 7 12 0.021603195 
250 97 12 22 0.021603195 
52 359 9 16 0.021603195 
541 266 15 25 0.021603195 
550 266 11 18 0.021603195 
295 68 16 26 0.021603195 
1000 63 15 28 0.021603195 
184 18 9 14 0.021603195 
267 61 7 12 0.021603195 
544 -1 17 26 0.021603195 
301 0 15 23 0.021603195 
208 14 8 13 0.021603195 
985 668 42 102 0.021360904 
635 83 33 60 0.021360904 
510 315 25 43 0.021360898 
78 418 26 45 0.021360898 
249 508 53 107 0.021360898 
953 600 25 46 0.021360898 
56 441 26 43 0.021360898 
520 64 23 40 0.021360898 
928 525 26 40 0.021360898 
779 443 24 38 0.021360898 
746 555 117 255 0.0201599 
409 31 101 150 0.0201599 
