59_peopledrivingcar_peopledrivingcar_59_244
32
422 1017 215 631 0.864054 
643 1058 225 604 0.8144974 
394 42 209 586 0.52310073 
472 133 142 365 0.45389688 
559 955 29 73 0.34582695 
334 944 51 131 0.28687313 
657 958 42 107 0.2511021 
322 671 215 521 0.2311026 
384 811 212 604 0.1065206 
69 1062 246 586 0.09015675 
62 -32 239 679 0.09015675 
319 182 215 521 0.06984133 
577 955 28 70 0.056098126 
230 1108 215 586 0.053832818 
472 914 25 79 0.047198545 
433 655 239 622 0.04133061 
208 854 67 175 0.039651502 
829 682 188 586 0.03781825 
911 1213 61 142 0.036325652 
564 925 46 120 0.036325652 
335 1056 197 553 0.034593593 
563 1074 200 553 0.034593593 
263 256 74 197 0.033269096 
199 893 112 297 0.028921604 
608 10 62 145 0.023349825 
167 42 191 506 0.022069868 
348 1322 14 44 0.021603195 
405 1380 80 181 0.021360904 
244 111 200 506 0.020159906 
13 -28 119 388 0.020159906 
563 710 253 586 0.0201599 
288 934 104 293 0.0201599 
