59_peopledrivingcar_peopledrivingcar_59_27
36
591 176 186 253 0.9992632 
488 237 261 307 0.6135702 
539 372 273 222 0.56891036 
440 46 212 250 0.5461031 
550 30 261 302 0.4768992 
148 243 191 235 0.32305852 
384 102 188 225 0.24794048 
148 336 249 246 0.2311026 
59 277 222 273 0.2311026 
783 71 183 250 0.13594593 
38 -25 203 257 0.13594593 
312 382 228 285 0.12544508 
662 400 197 232 0.1065206 
293 187 228 261 0.09803478 
210 199 194 222 0.08285364 
818 30 68 73 0.07244435 
485 156 71 88 0.06655858 
614 424 146 191 0.064067975 
437 442 307 294 0.05874174 
387 305 261 285 0.04931264 
388 181 228 257 0.03781825 
-3 88 126 183 0.03163486 
746 440 132 144 0.028921604 
504 117 180 242 0.026434705 
619 286 215 242 0.026434705 
922 50 73 71 0.025519116 
770 194 194 242 0.024156325 
103 12 123 155 0.024156325 
511 640 24 28 0.023349825 
216 0 70 76 0.023349825 
643 -2 222 232 0.022069868 
827 201 111 167 0.022069868 
-50 7 222 265 0.022069868 
725 443 94 91 0.021360898 
356 436 142 178 0.0201599 
-3 382 253 281 0.0201599 
