59_peopledrivingcar_peopledrivingcar_59_763
148
744 410 73 102 0.9990996 
446 215 46 58 0.9982981 
405 454 140 178 0.4085711 
148 434 228 307 0.36474833 
529 129 10 12 0.33330244 
673 -6 188 273 0.2311026 
565 77 10 12 0.15017675 
670 59 7 9 0.11991897 
509 55 23 32 0.10106142 
688 192 18 22 0.09507551 
250 29 14 17 0.09507551 
487 378 12 17 0.09507551 
552 375 197 269 0.09015675 
947 395 83 149 0.08285364 
292 20 8 11 0.08117401 
491 369 25 36 0.07244435 
677 180 14 18 0.06377564 
663 112 12 16 0.06377564 
570 143 8 10 0.05879275 
488 356 47 64 0.056098126 
422 33 8 9 0.054176662 
534 23 14 17 0.04990379 
406 0 13 16 0.049903784 
166 105 178 222 0.04931264 
171 140 112 130 0.04931264 
-44 487 225 261 0.04931264 
12 128 47 75 0.047198545 
370 146 23 34 0.047198545 
291 15 8 10 0.04595155 
696 48 111 183 0.045153897 
325 481 69 87 0.04326818 
628 188 7 9 0.04229837 
105 27 8 10 0.04229837 
451 81 13 21 0.038923774 
243 326 203 294 0.03781825 
39 -28 212 289 0.03781825 
5 293 100 119 0.03781825 
492 187 206 257 0.03781825 
578 227 116 142 0.03781825 
739 -28 235 265 0.03781825 
574 211 18 23 0.035808332 
501 181 15 17 0.035808332 
634 189 7 10 0.035808332 
557 213 8 11 0.035808332 
780 170 6 8 0.035808332 
631 118 8 11 0.035808332 
637 208 17 21 0.035808332 
519 62 13 18 0.035808332 
614 122 20 29 0.033269096 
751 170 21 32 0.033269096 
516 44 27 38 0.033269096 
732 91 54 86 0.033269096 
552 174 8 11 0.03293372 
580 120 12 15 0.03293372 
98 35 14 16 0.03293372 
472 152 13 16 0.032933712 
304 0 9 9 0.032933712 
558 10 16 22 0.032933712 
594 199 8 10 0.032933712 
826 243 5 8 0.032933712 
452 12 6 7 0.032933712 
600 11 5 6 0.032933712 
61 456 212 285 0.03163486 
619 87 7 9 0.030282615 
481 154 13 16 0.030282615 
636 192 8 11 0.030282615 
596 32 6 8 0.030282615 
138 5 8 10 0.030282615 
733 165 8 9 0.030282615 
597 10 5 6 0.030282615 
475 154 8 9 0.030282615 
238 448 136 203 0.028921604 
69 184 29 37 0.027884193 
263 258 29 38 0.027884185 
374 11 8 9 0.027838783 
501 34 8 10 0.027838783 
552 74 7 9 0.027838783 
663 203 14 17 0.027838783 
343 24 6 8 0.027838783 
533 212 6 8 0.027838783 
622 228 13 18 0.027838783 
591 188 6 7 0.02558696 
305 16 6 8 0.02558696 
785 201 5 6 0.02558696 
309 16 6 8 0.02558696 
94 62 8 10 0.02558696 
605 7 5 7 0.02558696 
485 63 13 15 0.02558696 
315 401 7 10 0.02558696 
39 166 25 38 0.025519116 
94 547 83 86 0.025519116 
529 41 27 38 0.025519116 
529 20 25 31 0.025519116 
636 199 13 15 0.02351288 
810 198 5 6 0.02351288 
276 27 13 17 0.02351288 
115 15 12 15 0.02351288 
478 153 8 10 0.02351288 
702 185 14 17 0.02351288 
689 197 9 11 0.02351288 
103 30 13 15 0.02351288 
285 40 7 9 0.02351288 
309 19 7 10 0.02351288 
612 82 7 9 0.02351288 
538 58 16 20 0.02351288 
347 39 5 6 0.02351288 
302 20 6 9 0.02351288 
523 65 8 10 0.02351288 
655 65 6 7 0.02351288 
809 162 5 6 0.02351288 
693 186 16 20 0.02351288 
699 74 6 7 0.02351288 
117 10 12 16 0.02351288 
482 90 27 41 0.023349825 
69 117 25 36 0.023349825 
355 24 69 84 0.023349825 
86 283 63 71 0.023349825 
502 59 51 66 0.023349825 
131 167 76 100 0.023349825 
1 5 29 43 0.023349825 
318 395 57 71 0.023349825 
656 199 23 29 0.023349825 
712 100 48 79 0.023349825 
641 68 112 160 0.022069868 
259 2 98 130 0.022069868 
506 59 17 23 0.021603195 
489 371 17 20 0.021603195 
966 437 18 22 0.021603195 
487 156 8 10 0.021603195 
683 201 16 19 0.021603195 
571 41 6 7 0.021603195 
520 67 7 10 0.021603195 
518 98 17 20 0.021603195 
544 51 8 10 0.021603195 
645 139 15 19 0.021603195 
664 206 9 10 0.021603195 
246 11 8 9 0.021603195 
403 1 8 10 0.021603195 
116 33 7 9 0.021603195 
337 12 6 8 0.021603195 
565 14 14 18 0.021603195 
813 175 5 6 0.021603195 
782 170 7 8 0.021603195 
429 121 48 64 0.021360904 
440 136 28 38 0.021360898 
413 81 63 81 0.021360898 
730 425 48 80 0.021360898 
895 399 95 144 0.0201599 
