59_peopledrivingcar_peopledrivingcar_59_725
46
586 84 239 302 0.9985935 
707 91 130 218 0.96540636 
654 180 235 239 0.59142894 
712 119 82 128 0.188928 
45 6 215 257 0.17193554 
269 340 285 330 0.13594593 
742 49 121 188 0.13594593 
586 310 19 19 0.1293704 
-21 98 188 246 0.1254451 
877 160 101 160 0.12544508 
315 274 86 92 0.118850335 
65 442 82 97 0.10106142 
499 103 228 235 0.09803478 
827 167 100 140 0.09803478 
78 465 119 144 0.064067975 
560 13 206 261 0.05874174 
473 395 281 298 0.058741733 
149 63 134 158 0.053832814 
588 313 50 71 0.051466707 
29 414 203 222 0.04931264 
341 3 265 294 0.04931264 
513 168 149 136 0.04931264 
615 282 51 61 0.047198545 
265 472 73 61 0.04326818 
572 322 46 69 0.04326818 
609 297 16 18 0.038923774 
826 174 180 228 0.03781825 
350 149 253 212 0.03163486 
643 323 64 82 0.030461596 
596 309 15 20 0.030282615 
625 262 222 253 0.028921604 
579 298 24 26 0.027884193 
273 479 45 37 0.027884193 
76 27 43 58 0.027884185 
603 398 253 269 0.026434705 
40 562 107 121 0.026434705 
755 113 175 215 0.02415633 
688 289 62 67 0.023349825 
601 298 51 68 0.023349825 
577 182 175 170 0.022069868 
28 286 239 269 0.022069868 
395 567 31 35 0.021360904 
571 320 28 37 0.021360898 
192 43 55 60 0.021360898 
223 369 53 64 0.021360893 
285 173 232 265 0.0201599 
