59_peopledrivingcar_peopledrivingcar_59_690
33
293 247 40 71 0.99204755 
748 286 42 74 0.98957527 
420 219 269 361 0.65639776 
334 331 126 177 0.3864298 
343 327 80 97 0.2032784 
88 323 97 167 0.12544508 
83 256 218 235 0.08285364 
313 326 203 293 0.06984133 
697 16 25 49 0.06111947 
658 375 206 293 0.053832814 
205 454 242 273 0.04931264 
201 297 206 298 0.04133061 
375 275 31 39 0.036325645 
939 18 89 149 0.034593593 
738 427 209 289 0.034593593 
691 666 32 41 0.033269096 
90 346 51 113 0.030461604 
794 356 54 65 0.030461596 
330 347 58 75 0.030461596 
661 20 59 78 0.027884193 
423 37 28 52 0.027884185 
104 -17 209 311 0.026434705 
115 289 107 153 0.026434705 
335 238 249 289 0.026434705 
916 492 69 88 0.025519116 
-14 611 87 155 0.024156325 
389 281 29 39 0.023349825 
750 438 37 40 0.023349825 
676 26 31 49 0.023349825 
509 228 155 221 0.022069868 
625 -40 239 316 0.022069868 
477 377 218 285 0.022069868 
254 586 60 76 0.021360898 
