59_peopledrivingcar_peopledrivingcar_59_202
45
688 129 191 264 0.99919194 
419 148 132 209 0.96540636 
533 469 249 320 0.5 
759 432 209 272 0.3436022 
457 111 188 281 0.30317584 
681 491 186 228 0.2840034 
22 477 119 200 0.26558137 
345 325 183 268 0.24794048 
244 38 246 316 0.2311026 
859 442 132 209 0.17193554 
628 257 232 285 0.15916684 
51 208 228 272 0.1254451 
413 181 83 131 0.118850335 
583 125 178 268 0.115646794 
181 180 225 298 0.09803478 
358 138 228 320 0.09015675 
87 418 215 276 0.08285364 
506 364 235 302 0.08285364 
322 161 53 68 0.07880669 
243 254 257 298 0.076092646 
432 279 222 302 0.06984133 
383 210 51 70 0.06655857 
351 452 203 264 0.064067975 
513 70 55 66 0.06111947 
785 0 212 289 0.05874174 
613 385 239 272 0.04931264 
156 256 116 153 0.04931264 
-21 246 228 311 0.04931264 
523 83 59 81 0.047198545 
889 199 97 155 0.045153897 
407 295 123 194 0.045153886 
418 153 50 73 0.04326818 
352 198 123 165 0.03781825 
404 206 58 90 0.036325652 
514 -8 239 298 0.034593593 
211 350 76 78 0.033269096 
341 5 235 311 0.03163486 
570 163 114 153 0.03163486 
440 235 80 114 0.030461596 
488 352 134 197 0.026434705 
871 205 68 114 0.025519116 
194 332 128 124 0.024156325 
153 285 83 85 0.021360898 
441 352 68 96 0.021360898 
514 207 215 289 0.0201599 
