59_peopledrivingcar_peopledrivingcar_59_978
34
555 228 273 365 0.9798401 
677 226 180 264 0.93593204 
473 341 269 339 0.864054 
480 164 257 354 0.80011827 
207 288 194 241 0.78491884 
748 494 197 292 0.71599656 
187 361 225 329 0.6352516 
221 372 80 88 0.6332934 
334 147 316 398 0.56891036 
449 53 212 288 0.56891036 
282 192 232 306 0.3864298 
389 419 257 310 0.32305852 
205 330 119 157 0.21508123 
724 125 228 297 0.14717786 
764 324 225 315 0.1254451 
208 482 228 344 0.115646794 
125 547 191 288 0.09015675 
901 306 32 43 0.08567618 
751 -10 235 310 0.08285364 
688 386 218 306 0.08285364 
351 73 209 334 0.06984133 
561 109 209 292 0.053832814 
2 11 100 148 0.053832814 
14 499 212 315 0.045153897 
290 489 285 310 0.04133061 
169 151 206 319 0.034593593 
775 564 138 157 0.034593593 
87 261 209 301 0.026434705 
477 667 73 63 0.025519116 
244 312 269 292 0.024156325 
841 470 175 284 0.022069868 
885 700 14 18 0.021603195 
242 393 47 46 0.021360898 
842 13 138 199 0.0201599 
