59_peopledrivingcar_peopledrivingcar_59_1020
48
520 172 107 199 0.9798401 
389 6 93 126 0.9301587 
493 -60 200 257 0.4085711 
641 458 142 167 0.3647484 
473 220 188 285 0.21508123 
510 67 194 302 0.14717786 
581 406 235 260 0.14717786 
404 163 186 297 0.14717786 
312 -25 167 257 0.115646794 
177 231 178 293 0.1065206 
134 180 107 144 0.09015675 
218 260 112 177 0.08285364 
821 455 56 75 0.07880669 
435 442 281 345 0.05874174 
-14 -35 203 311 0.058741733 
-15 268 200 302 0.053832818 
488 240 121 170 0.053832818 
515 86 26 34 0.051466707 
582 146 112 202 0.04931264 
56 494 239 350 0.04931264 
187 435 239 340 0.045153886 
905 42 51 68 0.04326818 
654 476 86 105 0.039651502 
-11 537 186 325 0.03781825 
500 24 134 136 0.03781825 
91 179 215 302 0.034593593 
353 6 78 117 0.033269096 
735 5 55 72 0.033269096 
224 703 71 66 0.033269096 
160 201 61 83 0.030461596 
563 244 65 125 0.030461596 
17 6 117 157 0.028921604 
891 143 100 170 0.028921604 
503 69 57 66 0.027884185 
769 -35 209 285 0.026434705 
693 453 253 330 0.026434705 
83 239 25 34 0.025519116 
834 147 178 245 0.024156325 
613 274 246 325 0.024156325 
480 30 76 84 0.023349825 
329 108 215 293 0.022069868 
214 347 222 268 0.022069868 
748 15 33 47 0.021360898 
913 394 52 60 0.021360898 
274 468 225 257 0.020159906 
547 2 222 272 0.020159906 
794 276 112 205 0.0201599 
322 80 123 185 0.0201599 
