59_peopledrivingcar_peopledrivingcar_59_201
42
627 172 146 219 0.991905 
787 133 172 250 0.991905 
703 136 188 273 0.95484614 
374 209 222 273 0.7688974 
423 421 128 173 0.73441863 
711 358 130 175 0.65639776 
213 314 215 261 0.6352516 
490 187 215 269 0.47689918 
780 235 203 254 0.3864298 
718 289 212 265 0.26558137 
647 260 86 128 0.23436876 
160 0 203 285 0.2311026 
-41 -21 209 269 0.19988178 
155 365 206 261 0.14717786 
722 387 74 97 0.12872262 
529 316 130 186 0.1254451 
311 268 200 243 0.115646794 
285 0 222 273 0.115646794 
502 279 239 294 0.09803478 
659 263 191 239 0.076092646 
266 423 71 115 0.06655858 
60 306 242 273 0.064067975 
67 -10 194 261 0.05874174 
835 143 91 124 0.04326818 
859 549 70 88 0.04326818 
633 202 86 130 0.04326818 
689 168 124 191 0.03781825 
396 339 206 239 0.034593605 
254 9 132 183 0.034593605 
722 42 212 273 0.034593593 
183 31 76 97 0.033269096 
605 359 218 239 0.03163486 
-8 56 109 203 0.028921604 
455 418 30 39 0.027884193 
966 450 60 115 0.025519116 
833 264 89 137 0.025519116 
248 393 132 165 0.022069868 
253 20 51 68 0.021360904 
991 480 37 75 0.021360904 
460 414 59 61 0.021360898 
769 396 203 232 0.0201599 
585 392 140 183 0.0201599 
