59_peopledrivingcar_peopledrivingcar_59_95
42
582 158 142 188 0.99845755 
230 446 218 235 0.88435316 
72 273 235 285 0.7688974 
795 337 218 257 0.6769414 
167 214 225 260 0.56891036 
152 393 206 218 0.3864298 
819 93 109 146 0.30317584 
766 107 112 142 0.28400344 
401 249 215 253 0.24794048 
710 309 186 228 0.24794048 
242 176 191 225 0.19988178 
331 124 228 253 0.17193554 
149 379 69 84 0.109639935 
540 512 71 79 0.109639935 
543 244 209 218 0.09803478 
66 404 225 249 0.09015675 
268 371 302 297 0.08285364 
-7 50 222 257 0.076092646 
652 53 225 249 0.076092646 
644 146 194 242 0.06984133 
104 359 144 177 0.06984133 
708 160 101 142 0.064067975 
485 105 206 260 0.064067975 
644 157 112 140 0.064067975 
693 167 80 94 0.047198545 
799 111 70 86 0.047198545 
466 184 107 138 0.045153897 
268 274 253 264 0.034593605 
539 156 117 167 0.034593605 
696 168 239 268 0.034593605 
-11 350 239 225 0.03163486 
24 395 132 148 0.03163486 
-27 226 235 209 0.03163486 
158 392 37 47 0.027884185 
0 129 60 80 0.025519116 
560 314 261 235 0.024156325 
221 508 68 83 0.023349825 
3 47 67 90 0.023349825 
122 377 63 68 0.023349825 
495 192 54 66 0.023349825 
101 15 218 253 0.022069868 
55 439 68 78 0.021360898 
