59_peopledrivingcar_peopledrivingcar_59_1038
30
353 124 246 874 0.94616723 
454 106 307 969 0.90196514 
178 256 253 874 0.88435316 
403 1040 239 789 0.7520595 
744 265 206 711 0.73441863 
263 637 209 701 0.56891036 
613 155 232 812 0.52310073 
199 499 149 506 0.4085711 
504 870 222 800 0.32305852 
255 73 246 837 0.24794048 
569 1109 209 755 0.24794045 
-32 1205 222 691 0.21508123 
212 677 74 210 0.12872264 
577 564 257 755 0.09803478 
286 936 235 733 0.06984132 
689 669 249 766 0.064067975 
630 1381 203 711 0.064067975 
685 100 228 632 0.064067975 
93 83 249 887 0.064067975 
88 448 203 701 0.053832814 
-11 1240 106 492 0.045153897 
330 1347 218 661 0.04133061 
793 365 78 266 0.036325652 
874 1630 71 206 0.033269096 
778 237 74 240 0.030461596 
912 867 59 224 0.027884185 
637 883 228 812 0.02643471 
635 503 155 499 0.022069868 
-7 1305 59 232 0.021360904 
461 501 261 874 0.020159906 
