59_peopledrivingcar_peopledrivingcar_59_404
78
866 183 47 63 0.9988171 
697 85 14 17 0.7040394 
741 84 12 15 0.6856687 
620 297 232 256 0.30317584 
-6 310 140 138 0.28400344 
-39 240 235 272 0.2311026 
738 84 19 24 0.16258556 
627 31 86 112 0.14717786 
133 339 107 134 0.12544508 
775 314 69 94 0.118850335 
937 418 68 104 0.109639935 
129 357 65 74 0.09308395 
843 11 130 177 0.09015675 
667 174 63 72 0.08567618 
204 339 191 272 0.08285364 
295 332 114 177 0.08285364 
794 112 18 21 0.08117401 
584 23 83 106 0.07244435 
713 143 36 37 0.06655858 
217 370 51 69 0.06111947 
817 77 25 28 0.06111947 
494 136 29 41 0.056098126 
-1 337 83 86 0.056098126 
844 73 15 17 0.054176662 
483 116 30 40 0.051466707 
631 561 78 62 0.051466707 
796 19 100 115 0.04931264 
778 107 28 35 0.047198545 
624 160 117 136 0.045153897 
725 47 13 20 0.04229837 
465 20 30 32 0.039651502 
722 307 13 18 0.038923774 
66 266 194 231 0.034593593 
473 110 30 39 0.033269096 
138 446 57 64 0.033269096 
768 104 27 34 0.033269096 
460 97 48 62 0.033269096 
742 242 19 26 0.03293372 
806 487 212 199 0.03163486 
837 132 29 36 0.030461604 
657 52 57 64 0.030461596 
185 424 64 64 0.030461596 
259 519 71 61 0.030461596 
413 11 54 82 0.030461596 
603 192 51 59 0.030461596 
227 385 30 43 0.030461596 
139 0 62 50 0.030461596 
841 65 14 18 0.030282615 
-7 23 106 169 0.028921604 
118 388 212 224 0.028921604 
627 123 215 218 0.028921604 
837 14 69 70 0.027884193 
235 368 31 39 0.027884193 
795 61 56 56 0.027884185 
537 177 7 9 0.027838783 
836 75 14 19 0.027838778 
477 481 106 104 0.026434705 
82 316 126 140 0.026434705 
224 10 83 76 0.025519116 
645 180 58 71 0.025519116 
171 366 101 134 0.024156325 
758 300 35 42 0.023349825 
773 99 48 59 0.023349825 
480 117 51 62 0.023349825 
691 73 25 31 0.023349825 
698 83 9 11 0.0216032 
310 382 19 25 0.021603195 
836 86 16 19 0.021603195 
770 200 69 53 0.021360904 
601 187 36 38 0.021360904 
815 322 79 109 0.021360898 
713 296 26 27 0.021360898 
688 118 51 57 0.021360898 
670 20 69 80 0.021360898 
848 144 30 36 0.021360898 
676 413 162 164 0.020159906 
200 375 106 180 0.0201599 
376 5 87 115 0.0201599 
