47_Matador_Bullfighter_matadorbullfighting_47_511
1386
411 265 14 18 0.59774905 
991 97 7 9 0.5901671 
143 39 7 10 0.577877 
764 273 10 12 0.49198326 
441 6 7 9 0.45387885 
782 63 7 10 0.44610772 
429 17 7 10 0.4350114 
289 45 7 10 0.4048113 
239 575 11 14 0.3892098 
815 561 14 16 0.3575178 
69 566 12 16 0.35619178 
769 546 12 15 0.33918262 
690 8 408 451 0.33334184 
996 475 10 13 0.33293143 
972 133 9 11 0.32655331 
959 116 9 11 0.3182682 
276 580 14 17 0.3170092 
320 61 8 11 0.31296083 
307 84 8 12 0.3114813 
293 46 8 9 0.29400164 
918 497 11 16 0.29391798 
951 151 8 9 0.2736371 
5 73 8 10 0.26857916 
224 89 7 8 0.2542536 
746 64 6 9 0.243039 
306 79 8 11 0.23479763 
833 563 11 16 0.23006669 
472 47 6 8 0.22813241 
967 63 7 9 0.21811466 
69 80 8 10 0.2165932 
0 115 8 12 0.21631858 
600 54 9 12 0.2156363 
405 24 8 11 0.21436672 
390 36 8 10 0.21119167 
961 94 9 10 0.20675592 
121 71 8 10 0.20663673 
846 56 7 10 0.20561586 
931 492 12 17 0.2051991 
728 68 8 10 0.20486419 
554 64 7 9 0.20428771 
431 589 10 13 0.20427054 
958 72 7 10 0.19639553 
175 56 7 9 0.19477315 
698 23 8 11 0.19475634 
33 70 8 10 0.19134182 
176 86 7 10 0.19126014 
940 572 13 17 0.18814486 
863 524 12 16 0.18580928 
383 48 7 9 0.18545778 
535 32 7 9 0.1831361 
63 15 7 9 0.18209027 
570 96 9 12 0.1814644 
834 88 7 9 0.18003704 
976 22 8 10 0.17991306 
949 500 14 17 0.17967445 
637 296 9 11 0.1781002 
786 507 14 17 0.17397729 
1004 126 9 13 0.17341562 
660 57 8 10 0.1724308 
159 72 7 10 0.17090145 
889 31 7 10 0.16800648 
19 593 13 18 0.166249 
984 78 6 10 0.16457972 
502 37 7 10 0.16227669 
206 89 8 10 0.15994947 
196 568 15 17 0.15825893 
912 46 7 9 0.15763366 
215 77 7 9 0.15479165 
89 23 7 8 0.15434209 
918 111 7 9 0.1537748 
1004 613 16 25 0.15074305 
137 128 9 11 0.15012906 
718 79 7 9 0.14779063 
754 94 8 10 0.14749949 
412 255 10 12 0.14728893 
807 64 8 10 0.14718847 
298 54 8 10 0.14580832 
611 488 13 16 0.14373271 
161 77 7 9 0.1436713 
266 8 7 8 0.14348942 
155 69 6 10 0.14340094 
33 125 10 11 0.14326859 
248 7 7 9 0.1429464 
845 517 15 19 0.14279345 
872 119 8 10 0.14207318 
967 39 6 8 0.14114133 
936 576 12 17 0.14034876 
57 50 8 9 0.14007315 
622 7 7 10 0.13971138 
254 62 7 9 0.13935634 
183 604 15 20 0.1388082 
882 48 7 8 0.13831829 
361 32 8 10 0.13821797 
125 70 8 11 0.1378394 
853 116 8 12 0.13695802 
89 54 6 8 0.13567665 
338 88 7 9 0.13528371 
416 8 7 10 0.13464288 
141 128 8 10 0.134517 
111 554 11 13 0.13379566 
855 31 8 10 0.13355479 
566 36 8 10 0.13355364 
244 565 10 13 0.13328965 
943 54 7 10 0.13262726 
345 62 8 10 0.13248478 
521 38 7 9 0.13182858 
896 128 8 10 0.13124236 
113 6 7 9 0.1306749 
700 575 12 14 0.13055782 
953 77 8 10 0.13042334 
12 587 16 21 0.12980911 
913 144 7 9 0.12890942 
801 30 7 9 0.12860936 
808 89 7 9 0.12819754 
131 606 16 19 0.12806094 
147 579 12 16 0.12687849 
590 1 8 9 0.12546478 
912 531 11 15 0.12530348 
742 587 10 12 0.12469593 
30 14 8 11 0.12390347 
566 121 8 12 0.12371909 
593 76 9 11 0.123636685 
472 65 7 9 0.12272084 
22 104 8 11 0.12241211 
426 55 7 9 0.12202191 
31 53 7 10 0.121562846 
449 48 6 9 0.12102749 
850 112 8 10 0.119810216 
78 69 8 10 0.11917969 
593 6 8 9 0.11892908 
935 80 9 9 0.11887604 
295 2 6 8 0.11843644 
904 84 8 10 0.11790792 
103 22 7 9 0.11744992 
305 72 7 9 0.11735054 
358 88 9 10 0.11728748 
763 588 12 15 0.11706917 
151 570 12 17 0.11668118 
97 151 8 10 0.1157583 
406 85 8 9 0.11540768 
6 586 14 19 0.11430317 
871 39 8 10 0.113692075 
353 87 8 10 0.11348883 
296 589 12 15 0.11336045 
725 32 8 9 0.11322708 
873 77 8 10 0.113171645 
824 6 7 9 0.11310747 
13 54 7 10 0.112488106 
912 41 7 9 0.111327745 
760 533 9 12 0.11072157 
387 39 8 9 0.11030833 
935 110 7 9 0.11020897 
166 23 6 8 0.10977108 
1001 86 7 10 0.109718375 
937 37 8 10 0.10910628 
697 72 7 9 0.10834322 
429 55 8 9 0.10749456 
934 87 10 12 0.10719897 
702 46 7 8 0.10644093 
751 23 8 10 0.106409 
784 33 7 10 0.10571076 
321 21 7 9 0.10564261 
726 571 13 14 0.105196975 
609 30 8 10 0.1051814 
614 589 12 14 0.10466854 
456 38 8 10 0.1045719 
178 40 7 9 0.10379657 
122 77 8 9 0.10261469 
798 24 8 10 0.10215323 
308 104 10 12 0.10195187 
906 55 8 10 0.101821184 
878 507 9 12 0.101276405 
601 50 7 10 0.100837626 
670 14 8 10 0.100579984 
1002 536 9 12 0.09998636 
216 7 7 9 0.09986405 
910 56 8 10 0.09969824 
768 661 11 13 0.09941986 
958 172 8 10 0.09895004 
134 106 8 10 0.098597035 
322 17 7 9 0.09855221 
166 574 12 15 0.09852873 
456 77 8 10 0.098498896 
770 103 7 10 0.09833712 
759 56 8 9 0.09782625 
496 7 7 9 0.097454265 
650 579 17 19 0.09724135 
990 31 8 9 0.09632884 
494 572 16 19 0.095789336 
337 15 8 9 0.095244035 
183 45 7 9 0.09480276 
836 569 13 17 0.09453826 
858 97 7 9 0.09382825 
69 108 8 10 0.09378404 
246 33 7 9 0.09225393 
793 87 6 8 0.091645926 
737 619 17 20 0.09153937 
80 32 7 9 0.09139703 
727 37 7 9 0.09081358 
271 36 8 10 0.090744175 
576 77 8 10 0.08965643 
802 7 7 9 0.08958488 
888 95 8 10 0.08957877 
968 484 12 15 0.08951882 
934 17 8 10 0.08864354 
250 62 7 9 0.08833123 
962 15 7 10 0.087863445 
210 71 8 10 0.08726434 
498 62 8 9 0.08668701 
341 88 8 9 0.08657157 
57 142 8 11 0.085698605 
0 38 8 12 0.0856968 
866 517 13 17 0.08549276 
963 64 7 8 0.084825605 
38 102 8 11 0.08384677 
123 407 13 16 0.083717205 
378 585 13 15 0.083712414 
183 86 7 10 0.083549224 
798 108 8 11 0.08326526 
575 72 8 10 0.083177835 
878 73 8 10 0.082383044 
713 95 8 9 0.08201167 
553 105 8 9 0.08200017 
238 69 8 9 0.08192428 
198 5 7 9 0.081474066 
823 38 7 8 0.08122284 
855 587 13 16 0.0810277 
638 112 8 10 0.080909505 
336 31 6 9 0.08087227 
281 16 7 10 0.08085851 
553 15 8 10 0.08083596 
782 56 7 10 0.08076159 
160 8 8 9 0.080303706 
287 21 8 9 0.08016485 
485 119 8 10 0.08000958 
457 32 9 10 0.07965019 
608 17 8 10 0.07928481 
713 39 6 8 0.07876623 
552 68 8 10 0.078639105 
337 54 8 10 0.07800334 
33 96 8 10 0.07783174 
574 52 8 10 0.07782104 
457 16 7 9 0.07745245 
895 38 7 10 0.07698055 
921 32 7 8 0.076745704 
851 522 13 17 0.076657414 
498 37 7 10 0.07643687 
479 13 7 9 0.07631451 
1005 87 7 9 0.076310426 
774 128 7 9 0.076068714 
763 2 7 8 0.07552424 
886 5 8 9 0.075206205 
609 22 8 10 0.07503875 
270 6 8 9 0.07500631 
105 61 7 10 0.07485127 
224 92 8 10 0.07468734 
950 132 8 11 0.07433656 
216 1 8 8 0.07417219 
296 5 7 9 0.074056186 
345 68 9 11 0.07365637 
887 55 8 10 0.07364875 
6 118 8 11 0.07361397 
761 61 8 9 0.07339097 
62 49 8 9 0.073255286 
301 55 8 9 0.07318797 
507 588 15 18 0.07312676 
79 557 11 16 0.073118754 
101 151 8 9 0.07282018 
902 518 9 12 0.0725202 
744 6 8 9 0.0724267 
243 7 7 9 0.07226269 
886 111 8 10 0.07219417 
265 69 9 11 0.07189676 
366 104 8 9 0.071539424 
839 86 7 10 0.07148445 
664 91 9 11 0.07132341 
245 579 12 14 0.071285516 
396 594 14 17 0.070852265 
576 6 9 11 0.07056885 
961 89 8 10 0.07055412 
842 646 13 14 0.070429124 
842 38 8 9 0.0701968 
368 6 7 9 0.07009203 
557 62 8 10 0.06998528 
759 89 7 9 0.06998233 
911 60 9 12 0.06990366 
182 39 8 10 0.069765925 
13 49 7 9 0.069421016 
677 6 9 9 0.069388755 
312 32 7 10 0.0692139 
745 68 8 10 0.06904605 
105 551 9 12 0.068713315 
969 168 7 9 0.068367034 
750 69 7 10 0.06785379 
869 508 11 14 0.06775786 
696 77 8 10 0.06772693 
56 94 8 9 0.06762735 
558 14 8 10 0.06757667 
557 104 7 10 0.06750598 
668 89 9 11 0.06746352 
103 159 8 9 0.06741361 
432 38 7 9 0.06696936 
6 152 9 10 0.06637402 
337 47 8 10 0.06612938 
671 8 9 10 0.066038445 
937 104 7 10 0.06592805 
501 58 8 9 0.065805815 
240 132 8 9 0.0657672 
954 111 8 11 0.065639526 
936 141 8 10 0.06558058 
33 101 9 11 0.0655594 
343 121 9 10 0.06554695 
70 558 13 18 0.06533928 
343 56 7 10 0.065220244 
489 54 7 9 0.06516512 
520 46 7 9 0.06491643 
551 604 12 15 0.064902194 
74 63 7 10 0.06462991 
234 69 7 9 0.06450557 
68 -57 385 444 0.06441732 
687 40 6 9 0.0643195 
336 9 8 10 0.064266756 
82 539 14 16 0.06411441 
144 15 6 8 0.06365016 
846 37 7 9 0.063649714 
622 13 8 10 0.063586995 
23 33 8 9 0.06358564 
468 584 14 16 0.063076 
144 585 12 15 0.063042656 
666 13 7 10 0.0630144 
95 558 9 13 0.06275725 
17 109 9 11 0.06236394 
830 8 7 9 0.06212655 
942 33 7 9 0.061907865 
104 80 7 8 0.061898254 
943 497 13 17 0.061894365 
85 559 11 13 0.061738506 
416 13 7 10 0.06135656 
401 80 8 11 0.061307933 
242 32 8 10 0.061215863 
270 64 8 11 0.06117182 
831 49 7 8 0.06105875 
846 80 8 11 0.06102507 
848 32 8 10 0.06028388 
224 135 7 8 0.059892815 
520 581 11 14 0.059753343 
33 160 8 9 0.059749916 
901 548 8 12 0.05973845 
502 32 7 9 0.059658963 
464 72 7 9 0.05958329 
941 492 12 16 0.059481975 
103 86 8 10 0.059443995 
37 72 8 10 0.059400667 
342 14 8 10 0.05917518 
8 30 7 10 0.059096403 
625 40 8 10 0.05903464 
687 88 7 9 0.05886625 
797 589 13 16 0.058813546 
10 47 7 9 0.05879343 
568 8 7 10 0.058790896 
865 45 8 9 0.058671065 
472 7 7 9 0.058627818 
673 72 8 9 0.058606796 
461 585 14 18 0.058555044 
22 136 8 10 0.058412842 
924 571 13 19 0.058381595 
47 29 8 11 0.058351904 
177 46 8 10 0.058251753 
950 95 8 10 0.05813306 
677 70 9 11 0.058025062 
896 16 7 9 0.05794205 
920 39 7 9 0.057889327 
624 71 7 10 0.05785973 
711 581 12 14 0.05748204 
886 2 7 7 0.057230823 
112 103 7 10 0.056806516 
361 92 9 11 0.056749657 
749 64 7 9 0.05644658 
362 103 8 10 0.05623012 
847 587 10 14 0.056186445 
910 79 8 11 0.056116007 
703 72 6 9 0.055931836 
105 57 7 8 0.055783395 
181 31 8 10 0.055776585 
878 39 8 9 0.055683393 
681 116 9 11 0.055628385 
728 2 7 7 0.055505186 
825 54 7 8 0.05542685 
926 495 13 17 0.05536539 
216 14 7 10 0.055275258 
167 609 13 18 0.055079978 
223 38 7 8 0.05495856 
171 87 7 9 0.054846995 
586 111 8 9 0.05471458 
265 14 8 10 0.05467723 
30 32 7 9 0.054649044 
831 54 6 9 0.054592256 
930 92 9 11 0.054529857 
504 24 7 8 0.054527793 
414 56 7 10 0.05428893 
208 47 7 9 0.054239836 
957 76 8 10 0.054135278 
324 61 8 11 0.054035358 
560 8 8 10 0.053969968 
806 32 7 9 0.053867057 
97 7 8 9 0.053839806 
584 0 9 10 0.053709246 
521 34 6 8 0.05363874 
807 56 7 8 0.05359734 
120 158 8 10 0.053548288 
591 111 8 9 0.053420376 
167 73 7 10 0.05337349 
928 144 6 9 0.053276557 
986 39 7 8 0.053260133 
985 53 8 9 0.053224083 
734 64 7 9 0.053127933 
998 52 8 10 0.0531176 
31 120 10 10 0.053052705 
101 17 8 9 0.05294977 
896 79 7 9 0.052887924 
194 1 8 9 0.05287822 
278 54 8 10 0.05283788 
824 23 7 10 0.05282242 
193 6 8 10 0.052676592 
263 79 9 10 0.052386016 
861 101 8 10 0.05218286 
880 111 7 9 0.05210641 
1002 121 8 9 0.052016906 
119 46 6 9 0.051875032 
918 144 7 9 0.051668845 
985 48 7 9 0.051648032 
266 32 7 10 0.0516345 
321 7 7 9 0.051631734 
543 48 7 9 0.051577915 
444 6 8 9 0.051449213 
86 594 14 17 0.05141436 
714 80 7 9 0.051395632 
964 118 7 10 0.051319506 
135 0 7 7 0.05126082 
896 523 11 15 0.05105191 
649 85 8 11 0.05102855 
720 573 10 13 0.05102629 
606 60 9 11 0.050990637 
357 434 10 14 0.050929938 
1006 33 7 9 0.050918784 
352 8 9 11 0.05074075 
599 15 8 9 0.0507278 
474 30 8 10 0.05064334 
925 556 11 15 0.05043656 
103 555 9 13 0.050365377 
896 22 7 9 0.050355505 
63 53 7 9 0.050318602 
216 103 8 9 0.050267972 
312 581 10 12 0.05024519 
591 15 9 10 0.049917936 
110 2 8 8 0.049815506 
117 479 15 17 0.049775306 
232 24 6 8 0.04965476 
24 48 8 9 0.04963374 
863 137 7 9 0.049544565 
382 53 9 10 0.04951444 
295 583 12 14 0.049488854 
882 2 7 8 0.04938187 
913 70 7 9 0.04922537 
304 6 7 9 0.049160637 
638 70 11 12 0.049049698 
303 63 8 10 0.049024034 
844 579 11 16 0.049007118 
192 46 7 9 0.0489917 
96 156 8 10 0.048964273 
48 110 8 10 0.048897468 
116 555 10 13 0.04888463 
58 8 8 8 0.048882328 
825 47 7 9 0.048784196 
761 594 12 15 0.048710722 
783 68 7 10 0.048648227 
23 37 7 9 0.04856918 
384 78 7 10 0.04853336 
119 151 9 11 0.04852618 
496 56 7 9 0.04849847 
318 123 9 11 0.048407912 
325 56 8 10 0.048406772 
654 118 8 9 0.04829451 
577 2 9 10 0.047974873 
438 87 8 9 0.047882527 
806 37 7 9 0.04786301 
96 481 16 18 0.04782557 
669 576 13 15 0.047781907 
38 559 14 19 0.04771863 
609 36 9 10 0.04754582 
1000 49 7 9 0.047541868 
529 80 7 9 0.047300078 
605 55 9 11 0.047283597 
822 2 7 7 0.047169838 
119 169 7 9 0.047165554 
425 48 7 9 0.047050804 
879 17 7 9 0.047031946 
867 40 7 9 0.0469174 
836 538 13 17 0.046913337 
127 28 8 10 0.046900548 
871 5 8 10 0.046888627 
798 524 11 13 0.04686715 
290 1 8 8 0.04685782 
641 64 9 10 0.046789423 
678 57 7 8 0.04675604 
695 0 8 8 0.046751767 
941 37 8 9 0.04659828 
699 46 6 9 0.046587054 
632 46 8 10 0.046565264 
23 142 9 11 0.046542637 
568 79 8 11 0.046525333 
700 27 8 11 0.046359967 
127 66 8 9 0.046339925 
802 64 8 10 0.04633354 
776 48 7 9 0.046310768 
32 64 7 10 0.046284914 
173 572 10 14 0.04627687 
873 21 8 10 0.04608735 
478 64 7 9 0.04601307 
278 1 7 9 0.0458803 
254 7 7 9 0.04586852 
754 90 7 9 0.045839824 
537 48 7 9 0.04568064 
919 117 8 10 0.045484208 
612 594 13 15 0.045461718 
728 46 7 9 0.045314588 
534 80 6 8 0.045256317 
177 125 7 9 0.045095902 
777 54 7 10 0.04500789 
31 9 8 10 0.044752944 
869 561 16 18 0.04467051 
76 567 13 19 0.04466072 
542 600 12 17 0.044649232 
365 32 8 9 0.044634406 
943 135 9 10 0.044573277 
64 19 8 10 0.04450962 
96 21 7 10 0.044498306 
776 1 7 8 0.04446216 
511 15 7 10 0.044456977 
360 36 8 10 0.044452578 
600 104 8 10 0.04444544 
625 45 8 10 0.044426713 
632 104 8 10 0.044364803 
925 564 11 15 0.04429464 
882 104 6 9 0.044260446 
597 73 10 12 0.044189762 
989 39 7 8 0.04386689 
253 578 13 17 0.043765713 
224 32 8 10 0.043693885 
170 55 7 9 0.0435939 
102 94 8 10 0.043515667 
85 650 14 19 0.04347228 
856 78 8 10 0.043377172 
616 15 7 10 0.043341782 
599 109 7 9 0.043332983 
338 92 8 10 0.043301772 
750 127 8 9 0.04329856 
996 501 9 11 0.043129068 
875 524 11 16 0.043115128 
933 117 10 13 0.04311312 
975 55 7 8 0.0430827 
136 167 8 10 0.043058693 
97 16 8 10 0.04305075 
790 15 8 9 0.042890377 
379 606 12 16 0.042887494 
769 96 7 9 0.04276382 
250 22 7 9 0.042705003 
928 6 7 9 0.042702917 
986 32 7 9 0.04265579 
737 47 7 9 0.042594958 
966 16 7 10 0.042169448 
737 80 8 9 0.042098686 
431 0 7 8 0.042064473 
969 57 7 9 0.04193562 
454 47 8 9 0.041693557 
1006 94 9 10 0.041691907 
717 95 8 10 0.041679963 
928 2 7 8 0.041673463 
641 56 8 9 0.041570235 
904 8 7 9 0.041568592 
888 15 8 9 0.04135883 
161 14 8 10 0.041332502 
807 1 7 7 0.04130667 
175 61 8 9 0.04124569 
498 32 7 9 0.041230623 
360 2 7 8 0.041126233 
1005 142 8 11 0.041053038 
873 17 8 9 0.04096666 
47 159 10 12 0.040878955 
912 32 7 8 0.040811058 
797 571 14 17 0.040777978 
101 143 9 11 0.040735144 
630 586 12 14 0.040470928 
408 40 7 9 0.04043448 
744 47 7 9 0.040297907 
529 31 8 9 0.040280033 
14 60 8 11 0.040266 
383 17 8 10 0.04024953 
596 6 9 10 0.04024797 
402 29 8 10 0.040229507 
490 48 7 9 0.040214986 
62 143 9 10 0.040203944 
984 73 7 9 0.040155966 
191 104 8 9 0.040075712 
728 5 7 9 0.04007013 
426 61 7 9 0.03997308 
808 109 8 10 0.03994787 
734 96 7 9 0.03993307 
682 87 7 9 0.03993131 
379 48 7 9 0.039908472 
442 80 7 9 0.039875433 
713 87 7 10 0.039800413 
792 81 6 8 0.03979404 
138 7 7 9 0.039690543 
583 15 8 10 0.03962766 
703 40 6 9 0.039537694 
87 112 8 11 0.039535884 
802 37 8 9 0.0395166 
313 611 16 19 0.039459538 
38 107 9 11 0.039346553 
221 6 8 9 0.03934408 
337 564 10 13 0.039281797 
519 71 8 10 0.039190426 
42 31 8 10 0.03918296 
896 6 8 9 0.039087098 
174 70 8 10 0.03904235 
409 61 8 10 0.038991164 
786 14 7 10 0.0388926 
161 152 8 10 0.038816806 
606 48 8 9 0.038787972 
111 25 7 10 0.03878793 
889 36 8 10 0.038711604 
87 17 8 10 0.03862798 
817 0 8 7 0.03851594 
954 168 9 11 0.03849779 
65 83 8 11 0.038418762 
590 31 8 10 0.038282964 
834 92 7 10 0.0382808 
746 142 7 10 0.038200006 
160 159 8 9 0.03810073 
789 38 7 10 0.03801232 
791 8 8 9 0.038012117 
173 608 14 21 0.037983418 
856 73 6 8 0.037977472 
416 638 8 10 0.037951637 
624 77 8 10 0.03784675 
121 29 7 9 0.037844233 
0 159 9 13 0.037842095 
391 5 8 10 0.03780319 
598 575 12 14 0.037788816 
896 2 8 7 0.037787028 
1004 148 9 11 0.037651584 
129 0 8 8 0.03760598 
350 630 13 17 0.037451062 
414 61 7 10 0.03740824 
721 73 7 9 0.03738999 
746 23 8 10 0.037373602 
445 593 13 16 0.037257213 
353 436 10 14 0.037241552 
602 126 8 10 0.037236106 
541 619 9 12 0.037235774 
326 103 8 11 0.037163578 
486 595 10 13 0.037161022 
136 70 8 10 0.037132997 
736 55 7 9 0.037110787 
250 14 7 10 0.03706895 
48 24 8 10 0.036969338 
767 88 7 9 0.03691605 
751 16 8 10 0.03691376 
628 484 12 15 0.036893137 
463 16 6 8 0.03685503 
352 1 9 9 0.0368115 
840 516 13 17 0.03680407 
487 125 8 10 0.03676175 
89 50 8 9 0.036696084 
730 137 7 10 0.03661921 
74 483 14 16 0.03660916 
542 563 10 13 0.03660788 
590 21 9 10 0.03660346 
960 101 9 10 0.036583457 
38 76 8 11 0.036544822 
474 14 7 9 0.03650299 
461 31 8 10 0.0364934 
656 47 7 10 0.036423866 
908 473 11 14 0.036378607 
655 79 8 11 0.036314953 
199 116 8 10 0.036284752 
990 47 8 9 0.03622265 
945 569 14 17 0.036203578 
952 145 8 11 0.036142714 
646 57 9 10 0.036115933 
240 54 8 11 0.036090948 
95 48 6 9 0.03602971 
832 79 8 11 0.0360148 
88 63 7 10 0.035903566 
639 116 8 11 0.035695076 
505 15 7 9 0.035692874 
751 39 8 9 0.035667088 
431 7 7 9 0.035626173 
729 88 7 9 0.03558887 
549 559 11 14 0.035545148 
520 77 8 10 0.035488892 
272 47 7 10 0.035470635 
175 0 7 8 0.035455488 
46 62 8 10 0.035373755 
102 7 8 9 0.035363887 
58 15 7 9 0.0353498 
568 14 7 9 0.03526278 
73 603 12 17 0.035261914 
857 55 7 10 0.035219885 
752 556 11 13 0.035084087 
639 5 8 9 0.035062622 
434 87 8 9 0.035050288 
447 22 7 9 0.035039958 
288 109 9 10 0.03501083 
664 38 8 11 0.03499777 
859 592 14 16 0.03499668 
221 1 8 9 0.034988027 
77 546 13 18 0.03475477 
188 614 14 18 0.034729462 
157 65 8 10 0.034708135 
298 61 7 10 0.034660958 
277 591 13 18 0.034633648 
12 595 18 23 0.03462441 
441 55 7 9 0.0345618 
697 40 7 9 0.034559533 
792 31 7 9 0.034488004 
513 592 16 19 0.034311526 
289 94 9 10 0.034307454 
247 56 9 11 0.034302402 
816 103 8 10 0.034301415 
505 120 8 9 0.034298297 
954 506 12 15 0.03419784 
734 141 8 9 0.034147505 
158 141 8 10 0.03414284 
425 588 10 13 0.03401415 
32 110 9 10 0.03398428 
919 94 8 10 0.033971496 
477 32 8 9 0.033966746 
63 73 7 10 0.03395662 
514 47 7 8 0.0338947 
281 48 8 9 0.03378856 
530 24 7 9 0.033771336 
441 72 7 9 0.033634283 
537 36 7 10 0.0336324 
38 96 8 9 0.03360292 
241 80 7 9 0.03354874 
987 96 8 10 0.033454884 
83 570 14 18 0.033450924 
67 105 7 10 0.033444054 
968 172 9 11 0.03342742 
472 24 7 9 0.033419847 
499 564 14 17 0.033363618 
447 78 8 10 0.03335588 
176 80 9 11 0.03335527 
74 70 7 9 0.033329297 
655 71 9 11 0.033306945 
15 149 9 12 0.033268295 
987 100 9 11 0.0332379 
448 53 7 9 0.033221807 
279 61 8 10 0.03320265 
103 71 7 9 0.03319871 
622 486 10 14 0.033151943 
783 0 7 8 0.033121295 
344 9 8 11 0.033100836 
1007 103 8 10 0.03303851 
130 105 8 10 0.033037335 
144 22 8 9 0.032977704 
760 151 8 9 0.032937683 
166 78 7 9 0.03293201 
633 109 7 10 0.032929152 
919 62 7 10 0.03290674 
881 52 9 11 0.032846604 
199 559 12 16 0.032804474 
889 24 7 9 0.0327705 
1007 4 8 10 0.03274033 
709 573 12 15 0.032733984 
734 137 8 9 0.03272708 
687 45 7 10 0.03271314 
650 117 8 10 0.032657553 
968 69 7 10 0.0325762 
448 73 8 10 0.032566585 
928 118 9 11 0.032541074 
583 77 8 10 0.03249878 
505 104 8 11 0.03248407 
869 529 13 15 0.032477766 
740 547 11 13 0.032456703 
701 112 8 10 0.03242933 
561 79 9 12 0.03242597 
157 136 9 10 0.03238794 
81 117 8 11 0.03238738 
721 36 8 10 0.032373283 
965 89 8 9 0.03233197 
817 31 7 10 0.032300618 
210 7 8 9 0.032258004 
481 80 7 8 0.032232545 
992 25 8 10 0.03223123 
761 5 7 9 0.03216977 
696 7 8 9 0.03214769 
966 32 7 9 0.03211412 
108 543 10 12 0.032074243 
143 71 7 9 0.03207089 
979 79 7 9 0.032005597 
832 14 6 9 0.031966396 
497 24 7 9 0.031911172 
40 37 8 10 0.031858105 
729 94 7 9 0.031825826 
325 22 7 9 0.03181723 
960 31 9 11 0.031813715 
257 80 8 10 0.031753074 
711 14 8 10 0.031748746 
292 103 9 11 0.031684987 
644 301 10 12 0.031682108 
320 68 9 10 0.03159177 
734 70 8 10 0.03158961 
767 55 8 10 0.031581603 
342 23 8 9 0.031524166 
690 16 6 9 0.031510163 
711 8 8 10 0.0314334 
466 7 6 8 0.031392816 
87 30 7 9 0.031371865 
799 580 13 15 0.0313695 
662 47 9 11 0.031355493 
778 31 7 10 0.031321626 
6 84 9 11 0.03127727 
192 55 7 10 0.031240677 
823 31 8 10 0.031223098 
919 79 7 9 0.031131603 
248 164 8 10 0.031106371 
424 32 7 9 0.03109641 
856 188 9 11 0.031075545 
359 6 7 10 0.03106594 
563 119 8 11 0.031036297 
368 108 8 10 0.030990774 
937 136 9 11 0.030898148 
260 575 10 14 0.030891744 
863 25 6 8 0.030839927 
562 125 9 11 0.030829059 
750 143 7 10 0.030799529 
193 566 11 15 0.030769506 
494 47 7 9 0.030695388 
432 33 7 9 0.030690609 
95 551 9 12 0.030670755 
519 8 7 9 0.030663496 
544 15 7 9 0.030632291 
903 110 6 9 0.030630888 
742 80 8 10 0.030596133 
896 111 7 9 0.030576242 
862 55 8 11 0.030548027 
918 46 8 9 0.030398114 
929 15 9 10 0.030343546 
533 561 12 15 0.030326543 
623 2 7 8 0.03030229 
951 102 8 10 0.030281322 
599 484 13 17 0.030279402 
563 32 7 11 0.030274417 
40 5 8 10 0.030220443 
1001 80 7 10 0.030174345 
677 2 9 8 0.030166643 
673 56 6 8 0.030150674 
510 22 8 9 0.030134212 
153 161 7 9 0.030130893 
477 587 12 16 0.030120358 
104 48 7 9 0.030075416 
248 586 12 15 0.030061409 
525 39 7 9 0.030051207 
118 7 7 9 0.029941171 
496 14 7 9 0.029919228 
808 104 7 10 0.029903745 
143 34 7 9 0.02988909 
427 20 8 10 0.02986889 
305 37 8 10 0.029863779 
392 78 7 10 0.029851943 
160 129 7 8 0.029837362 
575 121 8 11 0.029800657 
82 16 6 8 0.029790372 
461 78 8 9 0.02977894 
746 135 8 10 0.029706266 
84 142 9 11 0.029677184 
441 14 7 10 0.02963562 
80 37 7 10 0.029625127 
326 15 7 10 0.029621202 
584 64 7 10 0.029615114 
37 633 15 18 0.029603316 
134 580 13 16 0.029542636 
121 65 8 10 0.029537443 
234 127 7 10 0.029534848 
970 488 14 18 0.029496929 
888 59 9 12 0.029464705 
425 1 8 8 0.029449742 
721 0 7 8 0.029423736 
336 39 7 9 0.029408548 
5 156 10 12 0.02934527 
110 572 12 16 0.029297765 
727 24 7 8 0.02929236 
542 33 7 9 0.029258782 
555 599 12 15 0.029231766 
233 119 8 10 0.029187763 
194 110 8 11 0.029174495 
623 88 8 10 0.029154394 
942 117 9 11 0.029152762 
882 95 7 10 0.02910567 
169 121 8 9 0.029069174 
808 47 8 10 0.02905911 
209 15 7 9 0.029047038 
456 369 35 36 0.02899947 
678 62 8 10 0.028994532 
96 2 8 9 0.028993024 
695 64 8 9 0.028987415 
695 16 8 9 0.02897317 
944 94 8 11 0.028953962 
308 91 10 12 0.028949622 
310 70 7 10 0.028939225 
897 120 7 9 0.028936312 
424 9 7 9 0.028915714 
553 21 8 9 0.028905943 
936 190 8 11 0.028730549 
576 15 7 9 0.028564215 
117 632 14 18 0.028531633 
542 120 8 10 0.028511014 
265 47 7 10 0.028500842 
821 103 8 10 0.0284594 
311 37 7 9 0.028434437 
655 86 8 10 0.028402299 
552 48 7 9 0.028358268 
159 102 8 9 0.028348828 
907 48 6 8 0.028347518 
112 109 8 10 0.028336048 
111 57 7 9 0.028326645 
947 151 8 10 0.028292501 
382 103 9 9 0.028252227 
719 16 7 9 0.028247138 
1001 31 7 10 0.028193157 
768 106 9 12 0.028148146 
558 55 8 9 0.02814625 
313 63 8 10 0.028106982 
785 80 7 8 0.028087428 
927 62 7 9 0.02807657 
839 48 8 9 0.028064447 
182 81 8 10 0.028045718 
247 559 10 14 0.02803405 
665 32 7 9 0.028009338 
943 49 8 9 0.02799208 
929 111 8 10 0.027959269 
113 29 7 9 0.02795869 
384 72 8 10 0.02795664 
456 586 13 18 0.027916808 
678 78 8 10 0.027866017 
807 15 7 9 0.027838124 
765 62 8 9 0.027765872 
606 125 8 10 0.027738547 
904 13 8 10 0.027736578 
841 23 7 8 0.02772813 
903 23 7 9 0.0277138 
910 8 8 10 0.027684044 
273 2 8 9 0.027658155 
809 558 12 14 0.027647102 
431 61 7 10 0.027622508 
111 135 8 10 0.027592702 
792 505 15 18 0.02757943 
920 24 7 9 0.02752782 
542 38 7 8 0.027524449 
16 31 7 10 0.027489187 
920 1 8 8 0.027465671 
520 65 7 9 0.027455356 
216 95 8 10 0.027453033 
954 491 14 17 0.027450845 
2 524 16 19 0.027449057 
470 2 8 8 0.027425984 
197 602 13 18 0.027414476 
773 269 11 13 0.02739708 
752 532 11 15 0.027365558 
751 6 7 9 0.027325267 
600 30 7 10 0.027302194 
65 39 7 9 0.027288612 
851 511 11 14 0.027245598 
848 24 8 10 0.027241796 
403 596 11 15 0.027204972 
223 436 11 14 0.0271536 
13 125 10 11 0.027117888 
766 71 7 9 0.027106008 
463 23 7 9 0.027100183 
689 80 8 9 0.02708861 
585 38 7 9 0.027069753 
311 2 8 9 0.027060265 
533 592 21 25 0.027043207 
632 2 9 9 0.027040653 
143 159 7 9 0.027028324 
704 7 9 10 0.02702561 
886 100 9 11 0.027018877 
927 38 7 10 0.027015982 
397 614 12 16 0.026974937 
745 15 8 9 0.026967626 
338 61 8 10 0.02693005 
558 21 8 10 0.026854204 
696 87 8 9 0.026846824 
231 30 7 10 0.026846573 
177 25 7 8 0.02683291 
721 47 7 8 0.026832623 
630 40 8 10 0.026828565 
253 22 8 10 0.02679813 
856 25 8 10 0.026754579 
999 207 13 15 0.026737347 
75 595 15 18 0.02670649 
753 55 6 9 0.02669451 
800 87 6 9 0.026691353 
713 23 7 9 0.026631756 
143 144 7 10 0.026630526 
608 96 7 9 0.026590984 
730 565 14 17 0.026574075 
873 113 7 9 0.026571205 
968 21 7 10 0.026546193 
583 71 8 11 0.026455529 
915 527 11 13 0.026434992 
181 564 12 15 0.026429938 
153 141 9 11 0.0264181 
848 6 7 9 0.026408834 
28 636 24 29 0.026354557 
592 105 8 9 0.026350606 
17 134 8 10 0.026348086 
341 102 8 10 0.026342938 
153 166 9 10 0.026259387 
838 136 8 10 0.02621532 
951 32 7 9 0.026198512 
969 128 9 12 0.026193528 
746 126 8 9 0.026185878 
166 586 11 14 0.02618234 
919 105 7 9 0.026179409 
934 124 8 10 0.02611986 
304 15 7 10 0.026116077 
943 61 8 11 0.026084477 
286 32 8 10 0.02604934 
386 33 7 9 0.026040118 
337 23 7 8 0.026008632 
959 484 12 15 0.025943158 
870 572 13 15 0.025942497 
942 86 8 10 0.025937429 
14 118 10 12 0.025882134 
736 102 8 10 0.025866453 
264 2 8 9 0.02584813 
893 94 8 10 0.02582302 
840 80 9 11 0.025809633 
634 299 11 14 0.025763199 
840 71 7 9 0.02573916 
96 112 8 9 0.025707748 
478 38 7 9 0.025701573 
610 584 20 23 0.025681179 
951 155 8 11 0.025677565 
777 24 6 9 0.025672292 
254 543 11 14 0.025627008 
293 94 9 11 0.025626073 
553 55 7 10 0.025624407 
357 80 8 10 0.025611231 
68 573 15 21 0.025540048 
1003 37 8 9 0.025533598 
822 582 14 16 0.02552742 
176 7 7 9 0.025474463 
879 32 8 10 0.025463987 
415 71 8 10 0.025440512 
759 15 8 10 0.025435649 
151 128 8 9 0.025432382 
301 583 10 13 0.02539973 
208 40 8 9 0.025393842 
784 503 12 15 0.025374036 
120 41 6 8 0.025364248 
816 48 7 10 0.025325779 
8 123 10 13 0.025312822 
357 15 8 10 0.025303084 
832 110 7 9 0.025300525 
436 588 12 16 0.025296832 
777 88 8 10 0.025281265 
966 102 7 10 0.025278704 
26 65 7 9 0.02527609 
886 145 9 11 0.025269743 
102 626 12 17 0.025256502 
745 40 7 9 0.025207669 
390 16 8 10 0.025199492 
239 23 7 8 0.025198067 
760 144 8 10 0.025187533 
721 55 7 9 0.02515411 
592 63 8 10 0.02510472 
902 511 11 13 0.025094558 
766 4 8 11 0.025061153 
4 597 17 22 0.025027918 
881 5 8 10 0.025018862 
390 72 7 11 0.025014482 
368 583 9 13 0.0249856 
735 86 7 9 0.024958165 
527 46 8 10 0.024957165 
41 1 9 10 0.024868628 
457 22 8 10 0.024845056 
31 166 10 12 0.024827698 
20 548 11 15 0.024819933 
184 8 8 10 0.024802757 
223 71 8 9 0.024801468 
794 516 13 15 0.024800155 
743 85 8 9 0.024795946 
26 69 7 10 0.024776632 
713 101 7 8 0.024774613 
466 64 7 9 0.02471396 
802 2 7 9 0.024676336 
991 53 8 10 0.024676058 
492 578 22 26 0.02467331 
37 159 9 11 0.02465553 
159 97 7 9 0.024651514 
496 69 8 10 0.024633003 
266 22 7 9 0.024628215 
973 168 7 9 0.024626743 
702 78 7 9 0.02462363 
111 159 7 9 0.024583159 
53 30 8 10 0.024552718 
208 53 7 9 0.024551498 
761 71 8 10 0.024518555 
94 427 13 14 0.024513692 
543 53 7 9 0.02450274 
105 2 7 8 0.024476368 
353 572 10 13 0.02438837 
283 593 13 17 0.024365582 
383 85 8 9 0.024352375 
127 8 7 8 0.024340032 
175 567 11 13 0.024331244 
657 93 8 10 0.02432179 
944 102 8 10 0.024268802 
305 32 9 10 0.02424394 
937 47 8 10 0.024209706 
329 31 7 9 0.024190426 
417 47 7 9 0.024160337 
81 8 6 8 0.02414439 
349 63 7 10 0.024128217 
481 87 7 9 0.024127934 
929 80 8 9 0.024124298 
889 78 7 10 0.02405666 
17 142 9 11 0.02405061 
927 32 8 9 0.024023158 
295 575 10 13 0.024016239 
232 541 10 13 0.023992676 
909 518 9 12 0.023982117 
12 555 12 15 0.023980243 
210 78 8 10 0.0239588 
992 228 14 17 0.023906292 
30 20 8 11 0.023880402 
823 111 7 8 0.02387963 
315 605 15 17 0.02382611 
357 564 10 13 0.023822619 
202 87 9 11 0.023785569 
942 111 9 10 0.023755174 
41 24 7 9 0.023749342 
327 8 7 9 0.023745218 
872 86 9 11 0.023711294 
751 29 8 9 0.023695132 
177 15 6 8 0.023646714 
991 134 9 11 0.023643136 
943 80 7 9 0.023620479 
936 73 8 9 0.023612177 
919 87 9 11 0.023587165 
336 101 9 11 0.02358352 
430 48 7 9 0.023562262 
116 571 12 15 0.02355862 
894 57 8 10 0.023525601 
637 76 11 12 0.023487369 
557 109 8 10 0.023478286 
233 55 8 10 0.023437962 
33 548 11 14 0.023427268 
751 47 7 9 0.023424864 
884 508 11 13 0.023406567 
104 166 7 9 0.023405053 
599 558 10 13 0.023399495 
974 173 9 10 0.023342084 
943 505 14 17 0.02332208 
377 16 7 9 0.023317803 
342 79 8 10 0.023310004 
192 454 10 12 0.023286035 
89 157 9 11 0.023269858 
807 563 12 15 0.023264008 
687 94 8 9 0.023249852 
84 547 13 17 0.023215408 
825 63 7 9 0.02319903 
137 149 8 10 0.023193294 
681 47 8 9 0.023190822 
613 23 8 10 0.023177376 
797 494 11 14 0.0231519 
50 118 8 10 0.02314605 
136 144 8 10 0.023134157 
201 22 7 10 0.023116732 
744 120 8 9 0.023090478 
23 147 10 12 0.023086833 
962 38 7 9 0.023064151 
210 2 7 8 0.023050865 
228 437 13 17 0.023011811 
778 38 8 10 0.022995181 
441 47 8 9 0.02296917 
425 40 7 8 0.022965657 
524 586 11 15 0.02294031 
528 85 8 10 0.022874407 
519 54 8 9 0.022838725 
731 141 7 9 0.02283315 
39 63 8 9 0.022829851 
184 92 9 10 0.022814423 
975 18 8 10 0.022800352 
239 14 8 10 0.022753939 
598 478 11 14 0.02274992 
169 48 7 9 0.022745965 
998 94 7 10 0.02274532 
984 126 7 10 0.022710126 
254 57 8 10 0.022678185 
969 46 7 9 0.02266083 
790 160 8 11 0.0226513 
191 572 21 26 0.022630313 
735 1 7 7 0.022625754 
570 47 8 10 0.02262122 
735 24 7 9 0.02261481 
409 8 7 10 0.022599917 
56 89 8 9 0.022579845 
842 32 7 10 0.022559782 
984 120 7 9 0.022539873 
96 81 6 8 0.02253063 
835 559 12 15 0.022512488 
833 137 7 10 0.022497956 
27 52 8 10 0.022398131 
768 48 8 9 0.022391502 
161 31 7 9 0.0223798 
825 70 8 10 0.02237827 
39 388 107 131 0.022376316 
905 59 9 12 0.022372983 
763 534 11 13 0.022363473 
272 576 12 15 0.022323973 
222 15 7 10 0.02231052 
455 65 8 8 0.022305083 
993 175 8 10 0.022302525 
790 46 8 10 0.022261169 
720 23 8 9 0.022255337 
841 119 7 9 0.022250814 
677 576 8 11 0.022233073 
1000 111 8 10 0.022229213 
456 96 9 11 0.022226749 
278 5 7 9 0.022222955 
33 75 9 11 0.022219092 
424 584 10 12 0.022218646 
447 16 7 9 0.02218641 
931 561 20 27 0.022185894 
448 64 7 9 0.02218367 
517 601 13 16 0.022167105 
560 134 9 11 0.022142118 
350 69 8 10 0.022135695 
649 45 9 11 0.022109998 
720 7 8 9 0.022109477 
567 85 8 10 0.022104938 
282 586 12 16 0.022083107 
581 5 10 11 0.022081438 
977 87 8 9 0.022075746 
365 88 8 10 0.022074562 
921 559 20 28 0.022073578 
216 32 8 9 0.022064626 
996 183 10 11 0.022060012 
423 80 8 10 0.021992393 
561 96 8 10 0.021985125 
826 15 7 9 0.021977587 
776 144 8 10 0.02196572 
56 2 8 8 0.021940744 
109 645 12 16 0.021940324 
201 16 7 9 0.021927495 
897 86 7 10 0.021915697 
523 551 22 25 0.021884017 
729 158 8 10 0.021878852 
733 539 15 16 0.021865556 
962 20 8 10 0.021865116 
392 96 8 11 0.021862779 
977 518 9 12 0.021857245 
971 618 15 20 0.021847809 
828 580 13 16 0.021842705 
194 610 15 20 0.021836773 
39 143 9 10 0.021820014 
357 556 13 15 0.021814225 
921 15 7 10 0.021806974 
88 151 8 10 0.02180562 
569 52 9 11 0.021805538 
142 9 7 8 0.02175158 
873 32 8 10 0.021739455 
80 148 9 11 0.021736987 
358 120 9 11 0.021723283 
782 521 15 17 0.021716556 
235 601 15 19 0.02170413 
113 151 7 9 0.02169674 
319 31 7 9 0.021689514 
432 81 8 9 0.02164261 
734 579 13 16 0.021574903 
830 645 15 17 0.02156671 
110 61 7 9 0.021560494 
92 590 11 15 0.021557005 
97 103 8 9 0.021515666 
711 71 7 10 0.021500496 
800 81 6 8 0.021492451 
198 468 12 15 0.021482145 
510 104 7 10 0.02145284 
793 105 9 10 0.021439288 
415 80 8 10 0.02142175 
855 528 12 17 0.021421043 
448 103 8 10 0.021413807 
731 134 308 238 0.021407014 
733 157 9 10 0.021382272 
703 119 7 8 0.02137586 
353 38 8 9 0.021365965 
439 32 8 10 0.021300167 
378 54 8 10 0.021297142 
569 297 29 35 0.021290828 
431 572 11 14 0.021235822 
601 97 8 9 0.021231685 
183 24 7 9 0.021217 
819 568 15 16 0.021187453 
439 38 7 9 0.021182839 
728 629 11 15 0.021163229 
71 22 7 9 0.021156076 
400 62 8 10 0.021106003 
840 1 8 9 0.02109106 
248 2 7 8 0.021086715 
441 655 9 10 0.021085907 
286 63 7 9 0.021080688 
861 573 12 15 0.02107689 
773 277 9 12 0.021068515 
61 556 15 18 0.0210628 
84 515 11 15 0.021058256 
54 101 9 11 0.02105233 
155 567 12 15 0.021047985 
752 149 8 11 0.021036914 
30 561 14 18 0.02101086 
760 135 8 10 0.021007884 
1006 109 9 10 0.020930132 
416 86 7 9 0.02091589 
987 609 23 34 0.020892473 
830 30 8 10 0.020892378 
170 578 12 15 0.020877387 
669 38 8 10 0.020857275 
408 45 8 9 0.02085511 
767 553 14 15 0.020797301 
86 137 8 10 0.020791 
988 90 17 23 0.020786874 
123 627 14 17 0.02078168 
991 494 11 15 0.020771453 
110 626 13 18 0.020746509 
120 25 7 9 0.020744901 
760 583 13 15 0.020742342 
45 1 9 9 0.020694697 
143 573 12 18 0.02067028 
1000 618 21 39 0.020654028 
191 41 7 9 0.020628633 
282 20 7 9 0.020618701 
535 64 8 9 0.02061587 
421 629 10 13 0.020591652 
326 111 8 10 0.020579154 
514 78 8 10 0.020547263 
833 103 8 9 0.020531083 
839 15 7 10 0.020509657 
888 89 7 9 0.020508057 
930 22 8 10 0.020465001 
564 555 12 14 0.020456493 
793 144 9 11 0.020454515 
116 643 14 16 0.020447262 
352 104 9 10 0.020442547 
775 6 7 9 0.02041824 
322 109 8 11 0.020416519 
47 150 9 11 0.02037292 
976 94 8 10 0.0203653 
449 31 6 10 0.020358456 
506 109 9 10 0.020357395 
151 56 7 8 0.020350255 
76 608 13 17 0.020314086 
637 47 9 11 0.020275954 
632 71 8 11 0.020268453 
959 8 8 10 0.020241465 
194 117 7 10 0.020224793 
96 70 7 9 0.02020572 
905 30 7 10 0.02019317 
743 111 7 9 0.020142721 
187 599 15 19 0.020141356 
247 69 8 10 0.020139236 
559 47 8 10 0.020137575 
316 576 11 13 0.020124767 
94 54 7 9 0.020121463 
466 47 6 9 0.020109447 
760 267 17 22 0.020100042 
695 16 17 25 0.020096766 
379 596 12 14 0.02009331 
119 173 8 10 0.020091906 
973 63 8 10 0.020080045 
834 641 23 24 0.020067222 
783 88 7 9 0.020060763 
