47_Matador_Bullfighter_matadorbullfighting_47_777
17
585 79 218 272 0.9999261 
232 550 94 133 0.08285606 
498 176 19 22 0.08230086 
58 -7 374 474 0.053239327 
791 408 248 252 0.040409997 
808 115 100 154 0.036117468 
905 485 128 169 0.034338307 
471 117 94 120 0.034002986 
790 97 199 252 0.031624608 
756 318 398 412 0.031599574 
21 360 175 220 0.028736401 
472 185 29 32 0.025283745 
518 152 31 41 0.0240383 
270 529 102 134 0.023597514 
427 281 106 135 0.021561477 
355 484 50 65 0.020576123 
-2 467 89 156 0.020009007 
