47_Matador_Bullfighter_matadorbullfighting_47_536
191
476 317 20 24 0.92243457 
776 285 21 27 0.8758312 
113 413 23 27 0.85239524 
623 266 22 27 0.7201933 
898 339 20 25 0.70859975 
334 282 22 28 0.6869071 
403 219 19 22 0.5225185 
77 189 9 14 0.40171784 
968 339 17 19 0.3310821 
3 195 12 19 0.32362998 
835 325 15 17 0.2578954 
148 433 28 27 0.21422005 
583 301 15 18 0.20026562 
540 297 18 21 0.19541095 
933 350 22 27 0.18535513 
448 791 475 525 0.18287474 
545 290 17 22 0.16095425 
239 389 26 30 0.14260714 
467 226 11 16 0.11917045 
450 261 14 17 0.11201863 
4 432 21 33 0.095298246 
374 294 12 16 0.09333899 
85 189 9 12 0.09129689 
550 287 22 28 0.09031085 
2 192 9 14 0.08415178 
978 346 23 27 0.084113866 
-41 970 489 456 0.08246991 
917 354 15 21 0.08246663 
971 360 12 15 0.07283733 
562 537 29 31 0.07226819 
2 522 18 21 0.07085163 
448 200 9 12 0.06941967 
6 429 11 17 0.06779398 
412 381 15 19 0.067790665 
365 291 14 17 0.066788785 
442 233 16 20 0.06576276 
4 221 14 16 0.06313016 
552 300 23 28 0.06311473 
202 423 17 21 0.06250394 
550 529 26 32 0.06242673 
892 330 19 22 0.06148907 
667 242 13 16 0.061320323 
921 350 22 28 0.060816016 
701 195 9 12 0.05936415 
598 299 12 15 0.059237275 
160 439 17 18 0.058681753 
965 349 20 27 0.057561688 
665 216 9 10 0.05683378 
336 454 13 14 0.056097694 
128 418 14 18 0.055371404 
562 284 16 20 0.053377654 
647 292 13 14 0.052532468 
20 213 10 14 0.052242614 
862 261 11 14 0.052191604 
499 303 18 21 0.05168378 
952 315 11 12 0.04970703 
358 290 14 18 0.049353562 
12 219 11 15 0.049347542 
662 233 16 19 0.04812543 
89 224 10 12 0.047394473 
358 299 12 15 0.04672757 
883 273 13 15 0.04671939 
409 214 15 20 0.04585061 
935 436 11 14 0.045613542 
13 201 11 16 0.04515002 
522 290 14 17 0.0443113 
606 317 10 15 0.04425942 
885 297 12 14 0.04374598 
906 351 16 22 0.043608315 
984 315 10 12 0.043190558 
939 311 12 14 0.042302135 
1008 407 10 13 0.04200011 
575 300 10 15 0.041308135 
407 227 19 23 0.041257143 
2 226 9 14 0.040651016 
105 519 11 12 0.04064938 
379 293 12 15 0.037198298 
93 228 9 12 0.037165273 
180 415 9 12 0.036910795 
30 248 13 19 0.03615696 
649 305 12 15 0.036137056 
340 467 12 14 0.035939958 
594 417 12 17 0.03570577 
403 292 13 16 0.03537918 
421 309 15 17 0.035373483 
91 410 13 17 0.03525449 
507 314 16 19 0.03508266 
69 220 10 13 0.03472035 
31 222 11 14 0.034428384 
2 399 22 29 0.033783883 
15 441 17 20 0.033576537 
514 284 24 29 0.033376366 
491 345 14 16 0.03335791 
1009 396 10 13 0.0332982 
571 293 12 16 0.032031022 
348 460 11 13 0.031874437 
532 287 22 29 0.03174709 
105 221 8 11 0.03127398 
576 543 17 22 0.031072285 
536 304 13 17 0.030863477 
698 192 9 12 0.030678509 
338 278 16 18 0.030432092 
163 317 12 14 0.0302959 
731 322 12 15 0.02986994 
446 229 21 26 0.0296692 
438 229 12 17 0.029631177 
807 336 10 13 0.029600568 
106 399 29 34 0.02939577 
409 371 15 16 0.029246677 
561 312 15 18 0.029195182 
151 414 8 11 0.02883338 
710 295 8 12 0.02873333 
72 191 11 15 0.028702782 
381 347 10 12 0.028392525 
146 433 47 47 0.028285135 
341 457 12 15 0.02768393 
51 459 14 16 0.027582146 
144 412 9 12 0.027352901 
464 300 13 17 0.027340379 
89 255 15 18 0.027115557 
1007 421 9 12 0.027066946 
647 235 11 14 0.026787879 
116 254 11 15 0.026575679 
650 223 23 29 0.026541563 
110 220 8 11 0.026435243 
569 525 27 30 0.026409276 
104 416 14 17 0.026298063 
668 221 11 14 0.02608392 
23 229 8 11 0.026008971 
797 301 12 17 0.025945688 
855 203 10 13 0.025911788 
591 294 21 26 0.025858253 
346 290 13 18 0.025847714 
430 227 11 15 0.02581668 
862 254 11 14 0.025472218 
153 445 21 22 0.02527323 
85 404 22 28 0.025207374 
4 238 10 15 0.024922384 
30 241 11 15 0.024910038 
351 280 24 30 0.024874069 
459 223 19 24 0.024856351 
364 357 9 13 0.024701485 
662 219 22 28 0.024492279 
582 312 14 16 0.024418365 
571 294 20 26 0.024362968 
460 258 14 16 0.02435864 
863 221 9 12 0.024335135 
450 380 12 16 0.024287451 
543 286 15 18 0.024235643 
367 397 12 14 0.023863634 
362 309 12 14 0.023849886 
354 292 23 27 0.023652464 
944 352 15 19 0.023514587 
644 217 14 17 0.023448922 
144 408 8 10 0.023283007 
3 410 26 34 0.023039538 
683 221 14 16 0.0230081 
601 316 11 14 0.022918481 
977 338 14 18 0.022853745 
415 310 10 13 0.02275562 
643 216 24 28 0.022656767 
61 468 15 17 0.022542078 
562 296 16 20 0.02235751 
820 323 26 28 0.02212697 
410 323 14 16 0.021978524 
639 237 36 50 0.021830594 
150 422 13 17 0.021779424 
725 319 13 14 0.021762386 
250 495 9 11 0.021715634 
905 332 15 19 0.021704441 
718 324 14 17 0.02168818 
703 294 11 12 0.02165612 
721 316 24 29 0.02163622 
474 357 29 34 0.0215974 
238 427 12 17 0.021542137 
821 329 13 15 0.021502465 
43 438 23 30 0.021446776 
815 333 10 13 0.02130267 
526 337 14 20 0.02121212 
9 517 14 17 0.021209426 
6 195 19 27 0.02102344 
643 287 21 26 0.021010475 
499 319 22 27 0.020977994 
682 227 15 18 0.020951414 
407 318 11 14 0.020837894 
564 286 22 28 0.020808475 
164 423 25 30 0.020756692 
765 285 35 45 0.020478126 
23 219 8 13 0.020376002 
977 398 8 11 0.020360239 
7 423 28 34 0.020140631 
