47_Matador_Bullfighter_Matador_Bullfighter_47_617
22
129 46 551 653 0.999992 
876 803 130 171 0.24880996 
90 676 63 86 0.09880803 
339 -1 392 493 0.06957219 
296 553 431 443 0.06776995 
652 1015 27 32 0.05422377 
269 297 362 455 0.044022083 
879 633 122 121 0.041519087 
52 -37 406 546 0.039739832 
449 170 465 480 0.033854857 
810 610 60 71 0.029093755 
991 696 32 43 0.027953412 
892 -14 147 188 0.02793581 
1 1043 15 19 0.027221521 
699 1052 27 28 0.026969876 
653 1005 14 17 0.026016884 
4 674 77 138 0.023712609 
610 1017 16 19 0.023417773 
627 1019 18 21 0.023226527 
492 956 16 21 0.022839714 
585 1070 24 28 0.022553002 
638 1008 27 34 0.021707075 
