47_Matador_Bullfighter_Matador_Bullfighter_47_636
17
81 114 114 68 0.88288033 
612 89 435 430 0.090890095 
322 173 357 453 0.07662164 
152 141 179 214 0.07040939 
109 116 70 41 0.064950734 
60 110 207 168 0.054130577 
197 242 134 119 0.047328863 
249 178 141 148 0.04423898 
379 22 448 528 0.0416711 
901 145 130 185 0.04104307 
72 123 45 39 0.034478024 
127 107 46 35 0.0323858 
93 123 60 41 0.03145144 
337 506 138 94 0.02915504 
108 158 54 40 0.02873731 
208 165 223 245 0.027266098 
761 493 30 37 0.026524108 
