37_Soccer_soccer_ball_37_60
27
849 481 30 39 0.99846554 
509 229 52 80 0.98550344 
229 447 30 35 0.9845287 
402 403 111 145 0.30988166 
412 291 52 60 0.29366755 
113 510 10 13 0.22191435 
373 456 108 111 0.13598561 
245 444 28 34 0.12407973 
539 699 46 32 0.1130738 
423 284 29 51 0.08586074 
804 45 183 250 0.065487064 
520 703 38 33 0.061068535 
774 557 12 16 0.05896895 
328 383 33 36 0.041704718 
509 684 36 37 0.03836688 
119 531 12 15 0.032763287 
323 399 18 23 0.029715303 
396 271 85 102 0.029293424 
318 394 58 58 0.028478429 
249 458 19 26 0.02805149 
786 480 25 31 0.023377493 
396 332 70 75 0.022300959 
467 854 12 15 0.021818453 
543 258 59 66 0.021695798 
530 709 41 34 0.020779576 
449 129 56 54 0.020415016 
817 457 24 27 0.02004931 
