37_Soccer_soccer_ball_37_841
22
419 347 93 127 0.9997713 
694 663 104 112 0.99937963 
520 568 115 133 0.09454948 
68 618 141 205 0.08437286 
12 539 316 452 0.07470445 
750 1317 14 18 0.061005455 
-44 -27 409 455 0.060382158 
542 609 82 74 0.05973157 
210 -4 50 43 0.049515154 
167 66 34 41 0.049246833 
763 831 108 110 0.048901573 
8 173 407 473 0.041256048 
234 337 398 393 0.031934693 
487 1233 31 32 0.03160729 
50 227 228 291 0.028304603 
139 387 109 114 0.027729357 
526 760 65 81 0.023968104 
341 476 133 145 0.023823936 
-13 733 480 425 0.023803677 
803 1308 12 16 0.021984503 
520 760 105 131 0.021638384 
87 334 365 464 0.020443292 
