37_Soccer_soccer_ball_37_698
30
42 388 83 101 0.9765322 
889 453 48 59 0.96348476 
683 456 45 61 0.9305736 
500 473 72 89 0.9271209 
302 451 108 142 0.8641888 
618 350 27 38 0.108593136 
744 454 39 51 0.080617875 
593 346 26 38 0.0656694 
711 455 46 60 0.049178623 
203 330 41 53 0.044641912 
616 691 11 15 0.04338112 
301 513 111 142 0.043333467 
710 529 46 55 0.041090757 
596 534 11 14 0.03800086 
852 435 40 49 0.036234125 
760 472 26 36 0.03403629 
551 710 11 13 0.029172044 
216 437 39 53 0.0281535 
839 445 37 47 0.026671167 
774 467 28 36 0.026480183 
773 504 15 17 0.0264576 
690 489 48 67 0.026402429 
145 365 9 12 0.024591323 
788 470 24 30 0.021931006 
598 351 40 53 0.021767206 
840 495 45 51 0.021542197 
149 359 8 10 0.02134801 
816 461 27 35 0.020944187 
672 539 42 50 0.020731064 
785 534 26 31 0.020531863 
