27_Spa_Spa_27_768
130
336 267 53 75 0.9993055 
191 333 51 84 0.99872917 
566 244 57 84 0.99768734 
739 320 51 79 0.99485284 
967 307 8 10 0.20560543 
229 337 51 67 0.17527786 
54 357 11 13 0.15042502 
964 327 8 11 0.14429219 
904 342 8 10 0.14044668 
957 320 9 10 0.12508346 
895 295 7 9 0.11887068 
898 321 8 10 0.10368156 
885 304 9 11 0.0804945 
927 321 8 9 0.0794591 
943 360 9 12 0.0794246 
880 310 9 10 0.07883934 
883 342 10 12 0.078394115 
949 404 11 14 0.07071334 
968 344 9 9 0.07018256 
895 398 8 9 0.06921558 
882 280 8 9 0.06858829 
390 792 10 11 0.06824665 
839 550 106 160 0.06417585 
20 382 11 12 0.06118215 
882 347 9 12 0.059234004 
973 343 9 10 0.05873555 
864 272 8 9 0.058682527 
854 296 7 9 0.056065653 
857 366 10 11 0.055947676 
944 384 9 10 0.054025445 
885 336 8 10 0.05382807 
910 285 10 11 0.051923413 
926 334 8 12 0.050962634 
959 344 9 10 0.05036076 
977 321 8 9 0.050347794 
76 374 12 14 0.049894832 
880 285 9 11 0.048405394 
937 333 9 11 0.046021663 
68 408 9 11 0.04509193 
895 302 9 10 0.0449257 
847 303 9 10 0.04476136 
757 290 11 14 0.0414832 
864 278 9 10 0.040912796 
901 318 9 11 0.040548418 
843 305 7 9 0.04017331 
954 326 10 12 0.03932434 
920 320 8 10 0.039255872 
210 347 49 62 0.03896982 
22 387 10 12 0.03882683 
9 390 9 12 0.038713563 
897 349 8 11 0.037804343 
872 288 8 10 0.037208404 
877 327 8 9 0.03657228 
952 332 10 11 0.035789985 
26 398 10 12 0.035472885 
984 304 8 10 0.035070322 
53 363 13 15 0.03492123 
73 419 11 13 0.0345119 
935 328 9 9 0.034304544 
757 280 8 10 0.033198975 
949 358 10 11 0.03313449 
984 309 8 10 0.0330901 
904 310 8 10 0.032705247 
885 286 8 10 0.032442976 
980 387 10 11 0.032256544 
951 311 8 9 0.031483836 
877 319 9 11 0.031417362 
895 277 8 10 0.030483656 
869 272 8 9 0.030188777 
929 326 7 9 0.029976618 
948 383 10 11 0.029851336 
879 293 7 9 0.029523736 
966 382 9 11 0.029216556 
17 376 8 9 0.029051764 
910 334 8 11 0.028954824 
857 287 8 9 0.028887624 
911 327 8 11 0.028543275 
896 336 8 9 0.028538518 
921 335 8 11 0.02819749 
881 335 8 10 0.028175708 
840 288 7 9 0.0278244 
959 329 12 13 0.027794344 
942 388 11 13 0.027394855 
838 345 8 11 0.027059594 
887 359 8 11 0.02664229 
976 326 9 10 0.02638874 
941 319 9 10 0.025809633 
25 405 10 12 0.02577275 
981 335 9 10 0.025603598 
969 350 9 10 0.025580958 
54 370 11 13 0.025204286 
935 353 8 9 0.025110122 
929 303 9 12 0.024923814 
65 412 10 13 0.02490733 
721 285 8 10 0.024647372 
13 388 11 14 0.024358947 
880 405 10 12 0.024292605 
957 350 10 12 0.024063928 
69 414 10 13 0.024062442 
825 742 146 210 0.023953116 
1009 309 11 12 0.023825355 
897 343 8 12 0.023741327 
845 307 10 12 0.02362118 
0 366 7 12 0.023570973 
903 346 10 12 0.02329506 
871 293 10 10 0.023044532 
861 311 9 11 0.02286869 
755 285 10 14 0.022859538 
15 421 10 12 0.022676919 
864 343 9 10 0.022545561 
999 373 11 13 0.022006286 
874 368 8 9 0.021980608 
911 305 8 9 0.021761755 
863 335 8 9 0.021364171 
20 377 10 11 0.02115003 
782 281 9 10 0.02111282 
124 387 11 13 0.021042552 
887 319 8 11 0.021024525 
982 342 8 11 0.021004686 
921 327 7 9 0.020782353 
969 357 10 12 0.020711275 
991 304 10 11 0.020681543 
940 328 9 10 0.020679295 
895 289 7 9 0.020576213 
44 413 11 12 0.020429345 
864 295 8 10 0.020216554 
921 341 9 11 0.020087693 
856 310 9 10 0.02005082 
1002 326 9 11 0.02004606 
960 311 9 10 0.020016266 
