27_Spa_Spa_27_851
61
860 157 34 48 0.992706 
451 143 28 43 0.99188316 
722 144 32 45 0.93744016 
475 352 22 32 0.7045738 
12 41 64 134 0.58406264 
745 144 33 38 0.2059414 
447 132 25 35 0.17641032 
546 337 15 18 0.14958 
497 294 20 23 0.1377348 
267 275 14 15 0.10467499 
911 139 25 40 0.09231056 
529 336 14 19 0.08630656 
448 370 12 14 0.06816049 
480 140 25 37 0.060160432 
544 345 14 18 0.046524752 
20 230 42 51 0.046511162 
49 285 16 24 0.0414839 
181 353 14 16 0.040211342 
959 269 12 17 0.039694022 
448 132 13 24 0.039270423 
260 269 13 17 0.038974732 
1007 416 9 12 0.038609985 
148 335 16 19 0.03797203 
266 330 12 15 0.036084753 
1015 367 7 12 0.03530622 
185 388 11 15 0.033586487 
531 342 15 21 0.032936852 
232 303 27 32 0.031749114 
360 252 10 12 0.030586405 
140 330 19 21 0.0301161 
636 265 406 476 0.029323032 
905 151 28 43 0.027862621 
722 191 23 31 0.027338337 
516 324 11 14 0.027178906 
439 216 10 12 0.027105084 
211 301 12 16 0.027076386 
428 147 10 13 0.025905518 
675 430 35 42 0.025308723 
120 145 8 10 0.02504648 
33 85 35 67 0.024685513 
397 371 12 14 0.02362542 
425 142 9 12 0.023480188 
75 315 19 22 0.023463564 
116 396 14 18 0.022734027 
119 306 23 26 0.02263616 
429 372 10 12 0.02258157 
963 276 12 15 0.022371307 
128 387 52 60 0.022285158 
371 263 7 11 0.022107795 
329 231 9 10 0.021939391 
350 279 9 10 0.021863539 
2 23 56 97 0.021785103 
450 123 17 23 0.0211496 
124 261 13 17 0.02100653 
876 138 30 42 0.0209037 
429 190 10 12 0.02084407 
721 138 19 29 0.02075452 
515 331 13 17 0.020393638 
493 305 24 30 0.020353327 
477 350 15 19 0.02029967 
192 367 24 27 0.020204505 
