37_Soccer_soccer_ball_37_692
519
658 261 9 13 0.92505944 
620 262 7 11 0.7388364 
79 270 12 18 0.64717066 
572 257 7 9 0.5858033 
460 265 7 10 0.35282937 
650 281 7 10 0.35282937 
579 263 7 10 0.35282937 
261 432 94 175 0.3436022 
459 210 5 7 0.22912635 
511 94 5 8 0.16157512 
612 268 6 8 0.15017675 
25 98 6 8 0.1293704 
627 281 6 9 0.11991897 
611 280 7 11 0.111069925 
559 89 5 7 0.111069925 
262 382 7 16 0.111069925 
609 73 6 9 0.111069925 
828 91 4 6 0.111069925 
722 79 4 6 0.10279763 
379 340 265 298 0.09803478 
224 113 7 10 0.09507551 
2 85 6 9 0.09507551 
84 94 6 9 0.09507551 
741 94 5 7 0.09507551 
461 255 4 6 0.09507551 
566 99 5 7 0.09507551 
232 464 57 117 0.09308395 
717 96 7 10 0.08787667 
660 109 6 8 0.08787667 
593 66 5 7 0.08787667 
561 486 340 335 0.08285364 
614 62 4 6 0.08117401 
588 279 7 10 0.08117401 
525 105 5 7 0.074940585 
16 105 4 6 0.074940585 
620 283 7 10 0.074940585 
239 342 188 289 0.06984133 
566 95 5 8 0.069149815 
55 100 5 7 0.069149815 
562 85 5 7 0.069149815 
686 70 5 7 0.0691498 
840 94 4 6 0.0691498 
818 78 5 6 0.06377564 
28 113 5 7 0.06377564 
571 103 4 6 0.06377564 
627 344 8 11 0.06377564 
499 95 4 6 0.06377564 
554 98 5 7 0.06377564 
224 90 4 6 0.06377564 
697 93 5 7 0.06377564 
668 281 7 11 0.05879275 
567 90 5 7 0.05879275 
0 70 4 7 0.05879275 
815 86 4 6 0.05879275 
812 72 4 5 0.05879275 
531 76 4 6 0.05879275 
296 210 5 7 0.05879275 
599 76 5 6 0.05879275 
615 89 4 5 0.05879275 
595 92 5 8 0.05879275 
754 104 5 7 0.054176662 
834 83 5 7 0.054176662 
866 215 5 7 0.054176662 
79 291 6 9 0.054176662 
593 80 5 6 0.054176662 
574 103 4 7 0.054176662 
770 84 5 7 0.054176662 
753 736 13 25 0.054176662 
671 104 6 8 0.054176662 
542 95 5 7 0.04990379 
627 284 8 12 0.04990379 
822 95 4 6 0.04990379 
567 85 4 6 0.04990379 
741 88 5 8 0.04990379 
187 109 5 7 0.04990379 
837 95 4 5 0.04990379 
568 272 4 6 0.04990379 
633 109 7 9 0.049903784 
723 76 5 6 0.049903784 
75 254 9 12 0.049903784 
12 105 4 6 0.04595155 
592 69 6 8 0.04595155 
707 79 4 6 0.04595155 
814 114 4 6 0.04595155 
597 79 5 7 0.04595155 
829 94 5 7 0.04595155 
580 94 4 6 0.04595155 
20 105 5 7 0.04595155 
488 90 5 7 0.04595155 
506 104 4 6 0.04595155 
63 96 5 7 0.04595155 
810 75 5 7 0.04595155 
517 104 4 6 0.04595155 
34 91 4 6 0.045951538 
609 67 4 6 0.045951538 
742 118 6 8 0.045951538 
699 108 6 9 0.045951538 
460 70 5 8 0.045951538 
214 95 4 6 0.045951538 
699 105 5 7 0.045951538 
486 90 4 7 0.045951538 
696 399 281 325 0.045153897 
30 61 4 6 0.04229837 
682 96 5 7 0.04229837 
800 90 4 6 0.04229837 
18 156 9 12 0.04229837 
506 238 5 7 0.04229837 
247 405 6 9 0.04229837 
744 85 6 8 0.04229837 
568 76 4 6 0.04229837 
732 109 6 8 0.04229837 
797 95 5 7 0.04229837 
617 89 5 6 0.04229837 
494 104 5 7 0.04229837 
571 282 5 7 0.04229837 
204 105 4 6 0.04229837 
573 85 6 8 0.04229837 
749 123 5 8 0.04229837 
745 80 5 7 0.04229837 
691 105 5 7 0.04229837 
595 301 6 8 0.038923774 
622 85 4 7 0.038923774 
108 140 6 9 0.038923774 
707 62 5 6 0.038923774 
806 80 5 6 0.038923774 
629 79 5 7 0.038923774 
810 85 4 6 0.038923774 
6 85 5 7 0.038923774 
9 80 4 6 0.038923774 
580 79 4 7 0.038923774 
502 104 4 7 0.038923774 
599 271 7 10 0.038923774 
17 93 5 7 0.038923774 
519 104 5 7 0.038923774 
106 94 7 10 0.038923774 
498 103 5 7 0.038923774 
583 100 6 9 0.038923774 
166 115 5 8 0.038923774 
499 100 5 7 0.038923774 
728 109 6 8 0.038923774 
715 107 5 7 0.038923774 
713 109 5 6 0.038923774 
469 232 5 7 0.038923774 
844 104 5 9 0.038923774 
776 104 4 7 0.038923774 
24 102 6 8 0.038923774 
686 109 5 8 0.038923774 
575 93 5 7 0.038923774 
628 156 6 7 0.038923774 
557 94 5 7 0.038923774 
840 66 6 9 0.038923774 
737 119 5 7 0.035808332 
768 96 4 5 0.035808332 
973 95 4 6 0.035808332 
579 90 5 7 0.035808332 
701 55 6 8 0.035808332 
614 279 10 14 0.035808332 
549 76 5 7 0.035808332 
781 90 4 6 0.035808332 
56 103 6 8 0.035808332 
72 248 15 20 0.035808332 
237 90 4 6 0.035808332 
618 76 4 7 0.035808332 
20 64 5 7 0.035808332 
501 95 5 6 0.035808332 
653 158 4 6 0.035808332 
806 100 4 6 0.035808332 
2 70 5 7 0.035808332 
59 95 5 7 0.035808332 
591 123 6 8 0.035808332 
571 86 5 7 0.035808332 
627 98 4 6 0.035808332 
779 104 4 6 0.035808332 
641 157 6 7 0.035808332 
859 148 6 8 0.035808332 
595 66 4 6 0.035808332 
692 136 6 8 0.035808332 
227 -32 242 330 0.034593593 
707 727 27 35 0.033269096 
739 731 24 31 0.033269096 
570 89 5 8 0.03293372 
811 105 4 5 0.03293372 
450 233 5 7 0.03293372 
417 105 4 5 0.03293372 
695 90 5 8 0.03293372 
713 76 4 6 0.03293372 
582 95 5 6 0.03293372 
820 95 4 6 0.03293372 
626 67 4 6 0.03293372 
188 134 7 10 0.032933712 
797 98 5 7 0.032933712 
809 80 4 6 0.032933712 
255 94 4 6 0.032933712 
613 95 6 10 0.032933712 
657 95 5 7 0.032933712 
823 156 8 11 0.032933712 
472 95 4 6 0.032933712 
20 95 4 6 0.032933712 
630 70 5 7 0.032933712 
629 278 6 8 0.032933712 
553 79 5 7 0.032933712 
3 57 4 6 0.032933712 
3 67 4 6 0.032933712 
8 105 4 6 0.032933712 
42 95 4 5 0.032933712 
559 266 5 6 0.032933712 
737 104 5 7 0.032933712 
626 70 5 7 0.032933712 
174 105 5 8 0.032933712 
669 241 6 8 0.032933712 
238 418 21 31 0.030461604 
575 80 5 6 0.030282615 
785 105 4 6 0.030282615 
571 109 5 8 0.030282615 
563 82 4 5 0.030282615 
813 105 4 6 0.030282615 
767 103 5 7 0.030282615 
683 71 4 7 0.030282615 
72 109 6 9 0.030282615 
12 108 5 7 0.030282615 
806 76 5 6 0.030282615 
649 89 5 7 0.030282615 
690 88 4 7 0.030282615 
588 271 6 8 0.030282615 
666 348 8 10 0.030282615 
448 234 5 7 0.030282615 
592 84 5 7 0.030282615 
569 94 5 7 0.030282615 
588 71 5 7 0.030282615 
253 388 12 15 0.030282615 
583 84 5 7 0.030282615 
614 86 4 6 0.030282615 
776 114 4 6 0.030282615 
559 86 5 7 0.030282615 
623 70 5 7 0.030282615 
75 257 14 19 0.030282615 
592 90 6 9 0.030282615 
637 314 12 16 0.030282615 
567 80 4 5 0.030282615 
797 105 5 7 0.030282615 
574 264 8 11 0.030282615 
627 79 4 6 0.030282615 
27 96 5 7 0.030282615 
224 93 5 8 0.030282615 
504 236 4 6 0.030282615 
455 257 5 7 0.030282615 
16 91 4 6 0.030282615 
481 95 4 6 0.030282615 
659 285 7 10 0.030282615 
225 105 5 7 0.030282607 
12 117 5 8 0.027838783 
736 108 5 6 0.027838783 
575 113 5 8 0.027838783 
571 70 5 7 0.027838783 
494 237 5 7 0.027838783 
561 69 5 7 0.027838783 
971 181 4 6 0.027838783 
525 71 4 5 0.027838783 
718 120 7 9 0.027838783 
745 122 7 10 0.027838783 
733 162 6 8 0.027838783 
694 158 6 7 0.027838783 
676 157 7 8 0.027838783 
716 102 6 9 0.027838783 
763 103 5 7 0.027838783 
580 60 5 8 0.027838783 
664 93 5 7 0.027838783 
524 76 4 6 0.027838783 
798 86 4 5 0.027838783 
0 74 4 6 0.027838783 
33 100 4 6 0.027838783 
587 85 5 7 0.027838783 
785 94 4 6 0.027838783 
2 82 5 7 0.027838783 
816 79 5 7 0.027838783 
529 79 5 6 0.027838783 
528 89 5 7 0.027838783 
788 93 5 8 0.027838783 
508 94 5 7 0.027838783 
715 76 4 6 0.027838783 
511 104 4 6 0.027838783 
635 65 5 7 0.027838783 
54 106 6 8 0.027838783 
246 109 4 6 0.027838783 
8 66 5 7 0.027838783 
635 71 5 7 0.027838783 
781 94 4 6 0.027838783 
832 82 4 6 0.027838778 
716 72 4 6 0.027838778 
470 95 4 6 0.027838778 
443 177 3 5 0.027838778 
200 105 5 6 0.027838778 
792 90 5 7 0.027838778 
612 70 5 8 0.027838778 
644 62 4 6 0.027838778 
964 98 4 6 0.02558696 
730 99 4 6 0.02558696 
657 110 5 7 0.02558696 
12 114 5 7 0.02558696 
723 103 5 7 0.02558696 
542 109 4 6 0.02558696 
809 95 4 6 0.02558696 
154 105 4 5 0.02558696 
780 101 4 6 0.02558696 
580 282 6 8 0.02558696 
599 89 5 8 0.02558696 
451 85 5 7 0.02558696 
570 74 6 8 0.02558696 
785 70 5 7 0.02558696 
490 100 5 6 0.02558696 
208 99 4 6 0.02558696 
554 102 5 8 0.02558696 
793 93 5 8 0.02558696 
737 114 5 7 0.02558696 
187 106 5 7 0.02558696 
196 105 4 6 0.02558696 
73 148 4 6 0.02558696 
477 98 4 6 0.02558696 
780 114 5 7 0.02558696 
701 111 6 9 0.02558696 
509 93 10 15 0.02558696 
800 93 5 7 0.02558696 
787 105 4 6 0.02558696 
494 100 5 7 0.02558696 
195 85 4 6 0.02558696 
485 101 4 6 0.02558696 
819 98 4 6 0.02558696 
573 277 5 7 0.02558696 
630 272 5 8 0.02558696 
661 91 5 7 0.02558696 
1000 167 5 8 0.02558696 
635 74 4 6 0.02558696 
489 94 5 7 0.02558696 
617 79 5 7 0.02558696 
12 94 4 6 0.02558696 
430 97 4 5 0.02558696 
753 65 5 7 0.02558696 
639 74 4 6 0.02558696 
83 243 8 12 0.02558696 
755 79 5 7 0.02558696 
55 61 4 5 0.02558696 
738 75 4 6 0.02558696 
550 104 4 6 0.02558696 
814 75 5 7 0.02558696 
729 75 4 6 0.02558696 
553 84 5 7 0.02558696 
611 242 6 9 0.02558696 
579 85 5 8 0.02558696 
800 86 5 6 0.02558696 
596 270 7 10 0.02558696 
717 91 5 6 0.02558696 
68 153 5 8 0.02558696 
589 67 4 6 0.02558696 
513 90 5 7 0.02558696 
749 85 6 9 0.02558696 
79 266 9 12 0.02558696 
58 91 4 6 0.02558696 
0 87 5 8 0.02558696 
715 85 4 6 0.02558696 
43 316 56 75 0.025519116 
-11 561 239 311 0.024156325 
726 158 7 10 0.02351288 
75 240 15 20 0.02351288 
204 95 4 6 0.02351288 
750 65 5 7 0.02351288 
663 111 6 8 0.02351288 
473 75 4 7 0.02351288 
737 121 5 8 0.02351288 
486 93 5 7 0.02351288 
618 114 4 6 0.02351288 
55 95 5 7 0.02351288 
168 115 5 8 0.02351288 
783 90 4 6 0.02351288 
789 90 5 7 0.02351288 
181 99 5 7 0.02351288 
570 268 5 8 0.02351288 
796 108 4 7 0.02351288 
0 95 4 7 0.02351288 
520 108 5 6 0.02351288 
592 109 5 7 0.02351288 
738 89 5 7 0.02351288 
215 99 5 6 0.02351288 
54 89 5 6 0.02351288 
651 99 6 8 0.02351288 
616 268 7 10 0.02351288 
506 100 4 6 0.02351288 
603 99 5 8 0.02351288 
538 89 4 6 0.02351288 
67 74 4 7 0.02351288 
574 76 5 7 0.02351288 
476 89 4 5 0.02351288 
25 74 5 8 0.02351288 
544 97 5 7 0.02351288 
551 99 5 7 0.02351288 
69 285 7 10 0.02351288 
989 91 4 6 0.02351288 
587 267 6 8 0.02351288 
2 95 5 7 0.02351288 
806 84 5 7 0.02351288 
587 81 5 7 0.02351288 
702 75 5 7 0.02351288 
612 263 6 9 0.02351288 
563 103 5 7 0.02351288 
468 105 4 6 0.02351288 
702 104 6 8 0.02351288 
635 62 4 6 0.02351288 
726 71 4 6 0.02351288 
18 107 6 8 0.02351288 
784 86 4 6 0.02351288 
767 99 5 7 0.02351288 
820 104 5 7 0.02351288 
713 86 4 6 0.02351288 
686 85 5 8 0.02351288 
639 83 6 9 0.02351288 
257 376 12 19 0.02351288 
679 71 4 6 0.02351288 
618 86 5 7 0.02351288 
64 61 4 6 0.02351288 
707 69 5 7 0.02351288 
716 79 4 6 0.02351288 
482 85 4 5 0.02351288 
600 71 5 7 0.02351288 
22 98 5 7 0.02351288 
578 258 7 9 0.02351288 
682 67 4 6 0.02351288 
660 104 5 7 0.02351288 
497 84 6 8 0.02351288 
490 86 4 5 0.02351288 
593 63 4 6 0.02351288 
638 71 5 7 0.02351288 
203 84 4 6 0.02351288 
839 82 4 6 0.02351288 
13 90 4 7 0.02351288 
28 103 6 8 0.02351288 
733 105 6 8 0.02351288 
751 104 5 7 0.02351288 
32 104 5 7 0.02351288 
976 80 4 6 0.02351288 
16 87 4 6 0.02351288 
745 102 5 8 0.02351288 
77 260 23 32 0.023349825 
383 183 232 235 0.022069868 
792 86 4 6 0.021603195 
545 89 5 6 0.021603195 
507 89 4 7 0.021603195 
681 104 5 7 0.021603195 
37 90 4 6 0.021603195 
625 84 4 7 0.021603195 
681 84 5 8 0.021603195 
38 95 4 6 0.021603195 
495 84 5 7 0.021603195 
485 87 4 5 0.021603195 
583 88 5 8 0.021603195 
789 85 5 6 0.021603195 
861 88 5 7 0.021603195 
46 84 5 7 0.021603195 
805 104 4 6 0.021603195 
46 114 6 9 0.021603195 
405 108 4 5 0.021603195 
476 249 5 7 0.021603195 
477 86 4 6 0.021603195 
687 81 5 7 0.021603195 
729 81 5 7 0.021603195 
472 232 5 8 0.021603195 
734 99 5 6 0.021603195 
563 93 10 15 0.021603195 
744 94 5 7 0.021603195 
759 94 4 6 0.021603195 
524 101 4 6 0.021603195 
536 98 5 7 0.021603195 
587 100 5 7 0.021603195 
656 98 5 8 0.021603195 
738 98 6 8 0.021603195 
648 102 6 8 0.021603195 
836 99 4 7 0.021603195 
840 99 5 7 0.021603195 
843 101 5 6 0.021603195 
998 100 4 6 0.021603195 
491 104 4 6 0.021603195 
580 101 7 10 0.021603195 
464 94 4 6 0.021603195 
439 95 4 6 0.021603195 
248 89 4 5 0.021603195 
8 94 5 7 0.021603195 
622 81 4 6 0.021603195 
571 278 5 7 0.021603195 
728 152 8 10 0.021603195 
858 156 7 8 0.021603195 
520 79 4 6 0.021603195 
702 52 5 7 0.021603195 
698 72 5 7 0.021603195 
703 58 6 8 0.021603195 
794 67 5 7 0.021603195 
583 75 5 7 0.021603195 
664 71 5 7 0.021603195 
643 75 5 7 0.021603195 
938 66 6 9 0.021603195 
644 65 5 7 0.021603195 
584 57 5 8 0.021603195 
477 75 5 7 0.021603195 
12 69 4 6 0.021603195 
0 57 4 7 0.021603195 
8 77 4 5 0.021603195 
67 155 6 10 0.021603195 
563 109 4 6 0.021603195 
654 283 7 11 0.021603195 
592 296 4 7 0.021603195 
968 114 4 6 0.021603195 
597 219 5 7 0.021603195 
884 186 7 10 0.021603195 
233 182 4 6 0.021603195 
249 376 8 12 0.021603195 
588 108 5 8 0.021603195 
811 108 4 6 0.021603195 
814 110 4 6 0.021603195 
951 108 4 5 0.021603195 
114 114 4 7 0.021603195 
712 113 5 8 0.021603195 
682 109 5 9 0.021603195 
