37_Soccer_Soccer_37_393
46
809 88 80 147 0.99931467 
341 190 74 126 0.9992494 
168 155 53 99 0.99678564 
625 519 126 316 0.7520595 
424 -32 253 531 0.6352516 
324 744 95 257 0.6135702 
441 436 103 281 0.59142894 
661 682 100 316 0.45389688 
33 272 178 479 0.4085711 
810 392 158 331 0.4085711 
86 479 86 187 0.30585766 
481 258 242 500 0.28400344 
324 648 158 407 0.2311026 
534 34 121 265 0.19988178 
365 368 112 243 0.15916686 
0 83 225 508 0.15916684 
40 573 111 246 0.14717786 
816 74 183 413 0.14717786 
356 557 232 531 0.14717786 
568 29 63 124 0.13928533 
59 647 62 150 0.12872264 
155 657 151 307 0.08285364 
388 442 180 419 0.076092646 
464 162 162 312 0.05874174 
289 713 92 112 0.056098126 
189 514 62 163 0.056098126 
620 592 183 458 0.053832814 
0 452 180 419 0.053832814 
211 734 215 312 0.04931264 
53 380 128 229 0.045153897 
133 317 60 116 0.04326818 
389 25 31 67 0.039651494 
540 292 76 152 0.039651494 
176 419 107 298 0.034593605 
161 7 215 486 0.03163486 
325 183 55 116 0.030461596 
151 94 85 192 0.028921604 
392 950 55 140 0.027884193 
678 50 112 194 0.026434705 
189 79 104 250 0.026434705 
423 493 65 166 0.025519116 
89 470 203 451 0.024156325 
13 107 124 303 0.024156325 
80 336 82 147 0.023349825 
283 306 218 346 0.022069868 
855 108 117 250 0.0201599 
