37_Soccer_Soccer_37_655
75
358 16 35 57 0.9988171 
615 125 17 28 0.9928939 
19 17 293 366 0.98598576 
24 87 24 34 0.97665024 
484 33 23 41 0.9388805 
691 484 215 285 0.7688974 
42 48 57 80 0.6332934 
104 123 167 221 0.32305852 
738 119 23 31 0.28687313 
322 140 175 257 0.24794048 
146 -16 203 269 0.19988178 
346 213 13 17 0.17366187 
151 455 222 307 0.14717786 
33 61 123 191 0.13594593 
26 455 218 325 0.1065206 
504 471 212 307 0.09803478 
570 183 12 17 0.09507551 
731 43 203 293 0.076092646 
351 214 14 21 0.07494057 
740 131 28 39 0.072444364 
829 229 8 12 0.069149815 
612 169 21 31 0.06111947 
40 24 91 132 0.058741733 
344 215 9 12 0.054176662 
732 66 116 186 0.053832814 
48 65 33 50 0.047198545 
749 137 27 44 0.047198545 
26 69 40 58 0.047198545 
831 223 11 17 0.04229837 
584 480 242 350 0.04133061 
661 539 160 197 0.04133061 
707 160 178 289 0.04133061 
563 211 23 30 0.039651494 
719 277 6 8 0.038923774 
750 136 18 22 0.038923774 
375 663 124 146 0.03781825 
397 179 167 269 0.03781825 
851 251 21 30 0.036325652 
187 173 86 106 0.036325645 
117 50 144 203 0.034593605 
272 61 178 269 0.034593605 
348 493 112 186 0.034593593 
203 25 68 85 0.033269096 
881 276 13 17 0.03293372 
-29 48 209 293 0.03163486 
729 121 45 63 0.030461596 
0 81 11 24 0.030282615 
881 212 8 11 0.030282615 
369 222 13 15 0.030282615 
348 558 191 249 0.028921604 
348 -10 180 277 0.028921604 
738 111 16 24 0.027838778 
233 179 197 277 0.02643471 
275 446 197 289 0.026434705 
491 66 21 32 0.02558696 
569 178 9 12 0.02558696 
807 276 59 82 0.025519116 
146 54 62 85 0.025519116 
413 99 61 109 0.025519116 
565 187 20 28 0.025519116 
746 129 10 13 0.02351288 
650 216 7 11 0.02351288 
652 83 25 35 0.023349825 
869 197 57 86 0.023349825 
560 352 27 34 0.023349825 
11 305 54 75 0.023349825 
85 158 261 281 0.022069868 
572 190 9 12 0.021603195 
413 508 28 46 0.021360898 
786 124 68 109 0.021360898 
691 142 26 32 0.021360898 
772 144 121 200 0.0201599 
237 11 170 232 0.0201599 
735 589 134 162 0.0201599 
428 32 100 194 0.0201599 
