37_Soccer_soccer_ball_37_815
33
301 181 134 191 0.99983203 
695 223 142 206 0.99970764 
637 286 228 316 0.19988178 
242 230 206 311 0.19988178 
558 205 101 138 0.1065206 
365 627 69 97 0.10106142 
454 244 68 109 0.08567618 
-9 614 140 200 0.08285364 
325 531 116 172 0.06984132 
-42 430 222 325 0.053832818 
601 55 136 149 0.053832814 
166 271 218 340 0.04931264 
73 11 33 47 0.04326818 
320 640 73 89 0.039651502 
345 632 29 37 0.039651494 
339 612 29 41 0.036325652 
355 620 20 27 0.035808332 
840 304 239 307 0.034593605 
286 446 203 298 0.034593593 
266 7 257 355 0.034593593 
31 472 242 321 0.034593593 
547 52 209 249 0.034593593 
387 76 34 43 0.033269096 
398 205 91 162 0.03163486 
7 14 73 104 0.030461596 
282 294 249 350 0.026434705 
832 113 98 170 0.026434705 
923 216 22 29 0.025519116 
7 518 136 209 0.024156325 
351 636 17 24 0.02351288 
1005 594 18 37 0.023349825 
426 34 222 298 0.022069868 
473 203 111 167 0.0201599 
