37_Soccer_Soccer_37_52
35
385 423 51 127 0.99129593 
689 857 50 141 0.23436873 
257 11 60 164 0.2032784 
95 953 144 246 0.15916684 
173 586 93 311 0.12544508 
239 34 53 156 0.06655857 
406 -1 257 538 0.064067975 
224 558 126 372 0.05874174 
63 829 225 431 0.04931264 
863 35 114 269 0.045153886 
721 330 51 125 0.04326818 
-6 174 89 372 0.04133061 
211 12 111 298 0.03781825 
108 334 225 562 0.03781825 
571 689 206 605 0.03781825 
182 85 59 143 0.036325652 
713 320 39 89 0.036325645 
780 200 239 464 0.03163486 
823 163 134 330 0.03163486 
509 108 119 340 0.028921604 
294 352 197 485 0.028921604 
259 71 257 596 0.028921604 
706 369 68 143 0.027884193 
476 552 45 125 0.027884193 
94 287 53 219 0.027884185 
47 210 86 289 0.026434705 
483 569 25 78 0.025519116 
806 450 73 201 0.025519116 
708 848 53 176 0.023349825 
207 62 57 141 0.023349825 
669 80 119 225 0.022069868 
157 748 132 311 0.022069868 
167 138 218 530 0.022069868 
798 348 123 302 0.0201599 
220 693 307 444 0.0201599 
