37_Soccer_soccer_ball_37_867
232
385 205 32 49 0.9996031 
510 56 47 71 0.9985812 
518 220 46 70 0.9977647 
901 227 37 52 0.9975521 
85 288 27 40 0.99678564 
687 108 44 65 0.9957801 
253 236 41 67 0.9927347 
304 320 178 283 0.8001182 
651 234 194 347 0.7688974 
91 388 232 313 0.59142894 
490 499 68 93 0.38809907 
519 400 172 300 0.32305852 
447 183 7 10 0.22912638 
632 286 121 270 0.18550259 
120 280 5 8 0.17366186 
476 254 20 35 0.12872264 
144 205 4 7 0.11991897 
140 160 7 10 0.11991897 
179 289 7 9 0.111069925 
338 399 203 262 0.09803478 
445 183 11 16 0.09507551 
140 319 5 8 0.09507551 
199 273 5 9 0.08787667 
160 214 5 7 0.08117401 
352 318 29 33 0.07880669 
45 486 12 25 0.074940585 
51 284 5 8 0.074940585 
179 229 5 8 0.07494057 
131 526 149 161 0.06984133 
485 310 14 20 0.0691498 
151 223 6 10 0.0691498 
138 223 6 9 0.06377564 
188 242 5 7 0.06377564 
19 313 8 11 0.06377564 
196 192 5 8 0.06377564 
164 177 7 12 0.06377564 
407 488 111 192 0.05874174 
212 192 5 7 0.054176662 
64 291 7 10 0.054176662 
460 684 22 27 0.054176662 
342 310 28 39 0.051466707 
149 275 5 8 0.04990379 
242 261 8 12 0.04990379 
123 233 4 7 0.04990379 
198 187 5 8 0.04990379 
11 243 4 8 0.04990379 
203 274 6 9 0.04990379 
28 282 5 8 0.049903784 
37 265 5 7 0.049903784 
107 371 9 12 0.04595155 
474 337 14 22 0.04595155 
186 290 5 7 0.04595155 
205 157 5 7 0.045951538 
739 249 200 291 0.045153886 
528 195 46 75 0.04326818 
228 276 5 8 0.04229837 
168 232 6 8 0.04229837 
218 222 4 7 0.04229837 
166 274 5 8 0.04229837 
165 245 5 8 0.04229837 
61 263 6 8 0.04229837 
9 244 5 7 0.04229837 
79 277 7 10 0.04229837 
581 331 6 8 0.04229837 
218 187 5 7 0.04229837 
-24 427 257 291 0.04133061 
153 244 6 10 0.038923774 
131 235 5 7 0.038923774 
370 215 5 7 0.038923774 
156 222 6 9 0.038923774 
165 231 6 9 0.038923774 
178 145 5 7 0.038923774 
251 198 4 7 0.038923774 
137 189 4 6 0.038923774 
448 495 100 127 0.03781825 
463 539 257 342 0.03781825 
419 568 52 97 0.036325652 
135 275 4 7 0.035808332 
951 200 5 7 0.035808332 
220 185 4 6 0.035808332 
180 254 6 9 0.035808332 
138 312 11 17 0.035808332 
158 217 6 8 0.035808332 
209 189 5 7 0.035808332 
127 177 5 8 0.035808332 
666 -57 242 328 0.034593593 
418 274 21 30 0.033269096 
578 318 24 39 0.033269096 
561 172 30 42 0.033269096 
4 246 4 6 0.03293372 
181 224 6 9 0.03293372 
102 391 12 19 0.03293372 
824 283 13 18 0.03293372 
18 366 15 19 0.03293372 
201 228 4 7 0.03293372 
186 160 5 9 0.03293372 
441 188 13 20 0.032933712 
121 276 6 10 0.032933712 
36 218 5 8 0.032933712 
58 275 4 7 0.032933712 
160 223 6 9 0.032933712 
178 224 6 9 0.032933712 
109 132 4 6 0.032933712 
442 192 7 11 0.032933712 
8 297 5 8 0.032933712 
916 399 107 210 0.03163486 
18 360 25 39 0.030461596 
517 529 36 58 0.030461596 
114 466 16 24 0.030282615 
183 203 5 8 0.030282615 
313 281 14 18 0.030282615 
128 208 5 7 0.030282615 
137 210 4 7 0.030282615 
228 269 6 9 0.030282615 
181 250 5 8 0.030282615 
140 208 5 7 0.030282615 
16 314 7 10 0.030282615 
157 327 5 8 0.030282615 
38 312 17 25 0.030282615 
234 248 51 72 0.027884193 
539 174 51 69 0.027884193 
219 254 7 10 0.027838783 
220 221 5 7 0.027838783 
458 2 20 26 0.027838783 
306 318 13 21 0.027838783 
357 450 14 21 0.027838783 
199 184 4 7 0.027838783 
383 121 4 6 0.027838783 
32 127 5 7 0.027838783 
127 235 5 7 0.027838783 
225 275 12 19 0.027838783 
227 178 4 7 0.027838783 
182 239 5 9 0.027838783 
191 189 5 8 0.027838783 
128 377 7 10 0.027838778 
2 106 6 9 0.027838778 
132 276 4 7 0.027838778 
8 100 4 7 0.027838778 
191 234 6 8 0.027838778 
339 316 15 25 0.027838778 
212 253 6 10 0.027838778 
141 204 5 8 0.027838778 
571 487 117 164 0.026434705 
192 143 4 6 0.02558696 
169 272 5 8 0.02558696 
141 183 4 6 0.02558696 
189 238 7 10 0.02558696 
128 205 4 6 0.02558696 
144 132 5 8 0.02558696 
110 141 5 7 0.02558696 
198 286 5 8 0.02558696 
136 235 4 7 0.02558696 
144 228 5 8 0.02558696 
224 244 4 7 0.02558696 
174 284 5 8 0.02558696 
8 240 4 7 0.02558696 
436 290 6 9 0.02558696 
9 299 6 9 0.02558696 
612 90 26 39 0.025519116 
483 167 29 36 0.025519116 
194 291 206 318 0.024156325 
11 312 6 8 0.02351288 
444 375 13 21 0.02351288 
118 212 5 7 0.02351288 
143 220 6 9 0.02351288 
127 291 5 8 0.02351288 
130 177 6 9 0.02351288 
196 172 4 6 0.02351288 
0 178 4 8 0.02351288 
7 161 4 7 0.02351288 
437 170 6 9 0.02351288 
448 178 8 11 0.02351288 
148 304 13 20 0.02351288 
486 400 8 14 0.02351288 
21 297 4 6 0.02351288 
334 347 6 9 0.02351288 
144 199 4 7 0.02351288 
467 340 17 21 0.02351288 
62 289 14 20 0.02351288 
29 300 6 8 0.02351288 
5 248 5 7 0.02351288 
122 193 5 8 0.02351288 
103 204 4 7 0.02351288 
230 223 4 6 0.02351288 
116 204 4 6 0.02351288 
4 285 5 7 0.02351288 
346 289 50 67 0.023349825 
219 31 61 92 0.023349825 
423 316 21 32 0.023349825 
493 172 34 46 0.023349825 
813 249 56 62 0.023349825 
467 428 101 145 0.022069868 
479 335 8 14 0.0216032 
122 209 4 6 0.021603195 
36 203 5 7 0.021603195 
2 297 5 8 0.021603195 
125 422 14 25 0.021603195 
377 222 7 12 0.021603195 
131 286 5 7 0.021603195 
816 189 4 6 0.021603195 
122 197 5 8 0.021603195 
162 228 5 8 0.021603195 
136 239 4 7 0.021603195 
200 173 4 6 0.021603195 
144 274 6 9 0.021603195 
148 271 5 8 0.021603195 
1 299 5 9 0.021603195 
842 280 8 11 0.021603195 
314 235 4 7 0.021603195 
11 199 5 8 0.021603195 
136 199 4 7 0.021603195 
438 216 13 21 0.021603195 
136 245 5 8 0.021603195 
322 301 6 9 0.021603195 
58 278 5 8 0.021603195 
4 189 5 7 0.021603195 
172 307 6 9 0.021603195 
190 255 6 9 0.021603195 
215 253 7 11 0.021603195 
212 184 4 6 0.021603195 
4 262 4 6 0.021603195 
136 160 7 10 0.021603195 
187 258 5 8 0.021603195 
204 178 4 6 0.021603195 
54 334 14 21 0.021603195 
18 311 13 19 0.021603195 
138 308 8 13 0.021603195 
22 299 5 7 0.021603195 
628 43 12 19 0.021603195 
181 146 5 7 0.021603195 
114 178 4 6 0.021603195 
347 446 21 33 0.021360904 
