37_Soccer_Soccer_37_651
210
906 294 25 39 0.99931467 
498 308 24 37 0.99891996 
3 216 23 37 0.9850627 
104 222 34 45 0.9786391 
305 217 23 40 0.76563126 
579 381 200 273 0.45389688 
349 71 170 285 0.4085711 
737 21 14 17 0.29596066 
806 117 19 24 0.26116365 
1 226 13 24 0.22912635 
462 344 249 307 0.2150812 
737 0 18 18 0.2141799 
735 328 74 94 0.2032784 
655 12 14 21 0.19995552 
183 1 14 17 0.19995552 
1004 0 18 23 0.17366187 
824 255 13 16 0.17366187 
251 0 14 16 0.17366186 
403 9 197 302 0.17193554 
584 179 16 22 0.15017675 
236 3 9 13 0.15017675 
672 126 15 20 0.13944872 
646 465 68 92 0.13928533 
274 134 178 316 0.13594593 
250 220 21 32 0.12872264 
437 49 26 35 0.12872262 
498 63 44 68 0.118850335 
260 237 123 180 0.1065206 
1012 333 13 29 0.10279763 
648 95 17 22 0.10279763 
782 118 7 11 0.102797605 
890 505 19 26 0.08787667 
993 0 31 39 0.08567618 
238 222 23 34 0.08567618 
711 142 8 12 0.08117401 
854 220 235 330 0.076092646 
134 174 7 10 0.07494057 
306 242 27 41 0.07244435 
552 6 209 311 0.06984133 
330 20 9 13 0.069149815 
549 125 12 15 0.0691498 
411 97 13 17 0.0691498 
172 182 16 20 0.06377564 
233 402 14 19 0.06377564 
262 216 20 35 0.06111947 
392 97 12 18 0.05879275 
128 87 16 21 0.05879275 
181 253 222 269 0.05874174 
601 455 116 186 0.058741733 
212 100 23 34 0.056098126 
66 175 7 10 0.054176662 
802 361 209 277 0.053832818 
580 -5 48 65 0.051466707 
868 239 21 38 0.051466707 
465 495 30 52 0.051466707 
127 6 14 20 0.04990379 
331 1 7 10 0.04990379 
547 11 10 12 0.04990379 
701 90 22 27 0.047198545 
287 220 26 41 0.047198545 
1011 138 12 26 0.045951538 
-12 332 191 316 0.045153886 
273 342 194 335 0.045153886 
817 255 20 27 0.04326818 
594 5 27 41 0.04326818 
582 1 15 20 0.04229837 
677 30 8 12 0.04229837 
603 88 14 20 0.04229837 
329 1 6 9 0.04229837 
272 506 18 23 0.04229837 
470 58 7 10 0.04229837 
78 0 17 21 0.04229837 
423 447 73 102 0.039651502 
0 65 11 20 0.038923774 
579 186 16 24 0.038923774 
87 94 15 21 0.038923774 
90 367 197 293 0.03781825 
15 212 27 44 0.036325652 
475 168 28 44 0.036325652 
153 107 25 34 0.036325652 
548 190 26 37 0.036325645 
563 8 11 17 0.035808332 
228 0 7 9 0.035808332 
35 79 15 20 0.035808332 
731 173 16 20 0.035808332 
655 179 8 11 0.035808332 
410 86 9 11 0.035808332 
177 11 8 14 0.035808332 
1004 60 14 23 0.035808332 
488 43 123 188 0.034593593 
690 341 206 269 0.034593593 
298 229 45 65 0.033269096 
364 79 22 31 0.033269096 
532 196 12 17 0.03293372 
614 165 12 19 0.03293372 
598 4 9 12 0.03293372 
340 207 18 24 0.032933712 
274 77 16 22 0.032933712 
740 128 8 12 0.032933712 
112 438 107 180 0.03163486 
115 469 24 36 0.030461596 
319 255 63 119 0.030461596 
389 94 20 31 0.030461596 
459 473 51 82 0.030461596 
641 0 14 17 0.030282615 
646 -1 10 11 0.030282615 
584 255 13 20 0.030282615 
564 6 8 11 0.030282615 
698 257 116 146 0.028921604 
930 520 25 40 0.027884193 
336 174 26 37 0.027884193 
645 39 26 38 0.027884193 
653 7 24 35 0.027884193 
567 255 26 31 0.027884193 
28 86 14 21 0.027838783 
633 174 7 11 0.027838783 
138 525 8 12 0.027838783 
164 -1 15 18 0.027838783 
168 568 16 23 0.027838783 
69 170 6 9 0.027838783 
610 201 14 21 0.027838783 
271 95 6 8 0.027838783 
586 103 9 11 0.027838783 
65 114 9 12 0.027838783 
298 222 18 28 0.027838778 
70 125 8 11 0.027838778 
159 112 11 20 0.027838778 
69 115 7 11 0.027838778 
430 102 16 23 0.027838778 
741 354 114 188 0.026434705 
716 198 7 11 0.02558696 
170 24 11 16 0.02558696 
826 176 13 19 0.02558696 
496 19 6 9 0.02558696 
3 20 7 12 0.02558696 
610 194 12 18 0.02558696 
593 279 12 17 0.02558696 
275 104 14 20 0.02558696 
591 101 12 17 0.02558696 
563 3 7 10 0.02558696 
735 10 18 24 0.02558696 
679 21 13 20 0.02558696 
843 436 30 44 0.025519116 
817 313 21 34 0.025519116 
96 188 49 78 0.025519116 
102 204 29 47 0.025519116 
172 104 24 33 0.025519116 
951 49 22 35 0.025519116 
700 206 13 20 0.02351288 
650 16 14 21 0.02351288 
683 15 14 22 0.02351288 
662 158 15 20 0.02351288 
316 0 10 11 0.02351288 
96 1 8 12 0.02351288 
69 118 12 19 0.02351288 
978 42 15 21 0.02351288 
121 121 9 13 0.02351288 
120 187 9 13 0.02351288 
0 625 5 8 0.02351288 
501 118 14 17 0.02351288 
420 22 16 20 0.02351288 
639 163 12 18 0.02351288 
756 20 12 18 0.02351288 
178 6 13 21 0.02351288 
70 166 6 8 0.02351288 
625 15 7 11 0.02351288 
205 21 14 20 0.02351288 
832 257 7 10 0.02351288 
459 55 7 11 0.02351288 
67 283 29 48 0.023349825 
578 -1 25 34 0.023349825 
846 148 20 37 0.023349825 
227 379 57 86 0.023349825 
744 260 23 31 0.023349825 
391 346 180 261 0.022069868 
39 73 9 11 0.021603195 
565 81 7 10 0.021603195 
0 72 13 25 0.021603195 
514 115 19 23 0.021603195 
490 41 11 18 0.021603195 
1008 86 7 11 0.021603195 
553 9 11 17 0.021603195 
696 -1 13 14 0.021603195 
932 11 8 12 0.021603195 
641 7 8 11 0.021603195 
661 2 14 19 0.021603195 
520 17 8 11 0.021603195 
590 5 7 10 0.021603195 
116 0 8 9 0.021603195 
651 15 9 13 0.021603195 
142 508 7 11 0.021603195 
669 131 7 11 0.021603195 
105 162 5 7 0.021603195 
771 154 13 23 0.021603195 
152 163 8 11 0.021603195 
768 188 10 16 0.021603195 
428 34 43 58 0.021360904 
712 149 55 82 0.021360904 
68 -2 25 36 0.021360898 
394 9 23 36 0.021360898 
104 126 23 29 0.021360898 
464 157 58 71 0.021360898 
254 202 36 57 0.021360898 
567 279 25 31 0.021360898 
217 241 23 34 0.021360898 
272 221 26 39 0.021360898 
90 226 28 40 0.021360898 
182 -25 235 330 0.0201599 
120 165 212 277 0.0201599 
460 512 293 281 0.0201599 
