1_Handshaking_Handshaking_1_602
133
249 344 28 30 0.9016053 
639 245 11 14 0.81460494 
915 270 12 15 0.8075993 
609 227 11 14 0.79347664 
842 236 12 15 0.77796715 
372 240 14 17 0.6823539 
645 222 9 13 0.6449963 
754 246 7 10 0.6235485 
506 227 13 17 0.60289866 
687 227 10 13 0.5273039 
509 226 8 11 0.45244935 
719 237 10 13 0.41769588 
944 243 17 25 0.3885387 
546 225 8 10 0.33411914 
365 237 15 18 0.32932606 
477 218 10 13 0.3035098 
577 221 9 12 0.2804091 
438 233 8 10 0.2617805 
136 197 8 11 0.23358321 
398 323 12 18 0.22852926 
613 291 12 21 0.22394669 
677 306 13 18 0.20852672 
930 247 20 23 0.19822396 
468 247 13 19 0.18916948 
722 258 13 16 0.17632331 
693 237 11 14 0.14691553 
924 249 17 19 0.14234853 
773 256 9 11 0.14081393 
679 231 9 11 0.120557 
676 244 12 15 0.10189253 
831 264 9 11 0.09548219 
576 227 11 15 0.09316338 
546 227 11 14 0.08923437 
291 285 14 17 0.08178248 
618 294 15 21 0.077805005 
664 251 8 12 0.07758542 
768 254 9 12 0.07691703 
189 189 9 10 0.076761365 
495 335 33 35 0.07347552 
541 241 15 18 0.07213728 
654 300 15 20 0.06900421 
757 251 9 12 0.0679787 
486 232 13 17 0.064693004 
576 246 12 14 0.06381471 
725 266 12 15 0.062092043 
674 231 9 12 0.061785232 
641 225 12 16 0.058804177 
677 235 11 14 0.053943574 
547 236 14 18 0.05292835 
469 257 13 17 0.05222991 
732 259 13 15 0.051123798 
886 260 10 12 0.04999666 
383 253 424 456 0.046465352 
671 249 11 14 0.0454619 
645 238 11 15 0.044025432 
492 234 12 16 0.044008177 
687 232 12 16 0.04319766 
635 244 11 14 0.042586915 
714 237 11 14 0.04192351 
512 338 46 43 0.04114064 
442 236 12 16 0.04013322 
671 298 13 19 0.040060464 
753 249 10 14 0.040032458 
605 295 16 23 0.038574945 
515 235 13 17 0.037653916 
486 254 10 13 0.036773603 
506 229 21 26 0.035991278 
436 238 14 18 0.035215802 
676 296 12 16 0.035187326 
474 295 16 18 0.03516455 
932 308 12 14 0.033756856 
910 295 11 14 0.03262505 
769 259 9 12 0.03222034 
608 284 13 19 0.03159238 
434 235 11 15 0.03135952 
580 253 10 13 0.030722843 
598 299 21 29 0.030690651 
921 244 12 18 0.030599725 
557 245 10 12 0.02989837 
915 261 16 19 0.029526329 
111 301 10 15 0.029501846 
423 289 14 18 0.029319612 
139 197 10 13 0.02930858 
740 254 12 14 0.029129328 
766 248 9 12 0.029053628 
850 290 12 16 0.028799377 
478 234 12 17 0.028629333 
631 237 12 15 0.028455235 
475 258 12 17 0.027239542 
579 235 11 14 0.027107552 
120 306 10 13 0.027086375 
599 266 12 14 0.026563093 
595 311 17 21 0.02637681 
538 248 15 18 0.026196647 
490 228 20 26 0.026059994 
752 261 10 12 0.025856746 
540 302 27 28 0.02527997 
472 228 11 14 0.025054762 
98 301 23 28 0.024892436 
674 233 19 26 0.024889363 
237 352 16 19 0.0246643 
129 190 10 14 0.02453185 
263 343 17 24 0.02452271 
672 313 12 15 0.024187084 
495 323 23 33 0.02411569 
286 278 13 15 0.02404386 
535 243 13 18 0.024039743 
685 245 11 15 0.02347668 
470 290 15 20 0.023433667 
471 237 11 16 0.023282608 
457 251 12 15 0.02315232 
477 226 14 18 0.023076547 
615 246 10 13 0.022871524 
554 304 13 17 0.022805903 
130 196 10 12 0.022797074 
846 270 10 12 0.022432053 
514 230 12 14 0.022299156 
605 245 11 14 0.021810714 
580 216 10 13 0.021790054 
721 262 21 27 0.021495806 
682 300 15 18 0.021399861 
483 222 12 14 0.021370932 
725 275 11 13 0.02106485 
515 300 12 14 0.021062423 
723 232 11 13 0.02097255 
637 267 14 18 0.020966548 
834 254 9 12 0.020946918 
668 244 20 24 0.02084549 
526 278 11 14 0.020677917 
511 610 127 126 0.020646382 
1010 230 14 22 0.020515952 
530 352 26 32 0.020355456 
838 251 10 12 0.020342546 
