1_Handshaking_Handshaking_1_380
64
673 -9 136 128 0.9979107 
835 -6 105 131 0.35149714 
245 56 14 19 0.3404289 
296 54 13 17 0.19143772 
467 288 53 62 0.147216 
230 120 15 19 0.13971324 
681 638 20 25 0.12931317 
254 66 12 15 0.10355559 
327 48 9 13 0.094812825 
346 69 25 31 0.09424145 
347 66 16 21 0.08615016 
559 84 416 482 0.07579118 
248 153 442 499 0.0704244 
230 55 10 14 0.06152468 
291 55 22 26 0.05555108 
551 601 15 20 0.055344235 
232 115 25 28 0.05285568 
645 591 13 18 0.050784446 
594 606 17 22 0.046913188 
345 76 41 47 0.046898343 
652 584 21 27 0.045221314 
389 49 17 21 0.040839907 
722 -10 164 150 0.03963666 
495 27 30 37 0.039422438 
667 647 44 51 0.038100626 
334 51 11 15 0.03768922 
462 603 14 16 0.036010835 
339 57 21 28 0.0356935 
635 589 21 25 0.03458036 
541 628 13 16 0.034276176 
453 124 17 22 0.0342097 
667 590 16 22 0.03331966 
621 598 23 29 0.03287528 
239 54 14 17 0.031186203 
512 16 31 42 0.030922202 
615 579 13 17 0.030635959 
632 640 21 28 0.030481556 
338 52 14 17 0.029478177 
260 76 13 17 0.02900175 
257 235 113 108 0.028589664 
405 116 27 36 0.028245188 
329 45 21 27 0.027930664 
581 582 13 16 0.027563624 
627 11 51 68 0.027363526 
213 97 16 18 0.02732695 
518 629 47 54 0.027205098 
354 59 17 22 0.026941814 
320 45 20 24 0.026506964 
121 362 29 36 0.026289638 
355 64 25 32 0.025507523 
298 47 22 28 0.025380833 
224 117 14 18 0.025060013 
550 636 13 16 0.024675887 
88 109 8 11 0.023230914 
380 554 114 138 0.02298147 
204 100 15 16 0.022957817 
80 166 350 439 0.022168698 
683 4 13 12 0.021889674 
248 60 20 24 0.021641918 
659 579 24 30 0.02102633 
619 651 13 18 0.020772478 
333 66 15 21 0.020718627 
535 382 47 52 0.02063796 
613 654 17 23 0.020292472 
