23_Shoppers_Shoppers_23_91
118
638 118 40 53 0.99844605 
367 229 28 47 0.99678564 
200 202 19 33 0.97839683 
309 262 24 35 0.88114965 
972 240 21 37 0.71312684 
672 210 218 293 0.3864298 
115 266 10 18 0.24479094 
826 480 281 277 0.21508123 
-21 340 228 321 0.21508123 
793 218 225 298 0.19988178 
289 235 46 59 0.15056497 
251 375 19 25 0.13944872 
611 495 98 142 0.1254451 
784 -29 197 316 0.12544508 
233 310 11 21 0.111069925 
7 257 13 23 0.10279763 
458 -9 197 277 0.09803478 
-22 191 215 311 0.090156734 
265 284 8 11 0.08787667 
496 402 203 253 0.08285364 
276 -16 235 345 0.076092646 
344 206 4 6 0.06377564 
953 214 25 34 0.06111947 
385 232 27 42 0.06111947 
453 209 5 7 0.05879275 
740 439 246 325 0.05874174 
302 229 29 39 0.056098126 
247 294 15 20 0.054176662 
715 175 138 228 0.053832818 
829 14 123 186 0.053832814 
688 252 27 29 0.051466707 
112 267 19 28 0.051466707 
327 236 5 8 0.049903784 
311 304 212 293 0.04931264 
762 262 151 212 0.04931264 
244 363 21 35 0.047198545 
110 276 13 24 0.045951538 
273 282 51 82 0.04326818 
951 221 40 52 0.04326818 
386 486 13 20 0.04229837 
109 292 13 22 0.04229837 
588 428 175 239 0.04133061 
338 206 31 34 0.039651494 
822 97 29 57 0.039651494 
238 354 21 35 0.039651494 
626 221 13 23 0.038923774 
13 244 5 8 0.038923774 
139 270 9 12 0.038923774 
91 39 316 366 0.03781825 
848 273 126 191 0.03781825 
92 308 46 78 0.036325652 
339 233 25 41 0.036325652 
224 309 20 32 0.036325652 
869 27 60 86 0.036325652 
285 257 50 78 0.036325652 
275 241 14 22 0.035808332 
111 270 11 17 0.035808332 
549 470 109 142 0.034593605 
397 392 132 183 0.034593593 
942 219 21 29 0.03293372 
332 219 5 7 0.032933712 
377 494 17 23 0.032933712 
286 457 6 9 0.032933712 
328 234 25 39 0.030461604 
888 245 27 34 0.030461596 
276 245 8 11 0.030282615 
628 239 8 12 0.030282615 
754 241 7 9 0.030282615 
757 243 6 8 0.030282615 
884 239 14 22 0.030282615 
483 195 5 7 0.030282615 
249 325 7 11 0.030282615 
503 398 5 7 0.030282615 
270 394 27 44 0.027884193 
312 238 36 55 0.027884185 
287 220 33 47 0.027884185 
900 252 20 24 0.027838778 
755 253 12 17 0.02558696 
289 244 17 23 0.02558696 
470 128 5 7 0.02558696 
233 318 14 23 0.02558696 
258 303 7 10 0.02558696 
337 208 5 6 0.02558696 
136 270 7 11 0.02558696 
244 301 15 21 0.02558696 
461 204 5 7 0.02558696 
245 327 7 10 0.02558696 
117 263 7 12 0.02558696 
241 307 21 30 0.025519116 
651 344 50 74 0.025519116 
375 226 45 67 0.025519116 
212 351 29 41 0.025519116 
765 324 203 285 0.024156325 
620 80 218 325 0.024156325 
324 238 6 8 0.02351288 
103 277 6 9 0.02351288 
268 220 4 6 0.02351288 
92 224 6 8 0.02351288 
247 281 46 68 0.023349825 
203 330 27 33 0.023349825 
497 200 218 289 0.022069868 
780 238 6 8 0.021603195 
246 302 8 11 0.021603195 
128 297 20 27 0.021603195 
447 257 13 19 0.021603195 
280 245 14 21 0.021603195 
0 449 7 12 0.021603195 
306 236 18 23 0.021603195 
753 245 7 9 0.021603195 
305 242 6 8 0.021603195 
190 358 46 83 0.021360904 
851 175 51 71 0.021360904 
934 203 46 61 0.021360904 
379 483 22 31 0.021360898 
396 229 46 61 0.021360898 
763 541 58 72 0.021360898 
343 196 51 54 0.021360898 
15 358 138 206 0.020159906 
