23_Shoppers_Shoppers_23_511
428
420 284 7 12 0.88893 
57 303 7 9 0.8135483 
325 211 9 12 0.7040394 
531 15 8 10 0.7040394 
200 118 9 13 0.6856687 
386 251 9 11 0.64717066 
346 214 7 10 0.5 
650 308 9 11 0.5 
717 335 8 12 0.47834834 
95 64 13 18 0.45677772 
281 477 26 46 0.4545945 
500 319 12 14 0.3728605 
483 324 8 10 0.35282937 
746 573 11 11 0.33330244 
243 124 11 14 0.33330244 
859 641 11 13 0.29596066 
831 240 7 9 0.27822798 
917 335 8 10 0.26116365 
130 356 12 16 0.26116365 
141 465 53 54 0.2511021 
291 136 9 12 0.24479094 
364 242 8 10 0.24479094 
86 46 14 18 0.22912638 
16 293 8 9 0.22912638 
161 92 9 10 0.22912635 
894 345 9 12 0.2141799 
485 24 8 9 0.2141799 
376 479 34 43 0.2032784 
449 302 8 11 0.19995552 
748 277 8 10 0.18645167 
285 182 18 25 0.18645167 
292 174 9 11 0.17366187 
616 5 6 8 0.17366187 
394 455 11 16 0.17366186 
267 434 30 41 0.16258557 
350 236 46 70 0.16258557 
822 257 13 14 0.16157512 
171 563 17 19 0.16157512 
640 302 10 14 0.13944872 
150 364 25 39 0.13928533 
398 463 25 29 0.13928533 
131 524 9 10 0.1293704 
645 305 11 13 0.1293704 
65 283 7 8 0.1293704 
269 464 31 46 0.12872264 
22 292 10 12 0.11991897 
855 561 7 8 0.111069925 
816 257 11 14 0.111069925 
220 587 10 11 0.111069925 
240 131 16 17 0.111069925 
710 600 8 9 0.111069925 
822 264 14 14 0.102797605 
705 606 13 16 0.09507551 
75 323 8 10 0.09507551 
134 555 11 14 0.09507551 
829 255 12 14 0.09507551 
841 321 20 26 0.09308393 
145 347 42 60 0.09308393 
392 100 242 290 0.09015675 
354 521 8 11 0.08787667 
132 64 16 18 0.08787667 
911 324 13 16 0.08787667 
129 97 9 11 0.08787667 
125 529 14 19 0.08117401 
82 90 11 16 0.08117401 
845 224 6 7 0.08117401 
788 640 12 15 0.08117401 
69 363 14 19 0.08117401 
145 468 31 34 0.07880669 
902 323 6 7 0.074940585 
719 3 6 7 0.074940585 
628 333 7 10 0.07494057 
10 329 7 9 0.07494057 
787 6 5 7 0.07494057 
130 549 20 23 0.072444364 
258 441 46 54 0.07244435 
10 589 31 36 0.07244435 
754 10 6 7 0.06377564 
180 29 7 9 0.06377564 
125 124 8 9 0.06377564 
236 99 7 10 0.06377564 
171 476 8 9 0.06377564 
676 28 6 7 0.05879275 
670 368 7 9 0.05879275 
2 290 7 9 0.05879275 
284 23 6 8 0.05879275 
556 272 17 21 0.05879275 
279 34 7 10 0.05879275 
549 426 269 299 0.05874174 
496 317 19 23 0.056098126 
72 571 25 25 0.056098126 
146 376 24 40 0.056098126 
57 57 23 29 0.056098126 
382 245 7 8 0.054176662 
575 252 14 17 0.054176662 
476 10 6 8 0.054176662 
191 125 11 18 0.054176662 
242 121 9 12 0.054176662 
728 194 15 18 0.054176662 
507 320 8 11 0.054176662 
283 191 15 20 0.054176662 
289 53 26 31 0.051466707 
12 329 23 29 0.051466707 
607 342 11 13 0.04990379 
808 216 5 6 0.04990379 
101 63 13 16 0.04990379 
837 254 8 10 0.04990379 
720 267 8 9 0.04990379 
761 0 6 6 0.04990379 
245 161 11 15 0.04990379 
477 328 16 19 0.049903784 
744 216 7 8 0.049903784 
751 368 8 10 0.049903784 
890 342 8 11 0.049903784 
561 32 6 7 0.049903784 
272 455 50 66 0.047198545 
174 30 6 9 0.04595155 
758 288 7 8 0.04595155 
97 38 7 9 0.04595155 
53 42 8 10 0.04595155 
562 316 9 10 0.04595155 
757 9 5 7 0.04595155 
157 93 12 14 0.04595155 
368 242 7 9 0.04595155 
356 245 14 16 0.045951538 
736 323 12 16 0.045951538 
723 328 8 10 0.045951538 
740 214 12 15 0.045951538 
49 377 13 15 0.045951538 
842 317 15 18 0.045951538 
18 578 46 57 0.04326818 
337 215 22 29 0.04326818 
237 38 23 28 0.04326818 
140 482 33 42 0.04326818 
33 56 25 30 0.04326818 
125 353 20 28 0.04326818 
747 270 13 16 0.04229837 
959 9 13 19 0.04229837 
813 258 9 12 0.04229837 
497 578 6 7 0.04229837 
89 67 14 16 0.04229837 
118 67 7 10 0.04229837 
792 560 13 17 0.04229837 
601 559 19 21 0.04229837 
805 189 6 8 0.04229837 
718 284 6 7 0.04229837 
57 324 7 8 0.04229837 
876 344 10 12 0.04229837 
918 329 8 11 0.04229837 
844 332 13 17 0.04229837 
106 341 7 9 0.04229837 
907 324 7 9 0.04229837 
896 341 9 12 0.04229837 
172 629 8 8 0.04229837 
519 274 85 113 0.04133062 
543 319 47 65 0.039651502 
320 206 21 25 0.039651502 
367 491 32 40 0.039651502 
793 643 9 10 0.038923774 
817 222 6 7 0.038923774 
314 27 5 7 0.038923774 
721 337 8 10 0.038923774 
283 34 6 8 0.038923774 
717 635 14 20 0.038923774 
19 474 8 9 0.038923774 
484 52 6 6 0.038923774 
18 290 7 9 0.038923774 
863 342 11 15 0.038923774 
486 321 8 11 0.038923774 
118 554 9 10 0.038923774 
477 320 13 15 0.038923774 
238 125 12 17 0.038923774 
54 552 26 29 0.036325652 
359 483 28 35 0.036325652 
57 488 26 33 0.036325652 
245 356 20 26 0.036325645 
289 476 48 60 0.036325645 
688 358 14 18 0.035808332 
725 188 6 7 0.035808332 
7 330 12 17 0.035808332 
289 139 14 18 0.035808332 
901 333 7 8 0.035808332 
197 129 8 12 0.035808332 
199 550 8 9 0.035808332 
131 522 14 17 0.035808332 
736 609 8 10 0.035808332 
854 625 9 12 0.035808332 
797 6 4 5 0.035808332 
869 337 8 10 0.035808332 
185 28 8 10 0.035808332 
231 111 9 10 0.035808332 
69 283 6 7 0.035808332 
126 340 44 57 0.033269096 
389 459 25 29 0.033269096 
329 446 49 62 0.033269096 
167 91 8 10 0.03293372 
132 57 14 16 0.03293372 
166 474 14 17 0.03293372 
93 39 13 17 0.03293372 
64 369 16 19 0.03293372 
180 127 7 9 0.03293372 
162 117 14 20 0.03293372 
649 302 9 11 0.032933712 
653 25 6 7 0.032933712 
98 330 14 18 0.032933712 
690 19 5 7 0.032933712 
7 317 7 8 0.032933712 
397 462 8 10 0.032933712 
54 322 7 8 0.032933712 
168 29 7 9 0.032933712 
795 215 5 6 0.032933712 
75 52 8 10 0.032933712 
547 -48 242 247 0.03163486 
167 375 26 36 0.030461604 
81 90 20 24 0.030461604 
153 109 27 33 0.030461604 
41 49 23 27 0.030461604 
466 562 48 64 0.030461604 
143 454 30 34 0.030461596 
607 392 20 24 0.030461596 
314 199 22 27 0.030461596 
327 73 24 31 0.030461596 
455 550 28 43 0.030461596 
160 54 22 26 0.030461596 
156 86 20 24 0.030461596 
350 214 8 10 0.030282615 
800 16 6 8 0.030282615 
485 20 5 6 0.030282615 
872 340 9 10 0.030282615 
156 99 8 10 0.030282615 
53 338 7 9 0.030282615 
835 253 7 9 0.030282615 
199 100 8 10 0.030282615 
194 120 11 17 0.030282615 
737 338 7 9 0.030282615 
169 586 9 12 0.030282615 
723 280 6 7 0.030282615 
140 534 13 18 0.030282615 
224 567 9 10 0.030282615 
290 30 8 9 0.030282615 
127 84 7 9 0.030282615 
195 118 8 11 0.030282615 
247 541 70 72 0.027884193 
36 597 28 35 0.027884193 
356 461 48 57 0.027884193 
158 315 27 40 0.027884193 
63 562 27 31 0.027884193 
49 120 54 58 0.027884185 
335 513 51 64 0.027884185 
766 341 7 10 0.027838783 
186 45 9 10 0.027838783 
712 336 11 15 0.027838783 
467 22 5 7 0.027838783 
843 222 10 13 0.027838783 
587 326 6 7 0.027838783 
288 24 13 17 0.027838783 
758 386 8 9 0.027838783 
646 321 7 8 0.027838783 
321 206 10 12 0.027838783 
793 212 6 7 0.027838783 
57 340 8 12 0.027838783 
397 456 15 20 0.027838783 
708 601 12 15 0.027838783 
93 315 7 8 0.027838778 
154 371 14 20 0.027838778 
293 27 13 17 0.027838778 
633 358 8 8 0.027838778 
703 12 5 5 0.027838778 
613 34 6 7 0.027838778 
716 5 6 7 0.027838778 
696 339 14 17 0.027838778 
745 624 12 15 0.027838778 
183 410 191 240 0.02643471 
273 -45 222 290 0.026434705 
269 424 97 139 0.026434705 
71 300 11 15 0.02558696 
297 143 13 19 0.02558696 
767 10 6 7 0.02558696 
635 305 11 14 0.02558696 
151 352 9 10 0.02558696 
36 317 7 8 0.02558696 
723 3 5 7 0.02558696 
58 328 8 9 0.02558696 
795 264 13 15 0.02558696 
88 43 8 9 0.02558696 
703 612 15 21 0.02558696 
155 113 8 10 0.02558696 
767 188 5 5 0.02558696 
162 46 11 15 0.02558696 
839 232 6 8 0.02558696 
383 255 8 9 0.02558696 
822 241 7 9 0.02558696 
741 210 6 8 0.02558696 
632 361 12 14 0.02558696 
902 328 7 9 0.02558696 
137 50 7 8 0.02558696 
325 22 7 9 0.02558696 
827 15 6 7 0.02558696 
479 13 7 8 0.02558696 
813 227 7 8 0.02558696 
807 607 12 15 0.02558696 
698 424 9 11 0.02558696 
280 31 10 15 0.02558696 
664 323 7 10 0.02558696 
12 292 8 9 0.02558696 
787 8 7 8 0.02558696 
134 528 16 20 0.02558696 
804 236 6 7 0.02558696 
701 399 9 12 0.02558696 
83 87 8 12 0.02558696 
138 464 19 23 0.02558696 
130 355 9 10 0.02558696 
741 256 25 31 0.025519116 
89 202 76 69 0.025519116 
774 221 22 28 0.025519116 
328 211 24 29 0.025519116 
540 398 25 29 0.025519116 
248 486 74 65 0.025519116 
264 68 20 25 0.025519116 
129 446 46 59 0.025519116 
344 475 51 62 0.025519116 
600 387 23 23 0.025519116 
56 377 22 23 0.025519116 
357 498 28 36 0.025519116 
-33 171 269 229 0.024156325 
507 132 218 286 0.024156325 
841 229 12 14 0.02351288 
68 53 14 17 0.02351288 
826 239 8 10 0.02351288 
849 637 18 17 0.02351288 
762 263 7 9 0.02351288 
318 213 9 11 0.02351288 
212 25 7 8 0.02351288 
7 326 8 10 0.02351288 
0 290 6 9 0.02351288 
782 640 10 12 0.02351288 
227 33 12 16 0.02351288 
343 207 13 17 0.02351288 
767 190 6 7 0.02351288 
734 203 14 18 0.02351288 
310 202 11 15 0.02351288 
691 344 15 17 0.02351288 
216 34 7 9 0.02351288 
875 338 8 9 0.02351288 
300 30 8 10 0.02351288 
66 302 8 11 0.02351288 
865 367 12 18 0.02351288 
126 357 9 11 0.02351288 
258 32 5 6 0.02351288 
23 309 8 10 0.02351288 
17 293 12 15 0.02351288 
714 598 7 9 0.02351288 
840 337 6 7 0.02351288 
8 311 12 14 0.02351288 
736 332 13 16 0.02351288 
58 335 7 7 0.02351288 
655 332 6 7 0.02351288 
557 322 13 15 0.02351288 
284 23 10 14 0.02351288 
595 536 6 7 0.02351288 
185 124 12 16 0.02351288 
633 327 10 13 0.02351288 
233 102 8 10 0.02351288 
711 623 26 31 0.023349825 
710 611 23 31 0.023349825 
89 53 21 25 0.023349825 
266 412 43 57 0.023349825 
136 356 23 34 0.023349825 
322 202 44 60 0.023349825 
483 577 25 39 0.023349825 
488 322 22 26 0.023349825 
324 28 242 295 0.022069868 
204 355 95 109 0.022069868 
789 124 209 254 0.022069868 
202 523 134 127 0.022069868 
450 298 7 9 0.0216032 
231 347 14 20 0.021603195 
189 115 7 9 0.021603195 
616 359 12 15 0.021603195 
247 120 9 11 0.021603195 
15 358 17 21 0.021603195 
92 335 14 20 0.021603195 
898 336 8 10 0.021603195 
682 11 5 6 0.021603195 
783 190 6 7 0.021603195 
54 378 14 15 0.021603195 
691 403 7 8 0.021603195 
292 27 7 9 0.021603195 
305 205 8 11 0.021603195 
271 404 9 11 0.021603195 
815 221 6 7 0.021603195 
821 232 5 6 0.021603195 
100 53 13 18 0.021603195 
688 19 4 5 0.021603195 
848 587 7 8 0.021603195 
829 245 9 11 0.021603195 
791 252 6 7 0.021603195 
380 490 16 22 0.021603195 
766 261 6 7 0.021603195 
45 47 16 17 0.021603195 
720 325 7 10 0.021603195 
776 265 13 16 0.021603195 
143 508 17 18 0.021603195 
791 631 8 10 0.021603195 
783 631 7 9 0.021603195 
241 40 7 8 0.021603195 
791 636 9 11 0.021603195 
25 297 9 11 0.021603195 
33 301 6 8 0.021603195 
207 572 12 14 0.021603195 
857 562 7 9 0.021603195 
110 563 7 9 0.021603195 
732 28 6 7 0.021603195 
165 28 6 8 0.021603195 
3 316 12 15 0.021603195 
196 10 53 70 0.021360904 
154 374 31 46 0.021360904 
123 487 49 57 0.021360904 
691 591 47 58 0.021360898 
571 607 32 31 0.021360898 
637 297 19 23 0.021360898 
781 336 23 29 0.021360898 
111 514 44 52 0.021360898 
348 527 30 40 0.021360898 
348 477 27 34 0.021360898 
131 487 28 34 0.021360898 
453 390 249 317 0.0201599 
305 444 95 127 0.0201599 
