23_Shoppers_Shoppers_23_802
49
383 125 222 426 0.99957687 
609 306 167 290 0.99385405 
300 132 206 439 0.9412582 
490 187 197 390 0.9171464 
239 351 232 452 0.71599656 
111 17 116 207 0.32305852 
598 356 206 452 0.19988178 
530 310 203 384 0.15916686 
501 544 178 327 0.14717786 
87 226 212 414 0.115646794 
595 584 197 373 0.1065206 
114 466 16 26 0.09507551 
175 146 253 473 0.076092646 
96 -63 200 402 0.06984133 
884 636 26 53 0.06655858 
152 2 7 13 0.05879275 
213 679 35 68 0.056098126 
747 885 55 114 0.051466707 
204 657 57 122 0.051466707 
121 41 235 452 0.04931264 
519 72 218 390 0.04931264 
287 888 27 60 0.047198545 
129 4 7 16 0.045951538 
750 -14 218 414 0.045153897 
888 646 107 229 0.045153897 
105 467 29 42 0.04326818 
380 430 183 368 0.04133061 
337 5 13 20 0.038923774 
876 604 42 91 0.036325652 
382 675 194 426 0.034593605 
480 616 116 240 0.034593605 
803 590 103 201 0.034593593 
613 663 242 494 0.034593593 
313 896 56 96 0.030461596 
630 645 55 107 0.030461596 
149 248 128 254 0.028921604 
794 525 79 116 0.027884193 
910 666 60 114 0.027884185 
56 726 4 8 0.027838778 
130 0 6 10 0.02558696 
496 626 78 138 0.025519116 
154 607 97 176 0.024156325 
919 409 58 83 0.023349825 
99 434 56 85 0.023349825 
266 828 63 110 0.023349825 
734 11 98 192 0.022069868 
71 785 6 11 0.021603195 
845 616 58 109 0.021360904 
118 5 53 129 0.021360898 
