23_Shoppers_Shoppers_23_801
37
547 181 69 201 0.9957801 
320 93 106 253 0.95866936 
136 162 194 560 0.52310073 
514 214 222 577 0.2311026 
70 431 215 689 0.19988178 
168 503 228 595 0.17193554 
305 897 249 621 0.15916684 
418 327 261 595 0.13594593 
481 920 109 382 0.13594593 
552 167 116 310 0.09803478 
457 877 212 603 0.09015675 
484 547 119 393 0.076092646 
548 426 265 491 0.076092646 
428 378 82 178 0.06655857 
766 1168 232 612 0.064067975 
637 753 222 603 0.053832818 
527 843 273 603 0.053832814 
211 765 124 376 0.053832814 
607 404 134 382 0.045153886 
-34 771 246 631 0.045153886 
248 656 60 148 0.04326818 
171 316 88 238 0.04326818 
672 189 228 731 0.04133061 
521 1008 134 360 0.03781825 
232 633 53 133 0.033269096 
543 1091 73 208 0.033269096 
245 901 71 230 0.033269096 
58 8 235 552 0.028921604 
700 892 253 649 0.028921604 
258 711 50 153 0.027884185 
213 688 30 65 0.025519116 
259 642 34 93 0.025519116 
611 206 74 161 0.025519116 
519 35 191 498 0.02415633 
347 411 60 163 0.023349825 
236 867 191 528 0.022069868 
291 411 63 169 0.021360893 
