23_Shoppers_Shoppers_23_450
212
249 429 15 37 0.94120723 
333 436 28 97 0.30585766 
449 627 28 73 0.16258557 
662 345 16 39 0.1293704 
752 246 5 16 0.11991897 
321 799 107 290 0.115646794 
725 267 7 18 0.111069925 
784 584 18 49 0.09507551 
715 282 7 18 0.09507551 
714 311 6 18 0.08787667 
728 274 7 18 0.08787667 
686 299 7 19 0.08787667 
251 684 172 524 0.08285364 
566 219 5 13 0.074940585 
729 283 5 15 0.07494057 
347 259 6 16 0.0691498 
758 314 6 19 0.0691498 
732 244 6 15 0.05879275 
731 276 7 19 0.05879275 
456 377 16 52 0.05879275 
31 90 218 564 0.05874174 
781 266 5 14 0.054176662 
453 498 121 346 0.053832814 
569 571 64 165 0.051466707 
161 181 5 13 0.04990379 
332 275 5 14 0.04990379 
666 183 4 12 0.049903784 
680 584 8 27 0.049903784 
571 598 30 75 0.047198545 
570 272 8 22 0.045951538 
346 307 5 15 0.045951538 
687 218 6 18 0.045951538 
572 192 5 14 0.045951538 
744 698 246 564 0.045153886 
440 309 25 73 0.04326818 
779 587 28 78 0.04326818 
698 313 8 20 0.04229837 
590 187 6 17 0.04229837 
316 246 6 17 0.04229837 
353 259 4 13 0.04229837 
17 326 5 14 0.04229837 
754 241 5 15 0.04229837 
307 135 246 683 0.04133061 
421 687 25 61 0.039651494 
769 663 29 91 0.039651494 
808 604 27 72 0.039651494 
656 225 7 20 0.038923774 
584 190 5 15 0.038923774 
408 280 13 32 0.038923774 
836 355 6 16 0.038923774 
758 236 5 15 0.038923774 
409 698 21 52 0.038923774 
580 0 218 635 0.03781825 
682 525 15 40 0.035808332 
830 223 14 31 0.035808332 
573 267 6 17 0.035808332 
682 589 11 32 0.035808332 
19 381 12 29 0.035808332 
179 203 212 625 0.034593593 
740 647 12 31 0.03293372 
718 278 6 18 0.03293372 
686 193 4 13 0.032933712 
345 264 5 14 0.032933712 
315 296 4 14 0.032933712 
817 226 6 16 0.032933712 
783 272 6 17 0.032933712 
753 251 7 18 0.032933712 
767 336 5 15 0.032933712 
444 755 13 35 0.032933712 
758 245 5 16 0.032933712 
408 262 13 34 0.032933712 
402 737 33 82 0.030461604 
455 587 31 86 0.030461596 
435 588 46 127 0.030461596 
835 316 7 18 0.030282615 
579 190 5 15 0.030282615 
810 198 4 13 0.030282615 
353 294 4 14 0.030282615 
566 225 6 17 0.030282615 
276 104 4 11 0.030282615 
567 639 5 18 0.030282615 
702 236 7 20 0.030282615 
123 447 8 18 0.030282615 
599 237 6 16 0.030282615 
225 376 104 352 0.028921604 
800 127 191 564 0.028921604 
819 524 19 53 0.027884193 
451 738 31 83 0.027884193 
615 324 23 70 0.027884193 
424 271 44 134 0.027884185 
578 237 8 19 0.027838783 
712 284 6 17 0.027838783 
763 272 6 17 0.027838783 
754 278 5 16 0.027838783 
731 265 7 20 0.027838783 
606 792 9 24 0.027838783 
727 619 8 22 0.027838783 
340 258 4 13 0.027838783 
505 236 6 19 0.027838783 
755 314 6 19 0.027838783 
793 353 5 16 0.027838783 
8 334 5 14 0.027838783 
750 788 5 15 0.027838778 
759 345 5 15 0.027838778 
460 967 16 45 0.027838778 
565 212 5 14 0.02558696 
613 193 6 17 0.02558696 
858 646 16 38 0.02558696 
698 190 4 12 0.02558696 
570 219 5 15 0.02558696 
588 194 6 18 0.02558696 
503 216 7 19 0.02558696 
712 234 5 15 0.02558696 
49 534 13 39 0.02558696 
118 451 17 48 0.02558696 
110 451 6 16 0.02558696 
329 99 6 19 0.02558696 
715 253 7 19 0.02558696 
348 292 5 16 0.02558696 
879 254 5 15 0.02558696 
16 307 6 15 0.02558696 
800 289 5 14 0.02558696 
799 324 5 14 0.02558696 
306 307 5 14 0.02558696 
724 259 6 18 0.02558696 
791 303 5 16 0.02558696 
6 390 7 18 0.02558696 
18 313 6 16 0.02558696 
995 595 28 108 0.025519116 
431 1068 25 61 0.025519116 
315 814 68 176 0.025519116 
415 615 32 81 0.025519116 
353 294 25 66 0.025519116 
286 362 6 16 0.02351288 
811 358 6 16 0.02351288 
608 785 8 21 0.02351288 
575 599 14 37 0.02351288 
701 584 12 34 0.02351288 
398 762 24 63 0.02351288 
889 351 11 29 0.02351288 
11 328 4 13 0.02351288 
699 320 8 20 0.02351288 
731 315 7 19 0.02351288 
861 246 5 15 0.02351288 
853 245 7 18 0.02351288 
261 103 7 17 0.02351288 
575 224 6 16 0.02351288 
104 428 7 20 0.02351288 
346 287 5 16 0.02351288 
583 210 5 16 0.02351288 
333 210 5 14 0.02351288 
718 256 6 17 0.02351288 
359 304 13 34 0.02351288 
591 268 6 19 0.02351288 
704 202 4 13 0.02351288 
573 195 7 18 0.02351288 
596 187 6 20 0.02351288 
840 257 6 16 0.02351288 
700 276 5 16 0.02351288 
656 198 5 13 0.02351288 
754 284 6 16 0.02351288 
683 293 6 20 0.02351288 
703 208 5 13 0.02351288 
675 283 7 21 0.02351288 
690 192 4 12 0.02351288 
659 330 25 68 0.023349825 
438 751 31 83 0.023349825 
581 1065 30 78 0.023349825 
568 1198 67 151 0.023349825 
329 1021 58 165 0.023349825 
884 108 68 205 0.023349825 
459 361 24 73 0.023349825 
769 614 48 144 0.023349825 
568 512 56 159 0.023349825 
645 330 58 173 0.023349825 
839 296 6 15 0.021603195 
792 311 5 15 0.021603195 
348 312 5 15 0.021603195 
652 302 6 18 0.021603195 
791 296 6 18 0.021603195 
853 267 8 22 0.021603195 
760 305 6 19 0.021603195 
565 246 5 15 0.021603195 
293 429 14 34 0.021603195 
111 412 5 15 0.021603195 
669 201 5 13 0.021603195 
26 328 4 12 0.021603195 
686 597 12 32 0.021603195 
735 719 6 17 0.021603195 
705 579 8 27 0.021603195 
413 821 16 37 0.021603195 
233 136 16 43 0.021603195 
693 596 14 33 0.021603195 
995 598 7 23 0.021603195 
575 610 7 21 0.021603195 
811 599 18 48 0.021603195 
799 229 7 21 0.021603195 
579 217 6 17 0.021603195 
563 211 5 13 0.021603195 
574 207 7 18 0.021603195 
335 218 5 14 0.021603195 
512 220 4 14 0.021603195 
656 192 4 12 0.021603195 
460 563 52 139 0.021360904 
569 242 23 82 0.021360898 
450 339 24 77 0.021360898 
795 600 28 74 0.021360898 
436 691 51 144 0.021360898 
458 957 32 81 0.021360898 
255 -19 222 635 0.0201599 
51 274 123 414 0.0201599 
349 933 235 516 0.0201599 
