23_Shoppers_Shoppers_23_167
54
354 176 101 134 0.9412582 
214 226 132 158 0.8280645 
797 252 197 249 0.73441863 
818 48 121 155 0.52310073 
701 80 228 249 0.5 
697 221 191 206 0.4085711 
537 -28 194 209 0.32305852 
162 100 239 246 0.32305852 
277 2 178 194 0.28400344 
248 172 186 200 0.2311026 
397 17 106 132 0.18550259 
602 6 97 123 0.18550259 
550 5 97 114 0.17193554 
114 525 31 29 0.16258557 
539 4 68 73 0.15056497 
606 403 119 170 0.13594593 
765 160 134 160 0.1254451 
329 267 116 142 0.115646794 
724 6 194 212 0.115646794 
861 33 111 138 0.115646794 
858 532 35 32 0.109639935 
782 118 235 260 0.1065206 
155 2 206 253 0.1065206 
505 62 183 218 0.076092646 
410 -4 160 194 0.06984133 
758 345 200 221 0.06984133 
99 193 218 228 0.053832818 
332 232 194 209 0.053832818 
612 -19 228 249 0.053832818 
671 217 97 134 0.04931264 
892 359 61 70 0.047198545 
556 264 70 90 0.04326818 
395 115 46 49 0.04326818 
348 36 76 98 0.04326818 
1011 549 12 15 0.038923774 
385 164 74 89 0.036325652 
-31 -23 232 238 0.03163486 
416 305 206 231 0.03163486 
10 394 35 40 0.030461596 
-16 353 203 203 0.028921604 
371 209 128 136 0.028921604 
582 106 128 140 0.028921604 
815 392 85 75 0.027884193 
234 39 146 151 0.026434705 
268 255 126 136 0.026434705 
226 532 28 25 0.025519116 
661 374 191 206 0.022069868 
308 296 54 65 0.021360904 
444 109 68 76 0.021360898 
379 83 51 65 0.021360898 
0 391 56 66 0.021360898 
450 28 79 89 0.021360898 
810 34 67 63 0.021360898 
663 230 67 81 0.021360893 
