23_Shoppers_Shoppers_23_599
123
607 532 25 30 0.9439019 
437 389 64 77 0.83741444 
145 30 38 77 0.7815748 
651 43 50 68 0.7815748 
575 437 20 23 0.7217721 
664 275 116 171 0.69682413 
616 42 188 259 0.6352516 
83 43 59 82 0.5454055 
958 172 19 23 0.5 
799 467 25 29 0.45459446 
608 425 21 24 0.30585766 
-17 69 191 241 0.26558137 
462 393 67 66 0.2511021 
847 393 206 267 0.24794048 
522 134 209 296 0.2311026 
162 398 18 25 0.19995552 
643 21 89 122 0.19988178 
-20 193 215 275 0.19988178 
-12 361 249 292 0.15916684 
642 430 14 17 0.15017675 
115 33 55 79 0.13928533 
658 57 109 164 0.13594593 
543 446 20 23 0.111069925 
260 51 21 23 0.10106142 
881 330 109 137 0.08285364 
110 371 59 94 0.07880669 
674 310 74 106 0.07880669 
342 60 235 275 0.076092646 
218 30 16 20 0.074940585 
569 425 7 8 0.07494057 
697 523 16 19 0.07494057 
619 153 222 275 0.06984132 
406 23 6 7 0.0691498 
645 440 209 279 0.064067975 
639 423 25 32 0.06111947 
786 470 29 35 0.06111947 
638 549 15 21 0.05879275 
410 33 126 211 0.05874174 
220 13 215 244 0.05874174 
82 7 55 82 0.056098126 
667 539 9 10 0.054176662 
441 482 98 120 0.053832814 
63 62 109 150 0.053832814 
470 508 65 69 0.051466707 
570 542 23 28 0.051466707 
385 197 7 9 0.04990379 
683 72 222 263 0.04931264 
154 63 44 73 0.047198545 
587 469 17 19 0.045951538 
795 450 28 34 0.04326818 
535 433 29 31 0.04326818 
206 79 76 85 0.039651494 
494 406 38 39 0.039651494 
535 419 12 14 0.038923774 
573 320 197 248 0.03781825 
592 58 130 182 0.03781825 
879 302 55 64 0.036325652 
944 520 50 59 0.036325645 
490 400 65 67 0.036325645 
356 418 7 9 0.035808332 
0 134 5 7 0.035808332 
388 223 7 8 0.035808332 
573 431 17 20 0.035808332 
66 446 228 244 0.034593593 
623 541 23 28 0.033269096 
601 411 40 47 0.033269096 
648 425 14 19 0.03293372 
201 36 12 15 0.032933712 
179 370 235 252 0.03163486 
70 349 90 146 0.03163486 
832 496 27 33 0.030461596 
434 410 37 49 0.030461596 
535 561 27 26 0.030461596 
177 95 27 38 0.030461596 
836 464 121 148 0.028921604 
846 303 180 211 0.028921604 
143 341 82 126 0.028921604 
669 565 28 33 0.027884193 
783 436 49 54 0.027884185 
672 411 27 31 0.027884185 
263 56 8 10 0.027838783 
701 527 10 11 0.027838783 
661 531 16 19 0.027838783 
500 411 19 24 0.027838778 
438 386 104 131 0.02643471 
339 172 178 220 0.02643471 
806 371 18 22 0.02558696 
365 346 6 7 0.02558696 
652 419 14 20 0.02558696 
548 409 8 10 0.02558696 
329 131 9 11 0.02558696 
495 533 21 21 0.02558696 
802 445 20 23 0.02558696 
215 234 61 57 0.025519116 
491 525 37 38 0.025519116 
621 424 25 33 0.025519116 
117 47 209 244 0.024156325 
537 197 138 146 0.024156325 
693 528 15 17 0.02351288 
387 190 6 7 0.02351288 
313 59 6 7 0.02351288 
432 548 13 18 0.02351288 
480 411 17 19 0.02351288 
611 514 14 17 0.02351288 
231 244 36 32 0.023349825 
164 96 28 43 0.023349825 
198 420 28 37 0.023349825 
516 416 54 54 0.023349825 
469 -17 186 248 0.022069868 
489 373 104 117 0.022069868 
612 407 14 16 0.021603195 
334 130 8 10 0.021603195 
658 417 13 18 0.021603195 
616 39 69 91 0.021360898 
583 481 23 28 0.021360898 
792 396 51 69 0.021360898 
468 52 59 68 0.021360898 
747 325 59 72 0.021360898 
780 365 25 30 0.021360898 
197 27 23 27 0.021360898 
155 375 46 62 0.021360898 
742 -28 261 283 0.0201599 
-3 312 167 217 0.0201599 
