23_Shoppers_Shoppers_23_302
22
380 551 222 516 0.99776876 
298 601 222 564 0.95866936 
259 644 46 139 0.2511021 
346 263 138 426 0.09803478 
267 658 68 171 0.08567618 
245 753 222 564 0.076092646 
464 601 194 581 0.06984133 
591 1199 51 165 0.039651494 
691 879 126 378 0.034593605 
546 -12 289 572 0.034593593 
738 1439 44 68 0.033269096 
355 440 59 144 0.030461596 
817 41 81 294 0.028921604 
292 764 70 177 0.027884193 
652 487 15 40 0.027838783 
642 427 27 68 0.025519116 
832 4 60 165 0.025519116 
647 495 16 46 0.02351288 
369 471 18 48 0.02351288 
578 1206 23 74 0.023349825 
577 1238 17 47 0.021603195 
472 -128 225 607 0.0201599 
