23_Shoppers_Shoppers_23_25
124
449 58 44 70 0.99047405 
580 223 132 211 0.94616723 
937 522 54 56 0.9275556 
418 361 330 381 0.8280645 
221 331 218 279 0.6563978 
221 248 76 88 0.6332934 
202 244 116 184 0.52310073 
238 442 103 155 0.45389685 
591 42 101 150 0.4310897 
105 206 194 267 0.3436022 
556 25 44 56 0.32552502 
818 232 78 82 0.32552502 
354 180 218 267 0.32305852 
370 108 13 19 0.27822798 
536 250 123 187 0.26558137 
485 302 212 292 0.26558137 
897 33 57 79 0.2511021 
-2 54 128 227 0.24794048 
333 318 197 252 0.15916684 
705 269 67 85 0.15056497 
-5 10 114 157 0.14717786 
908 19 79 126 0.13594593 
781 94 103 157 0.13594593 
404 438 178 237 0.13594593 
777 166 123 135 0.1254451 
342 492 117 152 0.12544508 
760 46 178 230 0.115646794 
493 280 126 135 0.115646794 
2 489 17 20 0.111069925 
216 312 123 187 0.1065206 
432 249 180 234 0.1065206 
-62 89 218 263 0.1065206 
-68 -12 209 244 0.1065206 
601 159 116 179 0.1065206 
364 113 14 17 0.102797605 
321 251 13 16 0.09507551 
434 350 51 73 0.08567618 
197 121 78 84 0.08567616 
704 273 106 152 0.08285364 
427 302 100 164 0.076092646 
171 -15 203 263 0.076092646 
150 473 78 99 0.07244435 
848 220 170 244 0.06984133 
46 295 194 244 0.06984132 
178 96 117 150 0.06984132 
928 53 9 11 0.0691498 
220 350 71 99 0.06655857 
551 438 225 220 0.064067975 
81 316 16 18 0.06377564 
90 330 59 66 0.06111947 
889 70 26 37 0.06111947 
7 354 16 19 0.05879275 
0 152 188 283 0.053832818 
848 240 68 89 0.051466707 
269 163 25 29 0.051466707 
432 33 25 32 0.047198545 
437 77 45 64 0.047198545 
271 127 12 16 0.045951538 
207 189 215 263 0.045153886 
0 6 68 110 0.04326818 
912 52 34 49 0.04326818 
318 367 130 169 0.04133061 
249 150 50 53 0.039651494 
884 130 28 33 0.039651494 
901 31 31 37 0.036325652 
804 318 55 64 0.036325652 
441 174 57 70 0.036325652 
412 33 86 110 0.034593605 
433 31 50 77 0.033269096 
285 137 27 32 0.033269096 
464 320 57 86 0.033269096 
-1 181 6 10 0.032933712 
361 120 9 11 0.032933712 
199 466 100 137 0.03163486 
904 203 107 176 0.03163486 
771 368 218 283 0.03163486 
251 167 27 29 0.030461604 
704 249 49 61 0.030461604 
817 323 34 38 0.030461604 
590 261 88 126 0.030461596 
824 193 54 69 0.030461596 
887 81 15 23 0.030282615 
910 504 86 91 0.028921604 
927 268 100 171 0.028921604 
414 286 59 79 0.027884193 
610 64 67 86 0.027884193 
327 213 75 81 0.027884193 
704 252 31 35 0.027884185 
621 204 75 96 0.027884185 
827 291 58 67 0.027884185 
346 184 83 78 0.027884185 
257 175 30 40 0.027884185 
368 116 15 21 0.027838778 
866 227 94 133 0.02643471 
48 84 209 279 0.02643471 
336 171 124 144 0.026434705 
649 249 178 237 0.026434705 
329 556 11 17 0.02558696 
883 56 44 60 0.025519116 
222 163 63 79 0.025519116 
895 134 29 36 0.025519116 
688 433 235 248 0.02415633 
385 246 121 182 0.024156325 
543 58 111 131 0.024156325 
940 97 8 10 0.02351288 
759 168 14 19 0.02351288 
458 186 33 44 0.023349825 
631 171 68 77 0.023349825 
862 119 50 59 0.023349825 
471 318 26 38 0.023349825 
498 300 76 82 0.023349825 
518 274 76 93 0.023349825 
225 151 32 39 0.023349825 
421 19 42 51 0.023349825 
576 30 32 42 0.023349825 
-7 158 114 176 0.022069868 
263 131 17 19 0.021603195 
900 22 19 22 0.021603195 
321 485 12 16 0.021603195 
266 166 17 19 0.021603195 
923 48 15 17 0.021603195 
458 294 64 72 0.021360898 
795 289 178 234 0.020159906 
110 407 172 208 0.0201599 
