23_Shoppers_Shoppers_23_60
134
393 585 13 21 0.90492445 
272 546 14 24 0.8384248 
208 552 12 20 0.70403934 
147 508 20 38 0.66669756 
504 587 8 15 0.60666233 
98 516 26 40 0.45459446 
668 594 11 20 0.43536806 
0 664 17 50 0.36670664 
120 511 26 42 0.268611 
651 596 8 13 0.2141799 
564 580 8 14 0.16157512 
582 575 7 14 0.15017675 
517 593 9 13 0.13944872 
213 552 14 23 0.13944872 
493 587 7 12 0.11991897 
635 583 8 12 0.11991897 
196 608 26 46 0.118850335 
776 610 7 11 0.10279763 
522 589 8 12 0.102797605 
671 606 9 16 0.102797605 
668 560 7 12 0.09507551 
257 549 14 26 0.09507551 
671 633 7 11 0.08787667 
236 554 7 15 0.08117401 
690 604 13 20 0.08117401 
463 641 24 34 0.07880669 
205 550 19 33 0.07880669 
650 589 8 13 0.074940585 
171 631 16 27 0.074940585 
663 612 6 10 0.07494057 
497 589 9 14 0.07494057 
263 549 20 29 0.0691498 
508 589 10 18 0.06377564 
668 608 8 13 0.05879275 
626 588 7 13 0.05879275 
716 617 7 10 0.05879275 
710 607 6 9 0.05879275 
491 586 5 10 0.05879275 
193 588 17 28 0.05879275 
625 577 11 19 0.054176662 
648 595 7 11 0.054176662 
476 589 11 20 0.04990379 
696 606 9 12 0.04990379 
52 -51 222 334 0.04931264 
205 596 40 71 0.047198545 
557 578 8 11 0.04595155 
654 588 7 13 0.045951538 
151 499 18 31 0.045951538 
672 585 5 9 0.045951538 
-11 171 104 228 0.045153897 
371 633 21 34 0.04326818 
604 603 5 9 0.04229837 
670 589 8 14 0.04229836 
156 -31 215 334 0.04133061 
401 550 232 344 0.04133061 
273 530 242 360 0.04133061 
385 586 23 35 0.039651494 
647 589 6 10 0.038923774 
471 584 13 22 0.038923774 
680 647 7 13 0.038923774 
557 578 12 17 0.038923774 
690 609 8 12 0.038923774 
30 529 188 301 0.03781825 
230 551 13 22 0.035808332 
629 592 7 11 0.035808332 
514 597 8 13 0.035808332 
743 608 7 12 0.035808332 
187 606 7 13 0.035808332 
660 614 7 11 0.035808332 
401 588 9 15 0.035808332 
643 615 21 37 0.033269096 
227 594 30 54 0.033269096 
375 594 12 22 0.03293372 
132 514 18 27 0.03293372 
733 611 6 10 0.032933712 
651 608 12 20 0.032933712 
667 631 12 18 0.032933712 
187 596 12 22 0.032933712 
701 606 7 11 0.032933712 
622 575 6 10 0.032933712 
216 608 52 89 0.030461604 
668 629 7 13 0.030282615 
526 589 6 11 0.030282615 
100 512 18 26 0.030282615 
142 506 15 27 0.030282615 
554 579 6 11 0.030282615 
519 587 7 10 0.030282615 
649 658 8 12 0.030282615 
660 610 11 17 0.030282615 
643 585 7 11 0.030282615 
472 597 16 27 0.030282615 
31 57 261 405 0.028921604 
93 511 44 62 0.027884185 
457 595 17 27 0.027838783 
655 628 13 23 0.027838783 
696 604 14 21 0.027838783 
728 607 6 9 0.027838783 
689 586 4 7 0.027838783 
516 586 7 11 0.027838783 
219 548 15 25 0.027838778 
678 645 6 11 0.027838778 
723 615 6 9 0.027838778 
500 361 235 355 0.026434705 
768 411 222 339 0.026434705 
635 591 13 20 0.02558696 
621 578 8 13 0.02558696 
715 612 7 11 0.02558696 
664 631 7 12 0.02558696 
185 629 13 23 0.02558696 
664 607 7 13 0.02558696 
622 588 7 13 0.02558696 
611 598 8 12 0.02558696 
474 27 80 119 0.025519116 
240 641 57 95 0.025519116 
369 122 121 234 0.024156325 
-53 113 186 329 0.024156325 
208 610 206 276 0.024156325 
235 675 15 25 0.02351288 
648 598 12 20 0.02351288 
651 636 8 14 0.02351288 
669 580 6 9 0.02351288 
669 583 22 36 0.023349825 
187 580 39 69 0.023349825 
206 589 28 46 0.023349825 
176 624 23 41 0.023349825 
610 510 6 10 0.0216032 
515 597 12 20 0.021603195 
706 606 11 17 0.021603195 
605 624 11 19 0.021603195 
648 632 14 23 0.021603195 
583 576 10 19 0.021603195 
514 612 6 10 0.021603195 
561 586 9 14 0.021603195 
545 574 7 11 0.021603195 
