23_Shoppers_Shoppers_23_485
35
39 141 79 107 0.9982981 
492 91 95 164 0.9943938 
815 136 65 131 0.95280147 
318 138 74 123 0.91432387 
102 275 239 301 0.5461031 
548 337 203 279 0.5461031 
344 120 93 150 0.3436022 
42 343 225 283 0.32305852 
494 203 126 174 0.14717786 
460 76 188 267 0.1254451 
356 -2 65 66 0.07880669 
448 453 186 263 0.064067975 
140 472 188 234 0.05874174 
321 73 180 237 0.053832814 
825 120 57 80 0.051466707 
213 511 209 292 0.045153897 
737 189 228 310 0.04133061 
2 278 203 267 0.04133061 
619 418 62 69 0.036325652 
289 143 257 305 0.034593593 
830 94 64 64 0.033269096 
639 28 200 292 0.03163486 
605 462 62 64 0.030461596 
454 315 37 31 0.030461596 
495 167 222 259 0.028921604 
457 20 31 41 0.027884193 
303 529 119 177 0.026434705 
847 389 212 275 0.026434705 
825 110 121 177 0.024156325 
131 84 209 267 0.022069868 
589 569 17 21 0.021603195 
833 127 32 49 0.021360893 
650 34 112 199 0.0201599 
547 221 117 159 0.0201599 
836 104 212 283 0.0201599 
