9_Press_Conference_Press_Conference_9_35
179
188 191 18 24 0.9754895 
687 213 14 19 0.9672783 
401 187 11 14 0.9389152 
623 216 14 18 0.93838316 
267 308 22 37 0.9212734 
854 143 9 11 0.88958436 
308 213 15 19 0.87362343 
302 284 18 23 0.83218896 
602 196 12 15 0.82086134 
372 242 15 19 0.8069998 
365 316 23 32 0.59977424 
133 352 30 34 0.58087337 
286 213 11 16 0.5398913 
374 214 12 15 0.5046367 
479 299 25 31 0.45902163 
159 309 24 28 0.45830044 
15 326 59 55 0.44031504 
272 236 14 17 0.37665698 
509 320 26 34 0.30027235 
234 283 14 18 0.24927635 
566 313 25 27 0.24587029 
585 314 17 22 0.2240586 
257 314 35 49 0.20905486 
563 302 24 28 0.19636668 
432 307 25 29 0.19506243 
228 287 22 27 0.192233 
314 217 13 17 0.19223195 
195 287 19 22 0.19023946 
488 305 25 31 0.18506151 
70 343 33 38 0.18208878 
389 327 27 29 0.16933319 
562 323 30 37 0.16208717 
478 294 19 24 0.15811503 
357 222 10 13 0.14479694 
352 219 10 13 0.13129191 
45 333 56 55 0.1263124 
925 279 12 15 0.12026561 
330 220 13 15 0.11545215 
565 339 44 55 0.1075741 
210 377 51 51 0.10276965 
956 187 36 35 0.102692 
342 213 10 14 0.101444855 
327 213 12 14 0.09796252 
291 212 11 15 0.09691434 
370 213 11 13 0.09338656 
662 317 28 32 0.091471024 
294 285 19 20 0.08929863 
260 319 17 26 0.08923435 
471 336 37 43 0.08766953 
564 289 26 30 0.0816727 
203 352 52 53 0.07764757 
355 323 28 37 0.076382816 
333 212 12 15 0.0755532 
275 321 27 42 0.075319216 
360 404 43 69 0.07445084 
644 321 14 21 0.07191565 
388 251 10 13 0.06968802 
287 209 11 13 0.069300525 
328 226 13 15 0.06625547 
384 248 11 15 0.06257413 
341 435 51 63 0.06146285 
340 288 17 19 0.060885053 
222 296 14 19 0.060868546 
0 325 31 41 0.060622107 
417 339 31 36 0.059200298 
352 236 13 17 0.055297725 
259 265 13 18 0.05520306 
489 266 19 21 0.054099835 
476 317 42 51 0.05223873 
171 299 30 33 0.05052908 
338 317 32 33 0.04964726 
387 207 12 15 0.04946534 
180 286 28 29 0.049285363 
275 301 12 20 0.04757146 
551 334 30 38 0.047558613 
950 258 12 15 0.04718354 
489 299 18 21 0.046179645 
261 291 14 17 0.044343892 
514 316 18 24 0.044037316 
208 311 28 35 0.0437435 
308 279 13 19 0.043685235 
528 244 15 16 0.043654498 
379 218 12 15 0.043569557 
501 573 87 118 0.042051986 
376 -85 479 471 0.041730437 
331 235 13 16 0.04135191 
586 206 13 15 0.040828086 
378 315 15 22 0.040419925 
646 314 23 30 0.039962675 
222 401 39 39 0.039111856 
267 293 13 17 0.039046444 
156 300 39 45 0.038215324 
540 339 28 38 0.03798301 
428 333 40 49 0.037961412 
576 361 40 50 0.036961835 
301 295 39 50 0.036637686 
740 375 10 13 0.036477815 
384 311 24 28 0.036188323 
418 334 19 24 0.036176097 
498 267 14 18 0.03418647 
383 227 12 15 0.03409683 
931 277 11 13 0.033648886 
282 307 30 41 0.033323642 
291 296 27 32 0.033002943 
672 315 19 22 0.03245356 
488 305 41 51 0.032277226 
352 331 38 47 0.0319553 
2 330 16 23 0.031631634 
178 311 19 23 0.031393833 
463 331 31 33 0.031145787 
337 305 25 32 0.031071642 
328 313 25 34 0.031052366 
404 327 27 34 0.030724505 
347 198 9 11 0.030706499 
306 423 59 74 0.03046559 
640 262 9 11 0.029605452 
368 238 15 18 0.029172553 
574 254 9 11 0.029045768 
92 344 49 54 0.028899055 
187 361 47 54 0.02800542 
383 301 13 16 0.027927186 
340 244 9 14 0.027908243 
496 329 33 41 0.027906613 
216 297 22 31 0.027757367 
333 241 13 17 0.027688628 
656 339 32 32 0.027350727 
414 210 13 17 0.027286928 
399 323 18 21 0.027095644 
454 338 27 38 0.026727155 
281 217 11 15 0.026538532 
284 283 16 19 0.026415916 
379 236 13 18 0.025970783 
385 334 34 40 0.025945675 
239 289 17 23 0.025850615 
282 276 15 18 0.0257412 
471 309 32 37 0.025557457 
653 238 15 18 0.025544986 
263 293 23 29 0.025297873 
368 209 9 12 0.024714727 
632 351 28 34 0.0246454 
223 334 52 52 0.024574121 
280 319 16 25 0.024538863 
312 283 15 22 0.02424975 
181 380 36 42 0.023678523 
210 306 17 22 0.023603087 
275 231 20 26 0.023455137 
282 293 24 30 0.023419378 
605 184 11 15 0.023049073 
520 332 40 48 0.022945093 
163 171 13 17 0.02294361 
39 327 84 93 0.022857325 
358 285 13 16 0.022831028 
427 320 18 23 0.022810947 
0 317 9 15 0.022717226 
516 148 33 35 0.022514798 
228 302 15 22 0.022512848 
284 235 13 17 0.02241078 
436 302 16 20 0.022339307 
732 388 13 15 0.022311572 
401 362 44 53 0.02227549 
190 287 37 45 0.022253897 
851 138 18 22 0.022167094 
342 207 10 14 0.022096386 
452 349 17 26 0.021900412 
423 319 32 40 0.021855384 
656 306 27 34 0.021590358 
661 315 17 22 0.021548403 
499 290 14 17 0.021437045 
214 297 15 19 0.021111028 
547 611 13 15 0.02095631 
366 323 39 48 0.020955795 
320 320 23 31 0.020949233 
293 235 14 18 0.020848496 
850 145 12 15 0.02084523 
246 317 32 39 0.020828154 
957 215 29 31 0.020733105 
267 255 13 19 0.020707212 
339 298 17 20 0.020311458 
632 324 26 34 0.020000732 
