9_Press_Conference_Press_Conference_9_325
22
333 191 61 77 0.9986958 
686 119 59 101 0.9907488 
757 59 20 26 0.5129768 
479 138 21 29 0.07936413 
600 240 17 22 0.07319137 
598 374 15 18 0.06851373 
722 0 16 15 0.06398057 
482 260 13 18 0.062050954 
674 84 17 24 0.051862836 
846 32 22 27 0.040388655 
536 122 22 29 0.040326513 
435 155 12 18 0.03861095 
409 79 81 124 0.03419965 
769 62 16 23 0.034104727 
798 0 16 18 0.031961013 
411 94 47 82 0.03022806 
431 269 13 18 0.02761909 
750 62 17 22 0.027544804 
874 519 43 51 0.02723457 
770 331 116 188 0.025971333 
748 58 40 46 0.025791107 
533 248 22 28 0.025305457 
