9_Press_Conference_Press_Conference_9_31
214
46 286 14 17 0.99285114 
81 481 21 36 0.9336569 
18 307 15 18 0.9045796 
443 205 15 21 0.88389397 
587 210 14 18 0.8459428 
806 444 28 32 0.7823875 
859 431 22 29 0.78011066 
338 386 21 27 0.7357754 
186 377 22 28 0.71456254 
56 421 28 32 0.6947672 
259 373 26 31 0.63273025 
150 426 30 37 0.5826559 
339 492 29 36 0.57730216 
905 400 26 35 0.5225153 
117 374 17 23 0.5175234 
958 437 24 29 0.48232874 
279 579 54 51 0.42221507 
614 433 28 34 0.35055357 
745 379 24 29 0.34929323 
969 493 28 36 0.33878812 
192 436 32 38 0.33726975 
70 377 22 28 0.3315719 
818 373 22 27 0.3246895 
663 389 18 20 0.32322234 
396 432 26 30 0.30585635 
403 381 22 26 0.2801047 
878 389 21 26 0.2754069 
83 378 15 22 0.26197922 
980 354 17 21 0.25296867 
11 423 17 23 0.2366214 
19 359 17 19 0.21859679 
28 439 17 21 0.20196436 
67 485 34 49 0.18471512 
867 427 24 30 0.17718387 
969 434 26 30 0.17396086 
298 442 30 34 0.1719931 
66 428 26 31 0.16697328 
929 364 17 20 0.1422776 
887 494 32 38 0.14063454 
336 508 42 58 0.13633972 
72 360 25 29 0.12040308 
938 365 18 20 0.1165229 
870 518 22 34 0.115811996 
29 619 25 29 0.114351586 
589 454 31 38 0.111861065 
786 491 30 36 0.10670995 
804 431 26 30 0.10291997 
599 438 42 54 0.1028593 
876 516 38 46 0.10193647 
224 516 30 39 0.09871831 
825 449 15 21 0.09734946 
680 533 19 31 0.09644544 
721 612 68 54 0.095630266 
315 434 16 19 0.09527659 
63 413 25 29 0.094094485 
394 452 27 31 0.08606186 
429 210 11 15 0.08589407 
722 432 24 29 0.08028952 
25 306 13 18 0.08023315 
300 586 59 58 0.078044295 
595 386 16 19 0.076211095 
332 458 14 18 0.075129114 
139 529 16 21 0.07209564 
64 386 23 27 0.070021614 
885 392 24 30 0.06995183 
279 597 31 38 0.06797792 
972 490 18 24 0.06739426 
152 508 39 48 0.06601008 
661 382 15 18 0.064273894 
75 596 25 37 0.061843608 
404 393 22 26 0.06127767 
0 309 10 17 0.06095378 
915 395 14 19 0.060924828 
928 370 21 26 0.0600795 
1004 370 16 20 0.05966081 
874 497 30 36 0.057832234 
82 338 14 16 0.05748789 
9 409 19 26 0.055908374 
869 385 21 27 0.05557013 
657 387 12 20 0.05530884 
883 381 18 21 0.055277374 
958 221 12 14 0.05356422 
310 580 32 43 0.05097686 
856 522 27 41 0.05087214 
104 563 44 63 0.05047249 
304 430 24 28 0.05005077 
326 456 15 19 0.050008904 
741 390 16 21 0.049708955 
298 440 20 22 0.049600575 
814 361 24 30 0.048753798 
20 426 19 27 0.046859946 
317 334 23 30 0.045931093 
408 461 26 32 0.04575597 
797 443 19 24 0.045699663 
308 639 53 49 0.04430844 
814 376 16 21 0.043881085 
852 371 21 25 0.043870624 
334 453 23 28 0.04213741 
171 518 25 36 0.040823944 
76 344 22 26 0.04073934 
343 527 48 60 0.04069758 
901 436 17 20 0.040611368 
908 395 16 22 0.040447105 
1014 312 10 18 0.03977839 
19 394 24 26 0.039508384 
980 365 17 21 0.038949706 
160 417 25 33 0.038915012 
345 379 16 26 0.038405877 
782 393 15 20 0.03813921 
110 382 26 32 0.03718316 
656 381 12 16 0.036776427 
18 415 17 27 0.036666494 
461 639 16 21 0.036492832 
320 449 25 30 0.036462206 
436 187 11 15 0.035265636 
679 601 120 91 0.034805592 
430 202 19 26 0.034757957 
732 530 14 18 0.03428973 
591 393 16 20 0.0340175 
299 361 18 23 0.033758402 
43 346 16 21 0.033733305 
720 519 29 34 0.033697743 
868 366 15 16 0.033338398 
467 632 15 23 0.033297125 
44 341 14 16 0.03284742 
60 364 23 28 0.03236877 
839 515 34 47 0.03233157 
56 591 45 55 0.032205902 
110 371 18 22 0.032041736 
857 383 20 26 0.031398535 
873 406 24 29 0.03131259 
345 484 42 52 0.031236928 
344 455 26 31 0.030610012 
877 625 51 57 0.0302613 
748 374 16 19 0.029916782 
795 455 36 39 0.02975431 
133 524 47 53 0.02951095 
314 448 17 21 0.029386323 
393 452 43 51 0.02933425 
820 383 24 28 0.029209344 
970 429 19 22 0.028998798 
660 602 16 19 0.028751694 
867 379 16 21 0.028627167 
668 513 34 51 0.0281938 
436 196 15 19 0.02817568 
776 493 26 37 0.027809586 
976 481 27 33 0.027413841 
853 364 17 18 0.027338881 
419 471 17 21 0.026844013 
833 450 15 21 0.026496876 
845 436 21 29 0.026314665 
85 572 42 60 0.026217613 
825 367 23 28 0.026141666 
138 517 27 34 0.026088748 
639 197 12 16 0.025999598 
162 427 37 47 0.025979465 
976 426 28 33 0.025540685 
4 308 13 17 0.02550064 
579 184 23 28 0.025178654 
600 457 18 21 0.024809923 
931 381 17 22 0.02480806 
994 276 26 38 0.024709754 
973 356 18 24 0.024638489 
814 364 15 18 0.024525015 
83 365 22 30 0.024441503 
925 356 16 21 0.024423022 
417 384 15 22 0.024385761 
257 385 33 39 0.02427564 
99 440 23 28 0.024131507 
762 490 26 35 0.024085509 
391 191 10 14 0.023962129 
869 517 14 20 0.02384839 
752 470 31 42 0.023802444 
373 397 12 16 0.023756014 
80 437 16 24 0.023564914 
880 434 16 21 0.023530608 
298 385 18 24 0.023485864 
403 475 44 54 0.023324294 
920 231 11 14 0.023233233 
950 439 17 24 0.023222113 
430 195 13 16 0.023208067 
11 591 23 32 0.023181096 
352 498 18 26 0.023142304 
677 523 17 26 0.023120303 
667 397 17 19 0.023013318 
721 503 34 38 0.022939114 
950 446 25 34 0.022869283 
901 350 15 17 0.022826917 
883 478 34 38 0.022680245 
43 352 22 28 0.02233199 
304 612 55 55 0.02231618 
376 464 45 56 0.022269338 
54 429 18 22 0.022140253 
829 573 39 59 0.022062555 
171 515 47 58 0.02204843 
333 380 19 22 0.021877471 
408 434 18 22 0.021838663 
269 593 29 36 0.02161947 
732 393 16 19 0.0215652 
683 450 18 20 0.021516358 
881 460 27 31 0.021491218 
710 435 21 34 0.02124007 
729 460 41 49 0.02120181 
795 499 30 35 0.021150677 
1 414 23 33 0.02112207 
857 588 42 59 0.020966671 
761 378 16 21 0.020545686 
55 435 30 34 0.020511217 
359 464 42 50 0.020238534 
354 548 46 62 0.020233097 
951 505 37 49 0.020142466 
790 474 36 39 0.020124678 
655 602 27 31 0.020113435 
838 443 23 30 0.020110555 
