9_Press_Conference_Press_Conference_9_710
17
270 294 423 560 0.9999881 
474 1341 34 35 0.5184876 
940 1366 44 65 0.48546827 
899 183 49 72 0.23562618 
846 335 65 84 0.14503425 
947 975 37 50 0.13791697 
963 1425 47 69 0.12535797 
770 159 32 41 0.061242126 
831 497 54 73 0.055249937 
217 564 499 593 0.04760125 
956 1387 51 78 0.046528146 
211 124 407 455 0.033700116 
-2 495 35 61 0.027976342 
466 1325 34 37 0.027476314 
828 599 49 68 0.02654167 
699 1340 38 44 0.021947267 
839 295 52 72 0.021257244 
