25_Soldier_Patrol_Soldier_Patrol_25_463
21
800 113 33 54 0.99440295 
351 175 41 61 0.9937744 
782 152 39 51 0.7887868 
173 170 48 63 0.20022663 
761 140 44 59 0.06214822 
172 318 10 12 0.05915517 
722 136 49 61 0.047308717 
165 236 23 28 0.044780552 
912 302 11 13 0.039752863 
788 122 32 44 0.03542744 
423 421 39 49 0.030158322 
871 459 9 10 0.029021049 
283 151 43 56 0.026447093 
178 144 33 39 0.025925884 
268 185 44 58 0.025403237 
329 188 38 42 0.024100365 
901 220 26 30 0.024060719 
498 262 32 38 0.02237987 
149 259 15 17 0.021167066 
254 154 37 50 0.020168139 
187 188 50 64 0.02001414 
