25_Soldier_Patrol_Soldier_Patrol_25_734
62
544 391 25 35 0.9613191 
37 439 26 30 0.7412879 
154 441 17 24 0.71035516 
690 559 25 28 0.56829447 
383 397 26 32 0.5575567 
279 382 26 35 0.44006827 
530 228 33 35 0.4370003 
300 397 24 32 0.35930923 
731 230 15 19 0.34782106 
367 237 25 33 0.25220683 
285 390 28 37 0.1456076 
275 413 37 35 0.1175357 
158 438 26 31 0.099838145 
751 266 11 15 0.094656534 
608 271 44 57 0.091590725 
183 304 11 13 0.088918686 
572 355 34 38 0.07445726 
946 462 27 33 0.07292719 
806 664 24 31 0.06278933 
571 467 27 33 0.059097327 
750 675 16 20 0.056236763 
712 236 12 16 0.05488551 
28 441 17 22 0.053914037 
739 232 13 18 0.05315081 
21 442 15 21 0.046745848 
306 403 29 41 0.044219915 
349 421 12 16 0.04270036 
545 224 27 34 0.042055227 
270 425 31 31 0.036690198 
1 495 22 38 0.035893146 
366 410 24 33 0.035772882 
185 416 11 13 0.03353972 
683 230 12 12 0.033526085 
213 562 30 40 0.032788426 
643 357 11 14 0.032190967 
751 280 14 19 0.03191672 
174 439 25 31 0.031831514 
715 232 20 25 0.030328276 
168 315 10 14 0.030210534 
53 432 22 36 0.029814456 
387 254 28 30 0.027825616 
173 407 9 11 0.027762745 
174 414 10 12 0.027632732 
698 572 19 22 0.02717444 
586 475 29 36 0.026921557 
350 416 22 29 0.026910067 
713 233 9 11 0.026495129 
707 352 190 251 0.023866944 
161 364 26 31 0.023774052 
174 308 12 17 0.023766944 
737 672 24 27 0.02347482 
187 475 14 18 0.023171902 
259 414 62 52 0.02276186 
717 231 10 13 0.022198252 
660 246 10 13 0.02207923 
1011 523 11 18 0.02118838 
177 301 21 25 0.021008793 
1012 547 11 22 0.020962821 
26 429 27 33 0.020939963 
693 245 12 15 0.020738319 
694 252 12 15 0.02061674 
684 253 12 14 0.020528786 
