25_Soldier_Patrol_Soldier_Patrol_25_936
19
470 212 480 527 0.9938245 
209 105 55 64 0.98709315 
219 300 343 483 0.80459 
228 485 68 81 0.37001207 
360 317 401 505 0.30551583 
144 370 210 335 0.24001114 
202 475 112 141 0.19766971 
40 209 381 498 0.10799065 
633 19 324 477 0.077557676 
108 146 22 26 0.07507313 
272 448 135 165 0.03790893 
105 154 19 23 0.037677612 
222 495 32 49 0.033724837 
120 146 18 21 0.033268504 
236 454 114 130 0.02834802 
18 344 61 90 0.026895026 
464 361 117 174 0.02280527 
695 268 310 374 0.022181643 
70 217 92 117 0.020555018 
