25_Soldier_Patrol_Soldier_Patrol_25_169
32
280 99 94 120 0.9957371 
408 307 11 14 0.059421618 
435 255 16 19 0.058426287 
414 330 10 13 0.04578849 
229 109 101 123 0.044942047 
275 377 48 58 0.0433395 
212 130 67 83 0.042222716 
746 156 15 20 0.038388982 
166 245 26 34 0.034542277 
670 132 14 20 0.03434996 
421 241 11 14 0.032860473 
776 677 11 13 0.032350354 
424 319 10 11 0.031378478 
493 7 9 10 0.030067837 
489 6 8 10 0.027647438 
438 7 9 9 0.027490012 
460 128 26 29 0.026884818 
399 303 11 14 0.026612716 
793 329 15 18 0.026061665 
840 679 9 11 0.025249876 
439 48 8 11 0.025076447 
310 410 14 19 0.023237206 
130 425 235 275 0.023215547 
446 49 7 9 0.022571929 
856 683 11 14 0.02231565 
207 47 169 231 0.022224115 
353 145 16 25 0.022125283 
448 71 8 11 0.0214607 
267 490 26 29 0.021316478 
446 267 12 17 0.020797828 
502 37 9 12 0.020332798 
472 7 7 9 0.020331515 
