25_Soldier_Patrol_Soldier_Patrol_25_436
86
522 51 25 29 0.4391453 
361 115 48 57 0.4169364 
650 186 25 29 0.15495767 
855 156 39 47 0.12314448 
688 149 27 36 0.110182986 
252 238 14 19 0.10642224 
515 29 15 18 0.09724721 
446 372 53 63 0.09167092 
505 39 45 50 0.0803777 
362 81 47 61 0.07887144 
246 212 15 18 0.074933544 
251 226 14 18 0.07422091 
260 215 15 20 0.070835374 
357 124 34 35 0.06886943 
246 233 15 20 0.06806806 
292 144 16 20 0.065644346 
253 214 16 21 0.060260236 
553 213 61 65 0.059633166 
615 167 27 32 0.055770423 
939 50 65 92 0.055155464 
161 37 11 14 0.054003008 
529 16 30 32 0.051864833 
432 393 70 70 0.050452888 
232 229 9 12 0.050452624 
64 71 39 48 0.050376784 
356 190 41 40 0.049961146 
237 217 12 16 0.047471307 
289 147 24 32 0.04390669 
243 221 23 30 0.041345615 
233 220 10 13 0.037824955 
129 241 22 32 0.03743828 
848 110 33 40 0.036215946 
970 309 51 93 0.03567971 
636 170 44 48 0.034777626 
353 105 88 93 0.034050588 
261 241 12 16 0.03365825 
414 399 122 128 0.033574194 
357 166 57 56 0.033439655 
286 248 15 19 0.0330283 
518 22 26 30 0.032768644 
268 212 14 20 0.03209607 
231 238 10 12 0.031381197 
199 156 13 16 0.031094331 
236 211 21 27 0.03079795 
223 238 9 11 0.030711241 
891 74 16 21 0.030436723 
290 160 25 32 0.029923765 
312 177 14 19 0.029688757 
496 158 31 34 0.029163463 
140 61 14 17 0.02872416 
827 173 36 47 0.027904078 
348 170 36 40 0.027836654 
570 197 55 64 0.02778746 
538 18 18 20 0.026132988 
741 24 31 37 0.025546184 
509 29 24 31 0.025498059 
383 116 36 45 0.025311992 
638 -1 50 37 0.024296595 
150 47 10 12 0.02423616 
104 14 9 13 0.023801835 
535 58 16 18 0.023701109 
187 266 13 16 0.02337537 
838 149 13 17 0.023348333 
214 226 14 17 0.023318179 
194 124 14 16 0.023073263 
378 75 33 43 0.02294972 
903 64 34 37 0.022882508 
308 133 12 15 0.022766972 
1 363 155 121 0.022325914 
239 235 12 16 0.02226608 
118 26 11 12 0.022172658 
694 144 16 22 0.021882962 
496 12 96 107 0.021618284 
265 141 10 13 0.02142999 
870 75 29 31 0.02137381 
308 167 23 33 0.021234723 
841 162 38 49 0.021234594 
600 -37 208 204 0.020922188 
115 10 17 19 0.020810038 
430 371 37 43 0.020791369 
104 47 9 9 0.02077531 
497 143 31 32 0.020724814 
84 28 11 14 0.020551138 
160 70 10 13 0.020493941 
199 141 9 11 0.020447267 
94 4 11 13 0.0203063 
