25_Soldier_Patrol_Soldier_Patrol_25_869
28
671 178 120 169 0.9987601 
316 241 33 36 0.99744797 
218 223 22 27 0.65956897 
33 214 25 30 0.25342497 
164 215 15 19 0.25146782 
744 185 103 157 0.17975838 
591 460 14 16 0.104945146 
394 327 16 21 0.07376547 
143 266 27 34 0.07303045 
28 214 19 23 0.07257334 
801 224 62 105 0.06292912 
622 486 13 18 0.06086903 
151 209 22 28 0.04604891 
39 222 27 33 0.04261509 
136 158 11 13 0.03976153 
534 548 9 13 0.03747834 
465 305 16 18 0.03670698 
166 245 15 18 0.03171176 
49 225 16 22 0.027003124 
19 293 16 18 0.025216132 
902 448 57 64 0.023379138 
976 320 27 33 0.022956135 
181 238 12 15 0.022888115 
128 198 16 23 0.022840472 
27 205 17 22 0.021619745 
562 464 22 30 0.020995699 
80 88 23 28 0.020952862 
3 254 12 16 0.02089601 
