17_Ceremony_Ceremony_17_852
84
850 235 33 46 0.99747735 
461 240 34 41 0.9969885 
507 212 28 46 0.99609655 
405 242 25 48 0.9784793 
359 241 28 51 0.39988267 
489 471 47 65 0.35074627 
30 439 12 17 0.19534928 
294 1103 8 10 0.15935278 
539 1145 27 33 0.15521671 
231 1112 9 11 0.14848785 
11 429 14 16 0.13458744 
389 256 31 44 0.1333177 
456 228 26 34 0.13195835 
479 474 34 54 0.12068143 
295 1127 8 10 0.0983032 
1 430 8 13 0.07340382 
8 428 11 14 0.06294467 
766 525 59 73 0.06035503 
312 1110 8 9 0.060236525 
317 546 87 105 0.059250906 
32 431 9 13 0.058127742 
171 561 36 49 0.055114448 
884 543 81 106 0.053874332 
507 478 62 75 0.05018128 
272 1104 7 10 0.0501468 
9 434 12 16 0.05007813 
383 274 29 33 0.048429403 
322 895 8 11 0.04662744 
30 943 9 9 0.041835062 
102 565 34 44 0.041017763 
280 1086 8 11 0.0404372 
507 1145 25 34 0.040183764 
269 1109 9 11 0.040153153 
11 421 14 16 0.0375926 
148 569 74 114 0.03747833 
22 436 13 17 0.036488883 
215 573 92 100 0.03599639 
369 251 34 42 0.034460735 
238 1110 8 10 0.03423006 
13 415 10 11 0.0338811 
21 429 12 16 0.03365284 
281 1120 7 9 0.033317883 
288 1095 8 10 0.033044647 
5 624 94 121 0.03239849 
35 920 478 525 0.030891825 
148 604 43 72 0.030812787 
22 420 10 13 0.030217923 
27 941 9 10 0.029958557 
-2 605 45 62 0.029802721 
980 537 42 71 0.029463734 
486 502 50 78 0.027259948 
549 499 55 75 0.0272572 
577 457 44 61 0.02666556 
603 452 42 58 0.026457177 
127 618 41 68 0.026114628 
461 533 47 72 0.02549169 
557 1124 9 13 0.025396839 
303 1118 9 11 0.025375178 
279 1110 7 9 0.025226478 
702 606 66 79 0.024498053 
627 463 29 39 0.023914443 
70 556 53 54 0.023736168 
356 372 11 14 0.02365695 
259 567 104 97 0.023176134 
512 920 10 13 0.023168687 
270 1128 8 9 0.02295187 
300 1126 9 11 0.022842918 
76 890 15 15 0.022702893 
37 562 53 62 0.022625787 
289 1110 9 10 0.0224882 
278 1104 7 9 0.022286475 
77 562 30 36 0.021803396 
504 492 37 53 0.021178173 
635 460 41 57 0.02088759 
321 900 9 12 0.020879019 
835 450 45 56 0.020778026 
557 1154 14 19 0.020694 
717 550 89 106 0.020456288 
478 146 10 12 0.020435512 
772 499 60 68 0.020430261 
286 949 9 11 0.02040931 
487 555 95 121 0.02029298 
859 518 81 109 0.020166101 
663 542 98 124 0.02001933 
