17_Ceremony_Ceremony_17_588
26
194 344 28 41 0.9981622 
264 219 24 35 0.9961014 
748 197 28 37 0.99592006 
954 164 40 55 0.9914963 
571 220 21 30 0.9822112 
92 178 41 51 0.9750171 
491 274 18 24 0.9399581 
312 360 20 30 0.67566 
437 238 20 31 0.66063964 
297 363 22 30 0.22400814 
332 443 11 14 0.2188388 
10 596 64 64 0.16122986 
32 593 30 38 0.110984884 
925 418 102 182 0.07047071 
332 365 10 13 0.06166472 
36 606 36 41 0.050417926 
56 169 26 34 0.04952391 
290 363 19 26 0.044085477 
322 363 13 19 0.042737514 
87 326 50 52 0.03735512 
185 291 20 31 0.034851953 
309 351 8 10 0.033119965 
971 21 32 35 0.026229369 
60 137 13 15 0.02483869 
428 254 25 32 0.023662385 
205 327 40 46 0.021329232 
