17_Ceremony_Ceremony_17_452
162
308 369 22 30 0.9833534 
933 388 17 26 0.83310825 
677 343 15 20 0.49729016 
983 414 26 32 0.36276472 
219 382 16 24 0.357743 
981 393 12 16 0.32304376 
307 336 15 17 0.28150982 
418 407 12 15 0.18717283 
976 389 11 16 0.1708522 
948 25 47 86 0.15042154 
66 346 13 17 0.1411499 
131 413 14 20 0.13784103 
341 410 21 28 0.12428049 
392 358 10 13 0.11565456 
3 467 15 21 0.113676034 
353 440 17 20 0.10418876 
830 382 15 22 0.102742665 
226 379 13 20 0.09564422 
87 467 13 17 0.08552809 
416 369 10 13 0.08453773 
195 300 11 16 0.07803057 
413 372 13 18 0.07733628 
500 345 15 18 0.07243631 
864 439 37 49 0.0716045 
943 407 26 31 0.0693598 
980 403 41 53 0.069027446 
903 385 22 27 0.06883436 
482 344 9 12 0.06745528 
1013 329 10 17 0.06539436 
469 391 10 12 0.06147156 
229 385 24 32 0.06145615 
1 627 9 14 0.061368033 
853 448 13 16 0.060581397 
210 346 10 13 0.059417974 
5 628 10 14 0.057852846 
427 355 13 17 0.05470575 
630 390 9 11 0.05429291 
703 430 12 17 0.053453807 
988 427 17 23 0.052758258 
66 664 8 10 0.04885154 
56 645 9 11 0.046308313 
464 392 10 12 0.0461993 
726 453 11 15 0.046103552 
40 648 9 11 0.045700315 
21 648 10 13 0.045042578 
377 365 10 13 0.045018945 
1006 367 13 16 0.044239078 
728 420 11 15 0.044157196 
392 415 11 13 0.043796968 
686 599 16 24 0.04371913 
429 265 41 56 0.04257687 
853 443 23 29 0.04213647 
350 380 15 18 0.04209492 
956 410 15 19 0.041781247 
421 365 10 13 0.041686524 
994 323 12 17 0.040986545 
567 594 10 12 0.040903706 
61 459 14 18 0.040586147 
419 373 12 14 0.03896355 
319 415 25 34 0.03892801 
635 331 15 20 0.03770217 
300 92 14 18 0.037296865 
356 420 12 15 0.037162606 
419 419 13 14 0.036902543 
141 303 12 13 0.036768235 
103 413 11 15 0.03563206 
761 372 31 39 0.035495013 
182 310 10 12 0.03444809 
148 350 10 13 0.034424067 
137 302 9 12 0.034333047 
170 334 10 14 0.03422107 
832 386 20 30 0.03260928 
630 385 8 10 0.032532036 
664 356 10 13 0.03225031 
380 454 11 13 0.032196015 
683 316 13 18 0.032054044 
656 413 11 14 0.03202708 
167 357 11 13 0.0310004 
670 352 13 17 0.030841181 
735 389 10 14 0.030646954 
953 413 26 35 0.030596107 
734 397 8 12 0.030433439 
554 591 10 12 0.03012165 
183 440 12 18 0.03001054 
347 405 17 19 0.029849084 
68 459 12 18 0.029680073 
169 349 10 13 0.029526802 
411 316 403 503 0.029441083 
786 428 15 16 0.029156864 
190 375 15 19 0.029122772 
435 282 13 18 0.028879952 
25 631 9 11 0.028589861 
205 375 22 29 0.028328534 
995 349 11 15 0.027943712 
409 376 12 17 0.027934698 
728 414 11 14 0.027822243 
965 29 51 93 0.0276265 
264 133 11 14 0.027357262 
0 189 18 33 0.027323011 
273 0 58 55 0.026765302 
16 615 9 12 0.026739124 
198 171 9 12 0.02634647 
157 299 10 12 0.026017994 
973 416 25 35 0.02590742 
915 385 16 21 0.025786372 
18 647 9 11 0.0256865 
56 459 12 15 0.025344925 
155 402 17 18 0.024937242 
819 420 13 16 0.024713311 
464 385 8 10 0.024553299 
529 356 12 14 0.024496151 
0 405 21 35 0.024279892 
170 338 13 17 0.02427019 
194 325 11 15 0.024223506 
728 422 22 29 0.024158863 
842 386 14 21 0.024113182 
181 315 10 13 0.023866802 
817 427 12 15 0.023700703 
146 305 14 16 0.023456682 
838 396 21 30 0.023428284 
351 427 22 28 0.023200944 
944 394 16 19 0.023154354 
328 402 26 32 0.023078334 
998 359 14 19 0.022952564 
542 582 10 11 0.022658251 
207 302 10 14 0.02265483 
431 279 12 17 0.022503452 
364 428 12 15 0.022348257 
785 434 21 26 0.022298886 
426 331 12 15 0.022230068 
149 461 11 13 0.022114754 
240 426 11 14 0.022070846 
544 549 9 11 0.022065738 
162 358 10 13 0.021905933 
939 396 24 30 0.021809226 
926 387 17 24 0.021712882 
482 374 9 12 0.02161083 
556 595 11 12 0.021471912 
992 354 14 20 0.02144458 
728 433 13 18 0.021416735 
719 453 12 16 0.021277985 
222 355 14 17 0.021271342 
231 446 11 14 0.021220772 
417 360 8 12 0.02119757 
580 351 14 17 0.02102528 
717 367 10 12 0.02099691 
486 376 8 11 0.020980246 
46 430 11 13 0.020915627 
40 628 10 12 0.020896036 
395 362 11 13 0.02086341 
457 390 8 12 0.02083671 
195 371 15 19 0.020814544 
509 376 10 12 0.020790262 
1 613 9 13 0.020475563 
190 494 11 14 0.020461509 
317 430 24 31 0.020252362 
536 567 7 10 0.020197904 
627 413 11 13 0.0201913 
547 613 12 15 0.020126082 
295 370 23 31 0.020113956 
662 387 10 13 0.020094534 
153 295 10 12 0.020000666 
