17_Ceremony_Ceremony_17_211
373
551 232 36 49 0.9942873 
840 158 51 66 0.99243367 
592 237 38 48 0.9920615 
767 209 41 53 0.99130684 
686 224 41 50 0.98901784 
221 211 44 54 0.98404044 
587 369 42 56 0.97811663 
138 206 26 58 0.9237148 
404 109 37 72 0.6125245 
427 40 8 11 0.29958022 
398 38 8 11 0.27793264 
737 7 11 13 0.25523067 
711 38 9 11 0.24079277 
360 62 10 11 0.21362604 
847 14 9 11 0.20935932 
805 3 12 14 0.20398696 
809 71 9 11 0.18955322 
817 84 9 11 0.18779491 
750 86 12 13 0.18597199 
898 16 8 10 0.18576396 
687 46 10 12 0.18045685 
815 79 9 10 0.18027815 
423 9 8 9 0.17754641 
696 31 7 10 0.17676456 
369 105 54 77 0.17364754 
975 10 12 14 0.17165454 
710 16 9 11 0.17080183 
712 20 9 10 0.16527015 
776 80 9 12 0.1626918 
742 21 12 15 0.16231653 
472 55 9 11 0.16167231 
767 122 11 13 0.15919526 
749 104 13 16 0.15716875 
820 114 11 14 0.15548189 
823 19 10 12 0.15077169 
783 26 11 13 0.14181808 
457 5 9 11 0.14141572 
771 2 11 13 0.13718314 
518 7 7 9 0.13556589 
434 68 8 11 0.13535987 
414 6 9 11 0.1318876 
512 37 13 16 0.13142549 
409 51 10 12 0.1308945 
832 30 9 11 0.12832016 
796 76 8 12 0.11682843 
749 47 9 10 0.11352942 
687 8 8 9 0.112039745 
96 206 37 51 0.10895042 
840 14 9 11 0.10798095 
766 29 10 12 0.10686393 
695 16 8 10 0.105414875 
412 48 8 11 0.103966884 
705 14 9 11 0.10279978 
413 24 9 11 0.10272526 
733 63 9 10 0.1006339 
412 1 9 10 0.0990652 
805 95 8 11 0.09643094 
438 64 9 11 0.09598994 
892 1 8 9 0.09405304 
864 47 10 13 0.09349731 
913 11 10 12 0.09011528 
718 22 8 11 0.088550285 
711 32 9 11 0.08729042 
496 5 10 12 0.08595124 
448 40 8 11 0.083228216 
998 455 15 19 0.08104551 
408 69 8 9 0.07946708 
736 71 10 14 0.07904379 
434 20 9 12 0.078183115 
832 22 9 12 0.07755111 
585 16 8 10 0.07550014 
729 56 9 11 0.073162004 
501 47 9 12 0.07226215 
791 181 29 34 0.07204054 
462 5 9 10 0.07177311 
856 49 9 11 0.07129889 
460 71 8 11 0.07071652 
409 25 9 11 0.06980877 
695 22 8 10 0.06892612 
917 8 11 13 0.06821236 
829 38 9 12 0.06768024 
446 63 7 10 0.067407876 
894 6 8 10 0.06706312 
448 20 8 11 0.06614288 
363 6 11 12 0.06561218 
837 23 9 12 0.06538426 
298 43 10 14 0.065263085 
807 126 11 12 0.06502206 
888 4 10 12 0.06492696 
807 101 9 11 0.062098186 
726 23 9 10 0.06196383 
516 14 9 11 0.061879426 
455 39 9 11 0.06085748 
937 37 8 11 0.06084931 
471 49 8 10 0.060592357 
746 27 11 13 0.060532805 
528 20 10 12 0.0604637 
431 55 8 10 0.06037803 
889 47 10 13 0.05982356 
453 309 40 60 0.05917692 
717 16 9 10 0.058500387 
433 0 9 8 0.05770508 
726 37 10 11 0.057452057 
726 0 10 9 0.057330426 
733 55 9 12 0.05666973 
416 12 8 11 0.056051604 
729 31 8 11 0.055936597 
516 33 11 12 0.05544046 
488 40 8 10 0.055253096 
711 56 8 11 0.054890815 
712 44 8 10 0.054526698 
790 102 10 11 0.054275457 
808 52 9 11 0.05395741 
839 98 11 14 0.053724956 
429 44 9 11 0.053176563 
719 0 10 10 0.0513885 
768 47 8 10 0.051236365 
432 15 9 12 0.051234014 
612 15 9 12 0.051164478 
518 20 9 11 0.050879072 
719 31 8 11 0.050822984 
398 14 8 10 0.050549597 
735 47 8 11 0.05048822 
528 0 9 9 0.050169736 
922 460 28 35 0.049850307 
745 54 8 10 0.049161673 
449 70 8 11 0.04905593 
1005 2 12 14 0.048889376 
922 30 9 11 0.048408635 
845 7 12 13 0.04815622 
809 64 9 11 0.04797197 
312 55 11 15 0.047855485 
474 30 9 10 0.04749453 
727 46 9 10 0.04747165 
958 13 10 12 0.047443233 
464 47 7 9 0.0472609 
719 86 11 13 0.04722821 
576 39 7 9 0.04709446 
513 8 9 10 0.047003362 
854 63 9 10 0.045673694 
440 56 8 9 0.04528541 
502 54 8 10 0.04448055 
781 72 9 12 0.044424504 
502 0 9 9 0.0439624 
850 53 9 11 0.043955248 
409 13 9 11 0.04345241 
457 32 9 10 0.043398067 
814 64 7 10 0.04338755 
583 38 8 10 0.043183047 
756 63 12 14 0.043110482 
344 65 10 13 0.042757414 
680 14 8 10 0.04230268 
480 73 8 9 0.042218897 
786 119 10 13 0.04220392 
928 24 8 10 0.04184787 
966 30 8 11 0.041000087 
719 38 8 10 0.040976293 
705 9 9 9 0.040846173 
934 16 9 11 0.040209647 
480 39 7 10 0.0398049 
694 36 9 10 0.03980479 
906 55 9 11 0.03977922 
385 30 9 12 0.0395647 
800 87 8 12 0.039469678 
447 56 7 9 0.039097965 
941 32 8 10 0.038982876 
437 208 63 80 0.03896048 
381 64 10 12 0.03895689 
557 6 9 11 0.038614843 
425 53 9 11 0.038564336 
496 70 8 10 0.03853542 
703 56 9 10 0.038322184 
749 39 9 11 0.037991866 
900 19 9 11 0.037888676 
910 32 8 10 0.037685495 
777 71 9 12 0.037596952 
696 0 8 8 0.037528496 
325 85 8 11 0.037432954 
602 30 10 13 0.037276033 
769 83 10 12 0.03722823 
383 1 8 9 0.03719456 
477 60 8 10 0.037182506 
745 47 9 11 0.036825545 
849 49 9 11 0.03668872 
709 7 9 10 0.03667386 
706 37 9 10 0.036574584 
465 55 7 10 0.036474675 
785 101 10 12 0.03647418 
799 109 9 11 0.036382448 
472 24 8 10 0.03623462 
831 43 9 12 0.036209837 
705 62 8 11 0.036192134 
554 6 8 9 0.035911128 
456 23 8 9 0.03576163 
831 16 9 11 0.035576697 
486 71 8 10 0.035342827 
566 32 8 10 0.035268817 
682 9 7 9 0.035225783 
704 33 7 9 0.035152897 
771 93 11 14 0.034868773 
976 0 11 10 0.03454904 
864 8 9 10 0.03453421 
768 98 12 15 0.034527197 
921 37 8 10 0.034524303 
833 78 9 11 0.034358732 
412 70 8 10 0.034226235 
441 46 8 10 0.03421995 
488 105 7 9 0.0337988 
736 100 9 13 0.033773553 
895 30 8 11 0.03376436 
304 7 11 13 0.033605985 
720 55 9 11 0.03336766 
783 44 10 13 0.03333545 
680 22 8 11 0.033194136 
90 190 34 51 0.03297146 
442 40 8 11 0.032848332 
360 37 8 11 0.03283423 
889 14 9 11 0.03268527 
741 77 10 13 0.0326764 
437 0 8 9 0.032646477 
635 13 11 12 0.032642093 
814 30 9 11 0.03249308 
504 24 9 11 0.032465294 
400 64 10 11 0.032448906 
586 33 7 10 0.031901814 
935 0 9 8 0.031739634 
463 64 7 9 0.031730354 
841 7 9 12 0.03157772 
950 6 12 14 0.031389933 
342 38 10 11 0.031312726 
824 30 11 13 0.030820783 
688 22 8 9 0.030617341 
911 37 7 10 0.030293638 
807 88 9 12 0.030282367 
567 24 7 9 0.03026899 
814 48 9 12 0.030164607 
332 15 15 17 0.03014633 
743 63 9 10 0.030024031 
865 14 9 12 0.029987447 
534 4 8 10 0.029926073 
384 24 9 11 0.029873727 
666 37 9 10 0.029743396 
382 5 9 10 0.029666597 
745 38 8 10 0.02960736 
864 31 8 11 0.0295907 
350 63 10 12 0.029540658 
864 39 8 11 0.029182464 
474 39 8 9 0.028920908 
770 118 12 15 0.028793158 
804 9 13 16 0.028770298 
878 1 9 10 0.028735096 
498 53 8 11 0.028666435 
337 91 9 12 0.028497856 
964 23 9 11 0.028491952 
711 62 7 9 0.028375035 
775 64 9 11 0.028320195 
689 40 8 10 0.028002614 
413 62 9 11 0.027860485 
394 15 7 10 0.02760564 
847 89 9 10 0.027576726 
895 38 8 11 0.027542567 
736 20 11 13 0.027479926 
470 5 9 10 0.027436817 
846 94 12 14 0.02732073 
512 19 11 13 0.027235225 
576 21 9 11 0.027134141 
807 140 14 16 0.026946941 
456 64 7 9 0.026786957 
376 70 10 12 0.026735809 
912 48 7 10 0.02667592 
734 38 9 11 0.02666379 
775 28 10 14 0.026328485 
694 68 9 10 0.026238944 
849 63 8 10 0.026053108 
838 46 8 11 0.026038187 
548 22 10 12 0.025995806 
892 52 9 12 0.02599215 
823 3 12 14 0.025953256 
546 16 8 10 0.02586995 
478 25 8 9 0.02566318 
481 47 8 9 0.025656864 
755 102 11 14 0.025633678 
448 79 8 9 0.025549296 
985 31 8 10 0.025535237 
726 15 9 11 0.025513083 
870 5 10 12 0.02545864 
690 31 8 10 0.025446652 
872 37 8 11 0.025419742 
725 84 9 13 0.025262896 
376 39 7 10 0.025230624 
919 47 7 9 0.02510905 
589 31 8 10 0.025055148 
904 37 8 11 0.024738532 
782 496 206 290 0.02472757 
399 9 9 10 0.024680203 
486 45 8 11 0.024661435 
786 22 12 14 0.024638982 
878 93 9 10 0.02443726 
462 87 7 10 0.024209553 
390 31 9 12 0.024125814 
789 42 10 13 0.023964712 
670 25 8 10 0.023964092 
692 52 11 11 0.023850871 
790 107 11 12 0.023792962 
830 0 9 10 0.023675494 
688 14 8 11 0.02360436 
840 70 9 11 0.02359424 
462 101 8 10 0.023552034 
720 64 8 10 0.023538621 
733 1 9 9 0.023450375 
902 31 9 11 0.023444228 
773 109 11 13 0.023387019 
319 0 11 12 0.023341756 
503 30 8 10 0.023298705 
713 87 9 12 0.023278026 
748 52 10 11 0.023264652 
487 64 8 9 0.023193391 
853 99 9 12 0.02314257 
853 0 11 11 0.022874957 
830 5 10 12 0.02285104 
800 0 21 21 0.022792622 
455 55 8 10 0.02278163 
1001 0 12 13 0.02270602 
735 2 19 22 0.02269616 
480 7 8 10 0.022680052 
721 69 8 10 0.022629706 
784 14 10 13 0.022529867 
838 78 9 10 0.022515029 
462 23 8 11 0.022325275 
978 5 12 14 0.022260064 
688 68 10 11 0.022173814 
365 76 10 12 0.022148104 
558 12 9 11 0.022131093 
391 7 7 10 0.02211244 
503 62 8 11 0.02210896 
810 29 9 11 0.021890674 
728 70 9 12 0.021874674 
585 0 9 10 0.021825543 
833 95 10 13 0.021799894 
920 25 9 11 0.021793814 
438 16 9 12 0.021768475 
1014 439 9 14 0.021748351 
879 31 7 10 0.021730755 
532 16 9 11 0.021650584 
704 47 9 10 0.02163382 
670 36 9 11 0.021518668 
527 56 8 11 0.021500025 
575 5 9 10 0.021431461 
460 39 8 10 0.021322448 
803 173 40 52 0.021205833 
583 47 8 10 0.021190891 
502 70 7 10 0.021157598 
497 64 8 10 0.021086633 
709 78 9 11 0.021000821 
399 42 9 13 0.02096706 
119 211 37 47 0.020936698 
529 4 9 10 0.020837784 
894 8 19 24 0.020797128 
744 102 12 15 0.020796644 
791 96 10 12 0.02073934 
713 1 10 9 0.020650625 
717 246 26 38 0.020644499 
437 28 9 10 0.020628287 
782 50 9 12 0.020613227 
654 42 10 12 0.020597816 
346 120 56 74 0.020545676 
377 6 10 11 0.020514186 
933 468 27 32 0.020509206 
872 31 8 10 0.020397544 
805 20 12 14 0.020292206 
405 39 9 11 0.020288661 
609 20 11 13 0.020177847 
810 4 12 14 0.020040784 
