17_Ceremony_Ceremony_17_220
240
580 290 12 16 0.95411223 
447 366 10 13 0.719015 
901 392 13 17 0.5427988 
552 377 14 17 0.5149678 
349 341 8 12 0.4864767 
484 299 11 15 0.47386768 
379 304 9 12 0.45426655 
400 371 11 15 0.4240834 
273 385 17 24 0.40319636 
459 389 23 28 0.39089644 
432 373 9 12 0.38549674 
383 337 8 10 0.36509922 
161 383 11 14 0.34858528 
336 367 9 11 0.32460222 
482 340 14 15 0.3212851 
526 381 11 16 0.3007057 
540 355 12 16 0.29940596 
324 337 13 18 0.25055614 
464 354 10 14 0.21097218 
213 379 9 13 0.18870693 
645 280 9 13 0.17185113 
401 333 9 11 0.16698222 
135 375 9 11 0.13547687 
271 382 13 18 0.11571189 
53 370 14 20 0.115152486 
956 396 10 12 0.1120945 
652 286 9 13 0.11112493 
460 378 14 19 0.1081878 
376 377 10 12 0.10569979 
107 389 14 16 0.105114095 
647 292 11 14 0.099782944 
41 372 22 28 0.09724842 
424 388 9 14 0.09317704 
330 401 17 21 0.091958374 
417 367 11 14 0.08953767 
428 389 10 15 0.086786404 
80 365 9 11 0.08518651 
44 385 15 21 0.08130654 
380 396 16 20 0.08104946 
28 358 11 14 0.078218006 
405 333 9 11 0.07760929 
384 320 8 9 0.07683057 
301 389 15 18 0.07668921 
309 386 12 18 0.075227305 
367 386 11 17 0.073857136 
324 385 15 19 0.07354521 
340 371 12 15 0.07312324 
526 373 11 15 0.07291923 
55 367 11 14 0.06926678 
430 341 7 11 0.0690234 
104 372 12 14 0.06820703 
507 387 14 17 0.066515036 
553 384 15 17 0.06482003 
339 400 16 22 0.0647143 
60 365 10 13 0.06467416 
356 370 14 17 0.06427318 
115 387 13 17 0.06400548 
454 373 11 14 0.06312413 
519 387 11 15 0.062282465 
92 386 11 15 0.062177513 
277 374 14 18 0.061728973 
427 311 8 11 0.061173864 
636 261 9 13 0.058483746 
600 284 10 12 0.058409244 
425 317 8 11 0.05755394 
853 436 9 11 0.056787565 
917 397 11 13 0.05650499 
535 352 11 14 0.056099687 
63 358 9 11 0.056068763 
318 384 13 19 0.05600738 
629 196 12 13 0.054896668 
421 356 10 13 0.05284867 
404 379 11 15 0.05268791 
95 374 10 14 0.052360147 
254 376 8 11 0.051465325 
109 402 12 14 0.051372994 
386 342 10 13 0.05113869 
392 319 8 10 0.04989874 
395 312 8 9 0.048747033 
232 380 8 12 0.048654076 
88 380 13 18 0.048570912 
126 381 10 11 0.04793492 
468 310 10 13 0.04720828 
573 384 10 14 0.047086816 
423 382 9 12 0.047025643 
348 369 15 19 0.04626854 
413 390 12 14 0.046107106 
180 372 9 12 0.04409682 
245 364 10 12 0.044011395 
326 393 14 20 0.043793913 
438 372 9 12 0.04347256 
423 349 10 13 0.043367736 
119 381 10 15 0.043316912 
280 378 16 21 0.043077648 
271 388 44 45 0.042402547 
399 360 10 12 0.042296745 
872 407 9 11 0.042138964 
600 391 10 14 0.042062428 
490 79 16 21 0.0418119 
466 378 16 22 0.041738067 
330 385 17 22 0.041703522 
430 348 9 13 0.041379973 
372 385 12 19 0.04102496 
999 336 8 10 0.03924445 
504 382 11 15 0.0388393 
416 350 9 10 0.03875664 
373 394 15 20 0.037658423 
718 208 13 15 0.037514687 
365 372 9 14 0.03750986 
204 323 11 14 0.037272666 
467 350 12 14 0.036672127 
197 380 13 15 0.036576748 
845 691 11 12 0.036407214 
469 372 13 18 0.03631659 
430 335 8 11 0.035960965 
428 315 9 12 0.034729443 
184 420 12 14 0.03463014 
59 375 14 21 0.03440528 
279 392 16 20 0.034151394 
406 387 12 15 0.033713724 
107 380 15 18 0.03315694 
424 334 10 12 0.03309638 
347 402 13 18 0.03264096 
93 413 11 13 0.032368645 
625 197 10 12 0.03234287 
390 347 8 11 0.03164753 
269 397 15 22 0.03163067 
95 366 9 11 0.031496327 
68 378 13 19 0.03137624 
197 491 15 17 0.031218858 
379 386 16 20 0.031187035 
420 372 11 14 0.030848132 
837 431 9 11 0.03069611 
165 376 12 14 0.03062029 
546 355 11 14 0.030586602 
340 360 11 12 0.030464849 
85 365 9 11 0.030449472 
481 305 10 14 0.029585788 
196 371 12 15 0.029217377 
416 344 8 10 0.029029824 
224 380 9 13 0.028954946 
379 340 10 12 0.028879479 
103 393 15 17 0.028822947 
346 337 10 12 0.028517943 
418 320 8 10 0.028419752 
568 385 11 15 0.028154878 
457 376 11 17 0.028114455 
103 414 9 11 0.028012542 
71 357 8 10 0.028002204 
645 298 13 16 0.027812732 
638 269 8 11 0.027781492 
441 367 10 13 0.027589759 
463 332 8 11 0.027582755 
212 384 12 16 0.027498882 
309 340 9 12 0.027408661 
261 397 27 35 0.027302451 
365 318 8 11 0.027280722 
330 334 10 13 0.027192345 
474 371 13 17 0.027167479 
350 346 9 12 0.027058573 
298 400 17 18 0.026872326 
100 378 16 18 0.026810918 
210 375 10 13 0.026808372 
249 374 10 13 0.026528306 
575 203 12 14 0.0259676 
780 414 10 13 0.025891837 
129 376 9 11 0.025867721 
305 335 9 12 0.025763094 
677 272 8 11 0.025641026 
176 367 11 14 0.025554791 
132 463 11 13 0.025542855 
480 336 12 14 0.025506442 
430 377 11 14 0.025262173 
564 427 12 15 0.025236037 
590 302 9 11 0.025191085 
13 383 24 27 0.025116805 
886 690 13 13 0.025107756 
463 295 7 9 0.02487534 
478 316 10 13 0.024866845 
320 333 14 17 0.024818711 
444 362 18 22 0.024655445 
3 391 14 20 0.024585571 
186 497 29 33 0.024573488 
527 366 10 14 0.02453637 
88 374 10 14 0.024401939 
391 326 9 11 0.024267549 
600 351 9 12 0.024266858 
281 275 226 207 0.02394257 
389 388 12 17 0.023861852 
41 372 13 18 0.023753885 
888 436 9 12 0.023439966 
295 394 13 15 0.023377378 
998 341 8 10 0.023301717 
415 334 8 11 0.023174806 
591 307 10 13 0.022883967 
329 207 10 13 0.022845738 
674 278 7 10 0.02279147 
653 198 9 11 0.022647612 
576 298 12 15 0.022587905 
401 352 8 9 0.022485135 
356 386 16 18 0.022468496 
224 373 9 13 0.022439148 
374 375 19 25 0.022411501 
47 368 12 16 0.022301003 
76 409 24 31 0.022183068 
375 298 17 22 0.022156525 
575 315 11 14 0.021932006 
583 325 12 14 0.0219149 
341 377 14 19 0.021884706 
367 293 10 12 0.021736987 
545 434 14 17 0.021609569 
332 366 19 25 0.021537313 
72 363 9 12 0.021469172 
309 629 29 34 0.021432059 
454 96 14 17 0.021333506 
107 368 12 13 0.021241328 
648 198 9 11 0.021136647 
573 419 10 13 0.021048613 
464 316 8 11 0.020968108 
191 493 13 15 0.020940052 
457 392 14 21 0.020921124 
581 310 11 12 0.020865262 
487 322 10 14 0.020864028 
26 368 52 64 0.02085216 
24 353 19 24 0.020826198 
320 344 13 15 0.020764457 
546 319 9 10 0.0205746 
550 391 15 18 0.020550825 
398 383 13 18 0.020540284 
544 91 12 15 0.020493476 
167 396 10 12 0.020458883 
909 401 12 14 0.020417877 
189 404 13 16 0.020367557 
325 328 10 13 0.020365613 
517 394 14 16 0.02031639 
396 371 18 24 0.020182202 
420 208 15 20 0.020087805 
408 343 7 11 0.020076929 
108 411 12 14 0.02005183 
529 276 10 14 0.020045936 
