17_Ceremony_Ceremony_17_470
40
940 271 54 67 0.99828666 
481 252 48 60 0.99807537 
353 172 51 71 0.99646866 
680 290 24 33 0.99464405 
78 254 43 53 0.99298555 
229 225 39 47 0.9906816 
725 211 49 59 0.9906048 
584 287 41 51 0.8850583 
642 291 24 34 0.62423843 
183 271 26 28 0.37391457 
713 268 32 45 0.24870244 
140 270 15 19 0.22919497 
209 292 41 56 0.16872767 
10 288 27 35 0.1293444 
752 211 43 49 0.119009905 
0 290 20 32 0.100936964 
989 305 16 22 0.07258626 
13 268 27 29 0.053063788 
183 327 27 34 0.04756034 
887 364 13 16 0.04683329 
15 276 32 37 0.044460036 
193 321 26 36 0.04263815 
169 324 28 39 0.039761472 
195 279 41 48 0.036046542 
800 323 60 79 0.031011242 
15 269 14 18 0.030351479 
195 273 28 31 0.028498229 
694 275 35 48 0.027974647 
768 311 107 122 0.027552454 
803 33 32 43 0.0262037 
600 277 44 52 0.024753423 
6 593 111 173 0.023626465 
133 256 21 27 0.023587534 
893 347 14 17 0.023554508 
201 305 31 41 0.022689654 
325 273 47 52 0.022658832 
49 418 58 51 0.021406613 
176 274 23 32 0.020839889 
644 306 18 23 0.020547112 
908 362 25 30 0.020069566 
