17_Ceremony_Ceremony_17_218
67
291 319 31 40 0.99966 
463 461 32 37 0.9996381 
154 368 34 38 0.99956626 
11 367 35 44 0.9995491 
855 421 33 43 0.9995048 
363 409 38 46 0.9994516 
491 400 32 39 0.9993518 
324 484 37 44 0.9993241 
705 427 33 40 0.99929655 
55 312 34 42 0.9992725 
642 325 26 33 0.9990926 
252 383 35 43 0.9990897 
870 375 30 37 0.99900997 
547 433 34 40 0.9988356 
181 311 34 41 0.99880385 
39 417 37 47 0.9987871 
722 302 27 34 0.9986615 
962 422 36 39 0.99847406 
822 326 30 36 0.99832076 
924 352 31 38 0.9981213 
512 520 48 62 0.9976671 
941 486 35 42 0.9970515 
248 498 42 56 0.99629277 
563 332 25 33 0.9958055 
514 331 26 30 0.99499005 
390 531 40 49 0.9949189 
134 551 41 52 0.9946978 
763 465 42 53 0.9944482 
998 362 29 43 0.99421036 
45 513 43 55 0.9940573 
367 362 34 38 0.99322915 
762 365 28 33 0.99275875 
196 431 43 55 0.9912088 
644 475 43 55 0.989792 
630 439 33 38 0.9872557 
892 508 41 50 0.9829625 
800 463 29 39 0.9780411 
67 457 42 54 0.9690646 
913 683 61 62 0.9551277 
182 357 27 38 0.55265075 
1006 549 18 35 0.1394485 
955 342 20 28 0.10468674 
789 353 14 19 0.09627448 
740 454 28 35 0.07722664 
900 356 23 32 0.07627511 
4 701 50 80 0.06578979 
873 538 17 23 0.0437902 
930 522 30 40 0.043175157 
910 497 43 51 0.04147588 
170 371 29 36 0.038623128 
635 452 44 54 0.037919465 
778 352 23 31 0.037220024 
179 330 34 43 0.036842257 
939 674 67 70 0.034782045 
906 363 13 19 0.033924516 
133 350 23 31 0.03338771 
543 727 29 28 0.032473188 
939 347 29 35 0.031062389 
786 389 26 38 0.028546704 
435 453 24 33 0.025904085 
74 515 30 43 0.024308784 
554 731 15 17 0.023671854 
582 408 36 40 0.02347799 
325 733 12 16 0.023025699 
186 381 18 24 0.021883385 
746 461 16 21 0.021226982 
976 331 11 15 0.020335779 
