9_Press_Conference_Press_Conference_9_636
47
351 289 249 656 0.99871767 
783 908 203 489 0.96836513 
252 384 253 566 0.73441863 
696 968 215 575 0.71599656 
444 230 218 592 0.65639776 
794 373 293 717 0.56891036 
142 230 281 717 0.4768992 
746 546 225 592 0.3864298 
540 1118 114 323 0.3864298 
486 856 218 482 0.3647484 
591 944 225 610 0.30317584 
680 611 191 542 0.26558137 
182 544 257 610 0.2311026 
465 444 218 610 0.2150812 
241 807 222 592 0.19988178 
732 -3 222 583 0.19988176 
245 158 59 121 0.15056497 
389 763 246 647 0.12544508 
15 61 235 601 0.115646794 
-17 244 197 526 0.115646794 
199 1033 222 518 0.09803478 
-36 606 215 526 0.09015675 
601 534 206 550 0.05874174 
-4 103 111 353 0.058741733 
597 45 246 637 0.053832818 
136 766 215 511 0.045153897 
768 142 253 647 0.045153897 
690 696 126 314 0.045153886 
469 1001 180 503 0.03781825 
897 487 142 481 0.03781825 
764 741 130 328 0.034593605 
-5 499 134 428 0.034593593 
65 810 200 518 0.03163486 
390 1111 74 167 0.030461596 
747 782 75 179 0.030461596 
331 903 206 503 0.028921604 
721 206 62 134 0.025519116 
553 212 183 511 0.02415633 
236 1015 144 343 0.024156325 
311 987 132 353 0.024156325 
573 1042 140 391 0.024156325 
684 689 76 209 0.023349825 
170 308 146 460 0.022069868 
695 490 54 156 0.021360904 
642 330 269 628 0.0201599 
11 1223 128 234 0.0201599 
282 1138 142 300 0.0201599 
