9_Press_Conference_Press_Conference_9_924
36
413 182 225 340 0.9999759 
316 122 265 345 0.56891036 
515 193 180 285 0.30317584 
221 84 257 281 0.24794048 
673 98 186 293 0.2311026 
523 514 206 321 0.19988178 
602 145 180 281 0.17193554 
221 514 194 302 0.15916684 
49 462 232 321 0.13594593 
667 372 225 316 0.1065206 
692 108 117 183 0.09803478 
430 376 235 316 0.08285364 
741 256 257 350 0.06984133 
578 339 218 355 0.06984132 
-2 33 116 180 0.064067975 
482 478 128 228 0.064067975 
594 -8 215 293 0.064067975 
548 270 186 302 0.05874174 
-11 -14 228 335 0.05874174 
45 206 242 325 0.053832814 
156 403 203 316 0.04931264 
-1 106 100 215 0.03781825 
4 285 63 107 0.036325652 
3 63 67 115 0.036325652 
139 172 261 361 0.034593605 
193 -58 239 345 0.03163486 
796 -36 249 361 0.03163486 
-4 364 103 215 0.028921604 
887 162 58 74 0.027884185 
-66 416 249 335 0.026434705 
83 -41 225 307 0.02415633 
351 416 218 316 0.024156325 
641 228 209 307 0.022069868 
4 296 101 170 0.022069868 
626 542 209 330 0.022069868 
362 -13 253 340 0.0201599 
