9_Press_Conference_Press_Conference_9_658
31
309 118 222 616 0.9998728 
215 693 249 589 0.8280645 
227 333 273 757 0.56891036 
40 757 206 516 0.32305852 
535 643 269 713 0.2311026 
389 188 235 606 0.2150812 
389 921 194 523 0.18550259 
216 176 197 572 0.1254451 
496 722 186 563 0.115646794 
709 542 212 598 0.1065206 
280 689 60 156 0.10106142 
123 706 232 563 0.06984133 
646 83 64 173 0.06655857 
-32 924 209 703 0.05874174 
459 1067 136 336 0.05874174 
267 820 138 395 0.04931264 
146 305 61 198 0.047198545 
312 628 239 598 0.045153886 
95 1063 73 176 0.039651502 
441 478 232 572 0.03781825 
159 787 75 188 0.036325652 
509 818 73 195 0.030461604 
116 757 78 202 0.027884193 
228 992 65 141 0.027884193 
652 958 212 580 0.02643471 
590 134 206 598 0.026434705 
915 137 27 78 0.025519116 
194 867 80 173 0.023349825 
473 1087 200 563 0.022069868 
138 248 200 555 0.022069868 
156 856 146 326 0.0201599 
