9_Press_Conference_Press_Conference_9_161
34
217 58 188 255 0.99919194 
554 29 242 358 0.47689918 
13 328 277 337 0.32305852 
-58 429 239 313 0.19988178 
843 215 222 328 0.17193554 
389 451 203 214 0.14717786 
814 38 232 328 0.13594593 
620 222 228 295 0.1254451 
0 587 9 12 0.111069925 
652 50 203 283 0.064067975 
133 83 206 287 0.05874174 
479 351 144 166 0.05874174 
716 267 232 328 0.053832818 
994 144 27 37 0.047198545 
-14 192 215 323 0.045153886 
591 363 112 176 0.045153886 
206 347 253 323 0.045153886 
810 626 34 34 0.04326818 
754 118 53 72 0.04326818 
642 311 56 62 0.039651502 
458 -8 249 309 0.034593593 
402 296 222 309 0.034593593 
561 293 209 270 0.03163486 
801 603 62 65 0.030461596 
200 196 246 270 0.02643471 
661 385 116 143 0.024156325 
723 524 206 230 0.024156325 
839 504 14 18 0.02351288 
-6 14 228 304 0.022069868 
39 113 246 323 0.022069868 
434 100 218 279 0.022069868 
522 327 63 73 0.021360904 
809 -4 78 65 0.021360893 
324 56 178 279 0.020159906 
