9_Press_Conference_Press_Conference_9_278
189
594 114 78 115 0.9991779 
534 252 25 34 0.28687313 
476 273 23 27 0.16258556 
703 421 203 265 0.15916686 
352 324 225 273 0.15916684 
638 566 5 6 0.10279763 
625 596 6 7 0.09507551 
631 578 5 6 0.09507551 
589 8 212 265 0.076092646 
626 541 5 6 0.074940585 
622 577 5 7 0.07494057 
641 587 5 7 0.07494057 
614 608 5 6 0.07494057 
606 591 6 7 0.0691498 
655 591 7 8 0.0691498 
160 216 232 277 0.064067975 
630 600 5 6 0.06377564 
659 591 6 7 0.05879275 
538 266 25 35 0.056098126 
689 579 5 7 0.054176662 
666 582 4 5 0.054176662 
618 541 5 6 0.054176662 
836 429 206 261 0.053832818 
643 609 6 7 0.04990379 
642 613 5 7 0.04990379 
987 556 43 61 0.047198545 
616 605 5 6 0.04595155 
621 541 5 6 0.04595155 
651 562 5 6 0.04595155 
655 583 6 7 0.045951538 
495 292 21 28 0.04326818 
606 605 5 6 0.04229837 
669 593 5 6 0.04229837 
659 579 5 6 0.04229837 
648 582 6 7 0.04229837 
617 621 5 7 0.04229837 
657 612 6 8 0.04229837 
635 595 5 5 0.04229837 
576 163 232 242 0.04133061 
362 38 33 39 0.039651494 
626 618 4 6 0.038923774 
673 546 4 5 0.038923774 
622 589 5 6 0.038923774 
614 580 4 5 0.038923774 
664 592 5 6 0.038923774 
652 591 6 8 0.038923774 
657 576 5 6 0.038923774 
675 275 116 160 0.03781825 
521 261 28 36 0.036325652 
506 274 23 29 0.036325645 
618 600 5 6 0.035808332 
669 565 5 6 0.035808332 
686 556 5 6 0.035808332 
651 559 5 6 0.035808332 
634 605 5 8 0.035808332 
624 578 6 8 0.03293372 
609 601 5 6 0.03293372 
638 569 5 6 0.03293372 
608 589 6 8 0.032933712 
627 563 4 5 0.032933712 
664 562 5 6 0.032933712 
674 587 5 6 0.032933712 
678 557 5 6 0.032933712 
621 626 6 8 0.032933712 
647 537 5 6 0.032933712 
694 591 5 7 0.032933712 
644 565 4 5 0.032933712 
850 110 232 265 0.03163486 
616 343 242 307 0.03163486 
505 245 23 25 0.030461604 
670 546 4 5 0.030282615 
394 227 18 22 0.030282615 
618 538 5 6 0.030282615 
604 540 5 6 0.030282615 
639 591 6 7 0.030282615 
615 540 4 6 0.030282615 
634 576 5 6 0.030282615 
708 589 5 6 0.030282615 
669 611 6 7 0.030282615 
613 595 5 6 0.030282615 
651 608 5 7 0.030282615 
656 566 5 6 0.030282615 
635 583 5 7 0.030282615 
643 583 6 7 0.030282615 
677 591 7 9 0.030282615 
462 394 67 83 0.027884193 
389 233 23 27 0.027884193 
676 589 6 7 0.027838783 
661 562 5 7 0.027838783 
618 596 5 7 0.027838783 
635 569 5 6 0.027838783 
610 570 5 7 0.027838783 
652 564 5 6 0.027838783 
681 557 4 5 0.027838783 
629 562 5 6 0.027838783 
649 592 5 6 0.027838783 
632 603 5 7 0.027838783 
689 554 5 6 0.027838783 
646 606 6 8 0.027838783 
659 583 5 6 0.027838778 
630 596 5 6 0.027838778 
823 527 12 14 0.027838778 
652 588 6 7 0.027838778 
622 599 6 7 0.027838778 
638 608 6 8 0.02558696 
625 588 5 6 0.02558696 
686 599 5 6 0.02558696 
631 507 5 6 0.02558696 
652 600 5 6 0.02558696 
588 610 4 5 0.02558696 
634 508 4 5 0.02558696 
623 533 4 6 0.02558696 
638 583 6 7 0.02558696 
617 613 5 6 0.02558696 
356 287 16 17 0.02558696 
694 554 5 6 0.02558696 
653 612 5 7 0.02558696 
636 563 5 6 0.02558696 
673 562 5 6 0.02558696 
701 552 5 6 0.02558696 
514 246 14 15 0.02558696 
639 596 5 6 0.02558696 
510 232 14 17 0.02558696 
656 570 5 6 0.02558696 
619 576 5 7 0.02558696 
648 562 5 6 0.02558696 
638 549 5 6 0.02558696 
481 285 24 29 0.025519116 
260 377 246 273 0.02415633 
412 360 121 178 0.024156325 
31 234 212 257 0.024156325 
648 550 5 6 0.02351288 
643 543 5 7 0.02351288 
658 588 6 7 0.02351288 
683 600 5 6 0.02351288 
639 579 5 6 0.02351288 
626 565 4 6 0.02351288 
651 605 5 6 0.02351288 
667 581 5 6 0.02351288 
699 603 5 7 0.02351288 
620 621 5 7 0.02351288 
640 600 6 7 0.02351288 
625 602 6 7 0.02351288 
633 622 6 7 0.02351288 
663 554 5 6 0.02351288 
580 629 6 7 0.02351288 
691 532 4 5 0.02351288 
609 574 5 6 0.02351288 
596 575 6 7 0.02351288 
634 625 6 7 0.02351288 
618 556 5 6 0.02351288 
647 565 5 6 0.02351288 
539 248 17 20 0.02351288 
614 565 5 6 0.02351288 
655 563 5 6 0.02351288 
592 564 4 5 0.02351288 
501 238 49 55 0.023349825 
575 474 121 163 0.022069868 
190 436 228 265 0.022069868 
725 494 130 151 0.022069868 
395 232 98 123 0.022069868 
677 561 5 6 0.021603195 
622 581 5 6 0.021603195 
661 565 5 6 0.021603195 
614 612 5 6 0.021603195 
622 570 5 6 0.021603195 
678 579 5 6 0.021603195 
693 608 5 6 0.021603195 
668 571 5 6 0.021603195 
605 616 4 6 0.021603195 
625 620 5 6 0.021603195 
644 540 5 7 0.021603195 
629 541 5 6 0.021603195 
677 576 5 6 0.021603195 
576 575 4 6 0.021603195 
622 566 5 6 0.021603195 
674 559 4 6 0.021603195 
484 267 17 23 0.021603195 
599 603 5 7 0.021603195 
622 536 4 6 0.021603195 
634 601 5 7 0.021603195 
624 591 6 7 0.021603195 
665 587 5 7 0.021603195 
630 520 4 5 0.021603195 
673 592 5 7 0.021603195 
639 575 5 6 0.021603195 
626 536 5 6 0.021603195 
628 520 4 5 0.021603195 
471 249 25 27 0.021360898 
