9_Press_Conference_Press_Conference_9_520
50
319 443 144 361 0.9964618 
826 549 222 596 0.78491884 
226 319 215 614 0.3864298 
-23 225 285 812 0.32305852 
39 1060 218 632 0.28400344 
-21 846 235 681 0.2311026 
478 675 132 345 0.19988178 
45 -52 277 744 0.18550259 
760 674 225 691 0.14717786 
570 602 232 681 0.14717786 
748 427 222 605 0.1254451 
518 847 215 642 0.115646794 
953 1135 71 219 0.10106142 
842 885 215 570 0.08285364 
530 168 200 546 0.08285364 
30 968 144 400 0.08285364 
376 693 212 554 0.08285364 
640 33 128 383 0.076092646 
258 591 225 562 0.07609263 
753 -43 239 744 0.06984133 
656 274 246 587 0.06984133 
393 274 225 632 0.06984133 
149 1286 140 307 0.06984132 
54 665 222 605 0.064067975 
386 1099 218 605 0.05874174 
851 86 232 651 0.053832814 
268 786 246 661 0.04931264 
905 215 116 361 0.04931264 
78 871 285 744 0.045153897 
659 -8 209 651 0.045153897 
260 477 119 325 0.045153886 
251 1189 242 605 0.04133061 
329 26 239 691 0.03781825 
636 410 73 176 0.036325645 
231 542 53 125 0.036325645 
169 -12 140 321 0.034593605 
604 148 134 383 0.034593593 
910 974 114 366 0.03163486 
876 1196 39 99 0.030461596 
16 903 73 235 0.030461596 
177 12 225 642 0.028921604 
121 1181 206 562 0.02415633 
244 496 70 173 0.023349825 
106 614 67 198 0.023349825 
109 238 273 614 0.022069868 
722 947 242 614 0.022069868 
950 288 73 239 0.021360898 
230 575 34 75 0.021360898 
111 1320 75 215 0.021360898 
638 677 265 744 0.0201599 
