9_Press_Conference_Press_Conference_9_563
60
398 118 188 253 0.99964833 
793 218 114 153 0.998934 
101 67 203 256 0.6135702 
528 91 249 301 0.4310897 
537 394 203 238 0.26558137 
701 63 69 79 0.16258556 
181 113 200 264 0.14717786 
693 341 37 36 0.118850335 
14 -40 225 301 0.115646794 
795 362 25 31 0.10106142 
317 508 62 78 0.09308395 
942 5 71 78 0.09308395 
759 -46 225 288 0.064067975 
756 484 12 18 0.06377564 
273 306 73 94 0.06111947 
280 114 180 256 0.05874174 
401 123 65 87 0.056098126 
158 450 206 268 0.053832814 
154 215 82 95 0.051466707 
561 212 56 84 0.051466707 
107 -37 269 268 0.04931264 
690 328 64 53 0.047198545 
577 436 109 153 0.045153886 
494 147 144 199 0.045153886 
368 181 76 130 0.04326818 
464 -48 249 320 0.04133061 
411 322 197 260 0.03781825 
251 313 54 75 0.036325652 
990 281 15 19 0.035808332 
142 368 15 20 0.035808332 
-37 152 246 306 0.034593593 
748 479 22 29 0.033269096 
123 355 44 64 0.033269096 
675 325 49 70 0.033269096 
607 180 200 264 0.03163486 
709 22 98 134 0.03163486 
630 452 123 177 0.03163486 
179 190 24 25 0.030461604 
762 363 61 62 0.030461596 
379 640 13 20 0.030282615 
984 653 36 28 0.027884193 
372 23 17 20 0.027838783 
760 487 8 10 0.02558696 
790 413 57 54 0.025519116 
651 342 26 36 0.025519116 
188 384 51 57 0.023349825 
772 395 59 64 0.023349825 
907 401 58 52 0.023349825 
355 52 58 80 0.023349825 
977 299 45 87 0.023349825 
851 91 200 280 0.022069868 
259 539 93 119 0.022069868 
610 38 265 325 0.022069868 
238 426 203 268 0.022069868 
-9 288 218 293 0.022069868 
369 606 114 104 0.022069868 
171 458 31 33 0.021360904 
846 561 30 43 0.021360898 
154 446 52 51 0.021360898 
429 334 116 162 0.020159906 
