9_Press_Conference_Press_Conference_9_431
39
341 203 212 562 0.99977845 
429 237 206 562 0.6968242 
113 678 298 661 0.4768992 
45 230 200 562 0.45389688 
181 52 222 562 0.2840034 
364 548 209 522 0.26558137 
3 74 97 350 0.26558137 
2 121 57 227 0.23436876 
755 56 212 562 0.15916686 
721 615 218 623 0.15916684 
262 254 191 554 0.1065206 
-11 19 209 546 0.09803478 
60 375 289 605 0.09015675 
801 790 117 350 0.076092646 
307 661 209 522 0.076092646 
831 -14 194 538 0.053832814 
154 251 63 158 0.051466707 
137 267 132 388 0.045153897 
123 317 57 173 0.04326818 
903 467 61 151 0.04326818 
733 140 134 345 0.04133061 
639 500 253 546 0.04133061 
960 642 64 191 0.039651502 
802 136 28 70 0.039651494 
514 286 203 514 0.03781825 
104 153 30 83 0.036325652 
0 513 52 176 0.036325652 
874 516 68 167 0.033269096 
958 521 63 212 0.033269096 
247 173 48 125 0.033269096 
247 179 29 74 0.027884193 
217 348 65 173 0.025519116 
810 862 85 173 0.025519116 
701 73 101 325 0.024156325 
85 113 59 151 0.023349825 
858 291 60 153 0.023349825 
912 579 73 188 0.021360898 
912 289 61 167 0.021360898 
921 484 37 92 0.021360898 
