9_Press_Conference_Press_Conference_9_346
48
423 661 39 89 0.9863452 
271 643 44 101 0.9439019 
625 708 23 63 0.9069161 
478 209 206 540 0.4768992 
86 631 42 97 0.36670664 
653 775 32 101 0.2032784 
514 728 60 156 0.09308393 
190 781 52 141 0.07880669 
671 920 60 159 0.07880669 
276 873 225 532 0.06984133 
645 750 30 78 0.06655857 
135 773 50 123 0.06655857 
349 284 235 654 0.064067975 
471 313 29 81 0.056098126 
234 264 228 693 0.04931264 
630 751 58 159 0.047198545 
667 794 74 213 0.04326818 
342 554 22 61 0.039651502 
548 250 225 625 0.03781825 
917 424 97 341 0.03781825 
547 594 61 179 0.036325652 
640 726 25 67 0.030461604 
368 871 32 75 0.030461604 
633 763 35 88 0.030461596 
925 297 98 336 0.028921604 
763 1001 23 73 0.027884193 
77 628 63 167 0.027884185 
856 769 209 625 0.026434705 
654 744 19 47 0.02558696 
673 917 8 30 0.02558696 
20 836 55 170 0.025519116 
648 794 53 167 0.025519116 
917 1028 27 70 0.023349825 
121 807 62 151 0.023349825 
607 704 46 127 0.023349825 
922 398 67 202 0.023349825 
909 556 87 290 0.022069868 
418 307 52 154 0.021360904 
329 313 58 151 0.021360904 
210 257 50 149 0.021360904 
844 1224 69 192 0.021360904 
57 279 48 127 0.021360904 
519 124 32 78 0.021360898 
439 451 26 73 0.021360898 
419 993 60 156 0.021360898 
357 340 30 83 0.021360898 
284 71 212 625 0.0201599 
622 337 136 402 0.0201599 
