9_Press_Conference_Press_Conference_9_375
50
302 121 67 93 0.99984026 
841 126 64 88 0.9996979 
131 134 73 96 0.9995652 
544 120 51 86 0.99844605 
656 105 54 93 0.98751885 
796 238 212 261 0.3647484 
679 148 203 273 0.18550259 
732 365 51 62 0.13928533 
949 257 42 39 0.12872264 
570 123 46 83 0.10106142 
403 391 269 326 0.09803478 
687 88 17 29 0.09507551 
371 51 116 180 0.09015675 
239 377 61 82 0.08567618 
548 400 53 69 0.08567618 
322 359 46 62 0.06655857 
317 352 24 36 0.06111947 
944 248 69 63 0.06111947 
392 396 62 68 0.056098126 
316 330 7 8 0.054176662 
81 338 116 160 0.053832814 
62 358 183 250 0.053832814 
922 56 69 91 0.047198545 
633 117 59 73 0.047198545 
810 289 119 172 0.045153897 
222 396 222 298 0.045153897 
689 9 206 269 0.04133061 
102 405 106 160 0.03781825 
758 321 277 361 0.03781825 
97 122 42 68 0.036325645 
504 130 57 83 0.033269096 
438 385 17 21 0.032933712 
541 429 218 298 0.03163486 
324 372 25 37 0.030461596 
119 369 60 83 0.030461596 
99 149 49 72 0.030461596 
688 115 51 94 0.027884193 
669 93 30 47 0.027884193 
341 348 6 8 0.027838783 
955 269 22 22 0.027838783 
316 335 8 12 0.02558696 
376 354 50 63 0.025519116 
113 130 57 82 0.025519116 
574 410 32 51 0.025519116 
119 422 62 101 0.025519116 
495 433 37 26 0.023349825 
324 317 56 75 0.023349825 
310 338 45 58 0.023349825 
570 122 209 261 0.022069868 
521 385 94 112 0.022069868 
