9_Press_Conference_Press_Conference_9_45
28
266 246 48 74 0.9996031 
68 268 46 63 0.99937433 
680 269 52 75 0.99931467 
840 252 57 83 0.99891996 
477 263 49 70 0.9988171 
764 380 76 97 0.47725022 
104 -2 228 280 0.3647484 
214 13 242 284 0.1254451 
354 -27 273 349 0.1254451 
646 -45 242 325 0.1065206 
-29 -9 215 293 0.06984132 
49 12 119 157 0.053832814 
538 -10 261 297 0.053832814 
792 14 215 253 0.045153897 
934 378 55 69 0.039651494 
732 415 112 155 0.03781825 
91 46 78 92 0.033269096 
187 22 132 188 0.03163486 
293 52 136 199 0.028921604 
432 117 232 284 0.028921604 
911 385 54 69 0.027884185 
803 328 9 10 0.02558696 
766 440 19 26 0.02351288 
950 391 31 37 0.023349825 
664 436 111 138 0.022069868 
673 442 239 288 0.022069868 
39 222 222 272 0.0201599 
114 414 246 284 0.0201599 
