9_Press_Conference_Press_Conference_9_693
38
265 188 75 119 0.9996376 
0 109 63 107 0.99891996 
659 114 83 125 0.9985812 
880 221 80 115 0.99844605 
525 232 56 89 0.9786391 
172 512 142 206 0.864054 
282 549 123 167 0.3436022 
527 483 167 261 0.26558137 
57 482 225 345 0.24794048 
596 455 225 298 0.09803478 
959 309 52 68 0.07880669 
514 237 93 140 0.076092646 
393 480 218 293 0.076092646 
-21 347 225 345 0.076092646 
258 500 239 246 0.06984133 
976 323 30 43 0.056098126 
536 350 232 350 0.04931264 
799 456 70 121 0.04326818 
528 230 32 57 0.04326818 
799 403 188 273 0.04133061 
500 229 57 102 0.039651502 
121 541 134 212 0.03781825 
681 378 218 302 0.03781825 
318 572 86 94 0.033269096 
0 187 228 289 0.03163486 
637 158 23 39 0.030461596 
845 456 107 167 0.028921604 
506 510 103 194 0.028921604 
961 443 67 123 0.027884193 
864 589 65 83 0.027884193 
51 375 21 22 0.02558696 
143 304 212 316 0.024156325 
592 270 225 330 0.022069868 
328 514 109 175 0.022069868 
956 304 27 45 0.021360898 
11 99 90 153 0.0201599 
549 -3 218 298 0.0201599 
616 148 261 345 0.0201599 
