9_Press_Conference_Press_Conference_9_41
28
702 191 76 99 0.99984026 
156 191 71 96 0.9995652 
68 -53 178 246 0.30317584 
249 -40 206 294 0.18550259 
314 102 180 285 0.12544508 
324 485 57 66 0.07880669 
204 140 242 294 0.06984133 
330 484 206 239 0.064067975 
675 575 14 15 0.054176662 
609 518 17 20 0.054176662 
736 208 194 243 0.045153886 
297 400 32 34 0.04326818 
785 352 206 281 0.04133061 
631 538 24 28 0.033269096 
621 545 28 31 0.030461596 
323 8 132 180 0.028921604 
855 524 32 39 0.027884193 
639 542 28 33 0.027884193 
781 300 111 153 0.026434705 
429 463 212 281 0.02415633 
610 460 209 243 0.024156325 
120 131 101 132 0.024156325 
763 572 25 27 0.023349825 
583 512 54 61 0.023349825 
66 9 109 142 0.022069868 
655 193 197 250 0.022069868 
526 441 206 261 0.022069868 
604 547 35 39 0.021360898 
