9_Press_Conference_Press_Conference_9_35
176
686 214 14 18 0.9970004 
623 216 13 17 0.9881053 
189 191 16 22 0.98177195 
401 187 11 14 0.9641916 
267 309 21 35 0.96034855 
305 284 13 24 0.9577016 
854 144 10 13 0.9458233 
947 182 59 72 0.9143238 
601 198 12 15 0.88008106 
376 213 11 15 0.84982324 
585 315 14 21 0.8384248 
389 322 43 59 0.82463235 
312 215 12 15 0.78582007 
379 9 242 323 0.78491884 
287 210 12 15 0.66669756 
954 214 38 44 0.54540557 
484 299 27 33 0.5227497 
506 586 63 94 0.5227497 
543 16 242 300 0.5 
827 2 232 287 0.5 
160 417 117 137 0.5 
378 243 12 18 0.47834834 
710 272 228 287 0.47689918 
73 339 28 29 0.43212515 
230 289 21 27 0.32552502 
294 431 97 123 0.32305852 
510 324 24 30 0.30585766 
366 317 21 29 0.29596066 
198 285 17 22 0.27822798 
657 127 225 295 0.26558137 
349 217 8 11 0.26116365 
193 365 80 73 0.2511021 
675 200 134 189 0.2311026 
330 217 13 17 0.22912635 
741 375 7 10 0.19995552 
560 351 65 78 0.188928 
373 316 40 57 0.1753677 
515 147 34 42 0.13928533 
384 347 61 75 0.13928533 
370 319 27 37 0.109639935 
288 22 225 300 0.1065206 
318 217 11 15 0.102797605 
297 372 32 39 0.10106142 
343 218 7 10 0.09507551 
333 213 10 13 0.09507551 
385 382 65 73 0.09308395 
405 340 34 47 0.09308395 
361 328 28 39 0.09308395 
668 407 56 67 0.09308393 
20 331 29 26 0.08567618 
315 211 20 24 0.08567616 
561 320 28 34 0.08567616 
730 43 212 282 0.08285364 
514 396 83 97 0.07880669 
296 287 17 20 0.074940585 
310 277 14 20 0.07494057 
499 303 14 23 0.07494057 
339 298 25 25 0.072444364 
279 335 21 29 0.072444364 
579 353 35 42 0.072444364 
70 473 53 55 0.07244435 
376 241 10 14 0.069149815 
351 235 13 19 0.069149815 
958 227 24 25 0.0691498 
680 398 232 244 0.064067975 
512 316 17 24 0.06377564 
575 318 23 27 0.06111947 
633 325 15 21 0.05879275 
261 298 37 54 0.056098126 
52 358 54 70 0.056098126 
552 337 27 36 0.056098126 
502 148 59 66 0.056098126 
325 223 7 9 0.054176662 
370 215 13 17 0.054176662 
642 338 53 60 0.051466707 
293 371 60 69 0.051466707 
57 334 51 53 0.051466707 
756 362 18 22 0.04990379 
339 218 8 11 0.04990379 
606 194 9 11 0.049903784 
354 320 28 33 0.047198545 
567 294 23 26 0.047198545 
467 328 50 53 0.047198545 
561 336 46 55 0.047198545 
327 215 7 10 0.045951538 
220 420 130 133 0.045153897 
341 399 60 85 0.04326818 
163 420 67 64 0.04326818 
299 285 24 33 0.04326818 
955 179 39 45 0.04326818 
372 240 10 12 0.04229837 
182 192 16 20 0.04229837 
235 288 10 12 0.04229837 
368 217 9 11 0.04229837 
0 320 7 13 0.04229837 
438 307 23 27 0.039651502 
249 316 31 39 0.039651494 
306 210 21 23 0.039651494 
568 318 16 21 0.038923774 
298 377 22 22 0.035808332 
644 321 15 24 0.035808332 
306 217 9 13 0.035808332 
743 390 158 150 0.034593605 
338 126 225 244 0.034593593 
346 311 30 32 0.033269096 
31 346 58 70 0.033269096 
12 329 53 52 0.033269096 
479 305 19 23 0.03293372 
437 123 218 291 0.03163486 
370 395 57 81 0.030461596 
304 379 37 44 0.030461596 
425 320 29 38 0.030461596 
285 291 18 21 0.030282615 
383 245 13 16 0.030282615 
330 210 9 11 0.030282615 
123 357 200 190 0.028921604 
23 79 253 295 0.028921604 
290 210 20 22 0.027884185 
654 337 32 40 0.027884185 
362 330 61 82 0.027884185 
355 412 35 51 0.027884185 
327 211 7 9 0.027838783 
260 317 17 22 0.027838783 
369 212 8 9 0.027838783 
755 372 18 20 0.027838783 
242 295 16 23 0.027838783 
513 317 8 11 0.027838783 
291 208 7 10 0.027838778 
323 232 7 9 0.027838778 
340 284 17 20 0.02558696 
355 218 7 9 0.02558696 
186 292 19 20 0.02558696 
285 213 8 11 0.02558696 
949 221 50 75 0.025519116 
495 330 34 39 0.025519116 
566 306 24 29 0.025519116 
586 369 38 41 0.025519116 
-3 615 83 70 0.025519116 
506 310 13 19 0.02351288 
317 277 9 12 0.02351288 
393 328 18 20 0.02351288 
337 211 8 11 0.02351288 
593 319 9 15 0.02351288 
334 207 9 10 0.02351288 
324 220 13 17 0.02351288 
284 304 26 38 0.023349825 
223 395 47 41 0.023349825 
179 378 63 77 0.023349825 
642 363 59 70 0.023349825 
32 344 31 31 0.023349825 
129 354 35 34 0.023349825 
373 418 32 48 0.023349825 
500 343 206 278 0.022069868 
446 528 107 129 0.022069868 
525 311 94 127 0.022069868 
264 433 222 251 0.022069868 
289 296 22 25 0.021603195 
269 239 12 19 0.021603195 
360 215 6 9 0.021603195 
243 297 9 12 0.021603195 
712 331 15 22 0.021603195 
361 330 16 23 0.021603195 
727 325 20 24 0.021603195 
408 330 20 30 0.021603195 
231 306 24 34 0.021360904 
659 312 23 29 0.021360904 
314 384 63 73 0.021360904 
745 358 23 26 0.021360898 
408 324 50 53 0.021360898 
943 222 37 45 0.021360898 
201 368 39 46 0.021360898 
205 346 59 64 0.021360898 
475 301 44 52 0.021360893 
152 370 103 120 0.0201599 
809 396 203 274 0.0201599 
167 111 200 237 0.0201599 
