9_Press_Conference_Press_Conference_9_66
87
885 271 75 75 0.9992494 
215 177 78 79 0.99844605 
365 -10 239 254 0.9506874 
197 -3 215 236 0.90196514 
411 103 186 216 0.88435316 
618 43 134 170 0.8408331 
461 298 42 57 0.73138905 
474 6 203 229 0.6968242 
791 269 104 138 0.56891036 
126 10 27 25 0.47725022 
611 -34 246 258 0.45389688 
99 231 29 34 0.32552502 
127 20 28 26 0.32552502 
177 148 89 114 0.21508123 
830 260 95 119 0.19988178 
235 344 116 116 0.19988178 
256 351 71 63 0.15056497 
98 231 52 51 0.13928533 
393 148 128 149 0.13594593 
565 28 136 168 0.13594593 
300 224 61 81 0.12872262 
574 79 239 239 0.115646794 
791 306 188 189 0.09803478 
186 300 183 186 0.09803478 
65 84 62 65 0.09308393 
135 142 97 116 0.09015675 
91 43 215 219 0.08285364 
647 172 16 13 0.08117401 
155 81 14 15 0.0691498 
635 98 85 99 0.06111947 
74 229 47 53 0.056098126 
750 81 246 226 0.053832814 
626 178 13 16 0.04990379 
85 32 12 18 0.04990379 
118 19 44 42 0.047198545 
640 167 26 26 0.04326818 
50 222 62 79 0.04326818 
275 324 68 70 0.04326818 
658 250 111 143 0.04133061 
113 215 58 55 0.039651502 
823 418 12 12 0.038923774 
687 14 151 151 0.03781825 
63 146 25 26 0.036325645 
112 287 59 55 0.036325645 
138 46 7 8 0.035808332 
402 337 53 47 0.033269096 
54 109 63 58 0.033269096 
627 163 48 43 0.033269096 
608 207 200 204 0.03163486 
482 178 91 112 0.030461604 
155 417 62 85 0.030461596 
393 165 55 55 0.030461596 
31 252 9 9 0.030282615 
525 92 175 198 0.028921604 
125 223 32 34 0.027884185 
196 342 33 32 0.027884185 
641 139 16 16 0.027838783 
28 21 170 204 0.02643471 
431 285 78 97 0.026434705 
308 303 203 213 0.026434705 
88 224 30 36 0.025519116 
101 28 22 23 0.025519116 
825 340 54 81 0.025519116 
647 254 57 57 0.025519116 
204 130 51 52 0.025519116 
483 415 91 99 0.024156325 
766 239 103 132 0.024156325 
238 183 87 102 0.024156325 
442 251 23 26 0.023349825 
400 296 61 63 0.023349825 
739 393 54 61 0.023349825 
621 178 25 26 0.023349825 
765 400 26 31 0.023349825 
829 213 48 47 0.023349825 
369 425 47 53 0.023349825 
77 91 37 42 0.023349825 
33 525 26 25 0.023349825 
520 423 93 96 0.022069868 
64 231 33 37 0.021360904 
831 229 53 53 0.021360904 
108 247 58 47 0.021360898 
545 457 57 74 0.021360898 
81 36 20 23 0.021360898 
155 78 25 24 0.021360898 
161 115 59 66 0.021360898 
713 375 107 121 0.0201599 
682 340 197 210 0.0201599 
