9_Press_Conference_Press_Conference_9_632
33
304 348 293 745 0.9999759 
195 397 277 723 0.9872077 
93 421 232 702 0.8745549 
437 437 218 615 0.71599656 
409 929 203 606 0.3647484 
-16 1030 232 606 0.2840034 
213 847 228 643 0.2311026 
83 703 273 672 0.15916686 
105 401 119 425 0.115646794 
637 466 225 531 0.115646794 
100 985 253 692 0.1065206 
292 952 261 682 0.09803478 
529 352 218 597 0.076092646 
287 247 222 571 0.076092646 
775 46 103 294 0.064067975 
396 654 265 662 0.04931264 
-9 1195 117 431 0.04931264 
454 1107 206 580 0.04133061 
73 461 73 164 0.039651502 
949 960 28 74 0.039651494 
909 114 94 298 0.034593593 
766 541 203 588 0.034593593 
405 304 165 507 0.03163486 
33 810 209 652 0.03163486 
682 557 134 336 0.03163486 
940 658 49 146 0.027884193 
27 87 123 361 0.026434705 
125 536 80 156 0.025519116 
755 292 206 597 0.024156325 
168 31 54 138 0.023349825 
9 -17 206 588 0.022069868 
868 940 30 80 0.021360898 
57 389 128 281 0.0201599 
