9_Press_Conference_Press_Conference_9_552
94
428 62 191 476 0.991905 
652 465 261 520 0.73441863 
258 403 51 164 0.47725022 
120 792 225 568 0.47689918 
447 392 246 585 0.2840034 
266 847 222 527 0.2150812 
8 840 242 568 0.15916686 
378 634 91 164 0.15056497 
786 435 178 593 0.13594593 
466 945 232 559 0.12544508 
988 1071 36 170 0.118850335 
150 593 298 648 0.09803478 
340 1284 21 55 0.09308393 
520 504 246 611 0.090156734 
349 1188 33 85 0.08567616 
-6 746 119 410 0.08285364 
888 523 114 354 0.08285364 
378 1354 20 54 0.08117401 
334 508 123 292 0.076092646 
793 239 228 559 0.076092646 
985 999 25 74 0.07244435 
-32 392 191 483 0.06984133 
251 364 101 267 0.06984133 
378 1325 13 32 0.069149815 
487 1195 31 83 0.06655858 
374 1306 27 64 0.06655858 
445 447 64 146 0.056098126 
475 1161 54 134 0.056098126 
349 1299 16 48 0.054176662 
680 253 191 535 0.053832814 
751 123 239 448 0.053832814 
413 1230 12 36 0.049903784 
345 142 209 469 0.04931264 
977 1015 25 69 0.047198545 
642 -7 200 512 0.045153897 
399 1306 24 64 0.04326818 
259 404 209 497 0.04133061 
321 568 289 668 0.04133061 
765 873 242 620 0.04133061 
610 643 265 620 0.04133061 
391 1324 25 66 0.039651494 
399 1314 14 36 0.038923774 
764 608 149 329 0.03781825 
364 1346 28 63 0.036325652 
628 1384 30 73 0.036325652 
402 1353 24 57 0.036325645 
437 1209 14 38 0.035808332 
330 1297 25 58 0.033269096 
385 1298 51 117 0.033269096 
416 1234 16 42 0.032933712 
435 1380 32 56 0.030461596 
938 57 31 82 0.030461596 
665 1369 6 17 0.030282615 
403 1239 23 58 0.027884193 
361 585 80 170 0.027884185 
462 1200 14 32 0.027838783 
460 1421 22 41 0.027838778 
138 934 126 387 0.02643471 
887 348 117 381 0.026434705 
582 1215 13 41 0.02558696 
454 1201 7 18 0.02558696 
361 1276 51 113 0.025519116 
470 1218 24 66 0.025519116 
425 605 75 115 0.025519116 
307 714 64 134 0.025519116 
360 1294 27 63 0.025519116 
402 1357 14 36 0.02351288 
472 1191 13 31 0.02351288 
386 1316 14 37 0.02351288 
388 1414 22 45 0.02351288 
630 1234 26 68 0.023349825 
332 565 70 129 0.023349825 
512 1129 35 79 0.023349825 
786 692 91 182 0.023349825 
842 3 209 611 0.022069868 
35 384 232 576 0.022069868 
579 1230 13 39 0.021603195 
465 1211 8 19 0.021603195 
407 1229 13 38 0.021603195 
340 1320 20 53 0.021603195 
379 1334 17 47 0.021603195 
878 89 58 164 0.021360904 
340 1135 56 129 0.021360904 
74 168 54 143 0.021360904 
329 1296 47 109 0.021360904 
236 639 62 134 0.021360898 
345 1248 28 79 0.021360898 
983 1045 29 96 0.021360898 
398 1334 69 117 0.021360898 
440 542 71 156 0.021360898 
205 704 58 129 0.021360898 
356 852 246 611 0.020159906 
-59 603 212 602 0.0201599 
760 687 175 476 0.0201599 
