9_Press_Conference_Press_Conference_9_655
131
364 227 31 41 0.99952376 
940 184 27 38 0.99931467 
885 210 29 41 0.99844605 
500 223 34 44 0.99844605 
793 240 47 61 0.9975521 
199 191 21 28 0.9964803 
955 213 29 44 0.99614596 
420 193 21 29 0.99614596 
307 202 22 29 0.9949414 
759 207 26 38 0.9949414 
577 212 30 35 0.9949414 
848 188 22 30 0.9944617 
161 204 27 30 0.9933628 
465 191 19 23 0.9928939 
64 208 21 26 0.98859274 
661 217 41 61 0.98751885 
133 224 23 30 0.98366195 
650 202 23 31 0.98366195 
391 198 21 27 0.97448087 
137 199 20 26 0.96107626 
231 218 25 28 0.88114965 
642 227 13 19 0.88008106 
546 186 21 26 0.8607147 
728 190 22 28 0.8607147 
343 213 21 28 0.83741444 
487 200 19 29 0.6856687 
1007 206 16 38 0.61190087 
622 -10 285 330 0.52310073 
117 216 18 21 0.43536806 
463 10 265 321 0.4310897 
706 189 18 25 0.4141967 
422 228 17 25 0.26116365 
864 403 26 30 0.23436876 
109 11 246 269 0.2311026 
773 3 277 321 0.19988178 
773 187 23 26 0.16258556 
766 197 25 32 0.13928533 
121 205 21 26 0.109639935 
650 205 38 59 0.109639935 
476 191 21 26 0.07880669 
736 252 14 25 0.074940585 
472 485 6 10 0.074940585 
455 481 22 28 0.07244435 
880 276 235 285 0.06984133 
727 273 27 35 0.06655858 
642 212 22 35 0.06655858 
217 291 68 79 0.06655858 
111 198 18 22 0.06377564 
420 500 7 8 0.05879275 
428 508 9 12 0.05879275 
891 422 51 61 0.056098126 
501 201 27 34 0.056098126 
559 185 15 20 0.054176662 
740 219 25 33 0.051466707 
371 203 25 28 0.051466707 
668 205 31 40 0.051466707 
844 201 24 35 0.051466707 
164 184 17 20 0.04990379 
377 193 24 29 0.047198545 
117 223 9 11 0.04595155 
427 510 12 19 0.045951538 
354 212 28 37 0.04326818 
203 267 103 138 0.04133061 
632 198 24 33 0.039651502 
620 200 24 30 0.039651494 
400 217 23 32 0.039651494 
840 401 24 34 0.039651494 
451 194 13 19 0.038923774 
727 254 25 34 0.036325652 
711 188 8 10 0.035808332 
566 183 12 17 0.035808332 
89 265 13 17 0.035808332 
713 201 18 23 0.035808332 
695 195 28 35 0.033269096 
510 197 24 27 0.033269096 
163 173 13 18 0.032933712 
348 187 23 27 0.030461604 
346 201 25 30 0.030461604 
856 400 50 54 0.030461596 
592 465 56 79 0.030461596 
450 496 7 8 0.030282615 
159 180 14 19 0.030282615 
488 192 16 20 0.030282615 
839 215 24 33 0.027884193 
916 429 31 40 0.027884185 
414 196 18 23 0.027838783 
721 206 14 19 0.027838783 
454 199 15 20 0.027838783 
187 209 12 17 0.027838783 
271 365 123 155 0.026434705 
247 -24 225 277 0.026434705 
887 428 30 37 0.025519116 
846 414 48 63 0.025519116 
866 420 52 58 0.025519116 
539 197 24 30 0.025519116 
852 406 30 38 0.025519116 
358 199 24 28 0.025519116 
254 238 26 30 0.025519116 
243 230 28 34 0.025519116 
311 306 61 55 0.025519116 
815 214 29 33 0.025519116 
849 218 23 34 0.025519116 
738 207 40 52 0.025519116 
325 26 285 302 0.024156325 
222 325 212 239 0.024156325 
143 92 5 6 0.02351288 
413 224 19 26 0.02351288 
99 288 11 11 0.02351288 
463 487 14 17 0.02351288 
849 404 16 21 0.02351288 
426 506 7 9 0.02351288 
498 193 17 22 0.02351288 
222 214 41 52 0.023349825 
887 403 29 30 0.023349825 
686 194 26 30 0.023349825 
530 201 24 29 0.023349825 
373 195 17 21 0.021603195 
452 492 16 17 0.021603195 
468 487 7 9 0.021603195 
457 530 14 16 0.021603195 
722 179 8 11 0.021603195 
477 205 21 24 0.021603195 
388 210 22 27 0.021603195 
723 194 17 21 0.021603195 
131 205 19 23 0.021603195 
986 534 39 69 0.021360904 
586 386 36 32 0.021360904 
217 254 21 31 0.021360898 
366 409 48 63 0.021360893 
700 269 222 246 0.0201599 
155 147 203 222 0.0201599 
