9_Press_Conference_Press_Conference_9_648
48
491 93 218 530 0.9996793 
23 458 106 281 0.9943938 
369 80 265 652 0.9831867 
203 811 249 623 0.9239074 
363 515 269 642 0.9239074 
707 690 172 500 0.9171464 
464 468 277 623 0.8408331 
744 604 265 596 0.80011827 
304 401 232 633 0.45389685 
283 103 218 554 0.3864298 
799 432 225 530 0.3864298 
569 406 257 562 0.28400344 
687 837 121 311 0.24794048 
239 650 183 500 0.24794048 
736 -77 265 562 0.19988178 
561 781 209 500 0.18550259 
621 127 265 546 0.17193556 
120 593 209 530 0.14717786 
747 162 239 588 0.12544508 
436 734 158 340 0.115646794 
305 695 257 588 0.115646794 
124 380 119 345 0.090156734 
233 287 228 596 0.08285364 
378 -25 95 167 0.07880669 
535 841 76 192 0.06655858 
94 777 253 633 0.064067975 
297 285 126 302 0.05874174 
551 854 132 277 0.05874174 
764 815 160 412 0.053832814 
586 864 80 173 0.051466707 
5 381 167 464 0.04931264 
81 204 225 538 0.045153897 
600 892 140 294 0.045153886 
299 503 13 34 0.038923774 
445 904 232 571 0.034593605 
69 452 95 261 0.03163486 
549 683 146 330 0.03163486 
200 1174 44 141 0.030461596 
499 857 79 192 0.030461596 
154 1005 215 554 0.028921604 
844 651 89 227 0.027884193 
273 373 52 132 0.027884185 
125 750 65 146 0.025519116 
201 1078 138 316 0.024156325 
127 132 31 78 0.023349825 
24 552 225 471 0.022069868 
110 108 50 125 0.021360904 
144 358 225 530 0.0201599 
