9_Press_Conference_Press_Conference_9_343
33
506 99 104 223 0.98934454 
397 988 212 592 0.6135702 
275 527 215 549 0.4310897 
450 697 242 696 0.2840034 
687 1112 212 592 0.21508123 
531 500 249 738 0.15916686 
665 590 103 363 0.14717786 
293 649 128 363 0.08285364 
668 682 69 207 0.07880669 
13 104 203 574 0.076092646 
549 -45 265 609 0.06984133 
332 734 239 618 0.06984133 
241 -45 242 675 0.05874174 
499 188 222 566 0.04931264 
-51 1056 242 583 0.03781825 
587 1012 246 627 0.03781825 
624 572 257 738 0.034593593 
588 299 78 237 0.033269096 
155 -107 228 627 0.03163486 
814 970 253 574 0.028921604 
289 779 69 160 0.027884193 
662 324 249 696 0.026434705 
463 991 277 666 0.026434705 
495 856 140 453 0.026434705 
780 1141 69 169 0.025519116 
610 563 121 358 0.024156325 
771 1131 228 566 0.022069868 
-24 597 246 637 0.022069868 
-9 69 158 397 0.022069868 
133 1036 246 685 0.022069868 
310 785 85 200 0.021360898 
282 248 222 627 0.0201599 
705 -12 253 526 0.0201599 
