9_Press_Conference_Press_Conference_9_141
38
235 297 261 641 0.99977845 
506 467 235 578 0.93593204 
344 270 239 614 0.9171464 
191 878 281 641 0.80011827 
64 854 225 522 0.78491884 
445 212 228 578 0.71599656 
570 323 218 570 0.56891036 
819 125 212 537 0.5 
323 577 311 690 0.45389685 
364 912 228 437 0.4310897 
602 75 235 578 0.43108967 
653 262 239 587 0.32305852 
524 854 222 530 0.30317584 
638 675 212 545 0.30317584 
-27 54 289 605 0.18550259 
978 1008 43 113 0.1753677 
535 191 215 492 0.17193556 
160 536 302 722 0.14717786 
857 700 239 632 0.14717786 
667 100 123 265 0.14717786 
774 467 124 293 0.13594593 
275 1027 142 311 0.1254451 
67 259 257 562 0.12544508 
-30 325 239 605 0.12544508 
775 649 186 530 0.115646794 
2 103 149 371 0.05874174 
472 1019 136 316 0.053832814 
-31 696 253 632 0.045153886 
0 521 130 424 0.04133061 
193 260 183 507 0.04133061 
688 138 70 149 0.039651494 
805 356 194 431 0.03163486 
136 490 63 151 0.030461596 
725 443 212 553 0.026434705 
99 33 218 492 0.026434705 
723 822 232 570 0.024156325 
773 120 67 139 0.023349825 
144 979 170 330 0.0201599 
