9_Press_Conference_Press_Conference_9_930
38
348 55 235 607 0.99997354 
216 16 293 757 0.99385405 
132 122 239 663 0.52310073 
-35 81 253 768 0.3864298 
402 886 62 202 0.32552502 
506 1172 104 258 0.32305852 
19 404 222 634 0.2311026 
396 968 183 531 0.19988176 
449 450 235 714 0.15916686 
276 843 178 531 0.1065206 
400 883 95 378 0.09803478 
155 893 265 735 0.09015675 
232 353 316 768 0.090156734 
584 737 249 703 0.076092646 
716 -17 212 598 0.064067975 
365 810 180 516 0.05874174 
455 72 215 564 0.053832818 
423 797 239 556 0.04931264 
575 -13 257 673 0.04931264 
5 14 117 299 0.045153897 
8 875 212 607 0.045153886 
288 1002 206 616 0.04133061 
362 1309 65 198 0.039651494 
923 660 97 299 0.03781825 
909 144 61 164 0.033269096 
361 521 235 572 0.03163486 
628 409 225 693 0.03163486 
581 889 76 170 0.030461596 
57 160 155 452 0.028921604 
268 785 109 303 0.028921604 
148 1155 30 79 0.027884193 
661 882 253 653 0.02643471 
260 825 83 159 0.025519116 
493 179 239 735 0.024156325 
271 208 186 458 0.024156325 
865 683 29 73 0.023349825 
488 983 194 564 0.022069868 
342 1334 119 243 0.022069868 
