51_Dresses_wearingdress_51_670
24
377 99 146 358 0.9983083 
99 1297 140 300 0.21508123 
700 253 123 248 0.13594593 
438 462 239 601 0.115646794 
473 973 249 601 0.09803478 
208 824 235 696 0.08285364 
225 606 48 149 0.051466707 
-2 629 87 309 0.04931264 
760 325 138 358 0.045153897 
435 695 239 676 0.04133061 
230 447 261 738 0.03781825 
62 1167 218 526 0.03781825 
782 409 78 213 0.036325652 
334 145 83 213 0.036325645 
619 189 253 496 0.034593593 
743 174 235 619 0.03163486 
361 154 99 261 0.030461604 
111 1302 89 173 0.030461596 
-7 182 116 409 0.026434705 
102 1357 57 139 0.025519116 
73 -30 222 637 0.024156325 
303 249 246 583 0.022069868 
768 698 103 214 0.022069868 
245 1094 126 409 0.022069868 
