51_Dresses_wearingdress_51_13
29
322 165 218 473 0.99731666 
518 899 239 590 0.5 
517 1218 83 162 0.16258557 
144 588 239 556 0.13594593 
613 475 239 446 0.13594593 
295 227 155 337 0.115646794 
383 537 225 532 0.09803478 
646 539 149 282 0.06984133 
241 794 257 480 0.064067975 
445 985 222 556 0.064067975 
29 930 228 573 0.053832814 
709 953 68 141 0.051466707 
481 1226 78 139 0.039651502 
438 1247 65 117 0.039651502 
73 1063 32 69 0.030461604 
701 907 63 125 0.030461604 
254 270 50 146 0.030461596 
625 520 33 58 0.027884193 
585 834 235 487 0.026434705 
443 1174 55 130 0.025519116 
126 869 246 502 0.024156325 
293 861 138 317 0.024156325 
633 502 75 109 0.023349825 
458 1139 61 146 0.023349825 
277 257 79 199 0.023349825 
709 974 112 251 0.022069868 
588 818 67 154 0.021360898 
612 506 58 90 0.021360898 
469 1120 117 308 0.0201599 
