51_Dresses_wearingdress_51_386
37
433 219 232 562 0.9999682 
848 621 124 321 0.9412582 
326 184 235 623 0.9412582 
307 327 119 321 0.864054 
58 918 178 554 0.65639776 
367 365 273 651 0.56891036 
292 368 80 198 0.56787485 
285 649 218 546 0.4085711 
98 132 78 178 0.30585766 
536 228 203 515 0.2311026 
-8 729 106 377 0.2311026 
745 16 269 605 0.2311026 
372 656 228 605 0.19988178 
-2 744 215 588 0.19988176 
692 387 146 424 0.18550259 
535 770 225 596 0.18550259 
517 431 335 733 0.17193554 
719 310 269 681 0.15916686 
74 598 82 191 0.15056497 
735 604 203 485 0.14717786 
133 793 257 554 0.1254451 
439 536 257 661 0.115646794 
-39 507 242 596 0.1065206 
123 393 285 691 0.09803478 
255 347 107 325 0.06984133 
38 465 134 330 0.064067975 
616 718 235 562 0.064067975 
-8 243 128 366 0.045153897 
69 565 149 325 0.03781825 
192 270 194 492 0.034593605 
24 1033 136 372 0.03163486 
-86 119 235 538 0.028921604 
124 880 144 406 0.026434705 
27 -8 197 500 0.024156325 
0 1101 90 294 0.024156325 
-4 599 149 356 0.022069868 
454 898 222 500 0.022069868 
