51_Dresses_wearingdress_51_492
46
386 83 197 501 0.98934454 
273 101 98 270 0.864054 
847 563 188 548 0.8408331 
618 556 212 654 0.30317584 
32 426 186 573 0.18550259 
51 463 111 331 0.18550259 
55 495 65 154 0.1753677 
744 348 64 154 0.16258557 
375 510 60 176 0.16258557 
873 705 13 40 0.13944872 
331 150 134 362 0.1254451 
749 954 232 673 0.1065206 
723 328 206 548 0.09803478 
614 287 28 74 0.09308393 
820 556 62 136 0.06655857 
-7 949 109 494 0.064067975 
232 732 121 341 0.05874174 
12 719 215 532 0.05874174 
513 610 114 368 0.058741733 
847 833 57 182 0.056098126 
809 451 78 209 0.051466707 
498 549 206 540 0.04931264 
376 386 235 480 0.04931264 
870 690 24 65 0.047198545 
474 155 134 357 0.045153897 
767 609 188 564 0.045153886 
769 134 209 590 0.04133061 
953 496 28 78 0.039651502 
950 471 61 176 0.036325645 
516 677 73 199 0.033269096 
321 706 228 590 0.03163486 
33 449 57 185 0.030461604 
909 634 15 39 0.027838783 
827 543 130 384 0.026434705 
413 984 140 341 0.024156325 
59 810 130 331 0.024156325 
627 130 206 607 0.024156325 
917 550 16 42 0.02351288 
865 657 51 127 0.023349825 
392 949 239 556 0.022069868 
334 427 94 290 0.022069868 
879 661 28 69 0.021360904 
31 841 65 176 0.021360904 
803 397 68 173 0.021360898 
179 690 68 209 0.021360898 
31 372 93 327 0.0201599 
