51_Dresses_wearingdress_51_599
62
224 49 111 271 0.9911277 
714 23 97 244 0.9621817 
190 1017 242 749 0.9412582 
837 1 80 140 0.9275556 
98 844 253 728 0.8745549 
619 781 218 666 0.8144974 
476 314 183 696 0.73441863 
267 892 180 583 0.59142894 
472 907 144 496 0.56891036 
765 1087 212 696 0.56891036 
-13 257 194 676 0.5461031 
391 1050 239 749 0.3647484 
-52 1145 225 686 0.3647484 
431 703 79 264 0.34582692 
325 1022 197 628 0.3436022 
39 1075 225 666 0.24794045 
447 622 225 728 0.15916684 
492 543 130 364 0.14717786 
652 50 239 566 0.13594593 
19 354 257 795 0.1065206 
385 434 183 601 0.1065206 
523 645 273 637 0.09803478 
152 49 281 647 0.09803478 
488 22 98 364 0.09015675 
-1 851 225 647 0.09015675 
421 107 228 637 0.076092646 
766 771 261 738 0.076092646 
453 9 85 374 0.064067975 
972 665 54 278 0.056098126 
158 112 33 82 0.056098126 
-1 1293 142 386 0.053832818 
444 587 101 364 0.04931264 
449 301 121 481 0.04931264 
505 1037 92 303 0.04326818 
695 295 160 343 0.04133061 
282 1122 53 145 0.039651502 
900 415 60 158 0.039651494 
178 223 8 21 0.038923774 
782 1256 140 415 0.03781825 
554 1020 212 738 0.03781825 
127 146 59 140 0.036325645 
508 1058 151 503 0.03163486 
817 -32 114 279 0.03163486 
431 496 88 242 0.030461604 
144 109 58 133 0.030461604 
927 339 23 69 0.030461596 
80 1275 140 391 0.028921604 
239 121 121 314 0.028921604 
819 22 65 184 0.027884185 
832 590 197 647 0.02643471 
676 926 222 728 0.026434705 
518 1 144 434 0.026434705 
184 67 91 211 0.025519116 
270 317 188 542 0.024156325 
905 347 51 143 0.023349825 
504 308 76 287 0.023349825 
871 17 54 82 0.023349825 
394 16 112 374 0.022069868 
-47 -119 222 686 0.022069868 
287 1152 65 191 0.021360904 
786 -7 60 138 0.021360893 
75 167 261 676 0.020159906 
