51_Dresses_wearingdress_51_1031
80
469 77 116 348 0.98598576 
47 585 200 772 0.96836513 
35 4 200 807 0.9621817 
856 543 194 772 0.93593204 
33 932 191 728 0.7688974 
275 1064 200 795 0.7520595 
712 745 200 728 0.7520595 
74 1319 232 935 0.59142894 
-29 1300 186 738 0.56891036 
807 269 203 831 0.5461031 
347 1302 206 819 0.4085711 
15 241 138 574 0.32305852 
470 1116 232 819 0.2840034 
108 144 191 749 0.2840034 
775 -8 194 772 0.26558137 
2 1178 132 488 0.24794048 
664 443 132 434 0.19988178 
772 872 239 992 0.18550259 
709 1151 257 977 0.18550259 
88 346 136 665 0.18550259 
504 1283 293 977 0.17193556 
198 898 68 230 0.16258557 
645 328 222 749 0.15916686 
204 1217 228 868 0.15916686 
425 1516 123 541 0.15916686 
207 211 194 749 0.15916684 
142 591 194 676 0.15916684 
166 760 119 421 0.15916684 
699 1038 18 65 0.15017675 
784 343 63 184 0.13928533 
-9 728 178 749 0.13594593 
669 452 71 242 0.12872262 
747 -64 101 421 0.1065206 
779 618 203 772 0.1065206 
788 335 142 488 0.09015675 
844 1164 132 510 0.06984133 
406 -7 188 656 0.06984133 
228 946 78 238 0.06655858 
261 118 121 526 0.064067975 
-6 -40 167 656 0.064067975 
589 1031 222 795 0.05874174 
426 1335 215 856 0.05874174 
798 912 124 696 0.053832814 
778 1545 149 488 0.04931264 
285 1015 138 526 0.04931264 
2 1481 88 347 0.047198545 
62 1433 149 574 0.04133062 
300 1142 85 297 0.039651502 
432 470 218 772 0.03781825 
189 121 149 591 0.03781825 
400 1025 26 107 0.036325652 
446 111 85 242 0.036325645 
704 1022 17 63 0.035808332 
151 913 215 868 0.034593593 
738 425 140 447 0.034593593 
619 1377 225 717 0.034593593 
827 1603 78 308 0.033269096 
775 0 12 32 0.03293372 
267 1103 17 59 0.032933712 
291 359 130 428 0.03163486 
425 798 34 121 0.030461604 
397 989 51 194 0.030461596 
828 1 12 30 0.030282615 
261 1076 32 105 0.027884193 
410 721 63 208 0.027884185 
769 378 8 29 0.027838783 
348 229 209 628 0.02643471 
674 934 153 609 0.026434705 
117 1495 144 583 0.026434705 
432 784 51 172 0.025519116 
189 1105 80 313 0.025519116 
554 1591 136 488 0.024156325 
690 1066 15 49 0.02351288 
897 301 21 62 0.02351288 
516 1033 55 191 0.023349825 
728 -131 170 656 0.022069868 
810 1455 200 761 0.022069868 
302 1146 6 22 0.021603195 
-11 1581 121 440 0.020159906 
365 1492 128 518 0.0201599 
