51_Dresses_wearingdress_51_692
55
701 100 101 195 0.9961204 
182 286 100 195 0.99261475 
588 141 235 564 0.78491884 
576 825 78 188 0.6332934 
3 46 97 273 0.4085711 
880 364 194 487 0.3436022 
655 570 191 494 0.3436022 
314 702 197 556 0.28400344 
659 1106 79 138 0.21842523 
610 954 218 479 0.2150812 
746 1093 74 173 0.2032784 
363 200 32 64 0.2032784 
501 827 186 445 0.19988178 
819 9 215 532 0.18550259 
459 149 257 673 0.17193556 
554 883 109 282 0.17193554 
801 686 228 598 0.17193554 
642 394 228 459 0.15916686 
740 518 225 539 0.15916686 
19 341 109 156 0.13928533 
581 721 117 269 0.13594593 
680 118 62 136 0.118850335 
-44 777 277 616 0.115646794 
942 692 78 239 0.115646794 
614 643 123 303 0.09803478 
-13 29 200 459 0.09803478 
386 515 209 556 0.09803478 
441 388 183 494 0.09015675 
253 12 82 98 0.08567618 
-14 625 222 479 0.08285364 
199 297 209 420 0.076092646 
599 802 106 322 0.05874174 
954 233 68 205 0.051466707 
-37 258 235 362 0.04931264 
564 620 203 516 0.04931264 
717 994 124 317 0.04931264 
887 834 128 346 0.045153897 
920 772 65 143 0.04326818 
644 1015 116 286 0.04133062 
366 617 134 367 0.04133061 
419 1097 94 151 0.039651502 
550 491 65 167 0.036325652 
149 378 13 30 0.032933712 
347 428 191 465 0.03163486 
889 376 121 308 0.028921604 
458 17 218 501 0.028921604 
739 311 200 452 0.028921604 
22 458 225 494 0.028921604 
72 696 228 516 0.028921604 
505 454 200 501 0.028921604 
762 1141 45 85 0.027884193 
418 721 209 516 0.02643471 
836 875 126 308 0.026434705 
147 340 53 121 0.023349825 
7 644 93 317 0.0201599 
