51_Dresses_wearingdress_51_1012
62
523 149 91 186 0.9786391 
6 530 33 82 0.73138905 
887 112 65 159 0.6541731 
675 482 109 313 0.52310073 
87 494 27 72 0.47725022 
169 452 27 62 0.4099317 
43 505 27 72 0.32552502 
734 24 186 524 0.32305852 
126 470 26 66 0.21842524 
820 161 78 213 0.12872262 
398 138 281 664 0.1065206 
80 68 98 282 0.1065206 
119 492 33 84 0.10106142 
734 995 242 684 0.09803478 
58 1070 257 684 0.076092646 
604 27 27 72 0.06111947 
300 559 33 78 0.056098126 
235 417 29 66 0.051466707 
156 1076 232 509 0.04931264 
803 132 134 322 0.04931264 
93 10 58 162 0.047198545 
379 -4 124 379 0.045153886 
806 96 70 182 0.04326818 
8 872 33 86 0.04326818 
556 488 191 573 0.04133061 
244 7 64 182 0.039651502 
109 733 58 141 0.039651502 
10 62 59 209 0.039651502 
137 469 18 51 0.038923774 
-5 67 94 352 0.03781825 
477 374 194 556 0.03781825 
530 1305 104 299 0.03781825 
36 496 44 119 0.036325652 
51 403 31 79 0.036325645 
405 27 50 141 0.033269096 
286 539 61 123 0.033269096 
852 106 78 192 0.033269096 
259 447 17 47 0.032933712 
720 87 121 362 0.03163486 
88 704 57 139 0.030461596 
196 708 50 127 0.030461596 
200 448 62 151 0.030461596 
306 26 106 304 0.028921604 
353 436 232 704 0.028921604 
259 354 232 654 0.026434705 
547 -11 54 127 0.025519116 
921 879 80 121 0.025519116 
93 475 39 111 0.025519116 
182 446 20 52 0.02351288 
160 435 43 104 0.023349825 
108 1138 31 84 0.023349825 
245 433 25 63 0.023349825 
12 701 53 162 0.023349825 
784 107 58 176 0.023349825 
684 466 70 209 0.023349825 
819 29 225 509 0.022069868 
118 437 47 109 0.021360904 
23 477 40 111 0.021360893 
175 197 215 556 0.020159906 
49 -6 188 540 0.020159906 
189 464 117 262 0.0201599 
446 1303 109 290 0.0201599 
