51_Dresses_wearingdress_51_183
54
880 125 106 136 0.99957687 
282 81 114 151 0.9992632 
73 196 106 163 0.998934 
466 79 87 116 0.99814475 
620 59 94 123 0.99814475 
995 57 7 10 0.35282937 
38 340 28 33 0.268611 
594 171 235 277 0.19988178 
768 198 74 97 0.188928 
16 337 62 71 0.12872264 
199 255 215 235 0.115646794 
462 369 246 307 0.115646794 
343 420 215 281 0.115646794 
393 232 228 277 0.115646794 
975 2 13 13 0.09507551 
941 19 13 18 0.08117401 
591 434 261 298 0.06984133 
495 156 239 273 0.064067975 
208 407 11 15 0.06377564 
763 145 12 15 0.06377564 
848 336 55 74 0.051466707 
921 34 6 9 0.04990379 
570 283 249 307 0.04931264 
928 52 7 9 0.04595155 
926 12 8 10 0.04595155 
995 438 28 58 0.04326818 
936 298 85 88 0.04326818 
403 202 51 71 0.04326818 
968 56 7 8 0.04229837 
407 116 239 281 0.04133061 
944 11 17 21 0.038923774 
976 67 8 10 0.038923774 
187 416 18 22 0.038923774 
-23 378 246 232 0.034593593 
733 284 253 277 0.034593593 
118 5 235 326 0.034593593 
968 41 8 10 0.032933712 
227 29 186 257 0.03163486 
15 365 73 92 0.030461596 
916 60 7 10 0.030282615 
854 364 31 43 0.027884185 
949 4 15 18 0.027838783 
727 1 20 21 0.027838783 
924 15 11 15 0.027838778 
700 191 126 134 0.026434705 
776 454 242 261 0.026434705 
399 212 32 48 0.025519116 
756 144 23 24 0.025519116 
915 65 7 11 0.02351288 
954 23 6 7 0.021603195 
964 23 7 9 0.021603195 
977 19 7 8 0.021603195 
971 64 8 11 0.021603195 
997 633 7 9 0.021603195 
