51_Dresses_wearingdress_51_306
66
437 136 75 159 0.9990996 
226 384 203 614 0.45389688 
518 6 285 671 0.24794048 
389 1002 47 143 0.1753677 
387 992 87 246 0.14717786 
864 342 32 78 0.10106142 
578 46 7 16 0.0691498 
279 43 302 605 0.064067975 
547 825 28 74 0.06111947 
933 1279 15 40 0.054176662 
600 1053 6 17 0.04990379 
287 496 132 366 0.04931264 
103 939 33 68 0.047198545 
299 1068 58 153 0.047198545 
85 163 67 161 0.04326818 
245 559 123 326 0.04133061 
169 609 54 132 0.036325652 
815 848 24 58 0.036325652 
679 561 31 76 0.036325652 
927 1245 17 44 0.035808332 
7 229 5 14 0.035808332 
112 40 209 507 0.034593605 
104 187 107 261 0.034593593 
725 770 27 71 0.033269096 
28 222 5 13 0.032933712 
549 347 89 115 0.030461596 
805 949 5 14 0.030282615 
619 1046 6 15 0.030282615 
922 537 5 13 0.030282615 
819 876 15 37 0.030282615 
520 -5 54 117 0.027884193 
392 165 24 57 0.027884193 
38 1209 6 15 0.027838783 
956 19 6 13 0.027838783 
823 900 6 16 0.027838778 
763 913 5 12 0.027838778 
540 996 8 19 0.027838778 
420 870 114 289 0.026434705 
857 1100 6 18 0.02558696 
349 176 17 39 0.02558696 
7 200 6 14 0.02558696 
4 230 5 12 0.02558696 
946 1242 8 19 0.02558696 
339 291 79 129 0.025519116 
102 377 56 146 0.025519116 
224 3 53 121 0.025519116 
866 27 52 159 0.025519116 
469 829 62 129 0.025519116 
955 1313 5 14 0.02351288 
363 1201 7 18 0.02351288 
925 954 6 13 0.02351288 
0 217 5 14 0.02351288 
840 814 5 13 0.02351288 
2 210 5 13 0.02351288 
919 1284 29 69 0.023349825 
459 151 209 438 0.022069868 
865 362 19 41 0.021603195 
958 1233 5 14 0.021603195 
778 889 6 16 0.021603195 
36 173 5 13 0.021603195 
893 295 6 15 0.021603195 
2 186 6 15 0.021603195 
7 191 6 15 0.021603195 
84 177 16 40 0.021603195 
428 1024 69 170 0.021360898 
673 530 51 123 0.021360898 
