51_Dresses_wearingdress_51_739
93
452 68 109 249 0.9957462 
728 193 63 131 0.99204755 
269 279 30 75 0.82463235 
-71 987 273 766 0.73441863 
258 16 200 507 0.6769414 
580 286 41 100 0.5 
911 263 25 64 0.5 
659 426 289 722 0.32305852 
258 165 21 49 0.31433135 
38 251 46 127 0.268611 
632 42 119 377 0.24794048 
24 -17 149 394 0.2311026 
0 345 30 100 0.1753677 
827 14 209 605 0.17193554 
64 287 124 388 0.17193554 
30 296 50 131 0.13928533 
289 111 119 330 0.13594593 
31 460 23 67 0.12872264 
501 1084 209 651 0.1254451 
163 -25 222 596 0.1254451 
230 274 23 61 0.09308393 
666 653 103 361 0.09015675 
51 227 58 156 0.06655858 
-40 867 197 570 0.064067975 
699 83 103 273 0.064067975 
3 451 23 72 0.06111947 
680 549 170 424 0.05874174 
25 920 222 632 0.05874174 
9 887 79 251 0.056098126 
688 734 54 205 0.056098126 
882 1339 30 85 0.051466707 
670 147 60 170 0.051466707 
940 296 8 25 0.04990379 
772 845 111 394 0.04931264 
225 838 107 325 0.04931264 
14 316 46 121 0.047198545 
989 470 8 25 0.04595155 
223 238 14 38 0.04595155 
617 550 170 554 0.045153897 
638 241 30 83 0.04326818 
858 160 134 340 0.04133061 
639 195 55 145 0.039651502 
789 1163 33 89 0.039651494 
138 266 63 185 0.036325652 
511 116 69 179 0.036325652 
169 290 28 86 0.036325652 
989 292 15 44 0.035808332 
40 173 128 345 0.034593605 
548 1075 123 443 0.034593593 
691 863 212 623 0.034593593 
40 354 36 89 0.033269096 
216 230 15 48 0.03293372 
293 120 71 176 0.030461604 
977 287 22 59 0.030461604 
132 55 63 164 0.030461596 
995 293 16 50 0.030282615 
1003 257 19 59 0.030282615 
142 1005 111 330 0.028921604 
590 996 228 661 0.028921604 
222 225 24 62 0.027884193 
778 1131 57 148 0.027884185 
0 627 7 27 0.027838778 
23 884 121 355 0.026434705 
867 240 24 58 0.025519116 
663 190 31 92 0.025519116 
169 96 28 82 0.025519116 
901 736 39 92 0.025519116 
34 404 44 127 0.025519116 
217 207 23 60 0.025519116 
644 712 200 596 0.024156325 
133 827 203 587 0.024156325 
272 1033 235 623 0.024156325 
450 978 200 579 0.024156325 
788 590 191 538 0.024156325 
344 165 253 579 0.024156325 
768 903 75 239 0.023349825 
691 183 31 91 0.023349825 
54 416 30 83 0.023349825 
570 128 59 164 0.023349825 
229 67 136 377 0.022069868 
570 68 273 579 0.022069868 
98 -18 186 554 0.022069868 
668 267 209 605 0.022069868 
51 695 9 25 0.021603195 
880 275 26 69 0.021360904 
-5 377 37 134 0.021360904 
171 718 58 164 0.021360898 
50 382 32 83 0.021360898 
841 868 73 208 0.021360898 
221 289 25 64 0.021360898 
63 261 74 185 0.021360898 
875 271 67 173 0.021360893 
900 250 43 109 0.021360893 
