51_Dresses_wearingdress_51_1035
89
178 233 107 132 0.99911374 
580 279 86 97 0.99870443 
410 47 82 115 0.99614596 
854 181 85 99 0.9953797 
735 28 17 23 0.99225557 
288 55 15 19 0.87062967 
602 35 14 24 0.86055124 
266 187 51 68 0.82463235 
517 -2 24 24 0.5432222 
704 420 228 288 0.5 
586 60 194 284 0.47689918 
716 -27 203 293 0.3864298 
701 14 21 26 0.32552502 
18 -14 225 268 0.28400344 
260 96 19 24 0.27822798 
482 -60 194 280 0.26558137 
977 2 35 37 0.13928533 
675 1 18 22 0.1293704 
665 31 20 22 0.11991897 
764 452 68 79 0.118850335 
645 35 14 22 0.111069925 
348 129 200 284 0.09803478 
16 260 107 140 0.09015675 
296 243 225 293 0.09015675 
332 48 16 19 0.08787667 
571 596 34 44 0.07244435 
46 283 63 86 0.06655857 
609 34 16 23 0.06377564 
326 122 23 43 0.06111947 
163 515 112 136 0.05874174 
183 -20 197 235 0.05874174 
654 638 33 30 0.056098126 
998 232 25 56 0.056098126 
82 323 18 26 0.054176662 
657 49 15 22 0.054176662 
759 20 121 174 0.053832814 
7 22 97 115 0.053832814 
515 389 71 119 0.051466707 
227 139 29 42 0.051466707 
619 37 13 21 0.04990379 
627 62 25 32 0.047198545 
266 10 119 148 0.045153897 
253 491 32 39 0.04326818 
589 39 14 21 0.04229837 
755 392 123 177 0.04133062 
819 446 200 264 0.04133061 
633 38 20 26 0.039651494 
994 55 9 11 0.038923774 
983 0 17 17 0.038923774 
70 32 128 155 0.03781825 
518 1 32 32 0.036325652 
991 0 10 10 0.035808332 
99 469 194 221 0.034593605 
35 116 186 235 0.034593593 
320 105 45 71 0.033269096 
1 48 28 39 0.033269096 
596 37 14 22 0.032933712 
561 55 136 218 0.03163486 
122 104 76 72 0.030461604 
661 40 17 23 0.030282615 
486 361 175 253 0.028921604 
385 189 111 199 0.028921604 
205 195 56 56 0.027884193 
0 34 48 63 0.027884193 
475 36 43 60 0.027884185 
537 43 17 26 0.027838783 
325 48 15 18 0.027838783 
290 53 11 12 0.027838783 
529 30 23 31 0.025519116 
645 446 183 245 0.024156325 
595 250 222 301 0.024156325 
562 49 18 22 0.02351288 
386 83 26 43 0.023349825 
290 201 37 45 0.023349825 
254 501 59 69 0.023349825 
257 202 36 47 0.023349825 
777 333 257 249 0.022069868 
980 5 16 21 0.021603195 
297 59 14 19 0.021603195 
907 165 35 33 0.021360904 
786 458 78 84 0.021360904 
224 200 61 60 0.021360904 
602 40 23 31 0.021360904 
85 34 83 89 0.021360898 
962 192 61 83 0.021360898 
652 33 19 25 0.021360898 
142 148 25 37 0.021360898 
835 532 33 29 0.021360898 
237 151 87 106 0.0201599 
