51_Dresses_wearingdress_51_549
130
605 37 69 109 0.9997701 
868 39 75 120 0.9997701 
349 47 65 101 0.9997482 
96 28 68 103 0.9996376 
273 371 186 320 0.9098432 
142 465 7 11 0.3933377 
782 575 235 366 0.2840034 
243 368 132 260 0.13594593 
196 475 7 11 0.1293704 
180 375 6 10 0.11991897 
136 453 6 10 0.102797605 
148 425 7 10 0.08117401 
146 504 6 10 0.08117401 
123 435 6 10 0.074940585 
118 477 7 10 0.074940585 
201 434 7 11 0.07494057 
21 262 61 96 0.07244435 
753 234 215 360 0.06984133 
184 502 7 11 0.0691498 
573 206 12 24 0.06377564 
120 498 6 10 0.06377564 
134 511 6 9 0.06377564 
152 212 6 10 0.06377564 
824 529 55 78 0.06111947 
132 481 5 9 0.05879275 
47 474 5 9 0.05879275 
180 426 7 11 0.05879275 
147 487 7 11 0.05879275 
192 514 7 11 0.05879275 
161 371 6 10 0.05879275 
214 197 253 394 0.05874174 
218 513 6 10 0.054176662 
199 487 7 11 0.04990379 
1014 224 8 15 0.04990379 
174 499 6 9 0.049903784 
115 465 6 10 0.049903784 
163 230 7 11 0.049903784 
180 647 5 8 0.04595155 
149 585 6 10 0.04595155 
127 466 5 8 0.04595155 
583 422 200 325 0.045153897 
954 226 64 131 0.04326818 
69 620 6 10 0.04229837 
145 219 4 7 0.04229837 
182 489 7 12 0.04229837 
183 496 7 11 0.04229837 
897 706 121 215 0.04133061 
686 323 191 345 0.04133061 
329 414 228 412 0.04133061 
187 387 6 9 0.038923774 
106 530 6 10 0.038923774 
136 626 5 9 0.038923774 
150 613 6 9 0.038923774 
562 202 32 49 0.036325645 
103 643 6 11 0.035808332 
162 732 6 9 0.03293372 
137 584 6 10 0.03293372 
123 177 5 8 0.03293372 
156 476 7 11 0.032933712 
100 504 6 9 0.032933712 
175 502 7 11 0.032933712 
108 571 6 9 0.032933712 
215 519 7 11 0.032933712 
106 410 6 9 0.032933712 
429 483 222 394 0.03163486 
120 199 6 9 0.030282615 
94 652 5 8 0.030282615 
212 524 6 10 0.030282615 
85 682 6 9 0.030282615 
132 499 5 8 0.030282615 
153 631 5 8 0.030282615 
148 483 6 10 0.030282615 
129 177 111 206 0.028921604 
514 460 31 44 0.027884193 
208 503 6 11 0.027838783 
126 451 6 10 0.027838783 
140 630 6 9 0.027838783 
153 538 6 9 0.027838778 
146 496 8 13 0.027838778 
163 509 7 10 0.027838778 
142 362 7 11 0.027838778 
216 28 242 355 0.026434705 
620 338 183 253 0.026434705 
210 374 5 9 0.02558696 
116 531 6 10 0.02558696 
139 406 6 10 0.02558696 
54 672 6 11 0.02558696 
105 198 5 10 0.02558696 
151 226 5 10 0.02558696 
137 456 7 11 0.02558696 
55 435 5 8 0.02558696 
134 559 6 11 0.02558696 
211 453 6 10 0.02558696 
205 477 6 10 0.02558696 
113 446 6 10 0.02558696 
194 361 5 9 0.02558696 
185 687 6 9 0.02558696 
974 211 46 91 0.025519116 
269 516 228 406 0.024156325 
193 530 6 10 0.02351288 
113 485 6 10 0.02351288 
189 635 5 8 0.02351288 
148 687 4 8 0.02351288 
160 404 4 7 0.02351288 
64 694 4 7 0.02351288 
114 481 6 10 0.02351288 
103 480 7 11 0.02351288 
162 374 7 11 0.02351288 
147 674 5 8 0.02351288 
497 396 73 122 0.023349825 
555 194 24 38 0.023349825 
156 484 6 10 0.021603195 
118 492 6 10 0.021603195 
547 197 16 29 0.021603195 
152 436 6 10 0.021603195 
117 519 6 9 0.021603195 
176 670 7 11 0.021603195 
131 478 5 9 0.021603195 
137 423 6 10 0.021603195 
163 418 6 9 0.021603195 
190 410 6 10 0.021603195 
94 448 6 10 0.021603195 
60 552 5 9 0.021603195 
167 399 5 8 0.021603195 
89 197 5 9 0.021603195 
171 641 6 10 0.021603195 
200 376 6 10 0.021603195 
148 639 5 8 0.021603195 
128 481 5 10 0.021603195 
611 260 97 134 0.0201599 
