51_Dresses_wearingdress_51_815
36
290 78 191 500 0.9883244 
-58 694 261 682 0.6352516 
715 46 261 692 0.6135702 
555 509 180 563 0.59142894 
695 645 215 662 0.36474833 
618 111 206 571 0.32305852 
419 1005 249 734 0.26558137 
532 453 54 134 0.23436876 
219 1019 242 692 0.19988178 
659 85 53 164 0.15056497 
172 883 191 539 0.13594593 
366 140 146 372 0.09803478 
54 728 232 563 0.09803478 
211 58 197 571 0.064067975 
524 370 71 192 0.06111947 
537 735 222 713 0.05874174 
630 32 124 321 0.058741733 
126 1382 74 176 0.051466707 
176 947 112 312 0.04931264 
715 1364 46 167 0.047198545 
-10 292 242 634 0.045153897 
607 551 242 624 0.03781825 
192 1019 67 167 0.036325652 
672 40 75 205 0.033269096 
940 1122 85 265 0.033269096 
831 146 165 464 0.03163486 
556 48 117 290 0.026434705 
666 112 35 97 0.025519116 
759 605 61 143 0.025519116 
573 680 78 188 0.025519116 
660 896 269 702 0.022069868 
170 984 62 161 0.021360898 
144 1394 28 78 0.021360893 
619 480 130 389 0.0201599 
557 250 104 261 0.0201599 
607 1107 200 508 0.0201599 
