51_Dresses_wearingdress_51_348
20
493 84 98 233 0.97107834 
396 681 209 636 0.30317584 
374 219 222 748 0.2150812 
527 324 212 675 0.18550259 
500 638 225 726 0.18550259 
372 703 51 153 0.16258557 
463 133 206 636 0.09015675 
637 440 246 716 0.09015675 
779 517 121 433 0.04133061 
651 128 218 685 0.04133061 
454 7 165 488 0.03163486 
561 831 134 480 0.03163486 
794 579 53 201 0.030461596 
268 130 197 600 0.028921604 
550 815 225 805 0.028921604 
897 864 36 97 0.027884193 
772 1091 30 90 0.023349825 
403 894 235 782 0.022069868 
77 50 218 591 0.022069868 
-6 496 100 402 0.0201599 
