13_Interview_Interview_Sequences_13_37
30
796 194 60 69 0.9993674 
495 173 66 78 0.99919707 
256 183 72 104 0.98271894 
287 104 23 27 0.1546344 
605 114 27 33 0.07351851 
358 131 33 37 0.06325586 
557 142 44 56 0.056203704 
68 482 428 489 0.051994886 
577 142 42 53 0.05189687 
224 107 12 15 0.043959953 
181 525 140 127 0.043760605 
54 353 95 114 0.041571293 
785 501 46 42 0.039328456 
554 122 33 47 0.039159305 
767 225 27 37 0.036914762 
563 159 48 60 0.03409146 
694 135 43 49 0.03329447 
255 122 49 66 0.031518195 
591 127 44 54 0.030543003 
752 473 28 47 0.026943475 
276 122 30 42 0.026714737 
545 122 27 41 0.026700774 
693 144 16 19 0.026261145 
60 337 65 87 0.025446855 
691 140 27 30 0.024761459 
499 -24 338 457 0.022114212 
841 499 61 61 0.022072956 
759 212 45 59 0.021905044 
530 113 26 32 0.02176659 
309 123 12 15 0.021184623 
