13_Interview_Interview_On_Location_13_426
23
306 291 89 114 0.9947977 
130 42 403 533 0.1302797 
273 316 342 449 0.12356777 
277 287 14 17 0.08248221 
456 297 13 19 0.08037477 
118 282 197 249 0.05439412 
407 388 214 293 0.054070745 
975 383 9 13 0.050965168 
861 408 9 10 0.046294678 
52 282 14 17 0.04026256 
-10 109 352 500 0.03620344 
212 380 100 128 0.033703595 
474 508 65 64 0.028778974 
58 295 26 28 0.02812026 
937 424 8 11 0.027639298 
274 325 16 20 0.025010621 
215 408 63 80 0.024562528 
377 270 17 19 0.023989517 
51 280 26 31 0.02373188 
429 468 134 137 0.022928817 
25 84 233 321 0.02213199 
5 495 30 41 0.021051286 
390 292 31 44 0.021039473 
