13_Interview_Interview_2_People_Visible_13_254
32
369 128 98 164 0.99925226 
446 27 99 138 0.9992281 
729 219 50 69 0.9990872 
623 4 73 72 0.4146705 
403 86 102 167 0.24629585 
229 126 42 57 0.12571594 
727 162 12 17 0.08629171 
782 161 24 37 0.07118135 
650 101 16 20 0.05236022 
217 14 35 46 0.042986516 
539 165 53 62 0.038396657 
517 227 43 58 0.03663465 
658 106 17 22 0.034779385 
208 24 54 73 0.033747856 
574 -1 42 35 0.032576937 
700 152 12 16 0.03214043 
198 100 87 104 0.029952155 
680 116 23 30 0.028683743 
695 150 13 16 0.027723972 
603 126 43 56 0.026179459 
529 135 47 65 0.025595829 
769 -4 42 38 0.024116816 
682 155 10 13 0.023931932 
184 39 86 136 0.023483843 
516 117 38 49 0.02218427 
756 164 10 13 0.022082098 
576 142 48 54 0.021335945 
765 182 9 12 0.021255082 
652 91 15 18 0.021019155 
430 170 93 118 0.021013226 
649 113 24 30 0.02072649 
199 212 111 112 0.020090487 
