13_Interview_Interview_On_Location_13_394
18
697 148 81 118 0.9987643 
602 230 80 101 0.9926345 
266 102 86 122 0.20396319 
502 559 9 12 0.17415744 
473 559 9 12 0.117458224 
214 86 102 134 0.0841716 
414 434 29 35 0.06957717 
378 363 92 121 0.060036093 
170 104 93 111 0.04036978 
218 331 100 144 0.037743744 
187 115 55 74 0.036798898 
388 403 54 72 0.03574642 
634 218 61 83 0.03103043 
670 194 31 49 0.028737526 
168 88 174 231 0.028176468 
160 117 53 69 0.026579117 
649 177 87 122 0.023610795 
475 562 11 14 0.023256788 
