13_Interview_Interview_On_Location_13_791
21
380 397 404 426 0.9998878 
585 981 399 460 0.130233 
357 109 34 38 0.08580293 
287 180 216 270 0.05597903 
673 163 173 194 0.052911025 
637 1026 239 297 0.05226979 
372 106 34 43 0.049104176 
179 330 464 395 0.045851626 
392 103 30 41 0.045598146 
494 1238 22 29 0.040850833 
570 394 348 479 0.036460076 
256 680 70 68 0.03165795 
43 441 374 425 0.029271165 
364 1351 26 32 0.027300391 
82 937 418 427 0.025604043 
236 675 431 532 0.024316927 
283 -16 498 385 0.02142941 
16 -58 356 494 0.0214294 
210 115 353 415 0.021069774 
292 487 152 193 0.020970937 
155 598 135 152 0.020744836 
