13_Interview_Interview_On_Location_13_129
24
403 -1 191 245 0.99977976 
302 36 10 11 0.20649412 
709 464 19 23 0.1518711 
602 498 23 26 0.106122985 
258 43 13 16 0.0919034 
663 530 13 15 0.059676178 
588 544 17 21 0.057900254 
656 468 23 28 0.04719284 
115 146 32 37 0.044225063 
799 1 36 33 0.036190424 
3 341 14 22 0.03131821 
786 256 29 36 0.030198067 
652 557 17 18 0.03003399 
591 533 24 30 0.027310569 
315 79 16 20 0.025576202 
655 463 18 22 0.025539547 
141 60 13 16 0.024950592 
811 243 15 18 0.02381123 
610 494 15 18 0.022653298 
809 -3 53 43 0.022632523 
674 482 14 17 0.022013605 
826 4 20 17 0.021705007 
316 3 31 32 0.021198127 
295 31 11 14 0.020996492 
