13_Interview_Interview_Sequences_13_1032
21
385 137 216 285 0.9999151 
140 561 11 15 0.3720951 
768 1197 115 142 0.091436476 
286 1371 98 102 0.08263204 
949 549 10 12 0.05840536 
2 847 64 79 0.039859828 
0 524 21 36 0.038329672 
792 493 25 30 0.0362791 
136 557 18 24 0.032174464 
688 1132 192 213 0.031739134 
123 555 11 14 0.029408019 
946 544 8 10 0.02825167 
743 641 29 38 0.025564048 
202 813 31 35 0.024325944 
215 847 23 30 0.024167044 
949 555 11 14 0.023841197 
234 1050 417 491 0.022859583 
278 699 368 496 0.02273974 
788 487 21 27 0.021916881 
888 752 25 32 0.020620726 
-90 -68 505 474 0.020088926 
