56_Voter_peoplevoting_56_228
53
795 328 28 35 0.9981504 
115 74 41 70 0.99723095 
921 326 25 32 0.996114 
466 403 24 39 0.9942233 
550 277 42 44 0.9914164 
601 304 43 53 0.9861166 
634 243 45 55 0.97282106 
12 213 39 47 0.9606109 
28 210 35 44 0.30881953 
1006 509 8 12 0.1330149 
877 360 22 34 0.115678385 
336 335 26 33 0.096574776 
967 471 9 12 0.087842196 
911 397 27 31 0.0771085 
263 315 14 17 0.07211693 
494 594 15 19 0.066673435 
988 506 10 12 0.05791975 
485 300 24 40 0.05744957 
683 296 37 40 0.051365986 
523 282 52 64 0.04352319 
887 360 21 33 0.04256957 
487 306 13 21 0.04046474 
80 215 10 12 0.038820267 
991 484 10 14 0.03611385 
488 284 13 17 0.034440458 
857 362 22 32 0.033557013 
794 292 16 19 0.033460606 
511 259 12 15 0.030580578 
998 485 10 13 0.028987586 
-1 264 20 39 0.028746167 
254 326 13 16 0.028336922 
142 -3 45 47 0.026148308 
452 394 32 40 0.026143476 
337 330 17 21 0.02579986 
630 301 30 39 0.024379056 
847 365 22 31 0.02432813 
485 288 21 31 0.02424968 
540 566 12 13 0.024202092 
503 269 11 14 0.0241506 
658 270 49 61 0.023837922 
79 219 13 17 0.02253681 
780 321 15 20 0.022465901 
999 490 12 14 0.022375219 
974 478 12 14 0.02211254 
690 298 21 24 0.022039117 
498 293 48 58 0.021803576 
258 306 24 28 0.02146778 
476 299 43 59 0.021263072 
256 146 87 116 0.020933118 
824 384 24 29 0.020713659 
967 465 12 14 0.020647101 
275 317 12 16 0.02062878 
778 311 18 21 0.020134807 
