56_Voter_peoplevoting_56_874
259
972 255 44 65 0.9951114 
139 353 24 30 0.98864263 
667 252 26 31 0.9873116 
595 333 28 32 0.98655987 
686 445 83 145 0.9844125 
13 298 18 22 0.9751927 
153 392 27 34 0.96883225 
477 367 61 70 0.96509826 
90 340 24 30 0.9646305 
358 279 13 17 0.9479712 
66 282 13 18 0.9439356 
566 298 24 29 0.9414621 
234 394 44 50 0.93423164 
38 336 20 26 0.9273815 
771 291 51 73 0.90940046 
191 256 14 18 0.8995393 
367 252 13 17 0.8940631 
512 276 19 25 0.8854522 
156 283 16 23 0.8585429 
404 272 14 17 0.83099985 
111 298 14 17 0.7424458 
336 252 14 19 0.7163931 
514 212 15 17 0.65582865 
452 371 82 111 0.611215 
422 250 9 13 0.5742424 
968 223 31 40 0.55057216 
407 245 10 14 0.5214154 
275 273 16 20 0.4491215 
530 310 22 26 0.42797285 
455 289 17 20 0.4064083 
960 396 69 122 0.38653958 
171 311 15 19 0.36963093 
455 244 12 16 0.32954872 
415 250 11 14 0.29753816 
270 252 14 18 0.25164047 
454 250 15 19 0.24174139 
598 215 11 14 0.23996992 
5 275 16 19 0.23069386 
672 190 10 12 0.22425407 
429 227 10 13 0.21245076 
398 224 10 12 0.21138299 
544 311 21 29 0.20909427 
284 272 14 19 0.18079856 
221 319 15 19 0.17200322 
384 341 31 53 0.17051227 
486 239 10 12 0.17047371 
910 424 18 24 0.16169481 
332 231 10 12 0.15143198 
464 226 10 13 0.14458299 
318 253 12 16 0.14260599 
397 254 12 15 0.14075115 
554 317 18 26 0.13949159 
511 217 12 16 0.13747436 
466 206 8 10 0.12616435 
608 340 17 23 0.120574586 
657 183 7 10 0.11504848 
165 357 11 16 0.11289415 
478 220 9 11 0.11276974 
275 245 12 15 0.111778684 
293 243 13 16 0.11028106 
448 215 11 13 0.10978224 
726 111 16 19 0.10878641 
135 290 13 15 0.10617442 
888 291 33 54 0.102875255 
496 215 8 11 0.101138376 
220 257 13 15 0.09743704 
126 439 30 40 0.095956154 
506 229 10 13 0.09468034 
550 199 9 10 0.094516 
745 158 9 11 0.09127413 
159 429 33 44 0.084073484 
312 267 11 14 0.080775216 
832 445 21 32 0.0764365 
84 574 55 67 0.075674 
631 196 10 12 0.07263047 
374 228 12 15 0.07185536 
573 172 9 11 0.070836864 
287 238 14 17 0.07057376 
189 243 20 25 0.06954372 
473 214 8 12 0.06889387 
97 319 17 21 0.068875484 
233 268 12 15 0.06718559 
299 251 11 14 0.067083396 
637 193 8 10 0.065792896 
432 276 10 15 0.06469817 
966 225 44 66 0.06294136 
522 376 45 58 0.06292356 
657 187 9 12 0.059933115 
722 134 9 12 0.058967486 
762 72 16 20 0.056746364 
310 352 40 60 0.055753954 
577 205 9 10 0.054414466 
318 377 28 42 0.054088112 
491 361 41 44 0.052809704 
663 189 9 12 0.051932264 
867 442 17 21 0.05162688 
115 265 13 17 0.05121914 
625 176 8 10 0.051051978 
173 259 10 13 0.049775872 
7 289 19 25 0.04935543 
318 247 10 14 0.04842574 
401 237 13 16 0.047957163 
235 261 12 14 0.047689535 
610 367 22 27 0.046822906 
536 201 9 11 0.046329346 
344 221 11 13 0.0445422 
581 207 8 9 0.044409268 
452 353 62 71 0.044271797 
985 218 17 22 0.04362404 
680 125 10 13 0.043447394 
672 167 9 11 0.04341017 
153 354 16 21 0.043401744 
152 228 10 13 0.042871818 
393 347 42 65 0.042560764 
656 176 7 10 0.042558447 
437 281 12 17 0.04185649 
390 228 11 13 0.04105783 
393 223 9 12 0.041037932 
160 288 19 28 0.040577587 
673 185 9 12 0.04051284 
229 252 12 15 0.04044192 
139 143 33 37 0.04010852 
244 237 10 12 0.039941255 
485 231 10 12 0.039912045 
742 282 55 68 0.039867457 
222 246 10 13 0.039235856 
504 234 12 16 0.03845025 
593 199 8 11 0.03809175 
424 206 10 11 0.03790239 
544 199 9 12 0.037689734 
425 224 10 13 0.036522057 
131 385 16 25 0.035803247 
140 387 25 33 0.035780147 
467 253 11 14 0.035770554 
214 268 12 14 0.03540933 
170 300 17 22 0.035363328 
236 253 12 14 0.03489407 
679 255 17 22 0.03476092 
220 265 12 15 0.034370843 
127 293 10 14 0.034285817 
751 126 10 13 0.03428041 
161 388 17 24 0.03424653 
766 125 10 13 0.034227982 
505 223 10 13 0.033917863 
330 342 48 69 0.033561453 
481 229 9 12 0.033352867 
630 175 8 10 0.032656044 
960 209 30 44 0.032568328 
593 211 20 24 0.032517478 
663 257 19 21 0.032413445 
204 278 10 13 0.032412708 
423 211 11 14 0.0323217 
471 221 9 12 0.031863563 
726 102 13 15 0.031799905 
699 409 60 82 0.031681452 
430 214 9 11 0.03144583 
200 225 9 12 0.03141869 
963 271 33 51 0.031053297 
444 284 12 16 0.030842043 
420 381 70 97 0.03071226 
502 242 14 20 0.030497191 
593 212 12 15 0.030434737 
672 172 8 11 0.030112518 
724 280 45 59 0.030058313 
660 183 8 10 0.02940222 
338 246 16 19 0.029397102 
742 113 10 14 0.02908047 
687 176 9 11 0.028688828 
327 226 20 24 0.028625175 
693 496 106 137 0.028522203 
423 235 12 15 0.028459324 
407 207 8 9 0.0284515 
189 316 9 13 0.028400809 
108 261 16 19 0.02832246 
178 308 14 19 0.028298682 
771 104 15 17 0.028233912 
388 236 12 15 0.028127635 
139 410 45 55 0.028126892 
74 372 17 19 0.028027784 
264 245 13 16 0.02785355 
277 237 14 17 0.027705006 
52 436 28 34 0.027608803 
189 310 9 12 0.027282132 
446 228 12 14 0.027045388 
335 232 22 28 0.02694964 
255 390 38 49 0.026413994 
336 222 22 26 0.02626086 
521 211 13 16 0.025913857 
638 175 8 9 0.025842601 
447 236 13 16 0.025745591 
625 182 8 11 0.025720317 
592 206 9 11 0.025636781 
509 367 41 50 0.025609653 
856 429 28 34 0.025505947 
728 158 6 9 0.02526092 
392 257 12 15 0.02503555 
291 245 20 24 0.024839861 
349 215 10 12 0.024835085 
685 120 9 11 0.024727803 
348 242 14 18 0.024682526 
597 199 9 11 0.024578756 
955 226 32 44 0.024487313 
390 270 13 16 0.024332786 
560 325 16 21 0.023968091 
548 326 25 28 0.02396113 
623 189 9 12 0.023867907 
217 253 21 24 0.023828162 
194 235 15 19 0.023813928 
74 282 13 17 0.0236745 
597 207 10 13 0.023492556 
99 307 15 18 0.023302937 
647 198 8 10 0.023280937 
145 400 28 38 0.023243139 
157 351 21 27 0.023186382 
559 300 16 20 0.023107199 
459 238 11 14 0.022940533 
908 2 14 16 0.022786854 
724 281 26 40 0.02267669 
618 190 8 11 0.022653205 
324 251 13 18 0.02260343 
511 209 13 15 0.022504378 
403 241 18 22 0.022480063 
597 225 12 16 0.022357948 
334 261 13 17 0.022331785 
516 310 29 36 0.022280576 
569 169 8 11 0.022177707 
153 277 13 17 0.022059107 
368 228 12 15 0.021927556 
686 100 10 14 0.021926692 
299 236 15 18 0.021896314 
382 234 12 16 0.021872217 
103 298 15 18 0.021729944 
439 215 9 11 0.021719296 
593 189 9 10 0.021717632 
286 250 12 15 0.021646352 
557 199 8 10 0.021511141 
231 265 20 26 0.021465842 
760 131 9 11 0.021419363 
470 284 12 17 0.021275265 
843 443 15 20 0.021255245 
141 361 28 38 0.021166157 
593 183 9 11 0.021043647 
270 239 13 16 0.020926299 
217 253 11 14 0.020762509 
156 223 9 12 0.020693965 
671 204 12 13 0.020534107 
186 284 13 16 0.020369034 
77 306 16 19 0.020368068 
450 292 26 30 0.020327043 
617 198 9 10 0.020311277 
289 268 15 20 0.020281345 
241 232 9 12 0.020280331 
429 271 19 26 0.02025153 
428 244 10 14 0.020228779 
364 264 15 21 0.02022467 
325 242 14 19 0.02018886 
523 314 40 46 0.020104837 
655 199 8 10 0.020082286 
398 215 9 11 0.020045852 
