56_Voter_peoplevoting_56_21
76
799 252 23 27 0.5989949 
682 292 99 107 0.39063248 
325 246 13 18 0.3876727 
657 316 34 46 0.3846511 
610 345 24 38 0.34988108 
213 269 60 89 0.22284487 
492 284 59 79 0.19722286 
810 248 14 21 0.17089278 
321 267 27 33 0.15508159 
284 285 43 56 0.13641407 
671 306 58 66 0.13353874 
330 363 31 36 0.11961205 
787 256 26 29 0.10232406 
292 274 15 19 0.08096041 
329 247 15 19 0.07949915 
685 290 15 19 0.076763086 
305 281 43 59 0.07017173 
865 314 44 53 0.06670065 
744 504 107 135 0.06384504 
672 309 32 38 0.06100661 
574 476 105 120 0.060329992 
263 284 43 65 0.057142008 
312 254 43 52 0.056706585 
133 312 17 21 0.05395512 
468 290 53 74 0.049732193 
597 506 65 76 0.04772904 
861 454 25 31 0.047575254 
318 279 27 37 0.04696501 
672 296 26 31 0.046345484 
778 265 27 30 0.042396016 
694 308 32 35 0.039427202 
315 290 16 21 0.037326567 
906 379 49 60 0.036947224 
247 296 30 47 0.036182005 
131 299 29 34 0.03562907 
322 305 17 24 0.033622198 
301 267 24 30 0.033438068 
279 281 31 44 0.03167966 
324 251 25 33 0.031300385 
95 302 400 503 0.030444873 
364 118 45 57 0.029782625 
288 276 22 30 0.029569281 
729 283 62 67 0.029498281 
598 331 40 62 0.029273475 
594 333 25 33 0.029203199 
502 239 65 63 0.029078173 
327 243 9 12 0.028910263 
258 291 16 22 0.028008629 
600 330 16 21 0.0278749 
821 281 16 20 0.026583394 
774 531 111 135 0.026503775 
277 305 31 38 0.02645249 
879 319 28 31 0.026250083 
747 284 36 34 0.026015652 
92 250 12 16 0.025834281 
136 281 48 57 0.025584534 
331 255 15 18 0.02549694 
639 107 12 16 0.024109956 
578 315 47 75 0.023425343 
258 288 25 37 0.02341609 
330 267 17 20 0.022814218 
789 242 25 31 0.022765473 
336 248 16 20 0.022601563 
245 384 47 61 0.022541096 
863 345 35 38 0.02234136 
171 247 89 107 0.022198511 
896 436 46 63 0.021944012 
662 257 15 21 0.0211854 
655 244 40 52 0.021060029 
876 451 30 39 0.020983318 
677 292 18 21 0.020843176 
652 261 26 35 0.02080565 
382 182 47 58 0.020694183 
798 243 15 19 0.020298945 
409 318 27 40 0.020229518 
767 273 28 31 0.020059898 
