56_Voter_peoplevoting_56_902
19
700 191 160 215 0.99662554 
589 234 93 146 0.66676885 
2 153 62 117 0.42785668 
171 109 247 305 0.23334889 
111 147 107 169 0.22661911 
19 149 98 139 0.13753477 
118 187 65 99 0.13422972 
41 45 323 416 0.118997924 
300 197 29 37 0.100681275 
83 64 172 285 0.081137925 
616 -27 466 515 0.045942754 
55 158 107 147 0.045540676 
468 182 32 42 0.04428198 
197 9 385 466 0.039533645 
291 186 31 39 0.039220132 
567 172 21 30 0.03451733 
33 133 61 99 0.024597181 
916 464 95 142 0.022867708 
532 199 166 251 0.021927726 
