56_Voter_peoplevoting_56_459
42
243 90 32 48 0.99829775 
742 89 37 49 0.995116 
354 75 28 46 0.9934848 
864 89 31 43 0.9504934 
496 81 18 35 0.54966307 
86 43 21 40 0.5076106 
971 157 15 18 0.46398196 
634 97 35 35 0.29252198 
272 167 40 45 0.17573224 
323 97 29 36 0.117273204 
389 151 37 38 0.09852611 
121 36 26 40 0.074082114 
757 373 10 13 0.06880186 
884 200 33 29 0.063358076 
820 140 14 15 0.05235187 
769 388 9 12 0.047156863 
993 111 9 11 0.046804328 
369 141 28 37 0.043497253 
859 70 27 49 0.040939488 
333 91 36 37 0.03695525 
49 269 10 13 0.035682436 
805 208 13 15 0.03222024 
740 357 10 13 0.032188896 
761 414 11 13 0.031420935 
965 150 15 17 0.03112116 
830 173 12 16 0.030375158 
159 252 8 11 0.030051712 
376 147 35 38 0.029997298 
744 316 9 11 0.029686753 
279 208 29 30 0.02955623 
779 136 18 21 0.028465766 
367 122 31 41 0.028310144 
760 334 9 11 0.027214766 
179 175 24 31 0.026042566 
833 170 17 21 0.024668528 
846 163 14 19 0.024140326 
544 478 28 28 0.023779387 
809 134 25 29 0.022799088 
628 89 27 37 0.021610634 
895 103 30 33 0.020630434 
803 189 25 29 0.020482503 
273 188 31 36 0.02017235 
