15_Stock_Market_Stock_Market_15_731
33
505 319 273 383 0.9999682 
406 400 249 394 0.8280645 
435 345 170 307 0.5461031 
444 590 232 350 0.30317584 
217 523 97 177 0.2311026 
318 632 239 330 0.2311026 
304 321 228 350 0.14717786 
105 644 209 340 0.13594593 
235 649 209 311 0.09803478 
86 313 119 180 0.05874174 
768 525 128 203 0.04931264 
394 231 200 321 0.04931264 
343 106 311 377 0.04931264 
717 167 261 340 0.045153897 
646 371 191 340 0.04133061 
484 282 52 73 0.039651502 
786 516 212 285 0.03781825 
402 381 111 246 0.03781825 
15 343 111 183 0.034593605 
71 244 203 289 0.034593605 
465 418 28 48 0.033269096 
472 282 206 311 0.03163486 
22 700 119 175 0.03163486 
397 654 151 203 0.03163486 
0 729 48 108 0.030461604 
450 408 51 94 0.030461596 
282 473 134 215 0.028921604 
197 684 153 212 0.028921604 
355 362 57 86 0.025519116 
618 116 281 330 0.024156325 
300 349 34 48 0.021360898 
220 752 78 97 0.021360898 
137 315 121 162 0.0201599 
