15_Stock_Market_Stock_Market_15_460
34
577 111 56 73 0.9998542 
449 140 51 66 0.99982506 
774 70 58 75 0.99979013 
213 38 54 79 0.9997482 
336 122 55 71 0.9996031 
150 129 53 73 0.99813616 
78 159 222 246 0.115646794 
142 561 50 61 0.09308393 
246 284 246 242 0.076092646 
758 32 228 294 0.076092646 
81 263 225 242 0.05874174 
833 299 61 92 0.056098126 
539 110 239 316 0.04931264 
834 12 123 175 0.04133062 
761 359 242 311 0.04133061 
233 102 91 119 0.03781825 
797 244 242 311 0.034593605 
463 670 5 6 0.03293372 
159 224 130 147 0.03163486 
330 669 7 8 0.030282615 
555 653 3 5 0.030282615 
461 670 4 6 0.027838783 
541 665 5 6 0.027838778 
463 673 5 6 0.027838778 
511 676 5 5 0.027838778 
366 312 269 246 0.02643471 
364 441 232 298 0.026434705 
508 669 5 6 0.02558696 
495 674 6 7 0.02351288 
442 669 5 6 0.02351288 
623 657 34 26 0.023349825 
343 437 121 111 0.022069868 
226 386 136 106 0.022069868 
334 669 7 7 0.021603195 
