15_Stock_Market_Stock_Market_15_303
40
712 126 281 335 0.99911374 
580 236 228 302 0.90196526 
589 99 265 330 0.90196526 
764 257 206 264 0.6563978 
299 351 261 316 0.32305852 
584 343 75 97 0.30585766 
826 330 197 257 0.30317584 
626 416 246 276 0.24794048 
579 293 138 172 0.21508123 
533 76 209 289 0.2150812 
718 345 257 298 0.18550259 
267 428 186 257 0.1065206 
-14 253 257 285 0.08285364 
827 280 95 121 0.06111947 
32 378 235 285 0.05874174 
6 280 103 138 0.058741733 
669 43 225 289 0.053832814 
62 492 56 67 0.051466707 
381 364 144 209 0.04931264 
381 472 136 142 0.045153886 
359 159 17 21 0.04229837 
429 52 228 289 0.03781825 
512 474 56 68 0.036325652 
436 490 57 69 0.036325652 
605 356 146 218 0.034593593 
290 161 14 19 0.032933712 
4 25 107 121 0.03163486 
364 446 14 18 0.030282615 
461 331 218 285 0.028921604 
95 137 215 293 0.028921604 
133 267 228 261 0.02643471 
458 619 80 56 0.025519116 
-1 240 76 94 0.025519116 
525 487 69 82 0.025519116 
197 143 225 289 0.024156325 
29 250 100 109 0.024156325 
106 383 3 4 0.02351288 
417 384 70 78 0.023349825 
115 373 4 5 0.021603195 
324 641 32 34 0.021360898 
