30_Surgeons_Surgeons_30_8
61
589 187 63 80 0.99979013 
702 137 62 76 0.9996979 
304 183 56 77 0.9996031 
412 174 65 90 0.9995652 
452 100 130 185 0.78491884 
856 98 197 267 0.73441863 
475 421 183 283 0.6968242 
-19 558 165 126 0.32305852 
33 176 249 296 0.32305852 
-19 448 222 252 0.30317584 
295 411 61 89 0.21842523 
435 497 119 171 0.18550259 
902 9 114 166 0.12544508 
543 190 218 244 0.115646794 
495 34 206 292 0.1065206 
820 319 186 241 0.09803478 
797 0 232 292 0.090156734 
559 431 116 177 0.08285364 
662 171 15 18 0.08117401 
282 175 25 33 0.07880669 
268 28 23 27 0.07244435 
374 518 68 81 0.07244435 
735 40 136 190 0.064067975 
689 198 136 177 0.064067975 
285 152 62 86 0.06111947 
325 460 121 152 0.053832814 
425 150 65 84 0.051466707 
284 181 16 19 0.04595155 
727 219 191 292 0.045153897 
247 -1 49 47 0.04326818 
434 161 94 126 0.04133061 
36 391 235 244 0.04133061 
646 9 232 301 0.04133061 
422 277 136 220 0.03781825 
584 130 83 124 0.034593605 
176 406 212 296 0.034593605 
71 174 13 19 0.03293372 
330 313 209 248 0.03163486 
142 193 228 301 0.03163486 
33 196 11 16 0.030282615 
753 362 106 159 0.028921604 
448 133 62 84 0.027884185 
543 268 13 17 0.027838783 
99 179 10 13 0.027838783 
495 164 8 10 0.027838783 
1013 585 10 17 0.027838783 
272 35 12 13 0.027838778 
550 228 119 171 0.026434705 
899 497 54 71 0.025519116 
21 166 51 79 0.025519116 
47 80 228 263 0.024156325 
873 367 6 8 0.02351288 
43 -5 64 71 0.023349825 
437 112 53 71 0.023349825 
276 169 42 57 0.023349825 
831 232 52 79 0.023349825 
297 394 188 252 0.022069868 
123 267 5 6 0.021603195 
549 58 27 34 0.021360898 
835 378 116 146 0.0201599 
663 119 86 113 0.0201599 
