30_Surgeons_Surgeons_30_911
105
579 421 124 247 0.93593204 
160 276 265 446 0.9171464 
770 238 136 236 0.9098432 
401 313 75 129 0.7656313 
490 636 35 68 0.73138905 
257 239 225 385 0.6135702 
445 590 215 453 0.56891036 
63 507 188 402 0.4085711 
318 288 142 233 0.3647484 
617 598 228 440 0.30317584 
523 534 218 414 0.30317584 
98 301 178 363 0.28400344 
423 654 25 47 0.268611 
530 726 206 363 0.26558137 
790 484 183 396 0.26558137 
555 831 136 198 0.17193554 
831 326 14 27 0.16157512 
742 109 239 440 0.13594593 
598 838 69 123 0.118850335 
670 242 249 459 0.09803478 
333 757 215 379 0.09015675 
729 670 203 379 0.090156734 
814 713 73 134 0.08567618 
716 668 126 198 0.08285364 
392 496 206 427 0.08285364 
289 448 136 270 0.076092646 
570 627 27 50 0.06655858 
385 480 60 117 0.06655857 
754 393 18 32 0.06377564 
502 624 28 58 0.056098126 
790 326 15 29 0.054176662 
483 796 144 262 0.053832814 
489 363 186 332 0.04931264 
324 454 33 52 0.047198545 
339 847 82 148 0.047198545 
520 624 28 51 0.047198545 
330 475 52 103 0.047198545 
290 799 124 236 0.045153897 
76 326 114 278 0.045153897 
566 443 92 164 0.04326818 
343 452 30 52 0.04326818 
774 843 55 121 0.04326818 
589 333 36 62 0.04326818 
658 508 73 143 0.04326818 
102 611 130 226 0.04133062 
403 576 116 240 0.04133061 
311 483 51 105 0.039651502 
134 603 61 117 0.039651502 
490 613 25 53 0.039651502 
324 403 59 90 0.039651502 
556 403 68 121 0.039651494 
150 675 228 427 0.03781825 
431 729 149 274 0.03781825 
29 365 200 396 0.03781825 
682 562 48 109 0.036325652 
382 543 34 62 0.036325645 
310 425 209 374 0.034593605 
263 10 281 466 0.034593593 
641 432 64 125 0.033269096 
466 651 29 58 0.033269096 
573 953 17 35 0.032933712 
709 406 134 266 0.03163486 
34 651 239 480 0.03163486 
375 140 242 433 0.03163486 
642 799 132 262 0.03163486 
437 580 54 105 0.030461596 
455 606 51 95 0.030461596 
514 724 62 131 0.030461596 
696 739 132 322 0.028921604 
414 304 98 189 0.028921604 
27 119 246 440 0.028921604 
376 529 60 90 0.027884193 
313 503 30 64 0.027884193 
310 579 23 44 0.027884193 
316 475 31 57 0.027884193 
629 840 35 75 0.027884193 
393 361 55 107 0.027884185 
389 578 15 24 0.027838783 
834 707 126 254 0.026434705 
502 632 43 81 0.025519116 
448 605 32 64 0.025519116 
531 634 32 58 0.025519116 
809 650 59 109 0.025519116 
114 580 23 51 0.025519116 
545 396 43 93 0.025519116 
578 739 22 43 0.025519116 
809 338 71 136 0.025519116 
420 640 42 77 0.025519116 
118 42 277 487 0.024156325 
158 367 74 146 0.023349825 
685 844 76 136 0.023349825 
299 578 22 43 0.023349825 
701 555 51 123 0.023349825 
661 525 206 332 0.022069868 
724 841 68 141 0.021360904 
346 469 74 123 0.021360898 
322 868 62 105 0.021360898 
557 628 28 50 0.021360898 
459 632 31 60 0.021360898 
133 700 83 159 0.021360898 
445 657 26 49 0.021360898 
701 505 111 240 0.020159906 
738 309 130 236 0.0201599 
564 595 134 262 0.0201599 
364 253 130 216 0.0201599 
