30_Surgeons_Surgeons_30_256
45
316 443 128 146 0.9883244 
658 463 144 174 0.97356534 
431 22 123 155 0.95484614 
857 156 149 208 0.71599656 
306 288 75 99 0.6941424 
280 385 191 268 0.19988178 
570 388 232 310 0.13594593 
132 9 186 264 0.1254451 
261 247 107 144 0.1254451 
729 84 203 272 0.1065206 
82 211 235 306 0.09803478 
364 480 73 99 0.09308393 
698 206 111 101 0.09015675 
344 193 186 268 0.076092646 
726 157 117 162 0.053832818 
438 215 203 245 0.045153897 
-32 302 178 241 0.04133061 
122 473 144 182 0.04133061 
173 407 206 252 0.03781825 
701 473 89 104 0.036325652 
326 313 46 60 0.036325652 
714 202 30 35 0.036325652 
227 39 35 50 0.033269096 
95 79 130 169 0.03163486 
41 330 109 146 0.028921604 
61 400 242 301 0.028921604 
684 402 188 260 0.028921604 
-11 19 206 252 0.028921604 
253 259 70 100 0.027884185 
408 275 64 79 0.027884185 
547 52 13 22 0.02558696 
700 28 54 75 0.025519116 
723 169 30 36 0.025519116 
351 -11 172 241 0.024156325 
543 12 212 315 0.024156325 
207 50 225 292 0.024156325 
531 291 119 128 0.024156325 
424 68 14 20 0.021603195 
696 248 91 80 0.021360904 
184 347 74 86 0.021360898 
805 463 64 90 0.021360898 
434 46 74 92 0.021360898 
71 575 82 83 0.021360898 
688 52 62 83 0.021360898 
636 486 194 268 0.020159906 
