30_Surgeons_Surgeons_30_63
28
233 189 126 174 0.99957687 
757 510 212 268 0.45389685 
206 229 46 80 0.10106142 
491 60 132 179 0.08285364 
47 215 302 306 0.076092646 
226 220 85 109 0.06655858 
711 517 67 95 0.06111947 
549 616 22 24 0.05879275 
409 30 194 256 0.05874174 
462 217 257 310 0.05874174 
669 476 123 162 0.05874174 
907 257 101 153 0.05874174 
373 145 212 264 0.053832814 
232 473 209 319 0.04931264 
-25 285 232 315 0.04931264 
559 196 228 252 0.045153897 
765 408 225 224 0.03781825 
800 82 45 75 0.036325652 
34 406 74 111 0.033269096 
957 413 74 113 0.033269096 
304 62 30 35 0.030461604 
419 354 194 264 0.028921604 
510 75 186 241 0.026434705 
57 54 261 310 0.024156325 
658 201 249 234 0.022069868 
727 512 134 164 0.022069868 
249 613 60 74 0.021360904 
504 344 225 260 0.0201599 
