30_Surgeons_Surgeons_30_823
31
960 233 58 101 0.99678564 
812 585 222 421 0.71599656 
667 123 71 124 0.56787485 
447 137 76 131 0.36670664 
350 545 232 434 0.09015675 
714 21 249 358 0.08285364 
537 605 107 150 0.06984132 
750 13 142 247 0.06984132 
930 218 55 120 0.06111947 
616 146 281 338 0.04931264 
898 195 58 142 0.047198545 
82 491 277 474 0.045153897 
977 519 44 126 0.036325652 
869 505 57 108 0.033269096 
944 239 31 68 0.033269096 
326 389 225 391 0.03163486 
-29 248 316 533 0.03163486 
2 697 100 295 0.028921604 
685 654 209 391 0.028921604 
292 214 239 415 0.026434705 
390 97 112 201 0.026434705 
18 122 197 338 0.024156325 
794 149 138 259 0.024156325 
579 640 209 415 0.024156325 
375 91 218 318 0.022069868 
657 117 109 223 0.022069868 
621 361 235 397 0.022069868 
-6 590 218 353 0.022069868 
191 236 228 397 0.022069868 
636 257 71 158 0.021360898 
883 407 203 348 0.0201599 
