30_Surgeons_Surgeons_30_554
120
188 -40 200 258 0.98598576 
849 219 54 70 0.97448087 
769 217 38 49 0.94853324 
476 222 52 63 0.45459446 
-28 -23 265 313 0.45389688 
554 62 158 213 0.45389685 
276 361 14 17 0.33330244 
197 229 71 95 0.23436873 
264 475 13 17 0.22912635 
523 33 253 337 0.21508123 
46 298 35 41 0.2032784 
358 0 222 278 0.18550259 
676 319 65 76 0.1753677 
356 312 30 33 0.16258556 
573 313 64 79 0.15056497 
614 11 225 282 0.14717786 
311 152 239 313 0.13594593 
61 290 29 36 0.12872264 
51 276 48 59 0.12872262 
454 76 206 247 0.12544508 
243 316 91 125 0.115646794 
711 11 206 258 0.115646794 
55 295 14 20 0.111069925 
654 336 53 69 0.109639935 
27 88 116 210 0.1065206 
526 443 124 137 0.09803478 
277 583 14 23 0.08787667 
937 342 67 79 0.08567616 
134 193 183 251 0.076092646 
638 346 47 62 0.06655857 
284 188 121 168 0.064067975 
337 266 37 45 0.06111947 
473 190 79 86 0.06111947 
374 261 15 16 0.05879275 
449 130 124 171 0.05874174 
78 127 197 219 0.05874174 
151 207 106 133 0.058741733 
320 245 67 76 0.056098126 
638 354 124 156 0.053832814 
336 276 53 60 0.051466707 
953 359 39 50 0.051466707 
303 465 52 58 0.051466707 
170 215 63 83 0.047198545 
314 466 15 18 0.04595155 
125 411 206 243 0.045153897 
587 413 246 290 0.045153897 
818 193 74 114 0.045153886 
942 522 51 69 0.04326818 
313 467 24 31 0.04326818 
306 476 29 36 0.04326818 
62 294 17 23 0.04229837 
897 570 130 178 0.04133061 
508 533 40 37 0.039651494 
398 256 21 26 0.039651494 
54 297 9 13 0.038923774 
506 523 75 70 0.036325652 
409 113 57 70 0.036325652 
347 296 51 62 0.036325645 
776 274 19 22 0.035808332 
868 136 126 166 0.034593605 
54 255 89 102 0.034593605 
419 74 124 166 0.034593605 
746 178 89 141 0.034593605 
650 301 104 135 0.034593605 
649 61 132 184 0.034593605 
31 549 86 116 0.034593593 
793 16 215 278 0.034593593 
825 269 203 274 0.034593593 
338 613 56 75 0.033269096 
129 233 68 63 0.033269096 
775 202 53 79 0.033269096 
660 311 57 68 0.033269096 
333 275 13 18 0.03293372 
2 555 56 85 0.030461596 
61 298 8 10 0.030282615 
874 286 121 156 0.028921604 
107 232 106 105 0.028921604 
702 320 194 282 0.028921604 
924 612 67 67 0.027884193 
815 405 21 28 0.027884193 
857 228 74 82 0.027884185 
171 229 36 45 0.027884185 
968 449 61 86 0.027884185 
738 378 65 71 0.027884185 
516 245 19 22 0.027838783 
342 664 16 22 0.027838778 
152 430 106 125 0.026434705 
105 286 132 171 0.026434705 
367 260 8 10 0.02558696 
374 260 9 11 0.02558696 
411 450 54 71 0.025519116 
564 179 49 56 0.025519116 
631 568 76 115 0.025519116 
512 230 43 34 0.025519116 
225 235 37 48 0.025519116 
657 378 71 80 0.025519116 
193 61 218 258 0.024156325 
218 194 103 156 0.024156325 
281 468 14 17 0.02351288 
776 233 22 28 0.02351288 
321 464 15 19 0.02351288 
770 272 32 40 0.023349825 
500 211 74 59 0.023349825 
38 293 58 79 0.023349825 
237 229 31 40 0.023349825 
46 113 76 117 0.023349825 
371 264 25 29 0.023349825 
451 339 24 31 0.023349825 
3 166 67 128 0.023349825 
196 257 158 226 0.022069868 
506 552 14 20 0.021603195 
393 435 52 78 0.021360904 
111 256 61 62 0.021360898 
525 427 26 38 0.021360898 
163 249 41 41 0.021360898 
816 366 22 29 0.021360898 
561 338 64 83 0.021360898 
228 255 37 51 0.021360898 
803 383 111 149 0.0201599 
575 157 235 278 0.0201599 
