30_Surgeons_Surgeons_30_746
36
626 67 138 152 0.9964618 
142 40 121 190 0.9815879 
837 174 117 125 0.9798401 
608 174 209 193 0.88435316 
686 262 215 204 0.73441863 
170 218 246 240 0.2840034 
265 154 218 217 0.2311026 
177 49 167 193 0.18550259 
48 75 111 143 0.17193554 
23 99 232 174 0.13594593 
178 114 79 100 0.118850335 
249 -1 116 124 0.115646794 
223 83 222 220 0.08285364 
792 296 209 204 0.06984133 
794 151 112 150 0.06984132 
144 321 209 182 0.064067975 
868 206 116 129 0.05874174 
203 -20 197 187 0.05874174 
12 9 79 84 0.056098126 
88 74 73 87 0.056098126 
1 0 225 193 0.045153886 
765 234 203 190 0.04133061 
530 139 212 193 0.04133061 
428 251 54 70 0.039651494 
24 12 130 115 0.03781825 
630 305 197 193 0.034593605 
788 24 242 233 0.03163486 
744 288 130 133 0.03163486 
126 19 117 120 0.03163486 
404 30 98 100 0.03163486 
93 58 109 133 0.026434705 
441 280 265 217 0.024156325 
835 203 70 79 0.023349825 
333 131 228 190 0.022069868 
753 81 178 201 0.0201599 
-2 318 242 211 0.0201599 
