30_Surgeons_Surgeons_30_705
39
122 386 24 35 0.9973194 
544 324 19 34 0.97448087 
948 369 64 111 0.34582692 
471 423 215 289 0.14717786 
947 204 78 117 0.12872264 
340 73 109 186 0.1065206 
897 355 93 158 0.1065206 
459 300 30 41 0.08567618 
811 443 62 74 0.07880669 
884 228 104 160 0.076092646 
356 291 9 13 0.05879275 
842 324 197 265 0.053832814 
254 110 285 311 0.04931264 
27 404 121 160 0.04931264 
929 106 7 10 0.04595155 
311 16 186 302 0.045153897 
881 318 88 119 0.039651502 
911 103 8 12 0.038923774 
169 284 132 177 0.03781825 
94 355 232 246 0.034593605 
784 395 109 162 0.034593593 
582 123 239 316 0.03163486 
887 207 50 74 0.030461596 
193 531 31 43 0.030461596 
794 215 5 7 0.030282615 
762 351 188 249 0.028921604 
577 342 15 18 0.02558696 
818 401 58 92 0.025519116 
382 56 242 330 0.024156325 
342 206 242 253 0.024156325 
811 -19 200 277 0.024156325 
793 176 4 6 0.02351288 
779 181 6 9 0.02351288 
293 247 57 67 0.023349825 
800 667 75 102 0.023349825 
899 125 8 11 0.021603195 
801 223 4 6 0.021603195 
301 513 232 311 0.0201599 
744 106 232 325 0.0201599 
