27_Spa_Spa_27_225
53
230 186 257 273 0.59142894 
550 401 32 25 0.188928 
528 377 55 51 0.118850335 
152 248 51 54 0.10106142 
53 121 209 281 0.08285364 
430 346 261 222 0.064067975 
228 218 27 33 0.06111947 
558 398 19 20 0.05879275 
465 416 273 273 0.053832818 
216 220 47 56 0.051466707 
157 241 27 31 0.04326818 
525 337 144 153 0.04133062 
465 3 31 35 0.039651502 
466 344 98 103 0.03781825 
88 -31 212 243 0.03781825 
396 61 5 7 0.035808332 
-7 319 136 163 0.034593593 
609 184 106 108 0.034593593 
456 365 67 62 0.033269096 
473 130 16 20 0.030282615 
703 216 6 8 0.030282615 
942 243 5 7 0.030282615 
961 133 8 9 0.030282615 
337 115 15 18 0.030282615 
593 -17 188 246 0.028921604 
613 147 4 5 0.027838783 
538 404 12 16 0.027838783 
219 234 20 24 0.027838783 
120 196 261 243 0.02643471 
465 372 151 132 0.026434705 
882 205 6 7 0.02558696 
1018 348 4 6 0.02558696 
957 181 8 10 0.02558696 
729 224 6 7 0.02558696 
326 93 8 10 0.02558696 
198 231 64 75 0.025519116 
318 240 285 236 0.024156325 
934 6 6 8 0.02351288 
958 134 7 9 0.02351288 
398 58 6 7 0.02351288 
980 147 9 10 0.02351288 
387 58 5 6 0.02351288 
944 187 7 10 0.02351288 
235 501 209 246 0.022069868 
951 178 6 8 0.021603195 
998 53 15 18 0.021603195 
955 148 14 21 0.021603195 
413 79 5 6 0.021603195 
1013 116 7 9 0.021603195 
216 214 29 30 0.021360898 
317 204 149 186 0.0201599 
338 400 140 140 0.0201599 
261 14 212 236 0.0201599 
