27_Spa_Spa_27_512
22
367 610 73 146 0.99706453 
635 747 15 34 0.13944872 
-17 920 209 484 0.064067975 
676 740 8 19 0.06377564 
888 1057 30 54 0.06111947 
725 852 232 513 0.045153886 
772 907 54 115 0.036325645 
565 773 31 73 0.033269096 
270 758 246 537 0.028921604 
217 353 228 484 0.026434705 
346 522 106 260 0.026434705 
515 705 6 13 0.02351288 
634 745 9 23 0.02351288 
593 764 26 57 0.023349825 
179 806 239 463 0.022069868 
601 751 7 16 0.021603195 
109 757 7 16 0.021603195 
2 592 5 12 0.021603195 
563 447 5 11 0.021603195 
547 510 30 75 0.021360898 
816 87 30 63 0.021360898 
59 906 242 506 0.0201599 
