27_Spa_Spa_27_768
59
194 330 46 90 0.9949414 
342 263 40 77 0.98957527 
738 309 46 97 0.9863452 
569 242 46 83 0.9695384 
679 236 228 386 0.3647484 
852 528 112 266 0.36474833 
723 544 253 397 0.28400344 
492 200 246 358 0.13594593 
374 664 206 409 0.1065206 
117 298 178 358 0.09015675 
894 293 7 13 0.08787667 
730 359 138 214 0.08285364 
600 585 203 409 0.076092646 
851 272 7 13 0.07494057 
869 274 7 12 0.054176662 
720 285 6 12 0.045951538 
359 210 215 369 0.045153897 
711 280 5 9 0.04229837 
755 284 8 15 0.04229837 
842 304 6 11 0.04229837 
739 346 228 434 0.04133062 
883 461 119 291 0.03781825 
808 679 100 248 0.03781825 
735 79 35 60 0.036325652 
689 297 7 13 0.035808332 
884 289 7 12 0.03293372 
929 304 7 14 0.03293372 
167 365 21 32 0.03293372 
807 388 80 92 0.030461604 
189 463 70 100 0.030461604 
832 305 6 10 0.030282615 
872 287 6 11 0.030282615 
57 354 8 13 0.030282615 
883 344 8 15 0.030282615 
723 280 6 11 0.030282615 
899 319 6 11 0.030282615 
966 306 7 13 0.030282615 
888 570 67 170 0.027884193 
216 330 48 90 0.027884193 
908 318 6 11 0.027838783 
114 372 19 29 0.027838783 
469 543 228 454 0.02643471 
408 789 18 27 0.02558696 
230 337 58 97 0.025519116 
797 46 57 94 0.025519116 
328 276 38 67 0.025519116 
562 252 261 403 0.024156325 
769 280 7 12 0.02351288 
912 284 6 12 0.02351288 
862 279 5 10 0.02351288 
154 337 55 86 0.023349825 
-70 387 249 428 0.022069868 
972 348 7 12 0.021603195 
1003 325 5 9 0.021603195 
754 284 15 26 0.021603195 
903 306 5 10 0.021603195 
181 350 39 69 0.021360898 
150 354 30 54 0.021360898 
40 566 225 403 0.0201599 
