27_Spa_Spa_27_716
37
199 358 26 37 0.99891996 
770 486 16 22 0.8263381 
177 496 57 74 0.32552502 
877 599 121 183 0.30317584 
242 -15 188 285 0.18550259 
388 314 281 418 0.09803478 
771 498 14 19 0.08787667 
853 641 48 74 0.08567618 
245 266 206 297 0.08285364 
178 513 38 41 0.07880669 
619 624 75 115 0.07880669 
805 539 180 264 0.076092646 
690 -14 218 285 0.076092646 
-44 -52 281 335 0.06984133 
390 8 194 306 0.064067975 
224 266 116 199 0.064067975 
120 -38 228 280 0.058741733 
544 627 80 109 0.056098126 
-9 -1 123 175 0.053832814 
86 251 62 97 0.047198545 
699 157 197 311 0.045153886 
160 441 134 119 0.04133062 
713 730 30 29 0.039651494 
86 470 50 72 0.039651494 
569 616 100 142 0.03781825 
797 514 54 72 0.036325652 
100 460 9 12 0.035808332 
501 286 273 399 0.03163486 
49 466 246 335 0.028921604 
185 510 16 21 0.027838783 
629 558 29 52 0.025519116 
173 438 60 100 0.025519116 
634 718 24 39 0.025519116 
449 60 200 325 0.024156325 
153 274 212 272 0.022069868 
192 504 82 69 0.021360898 
313 451 253 297 0.020159906 
