27_Spa_Spa_27_420
30
588 119 200 272 0.78491884 
444 141 253 350 0.78491884 
520 303 228 293 0.5 
964 391 16 22 0.35282937 
741 350 203 320 0.3436022 
93 48 218 285 0.28400344 
394 107 218 289 0.15916686 
94 258 253 320 0.14717786 
789 226 200 293 0.09015675 
797 468 225 289 0.09015675 
-31 371 298 340 0.06984133 
139 119 253 285 0.064067975 
717 8 232 285 0.053832818 
8 -3 203 235 0.045153897 
221 255 277 335 0.045153886 
677 373 180 276 0.034593593 
665 145 215 268 0.034593593 
645 194 91 124 0.033269096 
881 355 51 63 0.033269096 
159 70 134 180 0.03163486 
910 19 111 136 0.028921604 
621 40 36 37 0.027884193 
940 14 62 74 0.027884185 
300 92 209 276 0.02643471 
804 118 188 264 0.02643471 
858 -51 172 242 0.024156325 
129 474 281 249 0.022069868 
419 356 242 320 0.022069868 
-19 195 261 306 0.0201599 
527 539 124 115 0.0201599 
