27_Spa_Spa_27_393
37
475 198 253 322 0.9967733 
707 414 269 362 0.9932626 
549 97 273 367 0.9098433 
126 208 261 346 0.7520595 
612 470 293 425 0.5461031 
407 537 239 282 0.24794048 
44 251 222 331 0.2311026 
692 222 242 356 0.21508123 
128 -61 239 362 0.12544508 
222 533 232 341 0.115646794 
548 556 239 331 0.09015675 
258 121 222 336 0.09015675 
-20 -62 246 384 0.09015675 
33 103 253 346 0.090156734 
796 7 253 322 0.08285364 
149 315 146 243 0.08285364 
564 257 232 331 0.06984132 
543 164 146 181 0.064067975 
367 271 261 294 0.064067975 
787 185 225 351 0.04931264 
383 399 212 346 0.04133061 
289 413 222 299 0.04133061 
216 43 228 294 0.04133061 
-10 343 119 225 0.03781825 
581 -17 215 273 0.03781825 
90 491 277 401 0.034593593 
851 450 163 303 0.03163486 
704 109 212 312 0.03163486 
-17 228 111 194 0.028921604 
2 691 114 132 0.028921604 
400 94 257 346 0.028921604 
885 27 134 197 0.028921604 
601 370 253 294 0.02643471 
-23 596 222 356 0.026434705 
-24 208 191 362 0.026434705 
186 13 151 212 0.0201599 
597 126 140 257 0.0201599 
