11_Meeting_Meeting_11_Meeting_Meeting_11_339
38
892 249 84 122 0.9984707 
614 122 30 41 0.9975491 
276 138 34 47 0.99746764 
456 120 27 34 0.9972013 
162 151 42 52 0.9877378 
671 146 38 58 0.9420491 
140 211 27 52 0.93634814 
719 187 34 61 0.9010451 
35 199 29 51 0.25356224 
963 6 50 64 0.14853467 
788 251 57 64 0.13377115 
109 233 36 40 0.1328053 
443 146 14 17 0.07936599 
485 145 14 16 0.07712396 
291 113 383 497 0.07205078 
493 146 13 15 0.06186341 
223 172 28 32 0.05953355 
510 228 10 12 0.05384719 
570 412 26 29 0.048556536 
120 216 33 46 0.035293274 
106 248 28 33 0.031217758 
746 202 39 49 0.03066252 
396 223 11 14 0.030373015 
789 192 24 40 0.029629719 
795 183 29 39 0.027643658 
539 87 15 20 0.027607715 
507 221 9 13 0.02660465 
656 135 25 36 0.025860948 
61 171 30 36 0.025640076 
432 209 9 11 0.025180157 
708 169 29 45 0.023514336 
441 144 11 13 0.023161957 
886 224 52 81 0.022752957 
111 259 14 18 0.022160636 
557 316 11 13 0.021976031 
358 222 11 14 0.021301156 
42 181 42 57 0.02106607 
674 351 25 29 0.02106499 
