11_Meeting_Meeting_11_Meeting_Meeting_11_587
692
805 318 16 26 0.97956777 
314 238 14 19 0.9562067 
735 250 13 18 0.946996 
157 253 14 18 0.9380812 
876 227 11 16 0.92894506 
558 296 16 24 0.8858591 
588 296 16 25 0.87266797 
221 313 18 26 0.87030166 
493 220 11 13 0.81666744 
8 182 11 13 0.8162725 
850 289 14 18 0.81310874 
958 238 13 17 0.7907236 
193 185 13 17 0.7800224 
436 325 15 19 0.7767775 
771 270 13 19 0.7705045 
763 249 12 16 0.76739454 
723 298 14 19 0.7615469 
416 306 19 22 0.7330576 
544 220 10 12 0.7184765 
376 386 26 40 0.7143712 
524 244 12 14 0.7013374 
190 238 12 16 0.6997152 
802 349 24 32 0.68124586 
517 179 10 13 0.673635 
239 170 9 13 0.65241426 
560 321 16 23 0.64775527 
234 189 8 12 0.62416387 
363 166 8 12 0.61890906 
166 191 13 16 0.6053329 
383 175 10 13 0.59021467 
275 308 17 19 0.5612709 
260 238 12 15 0.5606376 
263 212 12 14 0.5232806 
273 170 11 14 0.51273966 
643 213 11 14 0.5116766 
652 281 17 21 0.5099654 
906 275 13 20 0.50038105 
428 354 17 22 0.49387267 
207 159 7 10 0.49186295 
657 203 10 12 0.48744968 
488 183 9 12 0.48205698 
252 363 15 17 0.48201007 
518 203 9 11 0.47252202 
557 184 9 12 0.4349164 
1011 248 12 17 0.42752534 
489 188 9 12 0.4187166 
349 295 13 18 0.40246218 
917 255 12 13 0.39973632 
114 159 7 10 0.37900925 
472 191 8 11 0.37863028 
57 184 9 11 0.3657081 
418 181 9 12 0.34256136 
331 253 14 17 0.30219588 
420 233 11 16 0.29391414 
818 256 13 17 0.29103816 
543 254 10 12 0.29080713 
727 199 9 11 0.28587103 
97 175 9 11 0.2782355 
573 170 10 14 0.27427253 
460 164 8 10 0.26727036 
920 235 10 12 0.25510037 
676 215 10 13 0.25146407 
444 181 10 14 0.24331725 
252 279 13 18 0.23164448 
222 236 14 19 0.22341888 
871 261 14 17 0.21892044 
198 275 13 18 0.21808794 
244 166 9 12 0.21774037 
709 370 16 22 0.2159118 
888 218 10 13 0.2131538 
472 127 7 9 0.20460998 
267 266 12 16 0.2018298 
751 215 8 10 0.19431478 
101 180 9 11 0.1932544 
477 172 9 12 0.19294637 
568 230 11 15 0.19207641 
322 196 14 17 0.19030215 
527 167 8 10 0.19014116 
478 168 8 10 0.18876119 
1000 397 23 44 0.18679242 
372 348 14 15 0.18621287 
894 214 11 14 0.17816617 
320 158 7 9 0.17158574 
343 290 13 21 0.17071876 
124 167 11 13 0.16152647 
758 236 11 13 0.16062707 
942 258 10 13 0.16047369 
704 299 11 15 0.15939017 
304 150 7 9 0.15925626 
759 152 7 9 0.15818222 
857 219 10 12 0.15517487 
303 166 9 12 0.15441391 
351 198 10 13 0.1516529 
238 142 10 13 0.15055028 
263 189 9 11 0.14927 
48 172 7 10 0.14659569 
445 176 9 11 0.14585379 
776 205 11 13 0.14303543 
601 183 8 11 0.14179325 
124 253 11 14 0.13802141 
323 190 12 14 0.13639349 
601 205 9 12 0.13425143 
914 213 9 10 0.1333198 
777 174 7 10 0.13294572 
424 160 8 10 0.13132012 
141 157 8 11 0.13103065 
526 174 9 11 0.13071837 
832 267 13 18 0.13008091 
164 166 9 11 0.12720901 
329 166 9 11 0.12599649 
301 214 10 13 0.12526971 
494 174 9 10 0.12510362 
709 199 8 10 0.12398051 
41 185 8 11 0.123602256 
587 135 6 9 0.121970035 
457 190 10 13 0.11952034 
809 246 8 12 0.118840486 
672 218 11 13 0.11698153 
855 196 9 11 0.11604666 
928 268 10 12 0.11556545 
758 168 7 9 0.114600986 
144 188 10 15 0.11284606 
414 163 9 12 0.11237956 
499 258 13 17 0.11166548 
271 196 9 12 0.11140544 
278 292 13 16 0.111124516 
253 206 10 12 0.110379346 
186 150 8 12 0.10894995 
914 258 11 15 0.10849454 
488 167 7 10 0.10802821 
701 374 24 29 0.1071679 
564 294 21 28 0.106704 
469 237 11 15 0.10628693 
813 248 9 11 0.10470632 
841 199 8 10 0.10413328 
287 156 8 11 0.10316153 
529 213 9 12 0.1026413 
557 166 8 11 0.10080136 
726 203 9 12 0.10079267 
707 294 12 15 0.100297794 
200 203 11 13 0.099808104 
503 173 8 11 0.09976423 
489 175 9 11 0.09897108 
420 176 10 12 0.09751718 
1012 257 12 19 0.096610196 
442 187 9 12 0.09651105 
745 184 8 10 0.09547698 
736 157 7 9 0.094272114 
478 237 12 16 0.09339652 
893 283 13 18 0.093394086 
485 243 10 12 0.09229058 
240 130 7 9 0.091935284 
820 283 10 13 0.09189493 
771 159 7 10 0.09157268 
777 268 14 18 0.09154985 
113 163 10 12 0.08969052 
214 152 7 10 0.08966226 
255 175 8 11 0.088881634 
190 158 8 12 0.08845205 
680 226 11 14 0.08776058 
742 209 8 10 0.08759825 
355 283 15 20 0.0871172 
536 146 7 9 0.086377986 
498 128 5 7 0.085719615 
259 276 15 18 0.0850636 
281 156 8 11 0.08362792 
936 254 10 13 0.08353104 
267 238 10 13 0.08288252 
278 329 14 18 0.08262362 
321 202 11 14 0.082386054 
646 141 7 9 0.082006775 
196 192 13 16 0.08143267 
287 202 11 13 0.08099302 
717 262 12 15 0.080328114 
424 311 16 20 0.07977733 
430 204 8 10 0.07946715 
871 255 11 13 0.07880882 
255 180 10 13 0.0785049 
888 294 10 14 0.077896975 
199 286 19 26 0.07748654 
427 220 12 14 0.077084094 
711 221 10 12 0.07686283 
902 238 11 13 0.07637621 
327 171 9 12 0.07573906 
520 250 10 14 0.07481244 
912 209 9 10 0.07446019 
640 207 11 14 0.07363272 
305 146 6 9 0.07359502 
894 253 11 14 0.07296229 
192 163 9 12 0.0728803 
247 160 9 11 0.07264177 
604 200 10 12 0.072131746 
534 181 8 10 0.07147084 
365 245 12 14 0.070615 
134 173 10 11 0.07036774 
953 241 12 16 0.070171006 
923 252 10 13 0.06969882 
999 160 7 8 0.06806605 
236 274 12 15 0.06759085 
721 207 9 10 0.067536876 
851 352 14 18 0.06733523 
630 258 16 21 0.06682095 
310 167 10 13 0.066280425 
692 243 11 13 0.065969974 
425 227 15 18 0.065603234 
832 198 8 10 0.065597445 
142 194 11 15 0.06527324 
660 250 12 16 0.065039836 
655 171 9 12 0.06450724 
997 229 11 14 0.064284585 
751 220 9 11 0.06424116 
78 237 9 12 0.063457385 
303 160 8 9 0.06302092 
236 205 11 14 0.06287212 
891 291 13 17 0.062647805 
573 191 9 10 0.062304452 
514 332 13 18 0.0620076 
936 261 9 12 0.061866943 
736 228 9 12 0.06150656 
846 236 8 11 0.061449915 
257 211 12 15 0.0609397 
594 291 13 22 0.060481843 
312 190 8 11 0.060452398 
209 152 7 12 0.06020287 
357 197 9 12 0.059788555 
887 236 9 12 0.059654564 
263 183 9 12 0.058761176 
110 174 9 11 0.058605574 
510 253 9 13 0.058465563 
414 302 14 18 0.057928525 
750 191 8 9 0.057763424 
639 235 12 14 0.05745767 
476 192 8 10 0.057296958 
243 171 11 14 0.056848172 
385 356 16 18 0.05670299 
284 290 15 19 0.056700747 
925 232 9 12 0.056510836 
754 198 8 11 0.05650448 
367 205 9 11 0.05639864 
752 207 8 10 0.056275763 
729 282 21 27 0.056261368 
502 168 8 11 0.056241885 
326 159 8 10 0.05536982 
264 196 10 12 0.055246055 
294 309 11 14 0.054927763 
531 266 12 17 0.054900806 
481 181 8 10 0.05434289 
205 270 10 16 0.05405968 
239 133 9 11 0.05386563 
269 206 11 14 0.05373853 
737 207 8 11 0.053696137 
361 243 10 15 0.053552635 
926 262 9 12 0.053373124 
454 181 9 11 0.053267512 
441 168 7 9 0.053255543 
845 204 9 12 0.05257016 
254 198 10 13 0.052271858 
559 141 7 9 0.05224887 
630 204 11 13 0.052166052 
497 152 9 11 0.05210769 
705 191 8 10 0.052059032 
615 183 8 10 0.051974025 
845 199 8 11 0.051688448 
296 152 7 9 0.051488098 
364 172 9 12 0.051424973 
499 221 9 12 0.051323127 
366 345 23 24 0.05124881 
808 240 7 10 0.05118963 
440 213 11 15 0.05074483 
900 244 11 13 0.050744325 
143 181 11 15 0.05030885 
212 296 14 19 0.05027339 
320 172 9 12 0.050251924 
232 276 10 14 0.05013875 
806 297 12 18 0.05003351 
588 284 12 19 0.049961284 
1014 198 8 12 0.049741935 
704 183 8 10 0.049466837 
462 194 10 12 0.049333934 
605 175 9 10 0.049162854 
521 240 11 15 0.049155775 
188 231 14 17 0.049040023 
422 163 9 10 0.048993282 
551 246 10 13 0.048990685 
348 388 22 28 0.04898173 
285 233 15 17 0.048484553 
312 197 10 13 0.0484625 
758 213 8 11 0.048411712 
97 169 8 11 0.04840096 
284 298 14 20 0.048133455 
630 199 10 12 0.04808572 
583 291 15 23 0.0478404 
413 293 15 17 0.047826316 
949 259 9 12 0.047785163 
577 251 10 12 0.047475424 
258 189 9 11 0.047023293 
711 176 8 9 0.047016434 
743 286 12 15 0.046954047 
527 207 8 10 0.046906848 
749 184 8 9 0.046829928 
259 230 14 16 0.04631417 
904 141 11 14 0.046275157 
1015 157 7 11 0.046130314 
747 292 12 16 0.046091545 
410 165 8 11 0.04598485 
611 369 15 22 0.045878086 
738 212 9 11 0.045559965 
965 264 9 12 0.045549683 
496 168 8 10 0.045529544 
749 297 14 18 0.0453421 
424 215 10 14 0.045196358 
320 184 10 11 0.045001388 
558 251 10 12 0.04435978 
733 198 7 10 0.044322863 
895 245 11 13 0.04424617 
894 239 10 12 0.044223964 
322 242 15 18 0.04367979 
909 230 9 12 0.043357197 
462 174 7 10 0.04319566 
919 247 11 14 0.043141183 
704 291 20 24 0.043060966 
200 163 10 12 0.042926 
776 167 8 11 0.04289301 
606 183 9 10 0.042879105 
686 223 7 11 0.042794272 
844 336 14 18 0.042764965 
916 264 13 16 0.042734485 
295 158 8 10 0.042235635 
926 248 10 12 0.04219536 
270 254 13 17 0.042048585 
464 233 11 14 0.041692812 
592 238 9 12 0.041680615 
550 151 8 10 0.041319873 
711 206 9 10 0.041291915 
384 170 10 12 0.041131143 
290 229 15 18 0.040989455 
785 306 22 28 0.040975224 
572 224 11 14 0.040851507 
323 373 17 20 0.040576603 
270 314 20 27 0.04022695 
861 160 7 9 0.04005467 
791 228 10 12 0.0400508 
439 254 11 16 0.03982417 
362 388 27 35 0.039813302 
629 211 11 14 0.0395229 
305 171 9 13 0.039449636 
731 273 14 17 0.039316345 
295 219 12 14 0.03927275 
432 327 23 29 0.039031733 
109 229 12 14 0.03882176 
277 197 11 14 0.03881669 
877 257 11 12 0.038749892 
873 196 8 11 0.03868844 
329 245 15 18 0.038614944 
148 182 11 14 0.038467377 
1008 265 12 17 0.03845607 
278 237 10 12 0.03818337 
933 230 12 13 0.038060207 
582 246 10 13 0.037953943 
421 187 10 11 0.03791295 
213 156 8 12 0.037872873 
318 166 9 13 0.03784067 
841 228 9 13 0.037732076 
698 229 9 12 0.037634775 
361 161 9 11 0.03759341 
532 176 8 10 0.03758455 
708 341 14 16 0.037521575 
309 182 9 11 0.03748947 
368 151 7 10 0.037391827 
495 255 11 14 0.03726047 
861 197 8 11 0.037255764 
415 243 10 14 0.037198577 
378 174 11 13 0.037167743 
456 174 9 11 0.036930732 
414 215 10 13 0.03668415 
837 262 13 17 0.036662526 
825 237 9 10 0.036453415 
135 167 11 12 0.036375534 
233 143 8 11 0.036220726 
408 298 12 16 0.03619882 
860 350 12 19 0.036187395 
763 255 14 20 0.036033597 
320 358 25 29 0.036029134 
235 194 12 14 0.035992123 
551 322 17 20 0.035974592 
254 270 11 15 0.035846803 
531 244 9 13 0.035809044 
310 144 7 10 0.035790376 
376 190 10 12 0.0355982 
709 192 8 10 0.035583436 
705 203 9 11 0.03545894 
704 176 8 10 0.035447255 
184 181 11 15 0.035171226 
869 306 13 18 0.035039622 
408 220 11 15 0.034984432 
934 247 10 13 0.03494826 
163 171 13 15 0.034684893 
755 152 7 10 0.03446686 
286 282 21 25 0.034443256 
622 251 13 18 0.03432488 
625 192 7 10 0.034246616 
927 274 11 16 0.034229778 
900 212 9 13 0.03420356 
313 158 9 10 0.034114014 
695 238 11 14 0.034090925 
544 150 7 10 0.033941388 
981 235 10 14 0.033591904 
311 365 10 15 0.033585805 
757 206 9 11 0.033309363 
346 203 9 12 0.03306122 
735 192 7 10 0.033052355 
800 246 9 12 0.032965973 
531 149 8 10 0.032916978 
729 301 16 20 0.0328693 
903 208 8 11 0.032758515 
496 134 7 9 0.032677982 
591 244 9 12 0.03260207 
15 213 10 12 0.03251278 
569 168 10 13 0.032364335 
845 230 10 13 0.032223683 
135 189 12 14 0.032111246 
537 221 10 13 0.032097533 
887 207 9 12 0.03200359 
174 183 11 15 0.03198489 
899 251 13 16 0.03192456 
573 244 11 14 0.0318815 
430 143 8 10 0.031866256 
902 222 10 12 0.03184186 
109 223 10 12 0.031830113 
998 224 9 12 0.031804778 
616 230 9 12 0.03172195 
633 182 9 11 0.0316863 
489 217 19 21 0.031466313 
716 276 14 17 0.031421274 
488 215 12 15 0.031413563 
887 255 10 13 0.031342812 
462 181 8 11 0.030838106 
961 268 11 14 0.030819898 
565 239 13 17 0.030818261 
821 300 13 16 0.030806962 
654 293 16 20 0.030797694 
865 265 13 16 0.03070187 
835 316 14 17 0.030647434 
238 180 10 14 0.030638238 
836 331 16 20 0.030545006 
332 197 10 13 0.030530792 
691 422 13 17 0.030469967 
53 176 9 10 0.030409096 
770 174 8 10 0.030400705 
701 235 10 13 0.03038937 
465 346 18 21 0.030373083 
654 221 11 13 0.030288154 
444 259 10 15 0.030212393 
373 205 10 12 0.030155206 
883 229 11 15 0.030149313 
298 280 19 26 0.03010672 
534 206 9 12 0.030073717 
810 298 15 18 0.02995976 
309 220 10 13 0.02990099 
193 268 14 18 0.029869206 
910 222 10 12 0.02979827 
558 243 10 15 0.029621623 
11 177 11 13 0.029595384 
523 167 8 10 0.029492997 
556 174 10 12 0.029481344 
477 195 9 12 0.02947824 
321 153 7 10 0.029449517 
848 190 9 11 0.029436763 
310 151 8 9 0.029393315 
975 268 13 16 0.029280966 
752 236 12 15 0.029218586 
518 187 10 12 0.02920571 
215 240 14 20 0.029010283 
694 143 8 11 0.029004028 
919 192 8 9 0.028949328 
494 196 9 12 0.02889395 
740 239 11 14 0.028872056 
195 279 19 26 0.0288275 
372 365 24 32 0.028711775 
426 300 15 21 0.028618397 
428 158 8 10 0.02860153 
102 168 8 11 0.028585183 
462 142 8 9 0.028458845 
704 346 14 15 0.028287318 
387 179 11 12 0.028286071 
780 199 10 12 0.028251452 
627 243 14 16 0.028176503 
750 228 13 15 0.028110018 
559 160 9 10 0.028067522 
409 215 9 13 0.02801775 
425 204 9 11 0.027958414 
766 215 8 9 0.027860474 
861 312 12 18 0.027810613 
771 246 10 14 0.02777945 
805 308 14 24 0.02772729 
837 324 14 17 0.027671907 
382 196 9 11 0.027651923 
841 237 9 11 0.02765015 
915 247 20 24 0.02739598 
686 236 10 15 0.027367158 
78 192 7 9 0.027215077 
842 288 19 24 0.0271243 
375 197 9 11 0.02699363 
309 247 14 20 0.026982188 
420 240 12 17 0.026971458 
963 232 13 16 0.026887376 
776 280 17 19 0.026881637 
567 182 8 10 0.026802842 
958 274 11 15 0.026721098 
693 343 10 12 0.026650475 
411 246 23 28 0.026635267 
297 166 9 12 0.026622301 
525 179 10 12 0.026573254 
481 160 7 9 0.026515847 
751 244 12 14 0.026495157 
505 333 12 15 0.026446614 
604 373 22 29 0.026362494 
752 174 7 9 0.026326455 
656 229 9 12 0.02631782 
232 148 9 11 0.026173387 
548 251 11 14 0.026035728 
137 197 11 13 0.025956832 
630 237 12 15 0.025849996 
374 350 24 26 0.02583555 
547 215 12 14 0.025832508 
702 166 7 9 0.025821885 
360 203 10 12 0.025800738 
472 132 8 9 0.025614021 
911 236 9 12 0.025600635 
814 321 16 20 0.025328035 
376 297 11 16 0.025275333 
689 126 8 10 0.025273254 
462 214 9 11 0.025211433 
1006 235 21 27 0.025174836 
698 159 8 10 0.02515055 
713 214 10 13 0.024940554 
757 275 12 16 0.024939 
574 196 8 10 0.024888184 
836 270 14 19 0.024834769 
560 237 11 15 0.024817226 
361 282 16 22 0.024801014 
843 370 16 20 0.02479802 
958 206 10 11 0.02478911 
1002 227 12 15 0.024787737 
512 176 10 13 0.024785757 
678 233 13 17 0.024707109 
119 248 20 24 0.024700953 
960 263 9 11 0.024699938 
926 199 9 11 0.024582677 
112 213 11 12 0.024570642 
541 216 18 22 0.024557406 
797 298 14 22 0.024548858 
325 153 8 9 0.024539473 
22 215 8 11 0.024460554 
823 221 9 10 0.024452224 
743 222 10 12 0.024446458 
840 224 9 11 0.024345674 
738 297 15 19 0.024341285 
981 261 11 14 0.024332047 
689 148 9 10 0.024313455 
311 231 12 16 0.024288688 
244 189 11 12 0.02426923 
117 233 11 15 0.024238402 
872 214 9 10 0.024208928 
686 368 42 47 0.024195358 
55 199 10 12 0.0241865 
197 176 12 14 0.024175923 
701 299 20 26 0.024096796 
141 174 9 12 0.024062308 
409 173 9 12 0.024062073 
754 157 7 8 0.024044745 
120 258 13 18 0.02400545 
159 187 15 19 0.023951791 
359 160 17 24 0.02391333 
820 306 13 19 0.023901997 
324 228 13 17 0.023890303 
566 225 18 23 0.023820974 
783 142 7 10 0.023811314 
829 251 10 14 0.023721296 
566 307 21 31 0.023696966 
183 102 10 13 0.023668692 
757 172 8 10 0.023636851 
73 192 7 9 0.023611048 
351 215 10 13 0.023564933 
332 173 10 13 0.023564665 
836 296 14 19 0.023479216 
871 247 11 14 0.023477599 
926 283 11 15 0.023460964 
488 193 11 13 0.023437718 
268 166 8 11 0.02341874 
816 213 7 9 0.023383668 
4 181 9 13 0.023380503 
284 370 12 18 0.02335439 
239 161 18 24 0.023339963 
788 267 12 16 0.02322829 
845 251 11 15 0.023145432 
181 175 11 13 0.023139248 
500 215 10 12 0.023124116 
568 190 9 11 0.02311913 
625 196 9 12 0.023110365 
725 285 15 21 0.023099188 
637 199 9 11 0.023094643 
329 291 22 27 0.023047129 
727 270 12 15 0.023010656 
614 118 199 216 0.022989696 
310 393 14 17 0.02297705 
721 200 10 10 0.022957811 
294 205 9 12 0.022956217 
884 302 14 20 0.022946779 
554 142 7 9 0.02291783 
630 159 7 10 0.02290317 
318 222 11 14 0.02288838 
788 351 25 30 0.022860374 
526 161 9 11 0.022838917 
455 214 9 12 0.022831969 
629 219 11 13 0.022739705 
464 240 12 16 0.022613822 
139 287 22 28 0.022561314 
759 156 7 10 0.022540769 
792 246 9 12 0.022485586 
798 314 15 24 0.022477604 
634 233 20 24 0.022460965 
161 248 15 18 0.022438185 
381 187 11 14 0.022423286 
248 198 10 12 0.022422383 
829 238 9 10 0.022379521 
662 213 11 14 0.022366006 
495 205 10 14 0.022333566 
630 190 9 11 0.022320602 
462 207 8 10 0.022295373 
994 160 8 9 0.022227112 
756 233 19 22 0.022209143 
698 360 26 28 0.02218154 
14 197 10 12 0.022179516 
325 182 10 13 0.022175293 
741 227 11 13 0.022165887 
241 161 8 10 0.022089977 
96 212 8 11 0.022088094 
109 179 9 11 0.022073623 
209 144 7 10 0.022062192 
321 66 198 223 0.02205312 
625 213 9 12 0.022001335 
123 264 15 17 0.021997143 
727 237 11 14 0.021986865 
877 192 8 10 0.021965673 
290 298 13 18 0.021915872 
722 159 6 9 0.021900779 
734 238 12 15 0.021872656 
941 236 12 14 0.02184636 
519 209 10 13 0.021808906 
837 251 12 15 0.021727907 
468 237 19 24 0.021725612 
672 175 8 10 0.021714095 
253 200 19 24 0.021630855 
728 193 10 13 0.021625398 
238 259 12 15 0.021622129 
851 338 14 19 0.021484978 
190 281 15 20 0.021454342 
317 371 15 17 0.021264097 
649 173 9 11 0.021155654 
992 234 11 15 0.021144876 
282 447 32 39 0.021120315 
846 347 15 20 0.021118872 
486 184 18 23 0.021077327 
190 219 13 17 0.021027764 
436 235 11 15 0.020969843 
514 175 18 22 0.02088699 
502 236 12 15 0.020827364 
605 188 10 13 0.020776425 
764 231 10 13 0.02077497 
895 209 10 11 0.020760627 
975 236 10 13 0.02072132 
805 285 10 14 0.020692661 
853 182 9 10 0.020622555 
799 292 13 18 0.020600704 
214 163 9 13 0.020590574 
410 238 9 13 0.020565176 
190 205 11 14 0.020552488 
513 199 10 13 0.020523975 
893 190 8 10 0.02047746 
990 275 13 16 0.02047472 
438 244 10 14 0.020455847 
117 211 10 12 0.020380154 
830 216 10 11 0.020292666 
380 171 17 22 0.020204416 
445 197 9 11 0.020196246 
381 206 11 14 0.020153908 
642 241 13 17 0.020141657 
717 213 10 12 0.020120408 
694 223 9 11 0.020082248 
741 288 20 25 0.020056216 
271 161 9 11 0.020018725 
