11_Meeting_Meeting_11_Meeting_Meeting_11_385
201
943 248 49 83 0.9994116 
830 90 25 34 0.9971276 
160 209 29 47 0.99567837 
771 216 39 44 0.9925148 
656 161 24 30 0.9885289 
834 219 37 41 0.987833 
711 170 24 35 0.98306435 
281 180 23 33 0.97563964 
432 102 9 12 0.9571606 
361 153 15 21 0.9546082 
772 146 13 16 0.9339284 
802 175 25 36 0.9213404 
37 263 49 71 0.9191207 
911 162 14 18 0.9009107 
288 172 23 30 0.88324773 
384 148 13 17 0.87887573 
69 226 40 54 0.83771574 
600 147 11 14 0.8341818 
758 145 12 17 0.80440956 
959 164 17 19 0.8007927 
297 168 20 26 0.79968226 
705 111 10 14 0.7991834 
620 146 13 17 0.72186875 
737 100 8 12 0.68513906 
575 107 9 12 0.6425836 
791 136 10 14 0.64182067 
661 134 13 17 0.60253507 
454 146 9 13 0.5974288 
885 178 15 19 0.51923746 
644 158 13 18 0.49004096 
550 106 10 13 0.39208838 
583 150 9 12 0.3824142 
591 169 10 14 0.3525186 
971 162 14 17 0.3255616 
324 197 17 22 0.29416218 
307 112 17 21 0.27528545 
788 168 15 18 0.2565937 
868 216 34 41 0.23673622 
826 210 24 37 0.23407727 
525 103 8 12 0.21007897 
654 140 13 17 0.20334522 
565 184 9 12 0.2022445 
736 138 10 14 0.20112593 
795 164 15 19 0.19679901 
514 114 13 17 0.19306262 
812 118 16 23 0.18023999 
817 376 62 49 0.17684379 
715 161 19 26 0.17187314 
761 222 31 37 0.16979164 
1008 172 13 20 0.16490825 
645 149 13 17 0.16031857 
434 174 9 12 0.15329519 
518 108 12 15 0.14613757 
792 168 23 28 0.14072484 
662 130 9 11 0.1396798 
616 144 12 15 0.13770938 
738 179 12 16 0.13619328 
376 169 13 17 0.1351768 
196 263 29 33 0.13129023 
784 606 80 63 0.13001397 
649 153 21 27 0.12510823 
53 237 49 70 0.113877155 
575 180 10 12 0.11274406 
711 132 11 14 0.10899172 
594 137 8 10 0.10453631 
753 224 25 32 0.104425 
313 95 9 11 0.100288115 
418 23 23 27 0.09446528 
815 181 27 31 0.09100954 
710 140 13 15 0.08835648 
714 109 9 12 0.08596371 
438 169 9 11 0.07960963 
629 143 9 13 0.07626029 
370 18 26 27 0.07531101 
315 119 13 17 0.074379 
788 178 27 31 0.07284184 
491 181 11 13 0.07109327 
578 150 9 11 0.070429325 
648 143 12 16 0.0695018 
764 143 16 22 0.068181455 
741 141 11 15 0.0677336 
570 109 8 12 0.06536234 
593 165 13 16 0.06459049 
583 174 9 11 0.06393039 
407 176 10 12 0.06334314 
653 144 23 28 0.06315721 
400 180 12 13 0.062014695 
580 179 10 13 0.060497493 
556 108 11 13 0.05849866 
511 110 12 15 0.05781891 
310 101 13 16 0.057434224 
809 118 12 16 0.055774026 
810 112 9 11 0.055507638 
609 209 15 18 0.053901628 
606 165 12 16 0.050789196 
802 119 21 28 0.05029433 
324 190 14 19 0.048930436 
503 103 9 12 0.04749218 
504 115 10 14 0.047465976 
593 141 10 13 0.047313165 
557 102 11 13 0.04616361 
28 0 13 11 0.04595142 
751 143 11 14 0.043688845 
560 203 8 11 0.041925102 
304 108 14 19 0.040805794 
293 343 54 92 0.040061366 
819 583 116 105 0.039721765 
710 146 15 18 0.039521184 
512 120 11 14 0.039325584 
181 265 41 52 0.038330708 
603 154 13 16 0.038323298 
789 136 18 21 0.037999097 
801 163 17 23 0.037859723 
412 175 9 12 0.037805773 
451 143 9 13 0.037742715 
581 190 13 15 0.037716147 
437 215 10 14 0.037549548 
559 197 11 14 0.0375245 
589 93 9 11 0.036700305 
454 241 330 423 0.036177564 
314 108 14 20 0.03609534 
783 176 16 21 0.035737026 
587 194 15 16 0.03532496 
759 295 36 37 0.033762086 
388 189 13 13 0.03317062 
709 156 17 21 0.033125423 
525 112 12 19 0.032298375 
432 178 9 11 0.032230277 
990 189 15 19 0.0304806 
349 306 28 33 0.030229691 
737 162 14 17 0.03014831 
904 207 26 33 0.02959044 
559 97 9 11 0.029358353 
547 103 9 13 0.02900239 
560 128 10 12 0.028967965 
354 28 12 16 0.028900862 
853 246 28 33 0.028884625 
322 15 26 27 0.028738895 
878 584 62 83 0.028582763 
933 181 12 16 0.02839959 
702 121 11 14 0.027879244 
809 78 9 10 0.027421216 
1013 167 11 18 0.027336577 
599 212 14 16 0.027196413 
981 189 26 29 0.027125817 
551 190 9 13 0.027112441 
791 113 9 12 0.027021458 
504 109 10 14 0.026849885 
698 115 11 15 0.026418993 
826 201 18 28 0.026402747 
429 98 16 21 0.026023868 
28 352 45 65 0.025759064 
305 103 11 15 0.025357412 
559 180 18 22 0.025322234 
584 145 10 12 0.025136225 
568 115 9 12 0.02511595 
575 82 97 118 0.024982424 
189 248 26 33 0.02496301 
47 13 11 12 0.02494924 
664 138 13 17 0.024671424 
885 157 9 13 0.024382746 
800 124 12 14 0.02438017 
459 149 9 12 0.024078902 
390 171 12 14 0.024076575 
315 410 15 21 0.023791041 
11 0 14 12 0.023639057 
628 164 13 17 0.023446744 
369 155 14 18 0.023414884 
518 103 19 26 0.023347747 
697 125 10 13 0.023135288 
404 187 12 14 0.02311829 
437 148 11 14 0.022946646 
188 248 15 19 0.022921823 
498 115 11 15 0.022595467 
511 103 11 14 0.022234688 
575 187 11 14 0.022139393 
449 143 19 23 0.022095991 
580 104 9 11 0.022085322 
821 213 17 25 0.021777812 
396 185 14 15 0.021723045 
498 103 8 12 0.021694176 
551 126 8 11 0.021605527 
329 193 24 27 0.021594414 
204 252 15 20 0.021406993 
571 104 19 24 0.021336589 
374 233 13 17 0.021316225 
424 182 8 10 0.021238972 
589 157 12 14 0.021228766 
607 200 11 14 0.021190567 
825 169 28 33 0.02103008 
527 120 11 15 0.020991288 
854 231 34 35 0.020922888 
661 274 13 21 0.020837553 
438 158 10 12 0.020732388 
816 101 9 13 0.020583928 
929 609 34 57 0.020515501 
701 138 13 16 0.020388596 
188 231 14 22 0.020332485 
598 140 18 23 0.020237988 
723 173 21 28 0.02007191 
851 257 25 36 0.020017948 
