11_Meeting_Meeting_11_Meeting_Meeting_11_375
29
467 170 110 151 0.99950576 
226 168 97 125 0.99936944 
769 129 104 172 0.99878865 
78 205 70 88 0.9917812 
407 130 61 118 0.79220515 
349 466 42 54 0.65596515 
437 148 77 130 0.329459 
70 394 141 109 0.15366818 
88 407 35 36 0.1192926 
842 189 121 172 0.109571114 
796 166 118 160 0.07108085 
21 354 214 184 0.060352046 
707 135 107 148 0.04030699 
78 200 39 62 0.036790192 
473 649 34 42 0.034398872 
393 108 57 106 0.03252115 
223 334 49 66 0.03110379 
402 676 18 22 0.030556673 
112 226 59 68 0.027343558 
366 131 83 129 0.025194073 
775 214 132 191 0.024790663 
123 180 85 115 0.0233793 
176 175 94 125 0.023060171 
110 403 385 498 0.021900764 
1002 603 21 39 0.021834763 
144 414 114 115 0.021156147 
900 283 63 89 0.020326378 
241 443 58 66 0.020221392 
666 123 372 418 0.020130131 
