15_Stock_Market_Stock_Market_15_542
19
482 301 34 44 0.99972194 
617 281 34 44 0.99966204 
223 276 31 39 0.9996263 
381 273 33 42 0.99894136 
284 317 34 44 0.9981452 
877 250 47 56 0.99704105 
141 280 33 39 0.9949675 
766 236 39 47 0.9847741 
350 261 14 17 0.04236191 
178 321 25 33 0.0351296 
716 232 11 13 0.027581014 
267 491 47 28 0.024984831 
347 236 10 12 0.024005115 
680 214 10 12 0.02277199 
740 276 13 14 0.021940738 
142 194 12 14 0.021692824 
613 423 11 13 0.020305082 
908 215 30 35 0.020256082 
19 3 169 224 0.020193039 
