15_Stock_Market_Stock_Market_15_102
62
283 399 76 108 0.9845106 
912 117 21 27 0.2680207 
202 -24 420 544 0.16832931 
986 76 22 28 0.16306445 
304 365 103 133 0.10857754 
377 491 30 38 0.09659758 
859 436 17 21 0.09466275 
886 253 23 31 0.07609289 
877 298 16 21 0.07306032 
275 434 59 90 0.059456587 
126 79 14 18 0.058890566 
47 114 32 35 0.05667809 
960 14 26 32 0.05537744 
882 341 14 17 0.054484982 
989 260 25 32 0.05420753 
947 295 24 31 0.053319167 
380 149 20 26 0.052533537 
47 139 38 41 0.052030273 
884 253 16 20 0.04880119 
921 119 18 22 0.047543716 
119 158 31 37 0.046391368 
223 199 206 297 0.04572244 
930 122 15 19 0.04567428 
876 335 23 31 0.044503056 
37 190 28 32 0.041596938 
135 500 38 43 0.03588388 
33 80 396 548 0.035867613 
8 394 29 35 0.035696477 
339 351 109 129 0.035420857 
867 430 13 15 0.03531366 
879 297 26 31 0.034713436 
0 457 38 61 0.034505393 
890 304 13 17 0.032962386 
102 284 29 32 0.03195424 
77 490 34 42 0.03194912 
861 429 24 33 0.031702574 
865 423 9 11 0.031537343 
617 182 15 19 0.03022437 
135 158 29 35 0.029860893 
853 627 11 14 0.02960389 
43 151 27 32 0.028366543 
109 204 25 30 0.02792449 
577 443 13 15 0.027869115 
1 610 16 24 0.027212217 
541 571 13 16 0.026834875 
700 191 14 18 0.026459504 
654 274 14 19 0.026151877 
37 617 38 40 0.025409117 
879 335 12 15 0.025073476 
318 211 359 470 0.02482626 
932 393 15 19 0.023278406 
831 642 12 14 0.02320971 
123 120 26 30 0.022181839 
684 192 13 17 0.02204547 
31 272 24 29 0.021900846 
123 247 26 29 0.021672353 
898 301 26 35 0.021103885 
603 182 13 17 0.021088632 
969 19 15 20 0.02094182 
913 67 26 34 0.020906717 
823 651 27 34 0.020601477 
539 174 15 19 0.020080851 
