16_Award_Ceremony_Awards_Ceremony_16_589
52
458 52 100 204 0.99129593 
722 891 232 584 0.78491884 
102 719 232 648 0.71599656 
8 166 228 648 0.5461031 
329 100 246 638 0.5 
399 727 200 620 0.4310897 
315 612 232 620 0.4310897 
465 928 232 718 0.28400344 
274 165 183 504 0.18550259 
772 1031 134 398 0.13594593 
583 325 132 410 0.12544508 
21 34 75 201 0.109639935 
466 638 209 620 0.09015675 
351 367 253 658 0.05874174 
645 253 191 602 0.05874174 
862 775 61 163 0.056098126 
467 190 215 551 0.053832818 
10 309 134 410 0.053832818 
544 581 203 602 0.053832814 
178 62 212 638 0.04931264 
355 790 136 410 0.04931264 
655 919 194 576 0.045153886 
289 361 7 19 0.04229837 
678 640 186 576 0.04133062 
351 247 153 375 0.03781825 
196 820 218 602 0.03781825 
698 39 44 114 0.036325652 
388 321 74 175 0.036325652 
419 506 55 148 0.033269096 
152 919 28 64 0.033269096 
223 245 53 138 0.030461596 
274 33 47 129 0.030461596 
271 350 25 72 0.030461596 
851 88 54 145 0.030461596 
256 388 34 86 0.030461596 
7 1032 8 22 0.030282615 
37 293 14 35 0.030282615 
-6 665 228 593 0.028921604 
15 258 8 25 0.027838783 
309 698 136 416 0.02643471 
728 340 112 349 0.026434705 
218 840 8 20 0.02558696 
661 1149 5 14 0.02558696 
9 453 56 172 0.025519116 
852 1041 7 19 0.02351288 
0 616 5 19 0.02351288 
16 300 7 19 0.02351288 
0 263 8 24 0.02351288 
240 272 30 80 0.023349825 
12 754 69 184 0.023349825 
663 323 107 422 0.022069868 
422 880 114 416 0.022069868 
