16_Award_Ceremony_Awards_Ceremony_16_311
34
422 98 146 301 0.99776876 
708 1054 149 410 0.73441863 
410 486 203 567 0.52310073 
467 636 269 638 0.4310897 
-13 783 225 527 0.32305852 
361 1175 70 163 0.16258557 
600 971 235 611 0.14717786 
366 211 188 504 0.14717786 
27 581 225 567 0.06984133 
277 1022 188 504 0.06984133 
368 145 56 166 0.06111947 
738 33 58 169 0.06111947 
517 408 277 697 0.058741733 
60 933 239 475 0.053832818 
345 1105 106 288 0.053832814 
907 1234 86 107 0.051466707 
852 236 242 620 0.04931264 
291 343 265 576 0.04931264 
961 490 71 277 0.04326818 
726 1103 92 250 0.04326818 
-45 -5 209 519 0.03781825 
229 590 273 697 0.03781825 
134 -30 222 567 0.03781825 
852 1155 117 267 0.034593605 
188 1170 73 181 0.033269096 
177 972 209 489 0.03163486 
361 57 151 429 0.028921604 
339 319 140 348 0.028921604 
390 139 97 230 0.027884193 
656 406 119 288 0.026434705 
870 716 62 163 0.025519116 
783 522 107 338 0.022069868 
369 1196 39 105 0.021360898 
759 1066 180 448 0.020159906 
