16_Award_Ceremony_Awards_Ceremony_16_524
39
440 289 100 134 0.9993876 
842 323 86 125 0.99902797 
97 140 197 265 0.8280645 
60 -43 269 312 0.6769414 
175 312 124 132 0.65639776 
230 151 277 321 0.6135702 
565 -73 265 298 0.52310073 
413 -52 212 265 0.24794048 
306 1 142 173 0.24794048 
480 2 128 168 0.2150812 
741 320 79 85 0.2032784 
-59 -32 225 254 0.18550259 
569 379 215 277 0.15916686 
784 303 89 112 0.13594593 
848 17 111 123 0.12544508 
827 -18 175 225 0.09803478 
669 49 212 290 0.076092646 
300 392 191 254 0.06984133 
-7 18 136 160 0.05874174 
638 2 146 183 0.05874174 
219 342 124 130 0.053832818 
170 -5 302 346 0.04931264 
811 473 175 232 0.04931264 
745 275 111 98 0.045153897 
701 364 67 92 0.04326818 
-10 176 222 261 0.04133061 
126 7 123 156 0.04133061 
369 351 188 261 0.03781825 
768 243 89 68 0.036325652 
127 233 83 135 0.036325652 
712 332 94 112 0.03163486 
197 289 206 222 0.03163486 
859 6 64 79 0.030461596 
902 358 59 86 0.030461596 
457 153 197 250 0.02643471 
835 16 61 85 0.025519116 
786 104 117 173 0.024156325 
641 318 188 216 0.022069868 
62 167 25 41 0.021360898 
