16_Award_Ceremony_Awards_Ceremony_16_226
64
202 87 55 89 0.9992494 
605 206 27 37 0.9973194 
791 420 183 281 0.93593204 
752 376 24 32 0.83741444 
729 40 265 361 0.7688974 
189 493 188 293 0.6769414 
632 117 235 350 0.56891036 
-19 17 188 311 0.45389688 
807 213 273 377 0.3436022 
401 85 246 311 0.2311026 
800 490 117 172 0.2311026 
361 420 121 186 0.2311026 
198 342 218 307 0.18550259 
709 468 218 345 0.18550259 
224 72 218 321 0.17193556 
427 479 228 321 0.17193556 
84 86 68 127 0.16258557 
46 459 235 361 0.15916686 
837 59 165 238 0.15916686 
60 42 117 203 0.14717786 
786 536 48 79 0.13928533 
796 521 68 107 0.12872262 
-63 533 246 302 0.115646794 
587 534 246 355 0.115646794 
530 245 200 330 0.09015675 
519 689 102 75 0.06111947 
347 8 200 311 0.05874174 
395 394 206 289 0.05874174 
435 183 126 206 0.058741733 
704 329 14 19 0.054176662 
264 180 222 298 0.04931264 
453 202 218 298 0.04931264 
209 75 85 140 0.04931264 
235 52 97 186 0.045153886 
830 0 35 34 0.04326818 
882 189 142 311 0.04133061 
487 239 107 191 0.03781825 
257 204 117 177 0.03781825 
965 177 57 119 0.036325652 
595 202 27 37 0.036325645 
708 78 170 257 0.034593605 
31 325 56 79 0.033269096 
571 692 82 63 0.033269096 
326 248 25 31 0.033269096 
342 306 206 316 0.03163486 
699 263 197 311 0.03163486 
235 185 26 41 0.030461604 
531 275 58 99 0.030461596 
261 528 74 109 0.030461596 
289 353 109 170 0.028921604 
648 -9 71 111 0.025519116 
347 387 55 75 0.025519116 
578 536 79 76 0.025519116 
172 392 59 104 0.025519116 
288 438 281 330 0.024156325 
673 217 153 197 0.024156325 
531 476 218 335 0.024156325 
557 300 37 48 0.023349825 
62 419 30 37 0.023349825 
985 651 40 79 0.023349825 
741 364 41 51 0.023349825 
590 201 19 29 0.021603195 
701 328 9 13 0.021603195 
509 82 206 261 0.0201599 
