16_Award_Ceremony_Awards_Ceremony_16_338
41
425 119 172 462 0.9872077 
71 546 232 730 0.96540636 
-35 679 242 699 0.59142894 
763 1034 215 668 0.4085711 
371 153 146 405 0.36474833 
156 743 175 621 0.24794048 
328 -37 277 810 0.19988178 
853 1190 132 435 0.18550259 
389 497 218 659 0.15916684 
726 405 225 688 0.115646794 
674 50 209 621 0.1065206 
450 954 246 688 0.1065206 
121 -71 232 688 0.1065206 
116 1116 293 659 0.09015675 
377 1134 246 659 0.08285364 
970 189 59 230 0.07880669 
886 175 100 306 0.076092646 
633 615 249 798 0.064067975 
229 909 242 719 0.05874174 
46 866 261 699 0.05874174 
312 322 225 699 0.05874174 
651 1115 249 585 0.04931264 
581 1280 239 612 0.045153897 
11 607 146 505 0.045153897 
475 587 209 639 0.045153886 
664 1370 136 370 0.034593605 
769 594 60 158 0.030461596 
868 945 62 204 0.030461596 
813 604 61 148 0.030461596 
777 23 239 699 0.028921604 
850 448 197 568 0.028921604 
726 527 57 158 0.027884185 
958 161 55 181 0.025519116 
554 512 206 630 0.024156325 
628 407 59 131 0.023349825 
932 181 68 208 0.023349825 
-15 339 232 741 0.022069868 
812 186 32 90 0.021360898 
614 483 54 140 0.021360898 
199 617 269 719 0.020159906 
1 1124 242 668 0.0201599 
