16_Award_Ceremony_Awards_Ceremony_16_467
28
351 278 222 600 0.9999652 
440 287 235 636 0.95484614 
739 940 232 665 0.8280645 
637 954 218 574 0.19988178 
567 384 228 600 0.18550259 
280 298 186 591 0.15916686 
357 549 242 675 0.13594593 
-16 1055 183 608 0.1254451 
527 30 8 25 0.11991897 
545 700 197 574 0.115646794 
669 417 119 358 0.1065206 
682 470 74 180 0.07880669 
166 208 225 618 0.053832818 
45 760 30 74 0.04326818 
-10 1166 104 368 0.04133061 
589 388 136 396 0.026434705 
707 33 8 25 0.02558696 
473 52 15 40 0.02558696 
964 770 26 70 0.025519116 
124 -1 246 582 0.024156325 
444 1396 71 154 0.023349825 
625 955 140 391 0.022069868 
285 1133 239 726 0.022069868 
8 741 222 645 0.022069868 
242 494 16 48 0.021603195 
468 -1 27 60 0.021360898 
460 516 242 655 0.020159906 
697 339 215 608 0.020159906 
