16_Award_Ceremony_Awards_Ceremony_16_752
59
686 163 61 85 0.9998542 
369 151 55 83 0.99982506 
135 127 64 106 0.99931467 
332 153 242 342 0.78491884 
846 456 191 308 0.65639776 
630 291 212 327 0.4310897 
671 0 253 327 0.43108967 
387 280 225 327 0.3647484 
380 52 200 304 0.30317584 
757 144 222 290 0.30317584 
163 109 75 141 0.2311026 
700 210 206 313 0.18550259 
227 304 228 322 0.15916684 
737 338 242 362 0.13594593 
87 482 218 332 0.13594593 
217 561 9 12 0.102797605 
521 382 228 362 0.09803478 
508 2 246 342 0.09803478 
195 380 19 30 0.09507551 
387 409 242 384 0.09015675 
114 16 228 278 0.08285364 
110 104 285 342 0.064067975 
704 364 116 210 0.053832818 
795 236 215 327 0.053832818 
574 553 197 308 0.053832818 
66 561 8 12 0.045951538 
615 182 197 295 0.045153897 
749 420 73 123 0.04326818 
0 -1 242 347 0.04133061 
777 -31 206 308 0.04133061 
889 565 7 10 0.038923774 
183 83 119 201 0.03781825 
395 72 123 178 0.03781825 
781 497 114 189 0.034593605 
20 226 246 347 0.034593605 
254 14 249 352 0.034593593 
458 100 30 37 0.033269096 
393 390 30 33 0.033269096 
194 149 38 66 0.033269096 
539 560 9 12 0.032933712 
122 343 212 322 0.03163486 
753 408 119 229 0.03163486 
306 384 69 75 0.030461596 
288 351 140 195 0.028921604 
451 497 261 384 0.028921604 
564 565 9 10 0.027838783 
322 282 5 8 0.027838783 
694 237 128 201 0.026434705 
442 170 225 347 0.026434705 
199 508 126 145 0.026434705 
390 363 59 69 0.025519116 
32 515 175 274 0.024156325 
109 561 9 11 0.02351288 
510 412 14 24 0.02351288 
111 138 51 79 0.023349825 
408 393 31 37 0.023349825 
242 383 29 40 0.021360898 
130 272 82 128 0.021360898 
193 389 29 46 0.021360898 
