16_Award_Ceremony_Awards_Ceremony_16_25
67
501 95 34 43 0.9992494 
438 119 34 46 0.99813616 
650 136 37 46 0.9975521 
843 134 38 45 0.9964803 
930 153 42 55 0.9964803 
562 104 40 53 0.9953797 
148 94 42 55 0.993937 
58 101 45 56 0.9933628 
225 118 41 48 0.99129593 
740 146 40 52 0.99047405 
333 149 41 49 0.98957527 
762 414 200 253 0.9798401 
431 293 38 27 0.47725022 
123 383 209 235 0.3864298 
859 348 28 27 0.34582695 
8 329 33 42 0.30585766 
12 314 49 60 0.1753677 
718 486 136 142 0.15916686 
660 317 18 20 0.11991897 
194 178 7 8 0.074940585 
616 412 172 239 0.06984133 
37 378 222 285 0.06984132 
410 379 215 253 0.064067975 
500 385 225 246 0.064067975 
925 327 49 58 0.06111947 
487 405 5 6 0.054176662 
420 271 53 55 0.051466707 
851 331 43 48 0.051466707 
840 452 183 203 0.045153897 
665 310 15 19 0.04229837 
-2 251 90 123 0.04133061 
161 49 51 61 0.039651502 
315 196 104 136 0.03781825 
901 316 52 71 0.036325645 
896 296 86 116 0.034593605 
654 1 215 265 0.034593593 
904 262 49 63 0.033269096 
726 450 22 24 0.033269096 
479 410 4 4 0.03293372 
438 350 6 7 0.032933712 
431 202 249 302 0.03163486 
489 379 4 5 0.030282615 
486 374 4 5 0.030282615 
866 342 21 21 0.030282615 
95 56 246 277 0.028921604 
938 316 63 75 0.027884193 
396 244 54 70 0.027884193 
841 303 60 65 0.027884185 
671 311 7 8 0.027838783 
851 288 200 239 0.026434705 
436 350 10 13 0.02558696 
480 409 4 4 0.02558696 
459 382 4 5 0.02558696 
876 336 17 19 0.02558696 
384 224 30 45 0.025519116 
244 121 32 41 0.025519116 
548 526 25 29 0.025519116 
389 238 31 51 0.025519116 
485 371 4 5 0.02351288 
486 414 4 5 0.02351288 
924 350 32 37 0.023349825 
184 -14 246 269 0.022069868 
481 406 4 5 0.021603195 
516 397 5 6 0.021603195 
647 238 12 14 0.021603195 
786 469 23 25 0.021360904 
656 300 25 28 0.021360898 
