33_Running_Running_33_286
53
479 291 53 72 0.9989208 
70 342 11 14 0.11108371 
23 485 9 12 0.09106394 
148 485 9 11 0.08639091 
661 471 8 9 0.07550877 
865 477 7 9 0.07362905 
848 472 9 11 0.06873761 
823 485 8 10 0.06110545 
656 479 9 11 0.04777026 
873 476 8 10 0.04493066 
606 472 6 10 0.042896803 
920 472 7 9 0.04288723 
696 478 9 11 0.041883674 
818 472 7 9 0.038265973 
162 488 8 9 0.036383297 
889 471 8 9 0.035973992 
674 479 9 10 0.034137327 
1005 368 13 19 0.033990044 
716 476 10 13 0.03394679 
71 493 8 10 0.03292419 
818 479 7 10 0.032784715 
166 488 7 10 0.032394767 
677 473 8 10 0.031689566 
432 477 115 129 0.030633599 
853 472 8 10 0.030529635 
597 429 10 13 0.03012355 
657 465 7 9 0.029924612 
873 392 8 10 0.029901668 
638 472 8 9 0.029323624 
612 432 9 11 0.029274417 
855 592 11 14 0.027906736 
711 473 10 12 0.02734186 
792 471 7 10 0.026886702 
608 430 9 12 0.026802395 
696 576 10 12 0.025733767 
702 475 11 13 0.02558122 
54 493 8 10 0.025305836 
1008 407 10 13 0.025121355 
647 481 8 11 0.02490096 
85 486 8 10 0.024896884 
744 590 9 13 0.024670757 
806 479 8 9 0.024314946 
689 600 8 10 0.023925202 
733 480 8 10 0.02360298 
818 484 9 11 0.023472603 
674 471 8 11 0.02336878 
831 472 8 9 0.022137016 
866 409 8 10 0.02190136 
640 479 8 11 0.02176875 
703 575 9 12 0.021524834 
1010 988 9 13 0.02151787 
230 387 11 13 0.02036627 
661 479 8 10 0.020333549 
