38_Tennis_Tennis_38_232
253
806 329 14 20 0.9828486 
733 252 9 12 0.895625 
165 222 10 12 0.5760305 
648 70 7 11 0.5000325 
686 63 8 11 0.45717758 
630 38 9 11 0.44937503 
943 13 10 12 0.3984601 
990 59 11 14 0.37932125 
612 63 9 11 0.3190335 
724 70 8 10 0.31336442 
638 19 8 11 0.29542077 
728 37 9 10 0.2936008 
899 38 8 11 0.2851308 
909 16 9 11 0.26505154 
999 36 11 14 0.23824288 
693 37 9 11 0.2342154 
870 37 8 10 0.21713753 
44 414 9 11 0.21027203 
673 22 7 9 0.18625906 
591 0 13 12 0.18372427 
704 21 9 11 0.17722443 
965 22 9 12 0.1737243 
733 38 8 10 0.17272365 
726 33 8 11 0.16909595 
1008 60 8 11 0.16210847 
943 39 9 11 0.15036064 
980 44 9 11 0.14088678 
893 63 8 10 0.13988426 
981 7 13 14 0.1333289 
709 29 8 11 0.12705915 
750 54 12 15 0.122479275 
853 62 9 13 0.11930367 
106 0 16 15 0.118320905 
658 55 8 10 0.11592244 
966 34 11 15 0.1120133 
1014 257 9 15 0.11166124 
736 90 13 19 0.109112196 
742 12 10 12 0.108720325 
704 37 9 11 0.09967705 
672 28 10 13 0.0994712 
935 47 9 12 0.09696143 
647 65 8 11 0.09661879 
918 35 11 14 0.09543567 
1008 6 9 12 0.09529787 
670 95 11 13 0.0922794 
708 85 11 14 0.09091122 
976 38 9 13 0.08829578 
965 42 11 13 0.08364091 
662 40 8 11 0.08211461 
985 60 10 13 0.080765516 
963 62 12 14 0.07837675 
702 95 11 14 0.07835412 
938 11 9 12 0.078065224 
964 68 9 12 0.075297646 
677 47 9 12 0.07518928 
889 40 7 9 0.07404933 
0 301 8 13 0.07212803 
906 19 9 12 0.07147377 
669 69 9 12 0.07056751 
775 15 8 11 0.069626085 
977 6 11 13 0.06909986 
935 7 9 13 0.067263916 
751 45 10 12 0.06662786 
703 16 9 12 0.065763205 
1 360 9 13 0.06553595 
709 38 8 10 0.06477562 
610 67 9 11 0.06280789 
15 318 9 12 0.060880948 
39 271 10 13 0.060606334 
672 54 9 11 0.05999035 
1015 38 9 12 0.05833853 
629 60 11 13 0.05723078 
942 44 10 12 0.05608139 
888 45 8 10 0.05569211 
678 36 9 12 0.05442095 
682 66 9 12 0.05420901 
776 19 9 12 0.053846713 
768 40 8 10 0.053522162 
657 46 8 10 0.053209137 
661 61 10 13 0.053201977 
721 62 9 12 0.053157702 
873 8 9 11 0.05300063 
968 77 9 11 0.052479953 
623 56 10 12 0.052307904 
17 267 9 12 0.051446825 
63 -1 17 15 0.051100887 
912 29 9 12 0.045970973 
61 436 10 11 0.04570972 
966 17 8 11 0.045451242 
670 62 9 12 0.04531758 
21 267 10 13 0.04502441 
958 1 10 11 0.044690173 
721 36 9 11 0.04451217 
752 38 10 13 0.04387417 
947 38 10 12 0.043866444 
719 0 8 8 0.04297312 
897 15 7 11 0.04284002 
984 93 11 14 0.04229463 
657 60 9 12 0.041794058 
741 30 9 12 0.041198965 
961 16 9 11 0.040421594 
987 6 12 13 0.040238027 
0 326 10 14 0.039881274 
1000 23 9 11 0.039312795 
865 33 9 11 0.03910272 
672 35 10 12 0.03835842 
782 58 10 12 0.038190953 
687 56 10 11 0.037837 
982 67 10 13 0.03781575 
636 37 8 10 0.03708317 
616 57 9 11 0.036907114 
1012 60 9 12 0.036747895 
929 52 10 13 0.036550175 
737 7 11 13 0.036409006 
929 46 9 13 0.036263324 
918 43 10 13 0.03607391 
708 79 11 13 0.035880495 
743 2 9 8 0.03574395 
46 431 9 12 0.035646062 
606 79 8 11 0.035406657 
897 33 8 11 0.03533325 
671 88 8 11 0.03504034 
928 7 9 11 0.03468861 
666 93 10 13 0.03425463 
935 30 8 11 0.0342149 
984 54 10 13 0.034042016 
32 268 11 13 0.033611726 
685 0 8 8 0.033512305 
702 6 9 10 0.03302457 
992 65 10 14 0.03278457 
626 44 9 11 0.03255672 
901 31 10 12 0.032481752 
632 33 9 12 0.032177765 
985 85 10 13 0.032164164 
733 43 9 10 0.031544045 
854 56 9 13 0.03129346 
677 54 9 10 0.031257834 
654 78 8 10 0.031106269 
664 88 8 10 0.030975185 
639 86 9 13 0.030870104 
689 32 9 11 0.030784639 
999 77 8 11 0.030632185 
399 272 8 10 0.030314146 
623 81 10 12 0.03016141 
697 21 8 11 0.030120114 
702 1 10 9 0.030092778 
57 431 9 12 0.030041507 
161 224 13 17 0.029818112 
717 55 8 11 0.029589184 
767 54 10 13 0.029569197 
736 32 9 12 0.029481154 
927 1 8 9 0.02947136 
855 78 11 15 0.02939956 
0 278 8 12 0.029237425 
1000 92 9 13 0.029125186 
919 14 8 11 0.02911583 
755 53 11 13 0.029060857 
681 0 10 9 0.028512117 
654 4 13 16 0.028086979 
949 6 10 13 0.028055953 
639 55 8 11 0.02805423 
46 437 9 11 0.027954627 
655 21 10 12 0.02758696 
749 1 9 9 0.027500382 
712 0 8 9 0.027429266 
937 39 8 11 0.027427943 
658 41 8 11 0.027423928 
925 31 10 12 0.027131932 
825 443 25 32 0.0269223 
639 61 10 13 0.026910173 
795 378 23 36 0.026843745 
758 69 10 11 0.02682529 
852 89 15 18 0.026538284 
14 332 13 16 0.026504196 
973 79 9 10 0.026390126 
3 327 13 17 0.026301054 
729 248 17 22 0.026228184 
1000 86 10 13 0.026047844 
641 78 8 11 0.026031619 
712 47 8 10 0.025897516 
24 485 11 13 0.025846934 
725 75 9 12 0.025839102 
12 322 12 16 0.025740018 
630 93 11 15 0.025727453 
952 94 10 14 0.025539929 
966 55 10 13 0.025465928 
663 22 8 11 0.025451887 
45 409 9 12 0.025386106 
695 44 9 11 0.025155539 
848 65 10 15 0.025010243 
911 1 9 9 0.02496746 
111 440 14 17 0.024940988 
896 41 11 14 0.024914084 
963 28 10 13 0.024909947 
993 45 10 13 0.02490747 
792 10 14 16 0.024738085 
222 8 135 119 0.02462734 
784 31 8 9 0.024397291 
669 76 9 11 0.02437015 
56 437 9 11 0.0242516 
949 31 8 10 0.023675373 
941 50 13 14 0.023622176 
1001 312 9 12 0.023608122 
751 308 10 13 0.023536844 
712 54 9 11 0.023495072 
877 12 7 10 0.023450315 
759 343 9 13 0.023324676 
860 1 11 12 0.023304505 
746 59 11 15 0.023206942 
661 12 9 12 0.02318597 
888 31 8 10 0.023055537 
951 0 10 10 0.02303063 
709 70 10 12 0.022946304 
866 45 8 10 0.022891162 
647 55 8 10 0.022885136 
911 8 9 10 0.02281656 
820 349 12 16 0.022803491 
649 0 23 28 0.022679754 
719 75 10 12 0.022487463 
997 71 10 11 0.022393411 
602 80 9 11 0.022295652 
605 85 9 13 0.022001032 
870 94 11 15 0.021987697 
944 33 9 10 0.021924883 
653 70 9 12 0.021823892 
776 59 10 12 0.021787867 
868 55 12 13 0.021626325 
996 61 10 12 0.021496693 
1006 17 11 14 0.021320984 
663 76 10 12 0.021316718 
685 5 9 11 0.021297898 
703 55 10 12 0.021159682 
736 1 9 10 0.020834977 
719 14 10 12 0.020818 
993 36 10 13 0.02081444 
863 59 12 16 0.02074289 
983 80 10 12 0.020726727 
656 86 8 11 0.020679906 
962 37 11 14 0.020628015 
831 372 10 14 0.02059226 
703 59 11 15 0.020543825 
894 31 18 24 0.020468537 
52 156 196 233 0.020405432 
73 446 9 11 0.020398987 
974 61 11 13 0.020358253 
630 85 10 14 0.020353006 
903 0 10 9 0.020327756 
400 278 8 10 0.02027334 
1005 37 9 13 0.02023112 
698 15 9 12 0.02013541 
19 315 11 15 0.02010853 
15 311 11 13 0.020104088 
949 20 9 11 0.02004723 
