6_Funeral_Funeral_6_1029
158
612 93 86 165 0.9982981 
843 90 41 88 0.9927347 
981 91 39 98 0.99047405 
293 102 89 183 0.9721158 
80 130 27 73 0.9439019 
46 174 25 54 0.8989386 
421 190 26 73 0.6744751 
146 153 29 67 0.61190087 
910 340 14 41 0.45677772 
427 425 98 319 0.4310897 
240 157 34 81 0.32552502 
700 782 51 132 0.30585763 
230 206 19 48 0.27822798 
727 75 31 91 0.268611 
2 186 59 168 0.268611 
0 194 25 51 0.24479094 
120 419 111 329 0.2311026 
246 130 54 128 0.1753677 
179 60 194 519 0.15916686 
256 588 206 483 0.15916684 
882 678 31 81 0.13928533 
584 28 11 30 0.1293704 
191 259 32 77 0.12872264 
231 246 27 78 0.12872264 
859 378 73 165 0.118850335 
110 283 58 168 0.10106142 
583 974 68 154 0.10106142 
795 515 68 137 0.09308393 
355 795 107 343 0.09015675 
403 266 200 559 0.08285364 
228 170 28 73 0.072444364 
411 207 30 81 0.07244435 
476 198 59 139 0.07244435 
506 305 142 375 0.06984133 
506 58 228 512 0.06984133 
231 143 30 74 0.06655858 
216 259 27 76 0.06655858 
455 183 56 130 0.06655857 
29 185 46 113 0.06655857 
36 917 117 275 0.064067975 
28 16 15 36 0.06377564 
412 152 49 117 0.06111947 
770 158 32 76 0.06111947 
16 336 50 126 0.06111947 
909 314 26 73 0.06111947 
395 247 31 82 0.06111947 
111 76 7 18 0.05879275 
891 1230 5 14 0.05879275 
708 735 215 519 0.05874174 
723 462 228 504 0.05874174 
798 498 101 245 0.05874174 
74 91 46 117 0.056098126 
432 190 50 109 0.056098126 
84 164 57 146 0.051466707 
381 897 69 199 0.051466707 
955 206 28 82 0.051466707 
919 300 103 349 0.04931264 
12 779 212 469 0.04931264 
107 275 186 527 0.04931264 
914 281 28 73 0.047198545 
227 202 45 121 0.047198545 
808 199 186 442 0.045153886 
54 54 30 73 0.04326818 
137 117 46 111 0.04326818 
57 50 45 113 0.04326818 
746 116 52 128 0.04326818 
56 235 27 74 0.04326818 
36 20 8 20 0.04229837 
52 27 9 23 0.04229837 
162 491 123 310 0.04133061 
868 322 107 271 0.04133061 
346 440 163 462 0.04133061 
512 512 65 174 0.039651502 
122 55 31 74 0.039651502 
393 30 22 51 0.039651494 
420 501 71 192 0.039651494 
265 86 78 174 0.039651494 
621 15 17 40 0.038923774 
154 212 59 142 0.036325652 
732 75 49 137 0.036325652 
777 1111 57 128 0.036325652 
3 412 26 81 0.036325645 
35 122 18 44 0.035808332 
54 247 16 45 0.035808332 
34 174 83 234 0.034593605 
-20 395 215 593 0.034593605 
601 999 41 94 0.033269096 
416 195 19 53 0.03293372 
125 62 18 45 0.03293372 
99 40 6 17 0.032933712 
907 353 8 24 0.032933712 
113 30 6 17 0.032933712 
755 909 117 271 0.03163486 
225 215 26 73 0.030461604 
537 103 50 111 0.030461604 
201 988 57 154 0.030461596 
867 643 47 142 0.030461596 
48 216 45 117 0.030461596 
165 107 21 54 0.030282615 
824 391 101 241 0.028921604 
171 254 37 87 0.027884193 
28 6 30 64 0.027884193 
389 136 54 119 0.027884193 
888 305 26 73 0.027884193 
726 133 56 139 0.027884185 
748 169 58 144 0.027884185 
103 105 56 134 0.027884185 
461 429 70 199 0.027884185 
416 235 19 46 0.027838783 
432 205 21 50 0.027838783 
538 21 13 34 0.027838783 
561 45 8 21 0.027838783 
910 333 9 23 0.027838778 
558 2 9 21 0.027838778 
431 948 257 551 0.026434705 
382 925 106 296 0.026434705 
906 333 8 21 0.02558696 
890 116 14 32 0.02558696 
904 1210 7 19 0.02558696 
119 69 52 130 0.025519116 
104 129 29 79 0.025519116 
717 180 53 132 0.025519116 
729 214 58 137 0.025519116 
728 246 34 77 0.025519116 
956 232 56 149 0.025519116 
889 568 59 117 0.025519116 
204 252 27 70 0.025519116 
413 208 50 121 0.025519116 
476 25 5 13 0.02351288 
584 8 13 34 0.02351288 
548 11 8 21 0.02351288 
924 105 16 38 0.02351288 
886 1206 7 21 0.02351288 
6 195 31 90 0.023349825 
856 412 41 85 0.023349825 
762 124 31 76 0.023349825 
549 136 27 67 0.023349825 
773 1059 249 527 0.022069868 
4 509 126 314 0.022069868 
905 330 16 42 0.021603195 
552 2 8 22 0.021603195 
907 1255 7 18 0.021603195 
242 256 18 48 0.021603195 
31 15 9 20 0.021603195 
129 65 10 22 0.021603195 
54 130 40 97 0.021360904 
198 232 46 115 0.021360904 
137 150 60 159 0.021360904 
861 311 57 162 0.021360898 
754 98 32 81 0.021360898 
17 215 35 106 0.021360898 
487 99 30 82 0.021360898 
80 69 32 84 0.021360898 
967 167 48 132 0.021360898 
585 106 73 157 0.021360898 
89 62 52 115 0.021360898 
318 621 117 333 0.0201599 
906 1098 116 252 0.0201599 
