6_Funeral_Funeral_6_364
353
557 86 35 51 0.99952376 
470 125 30 45 0.9990996 
170 138 31 40 0.98957527 
627 134 32 41 0.9069161 
515 582 12 16 0.35282937 
291 569 11 11 0.29596066 
398 589 17 24 0.27822798 
335 548 8 11 0.24479094 
474 541 9 11 0.22912635 
563 575 9 12 0.2141799 
317 595 8 12 0.2141799 
451 549 8 10 0.19995552 
870 548 114 181 0.18550259 
486 537 7 9 0.15017675 
638 142 18 26 0.13944872 
65 236 212 304 0.13594593 
501 579 8 12 0.1293704 
119 608 9 12 0.1293704 
675 676 24 32 0.12872264 
489 642 13 19 0.111069925 
570 601 15 20 0.10279763 
582 583 6 8 0.10279763 
21 594 25 33 0.10106142 
826 675 8 10 0.09507551 
326 569 11 14 0.08787667 
778 708 7 10 0.08787667 
565 641 15 21 0.08787667 
397 550 7 10 0.08787667 
471 557 14 18 0.08787667 
575 526 5 7 0.08787667 
344 543 7 10 0.08117401 
141 642 30 40 0.07880669 
563 709 14 19 0.07494057 
529 569 7 10 0.07494057 
309 651 14 19 0.07494057 
699 705 20 30 0.072444364 
520 542 6 8 0.0691498 
570 520 5 7 0.06377564 
363 621 14 20 0.06377564 
548 514 6 8 0.05879275 
799 624 8 11 0.05879275 
566 565 8 9 0.05879275 
573 591 15 20 0.05879275 
625 595 9 11 0.05879275 
567 576 9 12 0.05879275 
838 79 123 195 0.058741733 
676 441 34 46 0.056098126 
-1 87 17 40 0.056098126 
474 549 9 11 0.054176662 
784 499 246 291 0.053832814 
616 621 26 33 0.051466707 
138 621 47 67 0.051466707 
446 532 23 29 0.051466707 
680 661 15 21 0.04990379 
364 634 8 11 0.04990379 
609 587 15 20 0.04990379 
511 537 7 9 0.04990379 
590 706 13 17 0.04990379 
608 24 200 226 0.04931264 
181 141 36 46 0.047198545 
211 540 24 29 0.047198545 
803 555 21 27 0.047198545 
362 297 56 80 0.047198545 
492 685 30 38 0.047198545 
404 583 13 20 0.04595155 
265 611 8 12 0.04595155 
124 707 9 12 0.04595155 
1011 5 6 8 0.04595155 
355 556 9 12 0.045951538 
573 536 7 9 0.045951538 
788 709 6 8 0.045951538 
220 703 23 28 0.04326818 
766 714 5 7 0.04229837 
507 548 13 16 0.04229837 
318 668 15 24 0.04229837 
612 625 15 18 0.04229837 
485 584 5 8 0.04229837 
577 581 10 14 0.04229837 
29 600 15 20 0.04229837 
327 142 111 161 0.04133062 
202 620 30 43 0.039651494 
364 624 9 11 0.038923774 
604 579 7 8 0.038923774 
63 107 6 8 0.038923774 
714 687 9 12 0.038923774 
480 537 7 11 0.038923774 
288 566 9 12 0.038923774 
8 604 12 16 0.038923774 
339 543 8 11 0.038923774 
61 105 6 9 0.038923774 
818 704 8 12 0.038923774 
306 543 12 18 0.038923774 
767 74 225 282 0.03781825 
451 186 225 322 0.03781825 
744 571 27 34 0.036325652 
793 618 19 27 0.036325652 
867 606 67 83 0.036325645 
426 578 21 27 0.036325645 
520 568 13 17 0.035808332 
450 535 14 17 0.035808332 
307 699 18 27 0.035808332 
359 586 12 15 0.035808332 
951 26 4 6 0.035808332 
309 543 7 9 0.035808332 
360 634 8 11 0.035808332 
272 617 6 10 0.035808332 
609 581 13 16 0.035808332 
522 498 7 10 0.035808332 
75 585 5 7 0.035808332 
710 675 8 11 0.035808332 
766 727 8 9 0.035808332 
622 636 14 17 0.035808332 
713 577 7 10 0.035808332 
626 612 7 10 0.035808332 
334 240 253 304 0.034593593 
133 625 34 46 0.033269096 
717 615 47 69 0.033269096 
635 122 25 36 0.033269096 
606 583 25 33 0.033269096 
730 565 51 63 0.033269096 
209 611 12 16 0.03293372 
311 660 13 20 0.03293372 
544 722 10 10 0.03293372 
577 597 15 21 0.03293372 
584 520 7 10 0.03293372 
752 568 15 18 0.03293372 
575 586 11 16 0.03293372 
773 699 7 9 0.03293372 
7 609 9 11 0.03293372 
565 601 13 19 0.03293372 
360 534 7 9 0.032933712 
114 78 5 7 0.032933712 
271 523 13 19 0.032933712 
782 709 6 8 0.032933712 
287 538 6 8 0.032933712 
577 529 5 7 0.032933712 
539 655 12 17 0.032933712 
740 571 7 9 0.032933712 
349 616 6 9 0.032933712 
600 278 206 270 0.03163486 
367 608 20 28 0.030461604 
2 565 55 69 0.030461604 
127 640 29 43 0.030461604 
999 673 23 36 0.030461604 
516 494 24 36 0.030461596 
611 461 22 31 0.030461596 
715 626 29 42 0.030461596 
421 223 22 40 0.030461596 
241 123 85 111 0.030461596 
105 605 51 71 0.030461596 
455 537 7 9 0.030282615 
330 546 9 12 0.030282615 
615 583 7 9 0.030282615 
85 618 4 6 0.030282615 
430 582 13 16 0.030282615 
526 637 13 17 0.030282615 
821 701 6 9 0.030282615 
76 602 6 8 0.030282615 
613 626 7 8 0.030282615 
640 723 18 17 0.030282615 
195 145 37 45 0.027884193 
304 639 25 32 0.027884193 
239 530 23 32 0.027884193 
190 606 55 70 0.027884193 
45 596 25 32 0.027884193 
592 570 46 57 0.027884185 
59 605 14 19 0.027838783 
572 575 8 10 0.027838783 
358 545 6 8 0.027838783 
787 723 5 7 0.027838783 
495 645 9 13 0.027838783 
615 573 7 9 0.027838783 
790 542 5 7 0.027838783 
65 109 6 8 0.027838783 
211 591 9 11 0.027838783 
419 607 13 18 0.027838783 
312 594 15 21 0.027838783 
712 678 13 18 0.027838778 
478 546 7 10 0.027838778 
725 578 7 9 0.027838778 
515 573 15 19 0.027838778 
826 688 7 10 0.027838778 
685 681 16 22 0.027838778 
560 593 6 9 0.027838778 
743 588 14 18 0.027838778 
522 584 11 16 0.027838778 
488 651 14 19 0.027838778 
531 615 12 17 0.02558696 
375 604 12 17 0.02558696 
548 673 13 20 0.02558696 
763 697 4 6 0.02558696 
448 555 14 18 0.02558696 
684 661 8 11 0.02558696 
383 602 10 16 0.02558696 
234 109 6 8 0.02558696 
586 580 6 9 0.02558696 
1006 688 7 9 0.02558696 
102 101 8 10 0.02558696 
745 653 5 7 0.02558696 
1005 23 4 6 0.02558696 
816 682 6 8 0.02558696 
471 557 9 11 0.02558696 
177 602 11 16 0.02558696 
687 136 5 6 0.02558696 
809 564 7 10 0.02558696 
125 615 14 19 0.02558696 
283 551 7 10 0.02558696 
361 663 7 8 0.02558696 
356 631 7 9 0.02558696 
317 651 9 12 0.02558696 
10 582 7 9 0.02558696 
752 571 8 10 0.02558696 
784 719 5 8 0.02558696 
87 90 6 8 0.02558696 
566 597 7 10 0.02558696 
538 722 11 11 0.02558696 
584 517 5 7 0.02558696 
762 569 13 17 0.02558696 
510 582 8 11 0.02558696 
646 150 9 12 0.02558696 
377 581 7 9 0.02558696 
694 639 14 19 0.02558696 
147 649 17 24 0.02558696 
622 500 8 11 0.02558696 
391 590 14 19 0.02558696 
327 534 7 10 0.02558696 
55 73 6 8 0.02558696 
722 602 31 43 0.025519116 
284 564 20 25 0.025519116 
401 594 22 29 0.025519116 
677 432 57 70 0.025519116 
329 541 20 28 0.025519116 
740 585 29 40 0.025519116 
415 596 23 30 0.025519116 
-26 307 249 352 0.024156325 
836 680 7 9 0.02351288 
357 649 6 9 0.02351288 
362 672 13 17 0.02351288 
837 690 8 10 0.02351288 
572 643 9 13 0.02351288 
524 668 14 19 0.02351288 
359 665 13 18 0.02351288 
660 612 13 18 0.02351288 
61 614 9 11 0.02351288 
752 693 8 11 0.02351288 
358 637 12 16 0.02351288 
757 583 6 9 0.02351288 
536 590 8 10 0.02351288 
793 697 5 6 0.02351288 
818 592 13 17 0.02351288 
19 598 14 20 0.02351288 
28 601 7 10 0.02351288 
587 489 5 7 0.02351288 
549 519 7 9 0.02351288 
387 578 7 10 0.02351288 
359 576 13 16 0.02351288 
691 560 7 9 0.02351288 
285 567 7 11 0.02351288 
583 535 5 7 0.02351288 
536 581 6 8 0.02351288 
963 9 7 8 0.02351288 
966 8 6 8 0.02351288 
476 629 6 9 0.02351288 
570 505 5 7 0.02351288 
552 510 6 8 0.02351288 
796 621 9 11 0.02351288 
329 549 12 16 0.02351288 
514 580 9 12 0.02351288 
511 537 12 15 0.02351288 
109 77 6 8 0.02351288 
602 574 25 32 0.023349825 
608 606 45 61 0.023349825 
44 290 76 89 0.023349825 
659 448 51 64 0.023349825 
5 598 24 32 0.023349825 
1 623 23 33 0.023349825 
631 113 26 28 0.023349825 
416 659 25 26 0.023349825 
766 628 24 33 0.023349825 
496 669 26 33 0.023349825 
482 658 52 65 0.023349825 
706 676 23 31 0.023349825 
288 154 106 176 0.022069868 
680 667 18 28 0.0216032 
166 653 6 9 0.021603195 
695 682 15 20 0.021603195 
1006 685 12 16 0.021603195 
576 693 14 20 0.021603195 
446 550 8 10 0.021603195 
783 698 7 9 0.021603195 
774 704 12 16 0.021603195 
601 576 12 14 0.021603195 
981 640 5 7 0.021603195 
816 706 12 17 0.021603195 
274 632 9 11 0.021603195 
800 560 14 21 0.021603195 
539 718 15 18 0.021603195 
747 565 14 17 0.021603195 
626 627 16 20 0.021603195 
68 631 7 8 0.021603195 
209 566 16 23 0.021603195 
215 621 14 19 0.021603195 
818 561 7 8 0.021603195 
823 676 8 10 0.021603195 
741 652 6 9 0.021603195 
708 670 13 19 0.021603195 
473 626 5 7 0.021603195 
468 542 9 11 0.021603195 
766 621 7 10 0.021603195 
306 620 7 10 0.021603195 
567 571 9 11 0.021603195 
359 542 7 9 0.021603195 
622 611 14 17 0.021603195 
286 542 7 11 0.021603195 
769 570 8 10 0.021603195 
507 534 12 16 0.021603195 
496 661 8 11 0.021603195 
324 537 6 8 0.021603195 
305 616 7 9 0.021603195 
33 597 7 9 0.021603195 
504 574 8 12 0.021603195 
593 529 5 7 0.021603195 
792 540 5 7 0.021603195 
596 525 5 7 0.021603195 
581 587 8 11 0.021603195 
571 501 5 6 0.021603195 
572 523 5 7 0.021603195 
139 602 6 8 0.021603195 
556 511 5 7 0.021603195 
850 596 7 10 0.021603195 
546 506 4 6 0.021603195 
846 596 8 11 0.021603195 
518 236 12 16 0.021603195 
345 14 5 6 0.021603195 
41 114 5 7 0.021603195 
63 94 6 8 0.021603195 
754 578 7 10 0.021603195 
796 39 5 6 0.021603195 
1005 25 5 7 0.021603195 
1004 13 6 7 0.021603195 
604 622 28 36 0.021360904 
22 579 51 65 0.021360898 
811 636 25 36 0.021360898 
615 117 30 35 0.021360898 
520 633 22 29 0.021360898 
879 570 61 95 0.021360898 
581 684 22 28 0.021360898 
665 649 45 54 0.021360898 
563 570 19 26 0.021360898 
31 551 55 61 0.021360898 
210 152 34 43 0.021360898 
726 636 29 41 0.021360898 
112 294 104 189 0.0201599 
