6_Funeral_Funeral_6_909
56
418 220 79 156 0.99844605 
813 218 85 173 0.9973194 
772 762 124 402 0.4085711 
626 255 61 206 0.36670664 
279 767 246 664 0.28400344 
668 472 79 284 0.21842523 
334 594 188 556 0.18550259 
957 322 26 74 0.118850335 
680 491 109 390 0.1065206 
274 484 194 540 0.1065206 
14 458 123 433 0.09803478 
-7 800 119 452 0.090156734 
528 777 36 97 0.07880669 
408 593 228 635 0.076092646 
762 864 69 182 0.07244435 
179 519 73 179 0.07244435 
889 689 55 162 0.07244435 
-25 577 232 694 0.064067975 
749 299 63 154 0.06111947 
896 600 70 224 0.056098126 
337 866 142 452 0.045153886 
635 282 41 112 0.04326818 
964 296 15 45 0.04229837 
102 490 123 337 0.04133061 
389 694 112 347 0.04133061 
833 613 191 626 0.03781825 
355 685 79 244 0.036325652 
310 17 7 18 0.035808332 
27 1124 228 626 0.034593605 
535 35 67 206 0.033269096 
701 129 232 664 0.03163486 
949 304 25 67 0.030461604 
751 342 34 84 0.030461604 
515 209 57 151 0.030461596 
606 73 8 24 0.030282615 
313 340 9 23 0.030282615 
655 339 64 206 0.027884193 
676 515 212 532 0.026434705 
938 303 26 66 0.025519116 
628 966 30 78 0.025519116 
872 449 107 332 0.024156325 
299 0 9 21 0.02351288 
1010 311 13 55 0.02351288 
275 355 5 15 0.02351288 
64 542 85 236 0.023349825 
197 432 75 216 0.023349825 
824 744 57 179 0.023349825 
415 922 257 694 0.022069868 
861 78 9 24 0.021603195 
184 325 14 43 0.021603195 
465 56 17 43 0.021603195 
424 120 13 40 0.021603195 
757 349 16 43 0.021603195 
15 469 69 206 0.021360898 
986 308 23 77 0.021360898 
832 267 140 433 0.020159906 
