6_Funeral_Funeral_6_696
111
459 167 59 82 0.99986684 
266 151 25 31 0.99937433 
968 166 50 68 0.9990138 
560 59 65 99 0.9988171 
328 177 27 33 0.9985812 
159 191 32 44 0.9985812 
678 114 64 88 0.9985812 
59 195 24 31 0.9979589 
556 203 58 95 0.9975521 
20 202 25 31 0.9964803 
813 146 51 70 0.99614596 
5 175 25 30 0.99614596 
406 87 68 62 0.99614596 
892 132 46 55 0.9949414 
118 187 29 36 0.9933628 
363 176 21 26 0.98366195 
95 184 20 30 0.9786391 
294 164 15 22 0.95009625 
60 173 20 25 0.9458233 
804 161 18 25 0.94120723 
90 156 21 26 0.9334414 
23 163 19 25 0.9308502 
219 173 20 27 0.9275556 
557 309 43 72 0.7656313 
388 156 22 27 0.7488979 
171 161 19 22 0.60666233 
518 162 15 21 0.43536806 
346 161 17 20 0.43536806 
221 160 14 18 0.3933377 
277 153 25 33 0.32552502 
385 324 203 244 0.30317584 
550 145 11 18 0.27822798 
166 509 30 35 0.21842524 
523 291 58 91 0.1753677 
960 155 25 40 0.1753677 
-8 416 130 223 0.17193554 
668 412 253 267 0.13594593 
172 159 9 12 0.1293704 
244 1 191 263 0.12544508 
335 168 25 29 0.118850335 
956 150 40 65 0.118850335 
547 148 19 27 0.10106142 
564 203 90 129 0.09803478 
753 472 209 300 0.09015675 
45 -15 235 292 0.08285364 
549 144 7 13 0.074940585 
385 163 15 22 0.074940585 
786 160 9 10 0.074940585 
365 168 14 20 0.074940585 
535 172 17 21 0.07494057 
786 192 18 22 0.0691498 
568 407 28 41 0.06655858 
260 260 79 91 0.06655858 
181 163 15 17 0.06377564 
604 308 246 292 0.058741733 
77 479 285 227 0.053832818 
167 489 50 64 0.051466707 
348 161 10 11 0.04990379 
337 393 277 296 0.04931264 
369 168 7 8 0.045951538 
294 48 7 9 0.045951538 
523 183 70 108 0.045153886 
89 166 23 32 0.04326818 
964 378 7 11 0.04229837 
854 496 136 193 0.04133062 
352 167 21 25 0.039651502 
567 394 50 61 0.039651494 
515 160 26 34 0.039651494 
391 120 55 56 0.039651494 
164 179 29 37 0.039651494 
780 158 21 28 0.039651494 
193 216 14 21 0.038923774 
118 5 128 164 0.03781825 
548 342 46 63 0.036325652 
1011 126 11 22 0.035808332 
220 158 8 11 0.035808332 
363 58 87 124 0.034593605 
70 190 25 35 0.033269096 
812 158 33 45 0.033269096 
526 286 26 34 0.033269096 
109 175 14 19 0.03293372 
114 188 19 27 0.03293372 
189 165 9 12 0.032933712 
460 270 109 148 0.03163486 
81 185 23 34 0.030461604 
382 142 44 47 0.030461596 
716 327 212 252 0.028921604 
501 235 265 309 0.028921604 
537 269 81 122 0.028921604 
539 158 22 29 0.027884193 
99 174 24 32 0.027884193 
162 169 20 23 0.027838783 
371 169 9 11 0.027838783 
331 384 14 21 0.027838778 
137 171 17 21 0.027838778 
172 163 10 14 0.027838778 
0 377 232 287 0.026434705 
574 -13 212 271 0.026434705 
309 44 7 10 0.02558696 
351 160 8 9 0.02558696 
524 164 15 22 0.02558696 
920 134 43 56 0.025519116 
117 234 25 31 0.025519116 
641 83 73 110 0.024156325 
146 171 14 20 0.02351288 
306 45 11 15 0.02351288 
558 368 15 20 0.02351288 
302 168 10 14 0.02351288 
285 275 215 279 0.022069868 
123 169 17 20 0.021603195 
547 163 24 30 0.021360898 
