6_Funeral_Funeral_6_160
126
615 361 34 75 0.99614596 
872 225 60 126 0.9944617 
720 154 29 74 0.99047405 
754 168 32 77 0.9850627 
33 220 48 123 0.98366195 
0 117 42 180 0.9821322 
786 205 35 79 0.96367437 
59 71 27 99 0.96367437 
899 91 49 119 0.96034855 
209 164 48 117 0.9439019 
366 292 36 87 0.93344146 
315 694 212 591 0.9098433 
295 189 24 65 0.6744751 
362 215 24 61 0.5227497 
455 928 228 618 0.4085711 
844 122 33 79 0.36670664 
970 796 51 203 0.28687313 
201 683 65 177 0.21842524 
888 131 58 154 0.15056497 
283 193 28 74 0.12872264 
10 197 51 144 0.12872262 
394 812 218 591 0.115646794 
325 1095 249 675 0.1065206 
769 176 35 90 0.09308395 
505 1370 23 65 0.09308393 
651 198 203 583 0.09015675 
979 54 40 144 0.08567618 
743 605 253 618 0.076092646 
262 203 26 68 0.072444364 
825 250 206 533 0.06984133 
88 188 30 74 0.06655858 
831 128 51 126 0.06655857 
954 130 28 79 0.06655857 
722 1209 62 157 0.06111947 
517 1377 14 53 0.05879275 
960 135 17 50 0.05879275 
738 145 38 99 0.056098126 
498 1167 29 106 0.056098126 
498 1364 17 59 0.054176662 
618 247 16 44 0.054176662 
370 237 18 50 0.054176662 
289 1201 50 137 0.051466707 
857 177 54 154 0.051466707 
540 1380 15 53 0.04990379 
433 324 112 313 0.04931264 
37 75 29 98 0.047198545 
275 819 76 189 0.047198545 
186 181 59 146 0.047198545 
231 185 34 79 0.047198545 
162 198 57 134 0.04326818 
922 103 37 94 0.04326818 
920 203 46 132 0.04326818 
563 246 31 84 0.04326818 
356 220 16 45 0.04229837 
532 292 8 22 0.04229837 
559 59 191 574 0.04133061 
989 149 32 99 0.039651502 
264 1319 60 139 0.039651502 
957 87 46 128 0.039651502 
832 1196 80 174 0.039651494 
550 1503 19 37 0.038923774 
354 215 45 111 0.036325652 
166 278 53 144 0.036325652 
641 242 15 42 0.035808332 
71 1507 20 39 0.035808332 
702 1168 111 233 0.034593605 
190 651 104 309 0.034593593 
360 1352 123 274 0.034593593 
941 112 30 82 0.033269096 
536 1288 65 144 0.033269096 
939 220 31 94 0.033269096 
306 207 17 50 0.03293372 
58 77 19 58 0.03293372 
279 210 18 51 0.032933712 
330 378 289 818 0.03163486 
282 995 218 557 0.03163486 
718 545 60 177 0.030461596 
546 195 54 149 0.030461596 
350 224 14 41 0.030282615 
288 242 19 47 0.030282615 
725 192 22 57 0.030282615 
338 120 209 566 0.028921604 
245 449 218 618 0.028921604 
3 979 64 174 0.027884193 
120 451 62 141 0.027884193 
932 97 52 126 0.027884193 
19 84 44 154 0.027884185 
462 395 67 183 0.027884185 
963 138 8 22 0.027838783 
483 256 7 20 0.02558696 
310 189 16 47 0.02558696 
302 225 18 50 0.02558696 
100 1520 5 15 0.02558696 
694 664 32 87 0.025519116 
82 178 48 126 0.025519116 
815 1130 70 196 0.025519116 
48 677 57 134 0.025519116 
712 1052 61 109 0.025519116 
187 1224 67 157 0.025519116 
781 1214 59 159 0.025519116 
185 234 32 79 0.025519116 
909 111 54 146 0.025519116 
36 511 212 583 0.024156325 
349 880 16 47 0.02351288 
685 418 16 45 0.02351288 
529 1502 19 37 0.02351288 
783 216 21 57 0.02351288 
360 287 19 47 0.02351288 
490 250 5 16 0.02351288 
347 1504 23 38 0.02351288 
872 127 31 87 0.023349825 
683 360 22 63 0.023349825 
470 1159 60 146 0.023349825 
861 1209 104 247 0.022069868 
282 227 18 50 0.021603195 
494 255 6 19 0.021603195 
488 254 7 19 0.021603195 
1007 197 14 48 0.021603195 
263 186 6 18 0.021603195 
143 233 64 171 0.021360904 
265 182 41 108 0.021360904 
429 1240 76 123 0.021360904 
832 138 30 75 0.021360898 
649 1069 39 70 0.021360898 
143 1276 82 180 0.021360898 
641 1373 26 67 0.021360898 
