6_Funeral_Funeral_6_128
55
635 101 30 41 0.9996692 
535 80 25 36 0.9996031 
287 108 34 39 0.99937433 
215 57 31 45 0.9990138 
454 87 38 44 0.9985812 
113 103 34 45 0.99844605 
174 71 34 48 0.99844605 
793 76 34 45 0.9973194 
862 70 46 54 0.9944617 
749 124 23 31 0.98957527 
483 85 30 39 0.97448087 
534 526 104 123 0.8745549 
138 286 218 261 0.8144974 
249 146 124 194 0.4085711 
266 26 24 34 0.1753677 
439 330 91 147 0.17193554 
172 169 242 316 0.15916686 
445 291 165 232 0.15916684 
42 182 186 261 0.15916684 
115 289 144 165 0.14717786 
188 62 34 52 0.109639935 
702 565 8 10 0.069149815 
529 286 194 289 0.064067975 
604 506 7 8 0.05879275 
765 123 22 30 0.051466707 
68 174 111 175 0.04931264 
457 353 52 101 0.047198545 
727 258 228 289 0.04133061 
69 258 34 41 0.039651494 
96 45 14 16 0.038923774 
162 467 242 235 0.03781825 
276 274 206 250 0.03781825 
559 561 8 11 0.035808332 
572 548 71 79 0.033269096 
552 53 8 10 0.03293372 
644 526 103 138 0.03163486 
241 316 140 203 0.03163486 
598 506 32 30 0.030461604 
283 36 25 33 0.030461596 
61 234 61 75 0.030461596 
398 108 6 8 0.030282615 
521 365 6 8 0.027838783 
425 59 6 7 0.027838778 
814 44 8 10 0.027838778 
604 558 65 76 0.025519116 
35 50 54 70 0.025519116 
615 583 80 85 0.025519116 
531 130 206 242 0.024156325 
678 489 104 160 0.024156325 
706 561 7 8 0.02351288 
952 58 6 7 0.021603195 
923 158 10 11 0.021603195 
462 71 35 44 0.021360904 
604 471 175 239 0.020159906 
828 253 186 253 0.0201599 
