6_Funeral_Funeral_6_1006
75
30 -1 64 72 0.9996031 
643 33 73 98 0.9995652 
442 170 73 95 0.9977647 
420 8 109 140 0.7520595 
136 34 194 273 0.47689918 
155 259 197 277 0.2311026 
50 -10 215 285 0.21508123 
306 -27 183 246 0.2150812 
37 182 225 298 0.19988178 
589 241 242 290 0.19988178 
225 59 212 269 0.12544508 
185 371 257 294 0.12544508 
-39 352 257 346 0.09015675 
189 28 15 17 0.07494057 
422 78 60 73 0.07244435 
743 4 85 132 0.06984132 
991 157 19 22 0.06655858 
709 253 62 83 0.06655858 
457 9 76 84 0.06111947 
502 28 265 277 0.05874174 
191 156 228 307 0.05874174 
129 19 128 173 0.058741733 
288 485 132 186 0.053832818 
872 70 7 9 0.049903784 
250 427 56 61 0.047198545 
194 15 103 156 0.045153897 
420 -29 212 261 0.045153897 
199 353 121 170 0.04133061 
833 121 24 30 0.039651494 
1003 119 15 18 0.038923774 
468 14 132 153 0.03781825 
959 538 67 95 0.036325652 
-9 82 222 273 0.034593605 
534 364 60 68 0.033269096 
645 375 64 66 0.033269096 
916 241 8 11 0.032933712 
851 64 7 9 0.032933712 
363 25 119 145 0.03163486 
276 32 61 68 0.030461596 
231 58 61 83 0.030461596 
541 399 32 38 0.030461596 
734 47 19 24 0.030282615 
895 148 8 9 0.030282615 
944 51 8 9 0.030282615 
842 108 22 30 0.027884193 
850 356 28 41 0.027884193 
711 28 56 70 0.027884185 
980 395 7 10 0.02558696 
408 46 59 84 0.025519116 
96 8 25 36 0.025519116 
994 220 20 25 0.025519116 
800 419 23 30 0.025519116 
973 519 28 30 0.025519116 
402 387 111 156 0.024156325 
277 38 103 138 0.024156325 
903 28 7 10 0.02351288 
1013 138 11 17 0.02351288 
290 84 26 35 0.023349825 
307 48 61 73 0.023349825 
551 391 103 128 0.022069868 
557 522 101 119 0.022069868 
796 402 7 8 0.021603195 
1010 345 12 17 0.021603195 
1001 331 13 17 0.021603195 
928 215 12 18 0.021603195 
435 77 14 15 0.021603195 
888 96 12 16 0.021603195 
968 99 16 19 0.021603195 
341 54 56 66 0.021360904 
78 0 43 60 0.021360904 
815 77 23 36 0.021360898 
847 349 24 34 0.021360898 
976 1 20 22 0.021360898 
296 39 36 40 0.021360898 
8 3 56 70 0.021360898 
