6_Funeral_Funeral_6_315
66
378 122 116 264 0.99261475 
16 291 197 552 0.56891036 
378 891 228 612 0.32305852 
522 1033 225 763 0.19988178 
433 885 136 410 0.18550259 
650 748 228 719 0.15916684 
661 345 218 658 0.14717786 
550 407 246 612 0.1065206 
143 748 228 621 0.09803478 
483 1120 88 214 0.09308393 
228 314 128 359 0.09015675 
48 562 14 44 0.08787667 
483 1048 73 177 0.08567618 
161 37 73 203 0.08567618 
788 357 215 649 0.08285364 
37 1295 6 18 0.08117401 
143 1403 53 135 0.07880669 
198 267 209 568 0.076092646 
747 370 130 376 0.064067975 
318 1067 253 698 0.064067975 
66 531 7 21 0.06377564 
67 559 13 39 0.05879275 
361 164 83 200 0.056098126 
53 571 8 25 0.054176662 
805 945 222 678 0.053832818 
236 904 277 668 0.04931264 
458 126 242 639 0.04931264 
62 1206 51 145 0.04326818 
474 644 109 334 0.04133061 
89 494 61 181 0.039651494 
60 523 11 30 0.038923774 
365 11 167 462 0.03781825 
824 622 212 612 0.034593593 
137 539 68 166 0.033269096 
67 547 23 65 0.033269096 
371 804 33 78 0.033269096 
620 1357 10 26 0.03293372 
51 551 21 60 0.030461604 
679 577 88 155 0.030461596 
59 562 14 40 0.030282615 
137 497 79 128 0.027884193 
477 305 65 193 0.027884185 
138 1454 37 88 0.027884185 
71 432 126 334 0.026434705 
339 865 15 37 0.02558696 
416 103 14 42 0.02558696 
171 813 67 150 0.025519116 
22 39 63 193 0.025519116 
2 1327 25 80 0.025519116 
146 532 37 70 0.025519116 
276 429 32 93 0.025519116 
541 383 54 157 0.025519116 
173 -1 106 297 0.024156325 
15 685 75 200 0.023349825 
354 761 57 140 0.023349825 
69 1234 30 93 0.023349825 
93 287 200 483 0.022069868 
803 -35 188 552 0.022069868 
58 520 8 21 0.021603195 
272 391 56 163 0.021360904 
502 1077 35 103 0.021360898 
168 614 73 160 0.021360898 
257 28 209 544 0.0201599 
836 -11 116 349 0.0201599 
517 640 112 288 0.0201599 
406 779 121 398 0.0201599 
