6_Funeral_Funeral_6_987
66
227 24 62 141 0.99844605 
349 122 104 270 0.9932626 
5 84 35 79 0.849435 
353 44 35 79 0.6744751 
657 294 79 165 0.45459446 
244 469 209 556 0.4310897 
537 661 61 179 0.21842524 
301 63 29 68 0.16258557 
56 608 126 337 0.15916686 
530 567 86 342 0.13594593 
830 614 117 352 0.13594593 
802 512 70 228 0.12872264 
565 699 203 664 0.1254451 
791 475 112 408 0.12544508 
549 -37 257 758 0.115646794 
181 979 206 502 0.1065206 
311 941 78 257 0.10106142 
550 -26 95 337 0.09015675 
42 62 191 608 0.090156734 
700 962 9 25 0.074940585 
559 640 100 368 0.06984133 
792 541 218 556 0.064067975 
447 167 212 684 0.064067975 
696 743 117 384 0.064067975 
449 1226 15 40 0.05879275 
441 93 106 342 0.058741733 
58 249 116 379 0.053832818 
0 26 54 139 0.051466707 
663 -37 203 599 0.04931264 
91 704 82 195 0.047198545 
0 1280 80 195 0.047198545 
524 0 17 32 0.04229837 
666 629 206 608 0.04133061 
-11 1052 200 556 0.04133061 
347 78 200 494 0.04133061 
371 58 20 52 0.038923774 
393 96 101 317 0.03781825 
844 763 53 154 0.036325652 
233 718 209 645 0.034593605 
304 1308 54 130 0.033269096 
479 95 51 151 0.033269096 
320 1309 29 61 0.033269096 
755 -65 222 664 0.03163486 
453 142 65 202 0.030461604 
252 154 218 590 0.028921604 
339 53 27 69 0.027884193 
432 935 59 173 0.027884185 
482 69 101 317 0.026434705 
305 58 19 47 0.02558696 
543 48 60 220 0.025519116 
509 146 58 176 0.025519116 
-13 990 109 362 0.024156325 
90 506 112 332 0.024156325 
341 158 71 179 0.023349825 
694 809 71 220 0.023349825 
427 1158 60 139 0.023349825 
320 1288 27 53 0.023349825 
182 301 212 556 0.022069868 
395 1160 121 240 0.022069868 
508 -74 172 564 0.022069868 
38 492 218 540 0.022069868 
318 1333 34 77 0.021360904 
545 590 59 189 0.021360898 
634 264 121 322 0.0201599 
240 1203 136 282 0.0201599 
580 738 112 408 0.0201599 
