45_Balloonist_Balloonist_45_692
125
814 733 37 34 0.9933589 
949 719 11 14 0.6674186 
974 731 17 22 0.35357457 
927 713 11 14 0.34322077 
622 162 24 25 0.2743678 
660 169 28 28 0.24603598 
221 733 10 13 0.17084883 
40 720 9 11 0.16020077 
195 156 365 484 0.14830813 
452 733 29 31 0.12925898 
1000 722 16 19 0.122096054 
46 723 9 13 0.12111578 
1 718 8 12 0.118807375 
902 718 13 15 0.11530982 
199 725 10 13 0.10540435 
906 704 13 17 0.1048798 
230 734 10 12 0.10380244 
613 154 25 30 0.09367972 
206 726 9 12 0.08808615 
38 724 9 12 0.0861027 
898 700 22 27 0.08344008 
365 719 10 12 0.07769216 
188 723 12 13 0.075969376 
162 717 14 16 0.07387279 
160 41 53 78 0.070671946 
384 727 8 10 0.0699823 
150 744 16 18 0.06549178 
505 704 8 11 0.06518923 
34 720 8 10 0.064255096 
1 723 9 14 0.05450786 
616 734 10 12 0.052880425 
13 727 9 12 0.052762546 
982 721 22 28 0.052579533 
702 719 12 15 0.051660754 
224 728 10 12 0.05160407 
405 743 11 14 0.051091053 
232 739 10 12 0.04986923 
922 714 11 13 0.048777428 
944 721 12 15 0.04875712 
921 708 10 15 0.04873022 
149 728 22 26 0.048273552 
805 418 116 139 0.046873987 
386 712 8 10 0.046854123 
230 728 9 12 0.045885645 
598 727 8 10 0.044746082 
238 750 9 11 0.04465238 
617 139 23 27 0.043759923 
6 725 10 11 0.042410176 
698 177 30 29 0.041878294 
553 723 10 12 0.041247487 
613 148 15 19 0.03949652 
83 720 15 17 0.03913928 
104 734 12 15 0.038977463 
183 725 13 16 0.03872883 
648 162 56 49 0.0386561 
392 731 12 14 0.03865294 
879 719 10 13 0.037996553 
6 720 8 10 0.037530083 
181 732 12 14 0.035708643 
91 732 13 15 0.035516195 
895 722 12 16 0.03537042 
416 711 9 10 0.0353544 
500 748 15 17 0.034557633 
879 724 11 16 0.034208555 
556 720 10 12 0.033552315 
894 709 22 28 0.033448625 
233 751 11 13 0.033363998 
604 164 26 30 0.03335945 
937 693 10 12 0.03304148 
679 184 33 34 0.032939326 
607 149 12 17 0.03243802 
375 725 9 10 0.032395903 
63 717 9 12 0.032052737 
633 160 26 29 0.03186338 
238 728 9 9 0.03146383 
681 740 10 13 0.031070307 
454 726 12 13 0.030781345 
879 708 10 13 0.030231303 
72 723 9 12 0.029443398 
78 720 13 15 0.029245527 
781 389 100 124 0.028911637 
895 705 14 18 0.02809159 
979 743 16 20 0.027996255 
577 727 9 10 0.027447999 
390 727 11 13 0.027126858 
196 719 11 15 0.026590792 
796 706 13 16 0.026243746 
893 731 11 14 0.025846394 
488 728 8 10 0.025804209 
606 160 17 22 0.025628127 
38 751 12 14 0.025626203 
760 700 49 52 0.025522757 
321 157 33 43 0.025303137 
11 739 13 18 0.025178168 
886 706 11 15 0.02472234 
1003 737 16 19 0.024260243 
398 741 13 15 0.024207383 
154 717 23 28 0.024159215 
52 724 9 13 0.02382357 
916 701 11 16 0.023774274 
57 711 8 12 0.023645297 
926 705 18 23 0.023608323 
616 717 7 9 0.023126354 
235 734 10 12 0.023071235 
782 414 57 70 0.022773826 
664 177 30 33 0.022755774 
55 717 9 13 0.02238448 
220 750 10 11 0.022284586 
417 716 10 13 0.022273574 
991 730 26 29 0.022053907 
460 724 14 16 0.021863904 
461 719 10 12 0.02185382 
627 141 95 97 0.021614075 
236 742 11 12 0.021559015 
986 754 14 15 0.021291098 
199 730 11 14 0.021123506 
65 725 9 11 0.021027617 
371 718 11 13 0.020815488 
646 171 32 36 0.020750098 
46 751 11 13 0.020654919 
183 718 14 15 0.020518156 
953 721 13 16 0.020491429 
599 155 11 15 0.020469185 
474 737 15 20 0.020424077 
172 750 11 13 0.020099135 
