45_Balloonist_Balloonist_45_769
26
368 438 57 57 0.6264889 
553 513 32 39 0.10601887 
602 493 19 21 0.0915582 
434 459 95 109 0.07055294 
616 437 188 225 0.060392674 
459 433 97 106 0.05567536 
369 456 33 49 0.05124983 
582 292 426 459 0.047455717 
593 483 32 36 0.039132893 
382 419 58 62 0.039055772 
498 478 55 72 0.03614622 
579 441 56 62 0.033625916 
527 496 50 65 0.030823648 
396 527 38 35 0.029723287 
481 496 63 79 0.028110955 
556 492 45 62 0.02742126 
693 356 15 21 0.026865914 
347 438 61 82 0.026510447 
665 526 11 12 0.025953619 
990 92 32 52 0.025255956 
247 -10 379 493 0.0237939 
430 508 79 85 0.022241747 
382 475 103 94 0.022061462 
700 417 252 265 0.022018336 
628 494 110 137 0.02112353 
429 409 98 110 0.020385321 
