45_Balloonist_Balloonist_45_402
20
469 75 59 86 0.99153113 
354 228 46 60 0.98998976 
552 204 48 62 0.9886789 
601 258 56 68 0.9682996 
280 259 43 54 0.85789466 
624 237 61 72 0.087393954 
354 602 138 160 0.049420506 
594 188 42 55 0.047600277 
541 263 24 30 0.04263149 
456 439 98 173 0.041817058 
604 223 55 75 0.041184228 
602 199 48 63 0.036551673 
20 431 163 269 0.03635749 
576 227 49 67 0.030858412 
380 234 42 55 0.02575144 
535 113 43 64 0.025546832 
560 483 55 64 0.025282133 
398 492 131 193 0.022813488 
656 237 52 59 0.022752326 
598 252 35 57 0.021749748 
