45_Balloonist_Balloonist_45_936
34
142 152 323 466 0.9972084 
954 436 16 20 0.058996197 
757 322 29 33 0.055527054 
130 513 321 444 0.050350633 
923 443 52 68 0.046083998 
681 992 27 30 0.045416683 
891 964 13 17 0.041879196 
245 447 400 443 0.04097965 
990 421 16 18 0.040844463 
838 276 15 18 0.038564134 
830 374 13 17 0.036425788 
582 260 143 162 0.029217882 
873 45 101 149 0.02849771 
783 960 14 16 0.028079174 
979 458 27 32 0.027871627 
2 849 31 42 0.027016584 
1005 464 20 35 0.026114488 
846 250 13 16 0.025835598 
796 252 17 20 0.025415285 
853 251 13 15 0.025406694 
590 507 16 20 0.024526626 
216 703 116 176 0.024176024 
455 941 27 33 0.02379641 
991 456 27 39 0.023206512 
988 425 23 27 0.022766115 
1012 426 10 16 0.022381349 
957 417 9 10 0.022365443 
234 912 95 121 0.021962952 
838 247 11 14 0.021956066 
860 358 18 22 0.021907128 
254 958 67 65 0.021859707 
579 975 36 42 0.021805849 
179 794 104 136 0.021548556 
932 260 43 63 0.020293808 
