45_Balloonist_Balloonist_45_615
33
240 175 130 154 0.9998516 
749 162 80 105 0.9964264 
93 121 66 94 0.96537834 
522 174 17 19 0.580951 
121 127 60 84 0.35251948 
468 126 15 19 0.2102367 
105 151 42 58 0.09518713 
552 366 32 35 0.08117709 
501 59 11 15 0.0745263 
495 52 14 19 0.04544162 
415 13 12 14 0.044198807 
359 26 11 14 0.04392402 
467 55 15 18 0.0380885 
170 127 48 71 0.037897833 
468 136 15 18 0.035580784 
470 66 14 18 0.031578157 
506 60 11 15 0.02922877 
88 151 41 56 0.026550619 
487 29 11 13 0.026184259 
584 375 109 142 0.025987834 
507 67 11 15 0.025576148 
356 34 52 70 0.025196707 
396 6 11 13 0.02389518 
455 59 10 12 0.02308549 
465 49 24 31 0.022424946 
487 44 12 15 0.02209025 
468 47 13 15 0.021981362 
211 17 36 50 0.021842193 
436 5 13 14 0.021637639 
501 46 13 17 0.021282515 
482 45 25 33 0.021238191 
475 73 12 16 0.021113804 
537 519 17 20 0.02001652 
