45_Balloonist_Balloonist_45_857
34
612 353 23 28 0.81881475 
496 354 21 28 0.79673326 
413 -3 476 511 0.53456086 
561 363 18 24 0.10702427 
510 592 16 18 0.10597041 
539 450 15 20 0.06710416 
312 84 13 15 0.06438075 
626 405 81 147 0.055930503 
533 344 21 28 0.055303775 
417 365 63 66 0.053255305 
370 159 43 55 0.047609307 
467 345 24 30 0.046793126 
622 358 19 22 0.04060236 
406 53 13 14 0.040139865 
373 164 17 23 0.03866114 
342 125 9 11 0.03450536 
542 421 52 69 0.030324126 
474 7 9 11 0.028869491 
550 369 15 20 0.028194336 
367 119 10 12 0.025462214 
384 68 9 11 0.025336938 
132 282 456 478 0.025130419 
353 31 8 11 0.024771513 
380 22 10 13 0.024403086 
540 371 14 17 0.024157198 
468 370 14 16 0.02294724 
514 393 84 108 0.022872789 
383 64 8 10 0.022339877 
475 361 13 17 0.021894816 
568 369 15 20 0.02153933 
476 370 13 16 0.021052258 
486 361 15 19 0.020978607 
628 364 24 28 0.020599538 
249 116 34 33 0.020164572 
