45_Balloonist_Balloonist_45_273
142
709 206 56 75 0.99929464 
427 39 33 40 0.9992084 
720 301 109 159 0.9990527 
376 159 29 34 0.9986864 
465 160 38 46 0.997598 
107 314 72 85 0.9975381 
123 169 64 82 0.99289674 
627 198 43 58 0.96439224 
868 103 15 21 0.9593195 
818 122 15 17 0.68202835 
163 208 40 48 0.6349074 
360 183 22 31 0.3029989 
740 100 14 18 0.21794981 
202 121 16 19 0.20134783 
285 282 27 32 0.19666687 
857 177 19 24 0.19264537 
609 228 12 15 0.16791722 
766 155 38 52 0.13766772 
732 106 18 21 0.12703255 
957 203 16 22 0.12483638 
340 337 13 18 0.121011935 
777 162 17 24 0.12004133 
661 167 17 21 0.10922813 
580 136 13 16 0.10534319 
608 233 15 21 0.10087832 
279 198 11 14 0.10062031 
197 125 25 30 0.09550408 
543 212 16 19 0.088523515 
567 378 135 142 0.087036796 
563 136 15 20 0.08634134 
944 148 19 22 0.0852242 
573 137 16 19 0.08053551 
984 221 11 13 0.07986744 
607 134 12 15 0.07982807 
733 96 15 18 0.077622056 
558 208 22 29 0.077577725 
607 219 19 28 0.07582733 
49 219 32 47 0.0750617 
598 150 12 16 0.07291542 
722 138 18 22 0.06716934 
939 198 13 16 0.06678704 
722 163 25 29 0.06351444 
814 127 17 20 0.060738888 
873 107 17 23 0.058405865 
788 153 12 17 0.054674838 
980 123 22 24 0.05393542 
419 166 19 22 0.05295711 
602 205 28 36 0.052008446 
377 126 12 16 0.051826287 
994 130 14 17 0.050964613 
872 212 19 23 0.050636593 
283 263 38 45 0.05010018 
789 168 15 20 0.049145415 
379 354 23 29 0.048100363 
148 7 48 58 0.04794295 
806 130 22 27 0.04751997 
852 173 18 21 0.04621162 
238 546 74 66 0.04557213 
616 202 31 43 0.04524959 
405 313 12 13 0.043869063 
738 103 21 28 0.043283883 
836 154 14 16 0.042908374 
820 108 14 16 0.042398874 
268 227 11 14 0.04168022 
586 139 13 16 0.040036142 
951 207 28 37 0.03974014 
779 145 21 27 0.038895775 
786 136 16 22 0.038752306 
237 133 11 13 0.03811231 
397 284 16 19 0.038009945 
793 134 20 25 0.037713002 
959 518 56 67 0.03747568 
963 198 15 19 0.036882482 
486 315 34 35 0.03635362 
631 141 11 14 0.036232106 
248 520 118 112 0.036228098 
605 311 26 32 0.035474274 
581 285 27 35 0.034708716 
604 318 154 193 0.034689397 
983 211 13 16 0.03462435 
865 181 16 21 0.03461446 
487 130 14 17 0.033375036 
460 398 66 84 0.03303544 
667 158 13 16 0.032626446 
953 208 14 20 0.032437857 
253 242 27 31 0.031173764 
839 144 14 18 0.030707072 
772 133 15 20 0.03030463 
953 153 16 19 0.029395133 
291 278 15 19 0.0274739 
211 135 26 32 0.027183566 
829 155 16 18 0.026968606 
274 276 28 35 0.026916886 
806 138 13 16 0.026808588 
259 249 17 20 0.02610534 
788 126 12 15 0.025639657 
337 134 11 14 0.025559226 
298 283 16 19 0.025478706 
602 147 14 17 0.025122257 
230 139 12 16 0.024893599 
270 214 10 13 0.024853755 
517 120 13 17 0.024625836 
827 129 12 18 0.024479147 
613 126 13 16 0.024342416 
375 128 23 29 0.024252292 
276 251 12 15 0.024250612 
723 149 26 32 0.024158044 
802 110 23 29 0.023614723 
171 160 24 31 0.023566348 
548 399 31 43 0.023491453 
641 165 10 14 0.023367431 
886 513 136 131 0.023324668 
468 370 110 142 0.023293106 
987 203 15 22 0.023223745 
865 171 16 20 0.023080721 
725 120 15 19 0.023020891 
846 178 16 20 0.022709522 
413 214 494 474 0.022640707 
606 130 20 24 0.022631625 
165 87 425 439 0.022612723 
332 227 16 17 0.022569448 
309 274 12 16 0.022387223 
606 126 12 17 0.022161989 
223 146 15 19 0.02213673 
995 200 24 31 0.022066971 
773 155 18 23 0.022055002 
394 269 15 15 0.02203842 
248 257 39 48 0.021455333 
805 211 36 49 0.021301353 
727 112 23 30 0.021261923 
351 247 11 13 0.020944469 
348 274 15 19 0.02091025 
366 166 25 31 0.020779459 
247 157 11 13 0.0206051 
843 132 14 19 0.02055567 
268 248 15 19 0.020546636 
279 212 12 13 0.020521509 
988 227 11 13 0.020330975 
263 224 22 31 0.020295229 
669 151 9 12 0.020235443 
590 146 14 17 0.020029275 
842 150 16 20 0.020007446 
