28_Sports_Fan_Sports_Fan_28_880
99
417 74 155 246 0.9911277 
805 240 239 346 0.6352516 
861 488 28 38 0.5900683 
436 666 28 39 0.56787485 
717 693 34 42 0.34582692 
401 634 20 29 0.29596066 
260 593 121 173 0.26558137 
514 146 38 51 0.188928 
495 134 63 80 0.1753677 
471 675 27 41 0.16258556 
685 640 95 138 0.15916684 
454 5 188 281 0.115646794 
686 678 34 39 0.109639935 
193 -50 225 321 0.09803478 
218 254 235 336 0.09803478 
705 669 53 70 0.09308395 
747 680 57 86 0.09308393 
136 -8 178 285 0.09015675 
153 116 119 239 0.09015675 
707 191 242 346 0.090156734 
429 635 45 73 0.08567618 
166 28 106 189 0.08285364 
878 497 25 39 0.07880669 
640 419 121 178 0.076092646 
394 635 13 20 0.074940585 
526 397 14 20 0.074940585 
401 625 17 23 0.074940585 
4 647 53 78 0.06655858 
882 579 25 32 0.06655858 
623 753 7 8 0.06377564 
662 677 27 35 0.06111947 
674 678 29 37 0.06111947 
389 626 8 13 0.05879275 
542 258 242 341 0.05874174 
248 590 83 123 0.056098126 
722 682 54 74 0.056098126 
146 30 60 106 0.056098126 
410 633 43 65 0.056098126 
668 675 15 22 0.054176662 
145 192 215 277 0.04931264 
394 628 42 61 0.047198545 
252 479 29 38 0.047198545 
622 662 28 39 0.047198545 
474 643 45 74 0.047198545 
658 660 56 69 0.04326818 
402 503 59 82 0.04326818 
312 613 98 138 0.04133061 
720 647 106 140 0.04133061 
611 645 48 64 0.039651502 
731 694 18 28 0.038923774 
391 639 8 13 0.038923774 
304 2 218 307 0.03781825 
623 112 212 303 0.03781825 
731 711 30 44 0.036325645 
180 444 56 71 0.036325645 
428 454 16 29 0.035808332 
445 359 6 9 0.035808332 
336 147 232 303 0.034593593 
748 704 34 48 0.033269096 
757 690 36 50 0.033269096 
694 686 35 44 0.033269096 
321 519 13 25 0.032933712 
443 666 44 59 0.030461596 
596 670 13 18 0.030282615 
530 24 117 189 0.028921604 
662 694 29 37 0.027884185 
637 677 19 23 0.027838783 
723 711 20 28 0.027838783 
347 239 17 23 0.027838778 
689 675 17 24 0.02558696 
613 754 6 8 0.02558696 
327 618 65 74 0.025519116 
360 625 57 75 0.025519116 
203 57 62 99 0.025519116 
433 90 67 88 0.025519116 
-1 570 200 294 0.024156325 
49 24 203 298 0.024156325 
211 20 134 209 0.024156325 
891 508 15 24 0.02351288 
357 629 17 22 0.02351288 
385 630 12 19 0.02351288 
242 470 53 70 0.023349825 
51 17 79 111 0.023349825 
483 626 60 78 0.023349825 
208 514 191 307 0.022069868 
113 394 215 303 0.022069868 
448 453 14 23 0.021603195 
618 687 13 17 0.021603195 
635 672 15 21 0.021603195 
391 624 12 18 0.021603195 
406 633 10 14 0.021603195 
444 439 7 10 0.021603195 
377 263 55 79 0.021360904 
620 679 28 35 0.021360898 
-1 289 75 121 0.021360898 
552 686 123 132 0.0201599 
416 199 269 351 0.0201599 
10 293 222 326 0.0201599 
101 15 86 151 0.0201599 
