28_Sports_Fan_Sports_Fan_28_663
38
316 354 257 744 0.9815879 
429 275 298 789 0.97356534 
2 245 194 596 0.9098432 
264 95 273 778 0.8280645 
600 158 253 701 0.7520595 
225 532 246 614 0.6968242 
130 735 209 633 0.6769414 
37 100 265 614 0.6352516 
704 233 228 691 0.59142894 
134 989 218 671 0.4768992 
820 798 222 596 0.45389685 
403 40 273 681 0.4310897 
624 636 222 596 0.4085711 
160 29 281 712 0.3436022 
542 516 225 579 0.24794048 
20 492 277 712 0.19988178 
288 1108 215 614 0.15916684 
552 39 215 588 0.14717786 
509 1058 212 642 0.14717786 
485 715 239 691 0.115646794 
626 1034 209 633 0.115646794 
81 266 269 744 0.09803478 
379 1135 215 623 0.09803478 
797 328 209 652 0.08285364 
707 893 257 633 0.076092646 
-41 661 246 722 0.053832814 
772 207 140 478 0.053832814 
247 330 177 457 0.045153897 
41 800 235 701 0.034593593 
361 649 281 722 0.03163486 
841 366 136 394 0.028921604 
641 701 31 83 0.027884193 
290 73 172 425 0.026434705 
146 90 153 412 0.026434705 
472 96 160 425 0.024156325 
233 1104 144 437 0.024156325 
831 1067 197 538 0.020159906 
-30 986 228 633 0.020159906 
