28_Sports_Fan_Sports_Fan_28_507
43
586 113 68 99 0.9998784 
382 119 67 84 0.99982506 
161 145 74 100 0.9997242 
796 127 76 102 0.9994784 
115 433 98 157 0.6352516 
493 394 144 191 0.4085711 
391 419 91 92 0.2511021 
256 191 203 268 0.2311026 
891 133 22 30 0.188928 
690 -2 206 276 0.17193556 
369 57 228 221 0.15916686 
490 269 239 311 0.15916686 
56 322 212 264 0.14717786 
553 6 246 301 0.13594593 
519 252 32 45 0.09308393 
1013 262 10 18 0.0691498 
182 48 249 293 0.05874174 
42 295 61 89 0.056098126 
914 158 67 92 0.047198545 
741 230 242 268 0.045153886 
318 117 215 284 0.04133061 
839 302 109 146 0.04133061 
871 322 71 82 0.039651502 
446 190 228 293 0.03781825 
510 217 5 6 0.035808332 
536 480 130 177 0.034593605 
525 238 47 61 0.030461596 
894 128 15 24 0.030282615 
299 419 29 36 0.027884185 
433 31 257 301 0.02643471 
935 434 58 53 0.025519116 
917 587 82 80 0.025519116 
600 615 25 34 0.025519116 
310 235 218 288 0.024156325 
4 287 6 8 0.02351288 
241 320 25 33 0.023349825 
783 405 68 66 0.023349825 
1008 445 15 27 0.021603195 
866 501 27 32 0.021360898 
870 124 46 61 0.021360893 
117 261 194 238 0.0201599 
16 138 116 174 0.0201599 
63 19 232 276 0.0201599 
