28_Sports_Fan_Sports_Fan_28_877
37
753 67 111 169 0.999798 
607 204 261 353 0.5461031 
596 341 144 196 0.3864298 
823 536 90 190 0.19988178 
463 367 69 92 0.12872262 
7 242 64 115 0.118850335 
546 210 191 364 0.115646794 
537 611 67 111 0.10106142 
460 505 235 305 0.09015675 
810 621 87 169 0.064067975 
520 588 128 193 0.05874174 
631 368 206 275 0.053832818 
1 251 212 305 0.045153897 
13 248 101 171 0.045153886 
527 387 64 72 0.04326818 
355 488 30 42 0.039651494 
748 662 104 150 0.03781825 
498 326 188 296 0.034593593 
294 158 25 35 0.030461596 
671 28 14 23 0.030282615 
413 341 101 104 0.028921604 
123 117 28 41 0.027884193 
457 332 64 87 0.027884185 
678 75 14 23 0.027838783 
482 392 88 83 0.025519116 
208 733 27 37 0.025519116 
231 180 25 36 0.025519116 
2 274 41 85 0.025519116 
779 488 167 287 0.024156325 
155 593 27 35 0.023349825 
368 367 34 37 0.023349825 
311 93 225 292 0.022069868 
516 387 107 148 0.022069868 
562 491 265 292 0.022069868 
523 33 27 40 0.021360898 
346 357 60 56 0.021360898 
447 326 111 152 0.0201599 
