28_Sports_Fan_Sports_Fan_28_90
27
416 108 194 288 0.95484614 
467 -20 215 288 0.15916686 
117 476 116 231 0.1065206 
597 322 103 132 0.09803478 
67 500 235 315 0.090156734 
858 719 30 30 0.051466707 
482 179 71 102 0.04326818 
348 83 47 86 0.04326818 
653 279 65 58 0.04326818 
685 273 56 78 0.039651494 
141 447 136 174 0.03781825 
107 457 86 159 0.034593605 
523 205 31 41 0.033269096 
551 552 103 167 0.028921604 
644 304 59 76 0.027884193 
748 515 249 324 0.02643471 
517 106 124 221 0.026434705 
876 718 31 30 0.025519116 
555 529 235 249 0.02415633 
377 249 144 167 0.024156325 
619 355 68 74 0.023349825 
471 415 209 315 0.022069868 
642 262 106 107 0.022069868 
347 177 215 297 0.022069868 
541 217 15 21 0.021603195 
456 209 76 134 0.021360898 
342 361 269 310 0.0201599 
