28_Sports_Fan_Sports_Fan_28_989
68
461 112 130 171 0.9997335 
93 -9 225 309 0.9902766 
11 204 265 332 0.9798401 
51 204 95 135 0.9506874 
176 15 246 304 0.88435316 
761 179 197 270 0.85282207 
734 300 228 287 0.8144974 
623 102 100 145 0.8144974 
123 338 180 230 0.73441863 
713 68 188 266 0.73441863 
785 -3 253 283 0.59142894 
72 14 138 223 0.52310073 
705 23 126 210 0.3436022 
888 23 123 213 0.2311026 
630 26 165 244 0.19988178 
279 -3 222 274 0.19988178 
31 80 235 309 0.15916686 
864 37 65 84 0.15056497 
-3 344 70 138 0.12872262 
79 442 47 54 0.118850335 
81 44 86 120 0.109639935 
620 339 235 278 0.1065206 
501 156 277 323 0.1065206 
662 387 138 187 0.1065206 
46 426 232 240 0.08285364 
182 478 73 103 0.07244435 
545 90 160 233 0.06984132 
137 160 144 201 0.05874174 
209 267 249 251 0.053832818 
314 367 235 266 0.053832814 
370 360 29 34 0.051466707 
976 159 47 93 0.051466707 
585 23 121 189 0.04931264 
806 41 55 71 0.047198545 
946 26 70 122 0.047198545 
758 545 123 152 0.045153897 
4 299 104 220 0.045153886 
712 412 191 278 0.045153886 
368 349 55 69 0.039651494 
800 109 140 216 0.03781825 
2 78 48 112 0.036325652 
716 45 78 110 0.036325645 
780 47 136 187 0.034593605 
22 224 69 98 0.033269096 
676 421 70 96 0.030461596 
425 381 200 259 0.028921604 
630 33 74 84 0.027884193 
737 503 62 90 0.027884193 
8 573 53 68 0.027884185 
380 361 18 19 0.027838783 
365 66 163 226 0.02643471 
518 300 215 247 0.02643471 
212 22 140 195 0.026434705 
42 208 63 87 0.025519116 
674 221 180 255 0.02415633 
833 35 112 159 0.024156325 
261 32 63 77 0.023349825 
426 482 57 72 0.023349825 
302 617 82 87 0.023349825 
482 103 65 78 0.023349825 
57 545 91 154 0.022069868 
372 364 18 21 0.021603195 
431 166 17 27 0.021603195 
546 471 23 29 0.021360898 
982 343 49 110 0.021360898 
398 218 298 309 0.020159906 
339 311 123 154 0.0201599 
-23 304 212 287 0.0201599 
