28_Sports_Fan_Sports_Fan_28_124
30
228 184 316 744 0.99488646 
379 147 307 755 0.9831867 
22 175 239 691 0.97107834 
143 322 249 722 0.93593204 
243 52 212 562 0.47689918 
632 166 215 596 0.47689918 
658 990 203 588 0.3647484 
472 462 222 614 0.3436022 
522 963 285 671 0.30317584 
348 -3 222 623 0.26558137 
243 538 265 633 0.24794048 
141 795 188 522 0.2311026 
-21 51 212 605 0.17193554 
558 69 215 623 0.115646794 
795 -48 175 538 0.09015675 
745 385 136 437 0.09015675 
201 971 206 546 0.07609263 
160 98 222 596 0.06984133 
321 988 212 623 0.05874174 
146 506 146 412 0.05874174 
330 422 265 661 0.053832818 
412 898 261 733 0.053832814 
730 902 235 614 0.04931264 
710 104 206 562 0.03781825 
44 491 68 176 0.036325652 
147 625 59 191 0.030461596 
-4 911 285 507 0.028921604 
356 776 232 642 0.028921604 
682 1185 76 138 0.025519116 
711 439 232 546 0.022069868 
