28_Sports_Fan_Sports_Fan_28_770
120
750 1 206 285 0.89347935 
562 230 155 206 0.864054 
77 167 215 281 0.8280645 
187 0 246 335 0.5461031 
-42 363 218 261 0.5 
179 411 140 170 0.4310897 
659 625 7 9 0.3728605 
-1 223 228 298 0.2840034 
662 663 8 10 0.26116365 
296 160 246 316 0.2311026 
270 533 121 144 0.2311026 
145 110 232 289 0.19988178 
94 2 235 294 0.19988178 
582 254 73 92 0.188928 
669 646 8 10 0.13944872 
46 395 134 163 0.13594593 
564 262 50 61 0.12872262 
352 369 212 273 0.12544508 
296 -4 222 298 0.1065206 
577 531 28 39 0.10106142 
92 343 206 273 0.09803478 
515 82 130 125 0.09803478 
764 114 228 269 0.09803478 
676 631 8 10 0.09507551 
702 621 9 11 0.09507551 
404 16 215 265 0.09015675 
704 608 8 9 0.08787667 
419 199 228 257 0.08285364 
557 327 200 228 0.08285364 
22 275 134 172 0.08285364 
537 287 21 35 0.07880669 
554 289 27 36 0.07880669 
762 310 225 273 0.076092646 
724 568 7 7 0.07494057 
299 546 71 89 0.072444364 
623 666 5 6 0.069149815 
672 600 7 9 0.06377564 
114 622 85 57 0.06111947 
109 586 107 123 0.05874174 
-7 392 103 197 0.058741733 
570 282 28 44 0.056098126 
780 281 25 33 0.056098126 
682 617 7 8 0.054176662 
547 275 45 59 0.051466707 
707 225 57 67 0.051466707 
625 667 6 7 0.04990379 
588 166 191 228 0.04931264 
569 639 5 6 0.04595155 
611 667 5 7 0.04595155 
583 364 71 96 0.04326818 
655 627 8 9 0.04229837 
522 23 218 246 0.04133061 
541 108 75 80 0.039651502 
207 431 82 91 0.039651494 
590 654 6 8 0.038923774 
646 646 6 7 0.038923774 
566 512 50 64 0.036325652 
628 256 79 58 0.036325652 
584 252 24 34 0.036325652 
592 629 5 6 0.035808332 
590 649 7 9 0.035808332 
585 671 6 8 0.035808332 
609 595 5 6 0.035808332 
701 576 6 8 0.035808332 
862 207 165 261 0.034593593 
546 482 203 219 0.034593593 
635 456 70 68 0.033269096 
96 288 67 83 0.033269096 
652 633 6 7 0.03293372 
611 585 6 8 0.032933712 
238 478 209 246 0.03163486 
673 547 61 78 0.030461596 
605 296 74 79 0.030461596 
652 637 6 8 0.030282615 
551 617 7 9 0.030282615 
689 583 6 8 0.030282615 
714 570 5 6 0.030282615 
278 144 162 188 0.028921604 
31 -22 203 265 0.028921604 
276 6 151 212 0.028921604 
819 4 151 170 0.028921604 
424 443 218 242 0.028921604 
607 453 142 144 0.028921604 
507 120 82 85 0.027884193 
873 372 67 85 0.027884193 
696 555 35 40 0.027884185 
630 667 9 10 0.027838783 
699 592 7 8 0.027838778 
677 76 212 257 0.026434705 
588 636 4 5 0.02558696 
642 647 6 7 0.02558696 
601 601 5 6 0.02558696 
664 609 7 9 0.02558696 
577 605 4 5 0.02558696 
597 635 5 6 0.02351288 
612 522 7 8 0.02351288 
712 567 5 6 0.02351288 
690 604 7 8 0.02351288 
563 617 6 8 0.02351288 
666 611 7 9 0.02351288 
574 617 5 6 0.02351288 
577 545 17 24 0.02351288 
91 408 92 92 0.023349825 
621 479 62 64 0.023349825 
833 330 62 78 0.023349825 
822 345 130 142 0.022069868 
664 606 5 6 0.0216032 
568 641 6 7 0.021603195 
674 630 7 8 0.021603195 
538 643 9 10 0.021603195 
617 555 6 7 0.021603195 
640 647 6 7 0.021603195 
563 662 6 8 0.021603195 
599 552 7 8 0.021603195 
603 337 17 18 0.021603195 
602 622 6 7 0.021603195 
606 525 15 19 0.021603195 
738 329 56 83 0.021360904 
63 33 76 94 0.021360898 
659 205 132 138 0.0201599 
