28_Sports_Fan_Sports_Fan_28_86
48
120 740 138 321 0.99919194 
119 202 218 596 0.6968242 
176 422 212 546 0.52310073 
554 87 68 148 0.5 
691 193 232 478 0.36474833 
656 475 257 614 0.2311026 
83 563 215 562 0.17193556 
258 147 242 522 0.17193554 
466 524 132 311 0.15916684 
524 101 225 546 0.15916684 
593 854 222 522 0.14717786 
367 542 209 507 0.115646794 
409 897 116 311 0.1065206 
292 447 218 485 0.1065206 
258 566 116 311 0.1065206 
344 1300 34 57 0.072444364 
413 1315 30 57 0.07244435 
441 640 146 316 0.06984133 
177 98 203 471 0.06984133 
279 873 134 340 0.06984132 
352 199 215 554 0.064067975 
634 280 222 614 0.064067975 
471 408 123 294 0.053832814 
424 704 242 457 0.04931264 
426 1257 13 30 0.04595155 
532 932 121 257 0.045153897 
642 705 200 500 0.04133061 
357 773 203 500 0.03781825 
30 731 277 652 0.034593593 
305 569 132 281 0.034593593 
769 41 218 538 0.034593593 
146 182 140 389 0.034593593 
420 1288 25 48 0.033269096 
897 64 58 151 0.033269096 
322 718 65 132 0.033269096 
654 634 34 70 0.033269096 
334 237 121 326 0.03163486 
528 17 106 273 0.028921604 
650 605 65 153 0.027884193 
474 906 130 277 0.026434705 
340 349 55 132 0.025519116 
101 993 215 554 0.022069868 
582 263 140 326 0.022069868 
945 92 21 58 0.021603195 
731 395 52 121 0.021360904 
883 108 57 138 0.021360904 
390 306 69 176 0.021360898 
753 896 246 554 0.0201599 
