28_Sports_Fan_Sports_Fan_28_782
39
406 85 200 227 0.999798 
95 63 269 270 0.9098432 
126 199 222 248 0.71599656 
60 139 194 214 0.6352516 
164 0 126 125 0.59142894 
613 55 197 230 0.45389688 
102 -41 246 259 0.4310897 
521 74 178 214 0.3864298 
318 61 183 230 0.32305852 
213 46 197 220 0.24794048 
4 -16 215 230 0.19988176 
734 89 239 263 0.18550259 
64 244 206 244 0.14717786 
-73 29 206 210 0.1065206 
349 239 261 300 0.09803478 
833 37 257 263 0.076092646 
778 32 57 53 0.07244435 
595 152 200 233 0.058741733 
247 397 232 266 0.04931264 
637 -36 228 237 0.04931264 
-30 79 228 244 0.04931264 
629 206 246 244 0.045153897 
540 252 228 248 0.045153897 
532 -8 194 220 0.04133061 
617 18 126 150 0.03781825 
638 485 124 110 0.03781825 
187 268 149 145 0.034593593 
762 -20 249 248 0.034593593 
170 53 155 179 0.03163486 
108 417 218 237 0.03163486 
123 454 111 120 0.03163486 
887 8 67 59 0.030461604 
672 521 99 56 0.030461604 
540 2 60 48 0.025519116 
140 456 50 61 0.023349825 
320 -19 112 135 0.022069868 
46 4 123 154 0.022069868 
-10 84 107 187 0.0201599 
224 437 114 159 0.0201599 
