28_Sports_Fan_Sports_Fan_28_723
55
421 82 281 300 0.9815879 
401 371 232 214 0.93593204 
494 266 239 263 0.9171464 
713 39 203 227 0.89347935 
294 286 209 223 0.88435316 
202 113 261 274 0.8408331 
360 39 239 266 0.80011827 
277 383 218 240 0.6135702 
339 217 246 255 0.6135702 
615 88 273 263 0.5461031 
661 -16 203 230 0.52310073 
777 327 209 259 0.4768992 
544 126 232 240 0.4768992 
-65 328 232 244 0.45389688 
769 142 222 251 0.4310897 
898 189 109 166 0.3647484 
123 360 186 217 0.30317584 
185 371 206 248 0.26558137 
948 185 79 106 0.2511021 
783 -7 215 233 0.2311026 
583 2 206 237 0.2311026 
370 376 155 171 0.18550259 
494 19 222 248 0.18550259 
863 377 126 174 0.17193554 
699 353 215 274 0.15916686 
-16 394 126 166 0.14717786 
188 264 235 255 0.115646794 
124 93 206 230 0.115646794 
591 294 228 263 0.09803478 
754 -4 138 150 0.08285364 
875 13 136 152 0.058741733 
164 287 55 62 0.056098126 
-9 242 215 255 0.053832818 
848 467 62 79 0.047198545 
450 214 194 198 0.04133061 
861 395 68 80 0.039651494 
196 9 235 255 0.034593593 
435 154 160 190 0.03163486 
834 3 62 56 0.030461596 
642 59 57 55 0.030461596 
950 260 75 109 0.030461596 
684 18 71 74 0.030461596 
726 241 197 227 0.028921604 
598 51 126 152 0.028921604 
207 362 126 164 0.028921604 
800 233 218 259 0.028921604 
821 73 74 69 0.027884193 
246 172 29 34 0.027884193 
712 412 149 156 0.026434705 
0 87 225 201 0.026434705 
620 196 209 240 0.02415633 
83 54 61 75 0.023349825 
446 192 73 73 0.023349825 
637 104 151 187 0.022069868 
170 418 73 86 0.021360898 
