2_Demonstration_Political_Rally_2_641
113
571 157 52 73 0.9990996 
429 180 48 67 0.9988171 
114 120 51 75 0.99813616 
9 145 41 59 0.9953797 
643 155 40 62 0.9944617 
515 161 45 61 0.98957527 
722 162 39 73 0.98751885 
604 139 33 42 0.9695384 
200 137 41 51 0.9695384 
294 138 41 62 0.9567318 
903 144 31 53 0.95280147 
813 150 41 61 0.9439019 
949 179 24 40 0.9275556 
589 145 43 62 0.6332934 
843 132 29 47 0.5 
829 137 39 61 0.36670664 
621 152 43 63 0.30585766 
410 163 18 24 0.22912635 
327 394 235 277 0.21508123 
340 229 34 41 0.2032784 
873 136 55 61 0.188928 
991 219 25 50 0.188928 
940 165 27 45 0.1753677 
860 126 47 58 0.16258557 
44 441 27 35 0.15056497 
533 88 40 57 0.15056497 
172 128 40 59 0.13928533 
305 129 28 48 0.13928533 
573 5 242 321 0.13594593 
328 223 34 39 0.12872264 
919 155 38 58 0.12872262 
438 57 24 37 0.109639935 
141 128 44 62 0.10106142 
162 21 239 273 0.090156734 
604 599 8 11 0.08787667 
0 191 23 43 0.07880669 
632 127 49 68 0.07244435 
870 439 178 232 0.06984133 
336 171 222 281 0.06984133 
638 388 249 294 0.06984132 
161 139 28 41 0.06655858 
634 71 30 45 0.06655858 
538 152 54 70 0.06655857 
577 69 8 9 0.06377564 
330 235 50 75 0.06111947 
537 117 19 24 0.05879275 
195 239 112 160 0.05874174 
319 212 53 66 0.056098126 
400 263 123 191 0.053832818 
481 213 30 37 0.051466707 
389 405 73 78 0.051466707 
453 198 43 55 0.051466707 
893 147 61 94 0.047198545 
423 45 42 54 0.047198545 
574 66 8 9 0.04595155 
330 230 18 21 0.04595155 
894 115 52 71 0.04326818 
966 183 23 34 0.04326818 
702 153 42 74 0.04326818 
423 126 27 37 0.04326818 
105 409 242 298 0.04133062 
625 139 32 48 0.039651494 
-2 211 44 86 0.036325652 
346 263 31 44 0.036325652 
909 463 94 155 0.034593593 
640 272 186 257 0.034593593 
270 170 61 70 0.033269096 
411 167 28 38 0.033269096 
670 156 45 68 0.033269096 
933 164 20 33 0.03293372 
674 35 218 269 0.03163486 
548 64 6 7 0.030282615 
144 173 15 22 0.030282615 
318 128 16 30 0.030282615 
744 320 228 285 0.028921604 
429 441 73 69 0.027884193 
641 215 75 102 0.027884193 
534 81 29 35 0.027884185 
537 65 27 30 0.027884185 
562 70 7 8 0.027838783 
102 199 94 144 0.02643471 
949 170 15 28 0.02558696 
644 61 15 18 0.02558696 
178 150 19 27 0.02558696 
493 64 12 16 0.02558696 
552 70 17 20 0.02558696 
888 131 31 47 0.025519116 
698 456 59 69 0.025519116 
546 41 51 52 0.025519116 
272 200 64 66 0.025519116 
628 64 26 39 0.025519116 
417 17 50 66 0.025519116 
821 158 59 70 0.025519116 
-31 434 265 285 0.024156325 
235 411 228 298 0.024156325 
393 167 19 21 0.02351288 
356 332 7 9 0.02351288 
415 160 8 9 0.02351288 
542 68 15 17 0.02351288 
627 77 47 60 0.023349825 
486 45 26 30 0.023349825 
564 57 25 30 0.023349825 
799 162 30 48 0.023349825 
414 167 45 63 0.023349825 
159 188 212 228 0.022069868 
483 470 215 277 0.022069868 
200 420 21 33 0.021360904 
608 155 35 50 0.021360898 
352 356 29 41 0.021360898 
623 106 26 32 0.021360898 
333 150 49 66 0.021360898 
737 166 44 61 0.021360898 
655 364 112 160 0.0201599 
