2_Demonstration_Political_Rally_2_135
133
237 1040 144 439 0.8144974 
758 435 123 402 0.7688974 
541 395 239 581 0.7520595 
834 161 228 664 0.6769414 
390 1187 26 75 0.6332934 
268 1193 28 70 0.5900683 
280 21 200 517 0.5461031 
373 833 218 654 0.5 
938 598 65 162 0.43212515 
11 657 15 40 0.4141967 
842 776 68 173 0.4099317 
311 976 203 599 0.36474833 
79 655 34 86 0.21842524 
516 639 277 792 0.21508123 
589 514 151 362 0.21508123 
336 681 17 50 0.2141799 
506 1301 12 40 0.2141799 
155 528 57 134 0.2032784 
225 788 239 645 0.19988178 
686 413 158 532 0.17193556 
867 314 146 408 0.17193554 
752 225 206 599 0.14717786 
326 671 29 85 0.13928533 
574 1189 24 66 0.13928533 
129 881 53 151 0.12872262 
419 150 132 317 0.12544508 
158 1254 63 206 0.118850335 
65 619 54 144 0.118850335 
806 -6 222 581 0.115646794 
647 56 180 502 0.1065206 
525 1323 16 45 0.102797605 
916 612 57 139 0.10106142 
506 1295 6 18 0.09507551 
481 15 206 556 0.090156734 
426 235 58 162 0.08567616 
465 924 134 445 0.08285364 
274 50 119 368 0.08285364 
422 273 35 106 0.07880669 
511 192 25 61 0.06655858 
799 909 31 84 0.06655858 
747 205 13 45 0.06377564 
0 716 7 27 0.06377564 
855 790 41 110 0.06111947 
596 125 130 373 0.053832814 
577 418 67 159 0.051466707 
160 358 25 62 0.051466707 
256 1183 46 136 0.051466707 
899 529 98 251 0.04931264 
469 1316 7 24 0.045951538 
544 441 128 384 0.045153897 
321 643 49 134 0.04326818 
601 407 57 125 0.04326818 
254 20 56 179 0.04326818 
289 535 8 22 0.04229837 
954 792 15 40 0.04229837 
38 1040 218 617 0.04133062 
730 1035 235 704 0.04133061 
311 680 27 85 0.039651494 
519 1328 26 77 0.036325652 
466 1363 26 77 0.036325645 
216 304 27 79 0.033269096 
619 410 75 149 0.033269096 
200 635 52 125 0.033269096 
902 714 26 66 0.033269096 
316 706 12 43 0.032933712 
520 1307 17 45 0.032933712 
807 652 111 290 0.03163486 
505 721 27 70 0.030461604 
915 660 35 91 0.030461604 
56 287 35 88 0.030461596 
16 1087 69 170 0.030461596 
256 94 14 40 0.030282615 
517 1298 14 39 0.030282615 
44 669 8 22 0.030282615 
361 33 212 548 0.028921604 
510 1121 119 327 0.028921604 
458 846 235 704 0.028921604 
105 1187 116 313 0.028921604 
14 265 121 396 0.028921604 
525 539 50 162 0.027884193 
646 422 40 89 0.027884193 
372 691 27 82 0.027884193 
213 307 46 130 0.027884193 
357 359 29 74 0.027884193 
450 229 62 156 0.027884185 
263 14 35 104 0.027884185 
553 1139 47 127 0.027884185 
513 1308 7 23 0.027838783 
521 1289 13 36 0.027838783 
531 1307 9 24 0.027838783 
259 131 6 18 0.027838783 
338 687 10 29 0.027838783 
576 1174 14 42 0.027838778 
10 580 6 19 0.027838778 
620 238 249 509 0.026434705 
255 960 12 39 0.02558696 
75 671 21 60 0.02558696 
42 668 14 39 0.02558696 
12 638 15 42 0.02558696 
417 639 18 45 0.02558696 
57 657 36 103 0.025519116 
832 820 54 165 0.025519116 
270 1175 80 257 0.025519116 
727 324 30 79 0.025519116 
484 288 76 173 0.025519116 
515 266 67 156 0.025519116 
512 183 132 274 0.024156325 
354 107 134 322 0.024156325 
945 775 7 21 0.02351288 
271 1184 17 40 0.02351288 
221 290 18 47 0.02351288 
0 711 15 45 0.02351288 
46 278 59 144 0.023349825 
373 300 29 81 0.023349825 
814 445 74 232 0.023349825 
634 359 57 134 0.023349825 
533 444 78 176 0.023349825 
508 1281 25 63 0.023349825 
847 847 65 182 0.023349825 
935 658 76 182 0.023349825 
895 741 25 65 0.023349825 
-19 225 235 617 0.022069868 
7 645 14 45 0.021603195 
0 651 6 21 0.021603195 
9 639 9 22 0.021603195 
578 1170 9 24 0.021603195 
324 699 18 62 0.021603195 
502 205 30 72 0.021360904 
255 65 27 86 0.021360898 
324 356 29 79 0.021360898 
260 71 75 232 0.021360898 
129 440 111 282 0.0201599 
-9 1151 112 322 0.0201599 
