2_Demonstration_Political_Rally_2_172
45
464 311 261 504 0.99845755 
133 532 232 550 0.8408331 
820 198 80 170 0.6332934 
170 137 261 558 0.6135702 
148 436 158 454 0.21508123 
358 273 249 558 0.19988176 
249 14 222 526 0.14717786 
228 483 232 542 0.13594593 
825 320 86 192 0.118850335 
508 662 191 422 0.115646794 
788 151 70 129 0.109639935 
617 265 191 448 0.076092646 
463 1095 79 141 0.07244435 
763 158 116 230 0.06984133 
808 1000 18 42 0.0691498 
456 1055 59 121 0.06655857 
15 649 76 185 0.06111947 
391 894 218 359 0.053832818 
791 241 100 248 0.053832818 
480 1157 73 141 0.051466707 
532 24 246 567 0.04931264 
39 1 225 526 0.04931264 
775 413 206 519 0.04931264 
244 292 265 504 0.045153886 
766 106 73 159 0.04326818 
365 442 167 319 0.03781825 
-6 168 235 511 0.034593593 
738 719 57 134 0.033269096 
428 960 58 129 0.033269096 
609 1243 8 21 0.032933712 
801 374 79 167 0.030461604 
441 1004 62 136 0.030461596 
357 13 136 375 0.028921604 
881 849 117 224 0.028921604 
50 96 57 117 0.027884185 
184 669 249 567 0.02643471 
666 84 212 489 0.026434705 
439 326 144 375 0.026434705 
383 1088 61 123 0.025519116 
784 707 225 461 0.024156325 
733 752 17 47 0.02351288 
734 741 28 70 0.023349825 
605 1244 14 35 0.021603195 
453 856 73 151 0.021360898 
406 997 64 129 0.021360898 
