2_Demonstration_Protesters_2_583
109
814 232 55 87 0.9933628 
904 127 10 14 0.9121234 
895 111 6 9 0.88008106 
865 119 7 9 0.8135483 
816 128 8 11 0.8135483 
831 114 10 13 0.8000445 
685 403 101 183 0.6769414 
583 192 47 64 0.6541731 
929 110 6 8 0.5858033 
776 264 54 66 0.56787485 
998 118 8 11 0.5 
20 145 151 208 0.3436022 
924 49 28 40 0.30585763 
170 505 242 315 0.24794048 
793 111 7 9 0.24479094 
-15 27 218 272 0.19988178 
484 273 235 289 0.14717786 
835 231 30 54 0.13928533 
641 313 183 249 0.115646794 
932 147 18 24 0.111069925 
620 48 124 194 0.1065206 
677 471 32 42 0.07880669 
64 517 203 272 0.076092646 
-1 199 218 276 0.06984133 
86 0 212 264 0.06984132 
486 183 121 134 0.064067975 
799 129 8 11 0.06377564 
764 240 51 80 0.06111947 
226 21 27 33 0.06111947 
996 145 6 8 0.05879275 
985 128 6 8 0.05879275 
715 531 222 257 0.05874174 
3 395 100 221 0.05874174 
621 49 64 78 0.056098126 
956 111 5 8 0.054176662 
90 43 74 94 0.051466707 
604 211 39 42 0.051466707 
839 235 51 80 0.051466707 
737 5 13 19 0.04990379 
507 52 34 42 0.047198545 
644 550 54 71 0.047198545 
426 86 51 72 0.047198545 
890 133 8 10 0.04595155 
952 88 11 15 0.045951538 
585 -1 242 297 0.045153897 
684 463 57 77 0.04326818 
367 5 64 64 0.04326818 
1006 128 6 8 0.04229837 
175 52 128 167 0.04133061 
988 120 6 7 0.038923774 
533 331 151 175 0.03781825 
714 441 116 160 0.03781825 
589 443 63 71 0.036325652 
963 45 55 80 0.036325652 
1014 643 10 20 0.035808332 
958 132 8 10 0.035808332 
3 150 13 21 0.035808332 
589 184 95 106 0.034593605 
702 530 42 34 0.033269096 
937 69 25 34 0.033269096 
375 33 76 67 0.033269096 
897 117 8 10 0.03293372 
791 113 11 14 0.032933712 
544 64 7 11 0.032933712 
6 152 7 11 0.032933712 
993 119 6 8 0.032933712 
43 38 124 183 0.03163486 
926 74 12 21 0.030282615 
827 138 6 9 0.030282615 
420 118 218 231 0.028921604 
307 443 27 35 0.027884193 
878 585 79 82 0.027884193 
751 267 61 80 0.027884193 
604 60 54 62 0.027884185 
376 5 40 40 0.027884185 
820 126 8 11 0.027838783 
953 82 8 9 0.027838783 
824 128 7 10 0.027838783 
1010 125 6 7 0.027838783 
1015 122 7 10 0.027838778 
229 701 20 21 0.027838778 
-70 456 239 320 0.02643471 
873 119 5 8 0.02558696 
877 120 7 9 0.02558696 
927 63 17 28 0.02558696 
544 184 65 69 0.025519116 
544 72 188 257 0.024156325 
839 135 7 9 0.02351288 
892 110 6 9 0.02351288 
885 132 8 10 0.02351288 
1010 157 6 9 0.02351288 
730 -3 25 28 0.023349825 
685 504 70 71 0.023349825 
944 83 23 31 0.023349825 
701 380 91 116 0.023349825 
437 98 31 43 0.023349825 
8 25 111 142 0.022069868 
932 131 9 12 0.021603195 
994 123 7 9 0.021603195 
902 115 6 9 0.021603195 
790 122 22 31 0.021360898 
922 40 51 71 0.021360898 
901 123 20 26 0.021360898 
663 450 52 60 0.021360898 
676 460 29 33 0.021360898 
369 267 253 335 0.0201599 
850 172 116 157 0.0201599 
256 -40 239 302 0.0201599 
592 420 232 284 0.0201599 
