2_Demonstration_Political_Rally_2_577
48
941 1243 24 52 0.8384248 
485 1135 20 47 0.8135483 
81 1061 29 73 0.6744751 
181 1089 17 41 0.29596066 
644 1176 22 51 0.26116365 
934 1250 19 40 0.26116365 
174 1095 25 63 0.21842523 
633 977 246 684 0.15916686 
872 1233 18 39 0.102797605 
556 1138 24 54 0.10106142 
597 442 249 704 0.09015675 
80 1029 48 121 0.08567618 
5 1098 23 75 0.06655858 
162 1110 39 96 0.056098126 
752 1197 15 39 0.054176662 
463 1171 8 19 0.04990379 
326 1031 4 13 0.04595155 
68 1083 16 46 0.04229837 
935 1255 11 24 0.038923774 
382 1120 18 45 0.038923774 
27 302 197 590 0.034593593 
459 1164 16 39 0.03293372 
169 1108 9 23 0.03293372 
495 1181 17 44 0.032933712 
1 947 15 48 0.030282615 
366 1124 15 40 0.030282615 
399 869 228 674 0.028921604 
738 984 197 556 0.028921604 
687 1416 78 130 0.027884193 
384 1187 30 94 0.027884193 
171 1097 17 42 0.027838783 
365 1154 18 47 0.027838778 
476 1143 25 61 0.025519116 
67 1075 5 16 0.02351288 
740 1220 5 16 0.02351288 
494 1145 11 28 0.02351288 
954 1260 11 27 0.02351288 
75 1073 18 51 0.02351288 
395 1143 53 159 0.023349825 
664 1362 123 236 0.022069868 
932 1259 10 27 0.0216032 
486 1171 22 53 0.021603195 
726 1216 9 23 0.021603195 
9 1039 20 53 0.021603195 
70 1090 9 27 0.021603195 
190 1095 14 38 0.021603195 
12 1087 25 74 0.021360898 
866 1241 30 62 0.021360898 
