2_Demonstration_Political_Rally_2_224
79
780 246 65 96 0.9996376 
103 175 71 97 0.9995652 
608 112 75 111 0.99937433 
901 257 62 91 0.9973194 
340 93 73 104 0.9953797 
318 376 212 285 0.8001182 
705 -18 222 253 0.6968242 
584 413 55 70 0.6744751 
767 548 49 73 0.5900683 
404 43 218 277 0.45389685 
541 113 97 130 0.32305852 
952 183 28 35 0.188928 
519 4 86 94 0.1753677 
970 240 15 21 0.15017675 
1004 540 18 27 0.15017675 
951 270 44 69 0.10106142 
482 106 121 178 0.09803478 
841 234 55 82 0.09308395 
885 247 52 89 0.08567618 
187 297 29 37 0.07880669 
245 341 209 261 0.076092646 
462 270 112 165 0.076092646 
817 175 114 188 0.076092646 
919 347 28 28 0.07244435 
933 213 13 16 0.0691498 
808 219 78 123 0.064067975 
805 16 206 253 0.064067975 
292 72 101 130 0.064067975 
824 399 63 83 0.056098126 
933 219 8 10 0.054176662 
436 209 206 215 0.053832818 
796 345 200 298 0.053832818 
351 307 232 209 0.053832814 
703 191 26 31 0.051466707 
965 240 27 35 0.047198545 
346 476 64 80 0.047198545 
676 36 151 183 0.045153897 
638 301 53 61 0.04326818 
968 606 12 22 0.04229837 
328 403 116 172 0.04133062 
937 202 24 29 0.039651502 
449 124 14 19 0.038923774 
961 262 29 46 0.036325652 
1004 206 21 43 0.036325652 
861 256 45 73 0.036325652 
750 236 34 44 0.036325652 
397 69 95 149 0.034593593 
924 15 111 163 0.034593593 
595 280 54 68 0.033269096 
943 182 10 15 0.032933712 
279 126 9 11 0.032933712 
205 353 116 163 0.03163486 
82 389 228 340 0.03163486 
891 496 95 158 0.03163486 
969 276 32 49 0.030461604 
398 189 46 56 0.030461596 
1 378 103 172 0.028921604 
702 148 62 78 0.027884193 
945 217 8 11 0.027838783 
949 234 46 58 0.025519116 
159 455 31 33 0.025519116 
632 308 33 44 0.025519116 
953 168 41 60 0.025519116 
522 254 130 151 0.024156325 
434 167 14 17 0.02351288 
939 217 9 11 0.02351288 
1006 521 13 18 0.02351288 
967 178 6 6 0.02351288 
866 220 59 80 0.023349825 
244 140 27 37 0.023349825 
1 11 54 71 0.023349825 
413 175 53 63 0.023349825 
452 162 26 36 0.023349825 
932 209 9 11 0.021603195 
940 213 14 18 0.021603195 
760 236 51 78 0.021360898 
210 558 73 102 0.021360898 
165 30 178 242 0.0201599 
646 289 111 165 0.0201599 
