2_Demonstration_Protesters_2_519
166
552 118 55 76 0.9996979 
162 126 63 89 0.9996692 
796 99 49 68 0.9988171 
897 175 36 50 0.9944617 
631 733 8 11 0.43536806 
903 181 49 65 0.268611 
319 260 5 6 0.22912635 
368 247 28 45 0.188928 
343 263 6 11 0.15017675 
313 144 12 19 0.1293704 
64 175 18 22 0.11991897 
433 326 15 25 0.111069925 
324 176 5 6 0.10279763 
431 162 6 8 0.10279763 
346 267 10 17 0.08787667 
793 396 232 342 0.08285364 
340 262 6 9 0.08117401 
322 261 4 6 0.08117401 
585 654 7 9 0.08117401 
6 287 7 11 0.08117401 
641 667 7 10 0.074940585 
92 175 8 10 0.07494057 
656 88 6 9 0.069149815 
706 384 6 8 0.0691498 
980 246 53 98 0.06111947 
242 22 68 70 0.06111947 
916 187 52 81 0.051466707 
604 655 6 8 0.04990379 
714 355 6 7 0.04990379 
74 175 10 11 0.049903784 
717 331 7 10 0.04595155 
93 171 12 16 0.04595155 
722 254 6 8 0.04229837 
148 152 5 8 0.04229837 
914 286 95 159 0.04133062 
700 285 6 8 0.038923774 
293 168 8 11 0.038923774 
7 354 6 9 0.038923774 
356 444 253 309 0.03781825 
593 429 253 255 0.03781825 
416 216 25 33 0.036325652 
636 643 5 6 0.035808332 
732 280 4 6 0.035808332 
67 405 5 7 0.035808332 
191 735 4 6 0.035808332 
106 221 7 9 0.035808332 
40 393 261 348 0.034593605 
101 165 7 9 0.03293372 
0 351 4 7 0.032933712 
340 134 6 8 0.032933712 
671 669 6 8 0.032933712 
314 145 7 9 0.032933712 
596 650 6 8 0.032933712 
609 525 62 58 0.030461596 
158 377 64 84 0.030461596 
916 263 61 86 0.030461596 
816 524 43 66 0.030461596 
707 257 5 7 0.030282615 
706 335 5 8 0.030282615 
417 198 6 8 0.030282615 
600 655 6 9 0.030282615 
388 368 4 6 0.030282615 
405 177 5 7 0.030282615 
714 289 7 8 0.030282615 
648 623 5 7 0.030282615 
371 276 16 23 0.030282615 
362 267 27 39 0.027884193 
788 274 51 59 0.027884185 
847 607 7 8 0.027838783 
8 389 4 6 0.027838783 
123 219 7 9 0.027838783 
671 593 16 20 0.027838783 
99 159 5 7 0.027838783 
599 650 6 8 0.027838783 
642 659 7 10 0.027838783 
481 133 12 19 0.027838783 
361 158 5 7 0.027838783 
583 657 7 9 0.027838778 
419 186 4 6 0.027838778 
188 736 4 6 0.027838778 
617 670 7 10 0.027838778 
132 177 5 8 0.027838778 
390 42 7 9 0.027838778 
171 725 5 7 0.027838778 
181 743 7 7 0.027838778 
725 154 5 7 0.027838778 
343 260 11 19 0.027838778 
0 318 4 7 0.027838778 
338 262 4 7 0.027838778 
795 226 6 8 0.02558696 
323 179 5 7 0.02558696 
13 327 4 7 0.02558696 
384 34 15 19 0.02558696 
945 364 6 10 0.02558696 
625 658 6 10 0.02558696 
665 699 6 10 0.02558696 
106 740 6 7 0.02558696 
533 636 5 7 0.02558696 
652 650 6 8 0.02558696 
592 653 6 8 0.02558696 
322 355 5 7 0.02558696 
437 191 6 9 0.02558696 
354 244 4 7 0.02558696 
286 317 6 8 0.02558696 
394 191 6 9 0.02558696 
421 187 4 6 0.02558696 
706 261 5 7 0.02558696 
6 333 6 8 0.02558696 
694 262 5 6 0.02558696 
300 171 5 8 0.02558696 
92 217 7 9 0.02558696 
419 195 7 9 0.02558696 
413 212 7 10 0.02558696 
341 262 18 29 0.025519116 
8 156 46 65 0.025519116 
87 169 25 32 0.025519116 
651 586 27 33 0.025519116 
7 322 4 6 0.02351288 
3 378 5 8 0.02351288 
639 659 7 9 0.02351288 
392 366 4 5 0.02351288 
694 298 9 11 0.02351288 
545 651 5 7 0.02351288 
623 120 6 8 0.02351288 
89 171 7 9 0.02351288 
462 124 6 7 0.02351288 
796 242 15 25 0.02351288 
654 705 7 11 0.02351288 
412 213 14 19 0.02351288 
407 189 7 9 0.02351288 
25 350 5 7 0.02351288 
3 354 7 9 0.02351288 
399 379 4 6 0.02351288 
19 407 5 8 0.02351288 
3 314 4 6 0.02351288 
880 403 69 67 0.023349825 
537 612 27 39 0.023349825 
557 533 209 283 0.022069868 
711 267 4 6 0.021603195 
721 188 6 8 0.021603195 
668 678 6 9 0.021603195 
582 649 11 15 0.021603195 
462 665 8 12 0.021603195 
741 635 13 16 0.021603195 
388 380 4 5 0.021603195 
607 654 6 8 0.021603195 
332 324 5 6 0.021603195 
101 179 8 11 0.021603195 
731 339 6 8 0.021603195 
366 185 6 8 0.021603195 
17 350 5 7 0.021603195 
671 96 7 10 0.021603195 
389 71 11 17 0.021603195 
728 327 5 6 0.021603195 
724 359 6 9 0.021603195 
370 171 5 7 0.021603195 
347 147 6 8 0.021603195 
115 176 6 8 0.021603195 
46 160 13 17 0.021603195 
384 200 6 8 0.021603195 
708 265 5 7 0.021603195 
923 183 37 48 0.021360898 
74 171 26 33 0.021360898 
317 279 25 31 0.021360898 
909 220 97 148 0.0201599 
845 405 119 168 0.0201599 
