2_Demonstration_Political_Rally_2_823
56
262 139 70 86 0.9997701 
570 358 54 62 0.99937433 
678 517 31 35 0.43212515 
360 255 28 33 0.1753677 
825 81 98 141 0.17193554 
456 469 68 70 0.15056497 
112 220 82 64 0.15056497 
663 488 23 25 0.12872264 
269 410 194 207 0.09015675 
-6 71 95 123 0.064067975 
320 395 123 139 0.058741733 
517 125 54 68 0.056098126 
113 68 117 143 0.053832818 
490 482 62 64 0.051466707 
748 325 8 8 0.04990379 
84 25 188 233 0.04931264 
28 72 98 166 0.04931264 
330 1 70 64 0.047198545 
701 249 23 25 0.047198545 
350 246 25 27 0.047198545 
74 78 101 145 0.045153897 
783 58 112 137 0.045153897 
802 48 178 220 0.04133061 
340 271 23 28 0.039651502 
873 64 28 30 0.039651494 
665 509 32 35 0.039651494 
626 197 178 204 0.03781825 
6 209 103 123 0.03781825 
614 219 107 139 0.03781825 
849 272 89 110 0.034593593 
688 393 235 258 0.03163486 
526 -16 257 181 0.03163486 
340 238 24 28 0.030461604 
799 15 73 78 0.030461596 
806 136 61 74 0.030461596 
373 455 124 135 0.028921604 
898 2 62 60 0.027884193 
146 119 76 85 0.027884185 
540 27 19 28 0.027838778 
754 208 170 192 0.02643471 
415 148 225 243 0.026434705 
352 261 27 33 0.025519116 
535 205 51 67 0.025519116 
860 247 63 78 0.025519116 
801 46 79 86 0.025519116 
522 182 183 223 0.024156325 
549 134 50 53 0.023349825 
334 279 24 29 0.023349825 
536 140 30 41 0.023349825 
448 11 197 213 0.022069868 
798 395 242 207 0.022069868 
749 285 6 7 0.021603195 
874 71 61 67 0.021360904 
267 182 56 65 0.021360904 
464 478 41 39 0.021360898 
234 382 73 53 0.021360898 
