2_Demonstration_Demonstration_Or_Protest_2_453
159
575 325 27 36 0.9988171 
62 309 30 42 0.99813616 
480 233 76 107 0.9944617 
12 293 36 55 0.98957527 
693 309 19 28 0.9881053 
739 312 13 20 0.98462796 
756 327 19 27 0.98462796 
722 317 15 21 0.9801546 
661 306 19 27 0.9641916 
720 337 17 24 0.95009613 
400 263 38 57 0.94853324 
610 299 20 32 0.9439019 
648 280 20 30 0.9308502 
807 309 15 24 0.9308502 
201 281 47 65 0.82463235 
801 314 14 22 0.60666233 
753 307 10 13 0.45677772 
654 295 23 33 0.4099317 
546 426 23 30 0.4099317 
8 524 30 41 0.30585766 
798 321 10 16 0.29596066 
867 304 58 79 0.2032784 
337 309 14 24 0.19995552 
746 306 13 19 0.19995552 
180 276 51 62 0.188928 
911 320 18 25 0.17366187 
271 335 16 22 0.15017675 
630 286 16 26 0.15017675 
550 149 24 30 0.118850335 
744 319 22 31 0.109639935 
268 323 25 40 0.109639935 
167 285 32 37 0.10106142 
988 218 27 38 0.09308395 
368 278 31 51 0.09308393 
780 307 7 10 0.08117401 
10 356 8 12 0.08117401 
727 316 19 28 0.07880669 
637 282 24 32 0.07880669 
890 271 82 112 0.076092646 
898 292 50 71 0.072444364 
283 276 6 9 0.0691498 
231 289 30 43 0.06655858 
11 487 51 66 0.06655858 
98 604 24 33 0.06655858 
262 304 47 70 0.06655857 
834 332 9 11 0.06377564 
240 319 15 22 0.05879275 
833 340 9 12 0.05879275 
552 305 22 31 0.056098126 
677 238 19 30 0.056098126 
271 70 74 65 0.056098126 
32 1 34 41 0.056098126 
246 289 16 21 0.054176662 
276 275 12 21 0.054176662 
864 400 89 117 0.053832814 
542 152 22 32 0.051466707 
813 347 6 8 0.04990379 
886 382 46 73 0.047198545 
387 268 34 54 0.047198545 
277 317 27 41 0.047198545 
251 277 24 32 0.047198545 
876 336 58 87 0.047198545 
652 384 31 36 0.04326818 
242 307 25 36 0.04326818 
910 307 30 45 0.04326818 
705 17 13 24 0.04229837 
279 275 20 29 0.039651502 
897 316 30 39 0.039651502 
322 553 25 30 0.039651502 
614 289 22 35 0.039651494 
563 312 27 36 0.039651494 
560 494 54 60 0.039651494 
708 73 19 29 0.039651494 
332 311 29 44 0.039651494 
725 341 10 14 0.038923774 
650 392 13 21 0.038923774 
780 310 9 13 0.038923774 
870 321 37 49 0.036325652 
519 271 50 70 0.036325652 
565 506 33 36 0.036325645 
818 379 51 86 0.036325645 
719 15 13 20 0.035808332 
664 383 16 18 0.035808332 
152 289 4 7 0.035808332 
327 305 17 28 0.035808332 
710 14 14 21 0.035808332 
232 293 46 64 0.033269096 
769 717 32 31 0.033269096 
969 253 30 43 0.033269096 
243 268 25 32 0.033269096 
31 297 39 61 0.033269096 
674 250 12 19 0.03293372 
263 277 15 22 0.03293372 
829 343 9 11 0.03293372 
269 275 14 22 0.03293372 
542 157 13 21 0.032933712 
317 283 15 28 0.032933712 
259 274 5 9 0.032933712 
870 340 93 129 0.03163486 
253 293 28 40 0.030461604 
670 302 21 30 0.030461596 
829 306 22 30 0.030461596 
857 437 62 95 0.030461596 
706 584 17 17 0.030282615 
775 325 7 12 0.030282615 
641 506 209 259 0.028921604 
149 142 132 201 0.028921604 
890 386 111 143 0.028921604 
254 -8 209 296 0.028921604 
177 448 32 33 0.027884193 
929 405 64 81 0.027884193 
696 20 20 30 0.027884193 
256 312 30 43 0.027884193 
840 360 60 86 0.027884193 
278 340 8 11 0.027838783 
670 10 15 22 0.027838783 
796 317 10 13 0.027838778 
284 271 6 8 0.027838778 
309 274 7 10 0.02558696 
246 293 7 11 0.02558696 
35 340 13 19 0.02558696 
760 308 7 10 0.02558696 
832 325 12 16 0.02558696 
328 522 48 63 0.025519116 
93 309 27 38 0.025519116 
744 19 24 36 0.025519116 
83 322 32 38 0.025519116 
128 556 60 83 0.025519116 
640 271 38 54 0.025519116 
791 403 55 83 0.025519116 
263 280 24 33 0.025519116 
347 534 26 36 0.025519116 
1013 64 11 22 0.02351288 
781 309 13 20 0.02351288 
289 284 13 19 0.02351288 
570 149 8 11 0.02351288 
878 447 14 19 0.02351288 
220 60 7 10 0.02351288 
500 179 15 22 0.02351288 
718 71 8 10 0.02351288 
541 161 6 10 0.02351288 
282 278 8 13 0.02351288 
280 271 6 9 0.02351288 
964 243 25 35 0.023349825 
254 56 68 63 0.023349825 
726 348 10 15 0.021603195 
597 305 16 24 0.021603195 
670 316 10 15 0.021603195 
649 313 14 19 0.021603195 
791 320 10 14 0.021603195 
221 293 22 32 0.021603195 
602 298 17 25 0.021603195 
828 387 24 39 0.021360898 
738 0 21 28 0.021360898 
78 309 26 37 0.021360898 
252 272 46 65 0.021360898 
661 243 21 29 0.021360898 
988 233 30 46 0.021360898 
157 61 206 252 0.020159906 
