2_Demonstration_Demonstrators_2_163
57
567 145 86 185 0.9953797 
208 259 38 79 0.43212515 
99 256 25 61 0.43212515 
846 270 27 59 0.32552502 
857 313 203 581 0.2311026 
892 261 24 52 0.19995552 
823 524 197 532 0.18550259 
188 209 63 125 0.1753677 
122 453 73 167 0.118850335 
20 232 19 48 0.111069925 
558 293 17 38 0.08117401 
768 322 86 236 0.076092646 
245 479 225 532 0.064067975 
9 235 30 82 0.06111947 
468 34 61 154 0.056098126 
0 537 12 36 0.054176662 
838 248 43 97 0.047198545 
480 377 82 132 0.047198545 
374 282 61 134 0.04326818 
655 680 209 487 0.04133061 
42 785 25 77 0.039651494 
441 -9 106 270 0.03781825 
841 285 19 43 0.035808332 
25 361 48 111 0.033269096 
3 242 43 139 0.033269096 
14 192 46 107 0.033269096 
549 175 62 156 0.033269096 
36 242 26 66 0.030461604 
678 644 57 119 0.030461596 
464 34 31 68 0.030461596 
12 562 6 20 0.030282615 
876 86 183 524 0.028921604 
473 47 32 78 0.027884193 
558 298 9 22 0.027838778 
651 450 111 247 0.026434705 
780 714 242 645 0.026434705 
215 286 69 173 0.025519116 
937 135 78 224 0.025519116 
86 226 43 97 0.025519116 
7 902 265 517 0.024156325 
684 1000 257 466 0.024156325 
328 74 61 132 0.023349825 
25 159 32 68 0.023349825 
670 159 30 72 0.023349825 
496 310 100 236 0.022069868 
7 619 15 43 0.021603195 
683 497 17 39 0.021603195 
873 368 6 15 0.021603195 
468 1 23 33 0.021603195 
541 1131 64 167 0.021360904 
844 307 56 123 0.021360904 
824 199 54 123 0.021360898 
197 344 58 144 0.021360898 
857 432 58 144 0.021360898 
499 622 70 179 0.021360898 
6 200 32 81 0.021360898 
196 266 61 130 0.021360898 
