2_Demonstration_Protesters_2_840
52
257 198 13 16 0.9928939 
676 192 22 24 0.9850627 
792 173 21 21 0.9275556 
913 158 22 28 0.91432387 
102 189 18 17 0.9121234 
589 335 232 205 0.88435316 
321 175 20 21 0.7488979 
158 210 215 208 0.6968242 
185 189 18 17 0.5432222 
748 203 246 249 0.2150812 
453 340 10 8 0.2141799 
389 171 25 24 0.15056497 
75 199 8 7 0.12937039 
308 213 56 57 0.109639935 
133 -27 212 208 0.1065206 
49 43 47 44 0.10106142 
951 211 12 13 0.09507551 
664 313 265 205 0.09015675 
947 215 20 21 0.08567618 
249 241 144 150 0.076092646 
180 10 100 117 0.064067975 
872 162 19 21 0.06111947 
301 203 175 191 0.05874174 
991 192 15 16 0.049903784 
1000 192 12 14 0.045951538 
879 158 19 23 0.04326818 
907 143 15 14 0.04229837 
893 469 9 8 0.04229837 
171 141 27 26 0.039651502 
783 205 51 55 0.036325652 
451 338 7 7 0.035808332 
724 366 8 7 0.035808332 
772 -19 222 242 0.034593593 
712 174 13 15 0.032933712 
56 243 4 4 0.030282615 
71 200 8 7 0.030282615 
513 -12 188 175 0.028921604 
634 -7 215 208 0.028921604 
45 243 5 4 0.02558696 
883 153 14 17 0.02558696 
93 189 16 17 0.02558696 
153 127 43 47 0.025519116 
70 193 7 7 0.02351288 
446 337 6 5 0.02351288 
322 175 9 9 0.02351288 
984 12 46 50 0.023349825 
999 193 19 22 0.023349825 
714 270 5 5 0.021603195 
16 404 4 4 0.021603195 
384 21 68 65 0.021360904 
417 205 51 46 0.021360893 
34 262 93 104 0.0201599 
