2_Demonstration_Political_Rally_2_335
573
609 162 31 39 0.9994784 
824 473 68 87 0.99931467 
444 154 28 39 0.9992494 
785 558 70 94 0.9991779 
474 175 31 38 0.99891996 
753 177 32 40 0.9988171 
879 152 29 35 0.99844605 
729 80 30 35 0.99844605 
352 497 58 82 0.99844605 
326 104 30 37 0.9982981 
404 258 49 66 0.9982981 
670 415 56 69 0.9982981 
735 444 51 79 0.9979589 
381 334 49 57 0.9979589 
171 188 39 46 0.9979589 
60 136 37 43 0.9975521 
894 341 47 64 0.99706453 
157 259 35 45 0.99706453 
308 323 54 68 0.99678564 
702 316 48 61 0.99678564 
942 116 27 33 0.99678564 
242 178 29 32 0.99678564 
65 208 36 42 0.9964803 
326 420 68 77 0.99614596 
617 81 27 32 0.99614596 
482 127 32 37 0.99614596 
6 326 45 63 0.9949414 
0 399 54 69 0.9949414 
656 127 32 39 0.9949414 
279 425 50 67 0.9944617 
272 266 45 57 0.9944617 
107 147 29 32 0.9944617 
570 476 46 69 0.9944617 
147 144 35 45 0.993937 
248 550 61 88 0.993937 
1 233 26 45 0.9933628 
877 309 32 49 0.9933628 
666 66 25 28 0.9933628 
273 193 28 38 0.9933628 
741 142 28 34 0.9933628 
921 196 29 39 0.9933628 
34 220 30 38 0.9927347 
543 218 42 49 0.9927347 
211 282 46 65 0.9927347 
232 227 41 49 0.9927347 
132 478 45 78 0.99204755 
666 173 43 47 0.99204755 
489 245 44 55 0.99129593 
340 58 20 27 0.99080336 
846 213 44 46 0.99047405 
520 197 28 42 0.99047405 
777 202 35 45 0.99047405 
476 438 44 73 0.98957527 
140 100 25 29 0.98957527 
110 266 44 54 0.98957527 
355 225 41 46 0.98859274 
84 236 37 49 0.98859274 
340 278 43 58 0.98859274 
828 430 39 50 0.98751885 
27 0 18 16 0.98704255 
69 91 23 28 0.9863452 
191 265 29 43 0.9850627 
446 373 43 59 0.9850627 
859 118 22 27 0.9850627 
695 213 40 45 0.98366195 
276 326 41 52 0.9821322 
572 330 41 49 0.98046196 
360 157 41 43 0.9786391 
246 95 22 30 0.97448087 
577 134 32 39 0.97448087 
579 62 25 27 0.9721158 
940 404 35 57 0.9721158 
910 7 15 19 0.9697174 
474 296 41 54 0.9695384 
818 77 25 29 0.9667309 
169 76 20 23 0.9641916 
863 66 22 28 0.96367437 
775 155 25 30 0.96367437 
820 107 27 31 0.96034855 
35 79 22 28 0.96034855 
846 170 31 36 0.96034855 
660 230 40 46 0.96034855 
14 33 21 24 0.9577016 
906 64 16 21 0.95009613 
0 494 38 60 0.94853324 
832 57 21 26 0.94120723 
559 552 70 112 0.9388805 
613 411 46 54 0.93344146 
32 147 25 31 0.93344146 
754 251 30 44 0.9275556 
144 230 30 36 0.8989386 
281 162 33 37 0.89036 
315 196 23 35 0.88114965 
567 118 20 23 0.880081 
642 236 28 36 0.8712774 
14 50 19 23 0.84982324 
919 98 18 24 0.84982324 
897 222 26 34 0.849435 
802 126 25 30 0.849435 
535 261 32 44 0.849435 
461 114 21 30 0.849435 
296 102 25 33 0.849435 
823 193 23 30 0.83741444 
718 11 12 16 0.8263381 
64 63 21 25 0.8135483 
811 180 23 27 0.811072 
212 12 12 15 0.8000445 
460 268 27 34 0.7815748 
333 35 16 22 0.755209 
0 73 16 24 0.755209 
181 23 18 26 0.755209 
188 114 23 29 0.73138905 
588 198 27 33 0.6941424 
364 207 39 50 0.6941424 
570 123 32 36 0.6744751 
78 403 40 54 0.6744751 
648 82 20 24 0.66669756 
28 37 18 22 0.66669756 
987 6 18 20 0.64717066 
413 437 32 46 0.6332934 
80 176 31 36 0.6332934 
823 436 55 81 0.61190087 
826 64 24 28 0.5900683 
809 117 28 34 0.56787485 
454 652 45 32 0.56787485 
817 89 30 34 0.56787485 
414 94 13 20 0.56463194 
528 205 39 45 0.54540557 
587 258 36 47 0.5454055 
690 126 25 30 0.5454055 
715 77 13 17 0.5432222 
595 44 13 18 0.5432222 
679 197 48 53 0.5227497 
588 105 23 27 0.5227497 
739 26 15 20 0.5216516 
778 53 18 28 0.5216516 
324 306 48 64 0.5 
833 186 27 33 0.5 
174 262 34 45 0.47725022 
858 53 17 23 0.45677772 
885 326 41 60 0.4545945 
22 55 21 22 0.43536806 
574 192 31 36 0.43212515 
762 165 31 38 0.38809907 
344 205 31 35 0.38809907 
48 211 36 48 0.36670664 
336 158 25 32 0.36670664 
933 33 13 17 0.35282937 
290 109 18 25 0.33330244 
246 233 42 54 0.32552502 
635 137 21 27 0.32552502 
541 250 47 64 0.30585766 
66 77 27 32 0.28687313 
500 386 29 45 0.28687313 
115 354 51 60 0.268611 
199 269 42 58 0.268611 
397 219 34 45 0.268611 
535 568 63 93 0.268611 
360 116 16 23 0.26116365 
1 146 20 26 0.26116365 
437 636 54 44 0.2511021 
71 192 35 42 0.2511021 
13 577 49 77 0.2511021 
765 189 32 38 0.2511021 
644 302 40 40 0.23436876 
268 154 23 26 0.23436876 
372 429 54 70 0.23436876 
908 276 30 42 0.23436876 
757 15 9 11 0.22912638 
384 227 46 68 0.21842524 
691 298 44 64 0.21842524 
564 247 48 61 0.21842523 
276 548 58 85 0.21842523 
200 58 12 21 0.2141799 
283 177 38 48 0.2032784 
276 244 39 49 0.2032784 
472 57 15 21 0.19995552 
669 522 62 77 0.188928 
663 43 12 15 0.18645167 
654 70 25 30 0.1753677 
467 376 43 57 0.1753677 
746 58 22 26 0.1753677 
23 80 13 20 0.17366187 
211 96 15 20 0.17366187 
691 66 12 17 0.17366187 
600 202 19 23 0.17366186 
130 263 46 52 0.16258557 
520 238 48 55 0.16258557 
2 418 63 90 0.16258557 
346 239 48 66 0.16258556 
564 138 32 37 0.15056497 
411 228 33 42 0.15056497 
842 170 22 26 0.13944872 
234 7 11 17 0.13944872 
98 249 41 53 0.13928533 
748 155 31 37 0.13928533 
468 273 43 57 0.13928533 
159 137 36 44 0.13928533 
44 395 51 69 0.13928533 
324 251 29 42 0.12872264 
296 153 30 34 0.12872264 
298 191 30 39 0.12872264 
105 492 55 82 0.12872262 
740 1 8 9 0.11991897 
860 42 14 18 0.11991897 
862 36 12 15 0.11991897 
243 273 51 63 0.118850335 
167 492 51 75 0.118850335 
787 130 29 33 0.118850335 
460 248 44 54 0.118850335 
65 151 46 52 0.109639935 
363 187 39 49 0.109639935 
590 335 36 46 0.109639935 
147 390 63 85 0.109639935 
189 57 16 22 0.10279763 
212 639 31 33 0.10106142 
68 54 23 27 0.10106142 
549 145 31 36 0.10106142 
761 245 46 54 0.09308395 
6 473 58 77 0.09308395 
787 158 26 33 0.09308395 
429 627 34 46 0.09308393 
175 118 30 34 0.09308393 
997 294 25 53 0.09308393 
796 182 28 33 0.09308393 
225 256 49 68 0.09308393 
783 171 29 34 0.09308393 
63 32 24 28 0.09308393 
813 173 17 22 0.08787667 
265 149 18 22 0.08787667 
363 314 50 70 0.08567618 
125 100 24 31 0.08567618 
869 160 29 36 0.08567618 
643 400 31 45 0.08567618 
160 200 44 49 0.08567618 
591 562 56 75 0.08567618 
753 0 10 10 0.08117401 
617 58 14 17 0.08117401 
562 110 19 24 0.08117401 
331 267 34 45 0.07880669 
689 300 29 37 0.07880669 
411 244 37 50 0.07880669 
766 214 43 56 0.07880669 
157 158 45 53 0.07880669 
569 498 58 88 0.07880669 
795 167 26 33 0.07880669 
776 136 33 36 0.07880669 
808 91 16 22 0.074940585 
786 34 15 22 0.07494057 
468 28 26 31 0.072444364 
704 131 23 31 0.07244435 
213 508 31 44 0.07244435 
21 144 25 34 0.07244435 
90 385 51 66 0.07244435 
63 10 13 16 0.069149815 
27 79 18 23 0.0691498 
323 67 13 16 0.0691498 
171 53 12 15 0.0691498 
459 162 28 37 0.06655858 
668 121 31 39 0.06655858 
351 154 31 38 0.06655858 
400 426 34 50 0.06655857 
712 452 50 67 0.06655857 
655 292 46 57 0.06655857 
504 372 23 33 0.06655857 
411 434 203 282 0.064067975 
293 93 21 26 0.06377564 
733 29 17 23 0.06377564 
843 181 23 31 0.06377564 
196 62 20 25 0.06111947 
628 291 61 72 0.06111947 
845 53 21 28 0.06111947 
203 246 44 54 0.06111947 
539 158 30 35 0.06111947 
506 250 46 60 0.06111947 
472 53 25 33 0.06111947 
558 310 42 59 0.06111947 
632 304 31 37 0.06111947 
879 81 17 23 0.05879275 
926 269 14 25 0.05879275 
546 284 43 64 0.056098126 
329 230 45 55 0.056098126 
48 75 24 30 0.056098126 
332 195 25 36 0.056098126 
193 503 45 69 0.056098126 
442 257 41 54 0.056098126 
176 402 61 91 0.056098126 
656 181 30 38 0.056098126 
560 389 20 29 0.056098126 
69 11 13 15 0.054176662 
0 28 14 21 0.054176662 
121 77 16 22 0.054176662 
285 44 7 9 0.054176662 
807 207 18 25 0.054176662 
822 186 17 25 0.054176662 
326 453 81 90 0.053832814 
403 93 23 32 0.051466707 
11 226 28 46 0.051466707 
374 232 35 49 0.051466707 
624 298 24 30 0.051466707 
84 513 55 72 0.051466707 
661 191 46 58 0.051466707 
520 588 47 82 0.051466707 
884 296 40 49 0.051466707 
454 233 34 45 0.051466707 
446 133 17 19 0.04990379 
236 5 8 11 0.04990379 
309 53 12 17 0.049903784 
37 135 38 47 0.047198545 
823 129 27 34 0.047198545 
834 162 24 28 0.047198545 
858 315 32 47 0.047198545 
98 532 30 43 0.047198545 
19 217 27 41 0.047198545 
151 219 32 37 0.047198545 
830 203 41 45 0.047198545 
16 386 61 72 0.047198545 
66 123 30 36 0.047198545 
606 318 56 66 0.047198545 
4 28 21 26 0.047198545 
358 272 54 67 0.047198545 
308 109 19 27 0.04595155 
74 47 18 20 0.04595155 
898 11 6 8 0.04595155 
692 16 9 11 0.045951538 
694 71 14 19 0.045951538 
890 7 7 9 0.045951538 
499 217 44 54 0.04326818 
122 126 26 33 0.04326818 
433 228 33 40 0.04326818 
721 164 23 29 0.04326818 
806 499 74 91 0.04326818 
798 152 25 34 0.04326818 
687 118 21 28 0.04229837 
335 149 40 53 0.039651502 
306 245 40 56 0.039651502 
524 270 45 68 0.039651502 
458 123 29 37 0.039651502 
299 554 37 56 0.039651502 
133 363 54 79 0.039651502 
392 84 25 35 0.039651494 
621 573 33 44 0.039651494 
129 118 27 34 0.039651494 
111 236 32 39 0.039651494 
328 174 25 36 0.039651494 
761 54 21 27 0.039651494 
109 64 24 29 0.039651494 
284 46 11 14 0.038923774 
756 269 18 27 0.038923774 
152 0 9 10 0.038923774 
466 28 15 20 0.038923774 
969 3 8 10 0.038923774 
184 56 14 19 0.038923774 
659 402 46 68 0.036325652 
368 170 41 49 0.036325652 
280 506 22 28 0.036325652 
5 65 23 29 0.036325652 
-1 562 43 73 0.036325652 
522 611 28 50 0.036325652 
451 131 26 36 0.036325652 
526 180 31 42 0.036325652 
212 219 26 31 0.036325652 
640 264 58 69 0.036325652 
179 138 31 39 0.036325645 
785 255 30 36 0.036325645 
908 205 30 37 0.036325645 
112 542 17 21 0.035808332 
664 37 7 10 0.035808332 
214 19 9 11 0.035808332 
780 98 15 18 0.035808332 
699 70 9 12 0.035808332 
829 6 6 8 0.035808332 
639 125 38 49 0.033269096 
21 64 23 29 0.033269096 
4 502 54 91 0.033269096 
257 159 24 29 0.033269096 
70 229 34 44 0.033269096 
849 63 23 30 0.033269096 
729 148 27 34 0.033269096 
535 171 30 37 0.033269096 
121 147 29 37 0.033269096 
224 243 37 43 0.033269096 
137 104 41 49 0.033269096 
163 122 29 37 0.033269096 
410 148 23 27 0.033269096 
467 115 36 44 0.033269096 
614 304 27 34 0.033269096 
541 307 25 40 0.033269096 
736 254 32 41 0.033269096 
664 50 9 11 0.03293372 
750 5 7 9 0.03293372 
860 34 9 11 0.03293372 
814 133 19 25 0.03293372 
783 1 11 15 0.03293372 
271 198 18 25 0.032933712 
202 57 8 11 0.032933712 
178 54 14 18 0.032933712 
409 71 13 17 0.032933712 
834 310 20 25 0.032933712 
187 436 5 6 0.032933712 
217 17 8 10 0.032933712 
891 9 8 10 0.032933712 
14 507 80 110 0.03163486 
0 343 58 91 0.030461604 
469 148 28 37 0.030461604 
810 173 38 51 0.030461596 
708 77 21 28 0.030461596 
558 203 35 42 0.030461596 
209 7 20 26 0.030461596 
696 277 30 37 0.030461596 
195 249 29 37 0.030461596 
486 389 31 43 0.030461596 
816 202 18 25 0.030282615 
652 406 19 27 0.030282615 
652 97 18 24 0.030282615 
217 631 23 27 0.030282615 
936 61 11 15 0.030282615 
424 235 49 61 0.027884193 
778 102 25 27 0.027884193 
33 29 23 27 0.027884193 
503 373 46 65 0.027884193 
501 627 55 58 0.027884193 
920 269 25 41 0.027884193 
689 144 28 33 0.027884193 
750 222 25 32 0.027884193 
264 245 32 46 0.027884193 
339 322 53 68 0.027884193 
416 420 35 47 0.027884185 
481 408 52 78 0.027884185 
331 208 30 37 0.027884185 
584 45 25 30 0.027884185 
380 76 26 32 0.027884185 
135 55 12 19 0.027838783 
754 54 17 21 0.027838783 
826 2 8 9 0.027838783 
406 245 21 29 0.027838783 
755 4 9 9 0.027838783 
755 68 18 26 0.027838783 
504 394 16 27 0.027838783 
126 122 17 25 0.027838783 
356 233 25 29 0.027838783 
857 47 13 18 0.027838783 
862 174 19 24 0.027838783 
423 451 20 23 0.027838783 
345 139 17 24 0.027838783 
386 168 21 26 0.027838778 
469 28 6 8 0.027838778 
314 56 12 17 0.027838778 
538 162 16 23 0.027838778 
939 32 8 11 0.027838778 
277 165 19 25 0.027838778 
972 1 14 15 0.027838778 
718 7 8 9 0.027838778 
42 472 82 116 0.026434705 
560 103 17 22 0.02558696 
172 457 5 7 0.02558696 
640 83 17 24 0.02558696 
709 127 14 23 0.02558696 
774 129 19 20 0.02558696 
783 42 16 20 0.02558696 
784 14 7 9 0.02558696 
792 264 17 22 0.02558696 
843 161 21 22 0.02558696 
103 70 8 12 0.02558696 
744 50 19 23 0.02558696 
19 181 9 12 0.02558696 
678 64 19 24 0.02558696 
317 60 13 19 0.02558696 
689 22 8 13 0.02558696 
450 123 19 23 0.02558696 
819 177 10 11 0.02558696 
823 2 13 17 0.02558696 
492 598 45 61 0.025519116 
784 117 29 33 0.025519116 
832 143 25 30 0.025519116 
123 93 40 51 0.025519116 
199 237 29 32 0.025519116 
26 207 26 36 0.025519116 
462 24 40 54 0.025519116 
715 173 25 30 0.025519116 
-3 133 35 49 0.025519116 
357 434 45 51 0.025519116 
136 434 50 63 0.025519116 
678 114 43 51 0.025519116 
555 189 27 34 0.025519116 
557 105 40 47 0.025519116 
438 615 37 49 0.025519116 
623 313 32 40 0.025519116 
348 171 43 52 0.025519116 
658 154 43 52 0.025519116 
779 437 69 106 0.024156325 
580 116 20 23 0.02351288 
358 161 19 23 0.02351288 
782 130 22 24 0.02351288 
809 95 8 12 0.02351288 
199 119 17 25 0.02351288 
660 40 8 11 0.02351288 
65 26 14 18 0.02351288 
669 43 9 12 0.02351288 
282 39 13 16 0.02351288 
716 13 8 11 0.02351288 
677 205 24 26 0.02351288 
483 212 25 35 0.023349825 
440 136 23 30 0.023349825 
148 373 29 45 0.023349825 
762 127 27 32 0.023349825 
907 106 23 27 0.023349825 
222 645 31 37 0.023349825 
753 137 31 38 0.023349825 
550 315 27 39 0.023349825 
496 294 46 64 0.023349825 
191 128 28 40 0.023349825 
845 187 33 41 0.023349825 
699 162 25 33 0.023349825 
494 133 29 38 0.023349825 
472 434 35 41 0.023349825 
867 221 35 39 0.023349825 
229 289 39 48 0.023349825 
491 234 33 43 0.023349825 
608 343 31 44 0.023349825 
445 223 32 39 0.023349825 
613 60 23 27 0.023349825 
117 94 23 30 0.023349825 
715 257 32 37 0.023349825 
611 517 86 123 0.022069868 
16 404 89 127 0.022069868 
203 506 75 118 0.022069868 
341 147 19 30 0.0216032 
942 11 7 8 0.021603195 
277 211 18 23 0.021603195 
917 77 14 18 0.021603195 
75 0 6 6 0.021603195 
579 232 18 24 0.021603195 
478 61 10 13 0.021603195 
767 68 19 25 0.021603195 
176 15 8 10 0.021603195 
969 15 13 17 0.021603195 
973 19 7 9 0.021603195 
659 142 19 26 0.021603195 
512 138 14 21 0.021603195 
769 157 18 23 0.021603195 
816 173 9 12 0.021603195 
481 0 11 10 0.021603195 
203 511 5 7 0.021603195 
557 585 8 10 0.021603195 
782 7 12 16 0.021603195 
935 28 9 11 0.021603195 
119 542 7 8 0.021603195 
436 212 28 32 0.021360904 
879 214 40 49 0.021360904 
61 20 24 29 0.021360904 
391 68 25 32 0.021360904 
661 37 21 26 0.021360898 
816 166 25 30 0.021360898 
157 413 40 52 0.021360898 
682 165 30 37 0.021360898 
271 198 45 54 0.021360898 
102 409 48 66 0.021360898 
431 194 25 29 0.021360898 
300 265 52 66 0.021360898 
974 4 28 33 0.021360898 
107 527 47 78 0.021360898 
259 267 31 45 0.021360898 
117 451 51 90 0.021360898 
831 172 27 33 0.021360898 
734 165 23 30 0.021360898 
188 441 51 70 0.021360898 
304 177 31 41 0.021360898 
328 289 34 44 0.021360898 
734 37 24 29 0.021360898 
612 279 50 57 0.021360898 
584 210 27 40 0.021360898 
127 227 40 50 0.021360893 
