2_Demonstration_Demonstration_Or_Protest_2_441
159
855 172 33 42 0.9996979 
288 188 29 39 0.9995652 
612 176 37 45 0.99952376 
934 156 31 42 0.9994784 
571 175 31 44 0.99931467 
233 155 38 46 0.9990138 
328 210 35 40 0.9990138 
1 191 28 36 0.9975521 
404 167 34 43 0.9973194 
500 162 35 53 0.99129593 
788 156 41 55 0.98751885 
109 186 44 53 0.98366195 
851 355 29 34 0.88114965 
314 175 24 32 0.88114965 
720 166 25 34 0.8607147 
467 410 206 287 0.59142894 
441 338 15 18 0.5216516 
903 605 46 36 0.4545945 
657 8 58 59 0.4099317 
433 494 65 82 0.4099317 
629 344 18 22 0.33330244 
484 583 67 50 0.32552502 
991 77 17 21 0.31433132 
519 119 15 23 0.26116365 
153 125 18 25 0.2141799 
484 111 19 28 0.16258557 
297 179 28 37 0.16258556 
158 430 228 279 0.14717786 
90 206 17 28 0.13944872 
372 568 17 19 0.1293704 
13 485 31 37 0.118850335 
97 196 26 38 0.118850335 
479 473 132 176 0.115646794 
505 105 15 19 0.111069925 
300 167 232 271 0.1065206 
22 387 203 296 0.1065206 
38 201 25 30 0.10106142 
354 63 28 35 0.09308393 
928 138 26 33 0.09308393 
439 318 6 8 0.08787667 
568 105 17 24 0.08787667 
676 506 71 94 0.08567618 
144 128 22 28 0.07880669 
165 163 23 31 0.07880669 
452 178 24 30 0.07880669 
496 334 7 9 0.07494057 
205 118 28 33 0.072444364 
468 335 7 9 0.069149815 
593 126 26 32 0.06655858 
450 510 109 131 0.064067975 
794 571 20 22 0.06377564 
533 90 13 22 0.05879275 
432 637 56 59 0.056098126 
78 193 27 41 0.056098126 
3 475 46 69 0.056098126 
927 131 22 27 0.056098126 
509 106 20 26 0.056098126 
126 41 25 41 0.056098126 
34 427 29 34 0.051466707 
978 132 22 29 0.051466707 
996 503 23 37 0.051466707 
651 515 65 82 0.051466707 
19 478 18 26 0.049903784 
322 188 29 36 0.047198545 
55 189 54 65 0.047198545 
710 -3 38 36 0.047198545 
522 112 23 30 0.047198545 
909 143 13 20 0.04595155 
63 181 27 37 0.04326818 
682 57 62 101 0.04326818 
446 660 54 48 0.04326818 
413 448 124 164 0.04133061 
343 26 53 75 0.039651494 
916 133 23 28 0.039651494 
531 332 8 10 0.038923774 
144 178 19 25 0.038923774 
48 194 30 38 0.036325652 
128 181 35 42 0.036325652 
493 320 6 8 0.035808332 
745 61 16 21 0.035808332 
679 169 19 26 0.035808332 
684 84 19 22 0.035808332 
622 341 18 21 0.035808332 
618 552 16 19 0.035808332 
340 178 25 32 0.033269096 
456 642 33 37 0.033269096 
39 182 25 33 0.033269096 
425 77 14 20 0.03293372 
20 230 16 21 0.032933712 
387 525 26 31 0.030461604 
328 174 26 33 0.030461604 
982 365 26 37 0.030461604 
967 137 21 29 0.030461596 
475 543 69 72 0.030461596 
448 342 9 11 0.030282615 
587 122 20 25 0.030282615 
928 572 18 21 0.030282615 
635 312 5 7 0.030282615 
8 109 200 255 0.028921604 
152 171 27 33 0.027884193 
338 196 28 36 0.027884193 
60 14 33 31 0.027884193 
805 352 20 27 0.027884193 
354 564 29 26 0.027884193 
110 48 54 69 0.027884185 
804 559 25 27 0.027884185 
578 164 26 35 0.027884185 
214 161 23 33 0.027884185 
813 300 5 7 0.027838783 
575 537 16 23 0.027838783 
272 325 8 10 0.027838783 
848 563 16 21 0.027838783 
497 111 17 25 0.027838778 
31 342 106 187 0.026434705 
739 420 209 275 0.026434705 
442 342 9 11 0.02558696 
277 316 6 8 0.02558696 
86 183 41 64 0.025519116 
588 569 29 34 0.025519116 
462 679 34 28 0.025519116 
482 160 22 33 0.025519116 
443 181 25 35 0.025519116 
905 134 23 31 0.025519116 
653 551 34 44 0.025519116 
445 106 25 33 0.025519116 
512 97 41 54 0.025519116 
654 441 117 169 0.024156325 
140 140 14 19 0.02351288 
43 469 22 28 0.02351288 
724 77 12 18 0.02351288 
466 113 6 8 0.02351288 
779 12 6 9 0.02351288 
924 567 14 19 0.02351288 
516 571 20 22 0.02351288 
507 576 35 32 0.023349825 
960 526 52 73 0.023349825 
133 201 32 39 0.023349825 
985 62 25 34 0.023349825 
94 37 25 32 0.023349825 
418 79 24 32 0.023349825 
528 92 22 32 0.023349825 
582 103 54 67 0.023349825 
720 144 43 59 0.023349825 
457 370 14 17 0.021603195 
966 139 13 20 0.021603195 
526 95 13 20 0.021603195 
-1 437 10 20 0.021603195 
537 86 7 9 0.021603195 
577 325 7 9 0.021603195 
513 102 10 14 0.021603195 
537 93 9 13 0.021603195 
892 301 14 20 0.021603195 
991 77 10 12 0.021603195 
325 11 53 77 0.021360904 
351 572 64 86 0.021360904 
112 39 28 39 0.021360898 
713 174 24 34 0.021360898 
156 223 22 28 0.021360898 
51 176 27 33 0.021360898 
