2_Demonstration_Demonstration_Or_Protest_2_159
130
266 372 56 64 0.9992494 
671 382 30 41 0.9991779 
585 339 54 78 0.9982981 
821 330 104 121 0.99796546 
169 154 54 68 0.9964803 
215 417 16 21 0.9964348 
427 180 45 58 0.9944617 
955 309 62 95 0.99129593 
526 412 32 41 0.98046196 
562 391 27 35 0.97448087 
290 198 18 24 0.96107626 
745 76 39 42 0.88114965 
464 380 16 25 0.7388364 
323 395 32 43 0.6941424 
240 402 22 29 0.5227497 
785 497 206 268 0.28400344 
204 412 12 16 0.1864517 
385 384 12 19 0.1864517 
521 166 34 43 0.15056497 
444 360 16 27 0.12937039 
942 322 89 167 0.115646794 
959 185 15 18 0.111069925 
407 386 7 9 0.10279763 
536 576 26 46 0.10106142 
42 384 29 34 0.09308395 
1003 132 14 16 0.08787667 
227 395 14 18 0.08787667 
868 541 119 177 0.08285364 
405 382 12 16 0.074940585 
867 309 86 124 0.06984133 
878 542 69 99 0.06655858 
703 103 33 36 0.06655858 
403 373 21 30 0.06655858 
574 372 43 59 0.06655857 
145 382 17 21 0.06377564 
191 440 22 32 0.06111947 
201 387 13 16 0.05879275 
180 516 97 169 0.05874174 
771 322 31 45 0.056098126 
532 565 45 71 0.056098126 
288 385 48 58 0.056098126 
518 378 12 21 0.054176662 
440 370 16 28 0.054176662 
19 466 130 177 0.053832818 
137 385 23 31 0.051466707 
935 320 48 80 0.047198545 
779 314 56 69 0.047198545 
227 397 8 10 0.045951538 
914 307 87 126 0.045153897 
197 408 19 26 0.04326818 
203 415 19 25 0.04326818 
731 399 215 284 0.04133061 
150 513 32 43 0.039651502 
540 403 40 49 0.039651502 
778 303 28 35 0.039651502 
493 358 25 29 0.039651494 
940 351 30 45 0.039651494 
665 523 38 47 0.036325652 
509 83 21 25 0.036325652 
161 413 52 76 0.036325652 
209 393 11 16 0.035808332 
511 96 14 19 0.035808332 
293 437 197 242 0.034593593 
409 357 22 36 0.033269096 
479 369 12 18 0.03293372 
457 384 17 21 0.032933712 
746 256 212 231 0.03163486 
152 402 23 32 0.030461604 
490 347 23 26 0.030461596 
333 385 46 59 0.030461596 
181 399 8 12 0.030282615 
49 337 15 16 0.030282615 
330 407 19 26 0.030282615 
598 362 206 238 0.028921604 
140 480 172 249 0.028921604 
417 391 32 39 0.027884193 
256 391 34 40 0.027884193 
125 389 48 65 0.027884185 
206 394 10 13 0.027838783 
237 387 5 7 0.027838783 
216 396 7 11 0.027838783 
865 342 191 268 0.026434705 
206 430 8 11 0.02558696 
332 393 19 28 0.02558696 
216 392 7 9 0.02558696 
1007 140 9 9 0.02558696 
474 373 15 21 0.02558696 
956 148 14 19 0.02558696 
421 381 20 22 0.02558696 
174 387 15 19 0.02558696 
245 411 10 14 0.02558696 
463 393 19 22 0.02558696 
196 391 21 25 0.025519116 
448 364 23 32 0.025519116 
398 355 38 58 0.025519116 
508 624 24 33 0.025519116 
37 369 50 55 0.025519116 
505 375 23 29 0.025519116 
800 329 74 87 0.025519116 
722 72 46 49 0.025519116 
130 413 29 41 0.025519116 
510 396 18 24 0.02351288 
510 78 8 10 0.02351288 
247 391 14 18 0.02351288 
374 398 12 18 0.02351288 
158 409 12 17 0.02351288 
177 399 8 12 0.02351288 
526 377 6 9 0.02351288 
935 208 7 9 0.02351288 
832 249 57 59 0.023349825 
838 255 31 37 0.023349825 
496 367 42 50 0.023349825 
824 229 52 59 0.023349825 
29 346 27 37 0.023349825 
699 366 24 31 0.023349825 
432 347 38 50 0.023349825 
179 171 101 150 0.022069868 
364 399 15 18 0.021603195 
220 390 6 8 0.021603195 
1001 139 9 11 0.021603195 
923 130 15 19 0.021603195 
670 95 7 9 0.021603195 
218 395 12 16 0.021603195 
169 393 13 18 0.021603195 
967 229 14 19 0.021603195 
169 195 53 65 0.021360904 
242 561 67 87 0.021360898 
706 85 28 32 0.021360898 
771 298 48 61 0.021360898 
0 378 21 38 0.021360898 
