2_Demonstration_Protesters_2_268
100
845 212 32 42 0.9992494 
398 241 29 32 0.9944617 
283 245 28 36 0.99129593 
74 208 41 51 0.99047405 
593 208 34 39 0.94853324 
191 213 26 50 0.89036 
535 261 23 27 0.811072 
987 254 24 30 0.45459446 
523 178 121 153 0.3436022 
752 213 21 34 0.28687313 
1013 151 6 9 0.26116365 
879 317 63 89 0.23436876 
282 312 55 62 0.21842524 
435 360 188 273 0.15916684 
960 331 48 69 0.15056497 
173 217 31 50 0.13928533 
866 142 11 14 0.1293704 
713 273 212 302 0.115646794 
160 222 30 46 0.109639935 
328 354 225 269 0.1065206 
866 139 8 9 0.09507551 
840 16 215 281 0.090156734 
572 200 59 74 0.08567616 
369 247 24 30 0.08567616 
99 446 222 294 0.076092646 
896 351 98 130 0.076092646 
464 232 8 10 0.07494057 
463 231 14 18 0.069149815 
513 276 16 18 0.0691498 
483 330 29 49 0.06655858 
811 153 9 10 0.06377564 
197 464 33 48 0.056098126 
416 319 63 92 0.056098126 
691 234 23 30 0.056098126 
418 416 117 180 0.053832818 
46 668 8 9 0.04990379 
885 112 6 7 0.04990379 
280 336 34 37 0.047198545 
785 215 19 29 0.04595155 
518 265 8 10 0.04229837 
691 562 6 7 0.04229837 
7 233 5 6 0.04229837 
458 236 17 20 0.04229837 
517 262 13 17 0.04229837 
216 327 239 307 0.04133062 
55 302 212 294 0.04133061 
742 566 13 16 0.038923774 
289 264 19 23 0.038923774 
294 269 200 253 0.03781825 
285 137 30 34 0.036325645 
257 198 8 10 0.035808332 
-31 420 228 294 0.034593605 
304 339 34 41 0.033269096 
740 554 27 41 0.033269096 
730 528 53 78 0.033269096 
475 224 16 22 0.03293372 
805 252 14 19 0.032933712 
811 157 10 12 0.032933712 
523 425 116 209 0.03163486 
903 301 93 117 0.03163486 
896 438 104 194 0.03163486 
768 215 25 33 0.030461604 
383 244 28 34 0.030461596 
172 228 45 64 0.030461596 
932 162 8 13 0.030282615 
258 340 14 19 0.030282615 
663 304 17 20 0.030282615 
798 327 109 183 0.028921604 
465 168 200 235 0.028921604 
3 229 5 6 0.027838783 
4 233 6 8 0.027838783 
305 209 5 7 0.027838783 
361 229 6 8 0.027838778 
380 257 17 23 0.027838778 
168 406 191 239 0.026434705 
927 249 6 8 0.02558696 
445 242 7 8 0.02558696 
63 664 14 18 0.02558696 
815 152 7 9 0.02558696 
281 245 19 24 0.02558696 
473 243 29 35 0.025519116 
939 319 54 68 0.025519116 
425 582 7 10 0.02351288 
459 231 8 10 0.02351288 
320 205 5 6 0.02351288 
335 217 6 7 0.02351288 
824 187 24 28 0.023349825 
459 247 32 39 0.023349825 
549 216 68 79 0.023349825 
253 227 21 26 0.023349825 
570 208 111 151 0.022069868 
704 -3 215 261 0.022069868 
390 245 6 8 0.021603195 
715 530 6 7 0.021603195 
545 250 7 9 0.021603195 
467 225 16 20 0.021603195 
756 208 15 25 0.021603195 
479 228 23 26 0.021360904 
608 218 232 302 0.0201599 
533 -1 194 294 0.0201599 
