2_Demonstration_Political_Rally_2_64
208
635 456 29 37 0.99614596 
640 399 12 23 0.97441304 
850 386 28 37 0.94853324 
634 296 7 10 0.9458233 
586 394 27 32 0.89036 
792 263 18 27 0.86055124 
719 471 194 269 0.71599656 
519 353 18 23 0.6856687 
197 260 7 10 0.4141967 
553 288 7 10 0.31433135 
633 403 21 33 0.30585766 
961 607 61 80 0.21842524 
794 413 31 39 0.21842523 
926 185 7 9 0.18645167 
944 307 73 108 0.1753677 
638 413 21 30 0.16157512 
628 418 17 23 0.15017675 
418 456 11 18 0.11991897 
201 204 6 8 0.111069925 
280 366 188 285 0.09803478 
298 208 7 10 0.09507551 
704 333 23 28 0.09308393 
512 356 15 22 0.08787667 
485 111 4 7 0.08787667 
581 360 9 12 0.08787667 
845 382 46 59 0.08567618 
333 419 24 41 0.07880669 
681 408 47 70 0.07880669 
243 238 6 8 0.07494057 
670 406 21 35 0.06655857 
307 142 6 9 0.06377564 
210 136 6 8 0.05879275 
629 423 10 12 0.05879275 
502 357 15 22 0.05879275 
663 428 24 32 0.056098126 
729 409 8 10 0.054176662 
536 276 7 10 0.054176662 
869 252 167 265 0.053832814 
827 361 25 29 0.051466707 
671 420 26 39 0.051466707 
540 441 6 9 0.049903784 
813 -1 209 257 0.04931264 
710 417 27 40 0.047198545 
604 450 21 30 0.047198545 
641 430 24 28 0.04595155 
831 266 12 17 0.04595155 
311 208 5 8 0.04595155 
546 470 10 13 0.045951538 
866 359 14 19 0.045951538 
556 293 8 11 0.045951538 
286 231 5 6 0.045951538 
181 254 5 7 0.045951538 
228 65 59 91 0.04326818 
862 417 35 50 0.04326818 
216 256 7 10 0.04229837 
334 204 6 8 0.04229837 
208 160 5 7 0.04229837 
323 400 40 68 0.039651502 
861 378 31 41 0.039651494 
665 396 46 71 0.039651494 
223 247 6 8 0.038923774 
180 219 8 11 0.038923774 
634 397 14 22 0.038923774 
520 125 5 7 0.038923774 
684 349 8 11 0.038923774 
676 432 16 22 0.038923774 
181 213 13 19 0.038923774 
229 98 8 11 0.038923774 
545 453 25 30 0.036325652 
679 428 27 44 0.036325652 
552 303 6 10 0.035808332 
333 201 5 8 0.035808332 
220 247 6 10 0.035808332 
560 360 7 10 0.035808332 
806 265 16 24 0.035808332 
298 229 5 7 0.035808332 
916 253 5 7 0.035808332 
618 399 13 21 0.035808332 
252 654 114 121 0.034593605 
621 402 23 34 0.033269096 
713 338 9 12 0.03293372 
506 349 8 11 0.03293372 
626 397 15 22 0.03293372 
225 243 6 8 0.032933712 
411 451 14 22 0.032933712 
793 412 51 64 0.030461604 
621 383 41 58 0.030461596 
548 322 24 32 0.030461596 
830 388 30 39 0.030461596 
195 238 6 9 0.030282615 
162 191 5 7 0.030282615 
208 215 6 8 0.030282615 
727 386 7 9 0.030282615 
719 424 13 20 0.030282615 
802 390 51 57 0.027884193 
754 568 89 111 0.027884193 
552 430 25 32 0.027884193 
823 345 29 32 0.027884193 
185 214 6 10 0.027838783 
271 430 9 11 0.027838783 
683 437 8 12 0.027838783 
326 206 5 7 0.027838783 
791 268 9 15 0.027838783 
178 256 6 8 0.027838783 
218 251 7 12 0.027838783 
505 362 8 12 0.027838783 
668 438 7 10 0.027838783 
702 336 14 21 0.027838783 
664 376 15 20 0.027838783 
511 14 5 7 0.027838783 
724 426 7 10 0.027838778 
534 448 9 13 0.027838778 
0 186 4 7 0.027838778 
845 388 19 27 0.027838778 
693 376 17 24 0.027838778 
702 337 7 10 0.027838778 
529 357 9 12 0.027838778 
232 196 13 17 0.02558696 
702 342 7 11 0.02558696 
908 250 7 11 0.02558696 
530 272 6 10 0.02558696 
236 212 7 10 0.02558696 
714 336 16 19 0.02558696 
454 430 6 8 0.02558696 
506 430 6 8 0.02558696 
682 410 18 27 0.02558696 
463 441 7 10 0.02558696 
727 409 12 17 0.02558696 
202 213 6 9 0.02558696 
519 353 9 12 0.02558696 
708 337 10 13 0.02558696 
534 445 8 10 0.02558696 
651 316 6 9 0.02558696 
259 218 13 17 0.02558696 
638 308 7 9 0.02558696 
243 202 6 8 0.02558696 
183 239 5 7 0.02558696 
544 605 5 7 0.02558696 
637 326 5 8 0.02558696 
573 356 14 17 0.02558696 
665 442 23 37 0.025519116 
690 383 47 70 0.025519116 
647 386 23 29 0.025519116 
831 399 57 70 0.025519116 
104 483 232 294 0.024156325 
442 62 215 307 0.024156325 
551 287 6 9 0.02351288 
530 320 13 17 0.02351288 
526 363 14 22 0.02351288 
585 510 20 28 0.02351288 
559 291 9 11 0.02351288 
671 378 9 12 0.02351288 
655 378 19 24 0.02351288 
187 239 5 7 0.02351288 
161 179 6 8 0.02351288 
610 468 10 13 0.02351288 
332 402 5 7 0.02351288 
681 429 9 13 0.02351288 
169 186 5 7 0.02351288 
249 213 15 21 0.02351288 
724 416 16 22 0.02351288 
675 658 56 78 0.023349825 
238 83 36 56 0.023349825 
884 184 28 57 0.023349825 
308 478 65 78 0.023349825 
963 287 58 85 0.023349825 
255 212 21 29 0.023349825 
605 396 25 36 0.023349825 
696 369 27 38 0.023349825 
493 396 25 32 0.023349825 
8 500 235 246 0.022069868 
545 422 200 312 0.022069868 
32 84 197 312 0.022069868 
525 287 9 12 0.0216032 
764 359 13 18 0.021603195 
681 435 15 23 0.021603195 
202 258 5 8 0.021603195 
224 252 7 11 0.021603195 
233 199 8 10 0.021603195 
553 450 6 9 0.021603195 
528 274 6 10 0.021603195 
444 449 17 23 0.021603195 
561 458 16 23 0.021603195 
201 261 5 8 0.021603195 
438 493 6 8 0.021603195 
229 257 6 10 0.021603195 
883 313 15 26 0.021603195 
187 205 5 7 0.021603195 
314 406 7 11 0.021603195 
640 390 16 23 0.021603195 
629 383 6 8 0.021603195 
591 352 7 9 0.021603195 
399 354 5 7 0.021603195 
503 427 6 8 0.021603195 
191 238 6 9 0.021603195 
222 235 5 7 0.021603195 
817 295 24 38 0.021360904 
632 413 45 54 0.021360904 
555 417 25 32 0.021360904 
662 385 23 31 0.021360898 
558 379 24 35 0.021360898 
640 394 23 32 0.021360898 
900 337 26 37 0.021360898 
638 347 27 34 0.021360898 
185 151 23 33 0.021360898 
783 409 27 37 0.021360898 
221 27 103 158 0.0201599 
308 59 232 321 0.0201599 
