2_Demonstration_Demonstration_Or_Protest_2_799
252
556 199 8 10 0.9540484 
277 302 14 18 0.9540484 
621 238 9 12 0.8972024 
197 225 10 12 0.88893 
267 283 8 11 0.88893 
163 227 12 15 0.88008106 
871 233 11 14 0.880081 
876 309 13 17 0.86055124 
594 204 8 10 0.86055124 
666 322 12 14 0.84982324 
469 269 11 14 0.8384248 
464 243 8 10 0.8135483 
56 260 10 17 0.8000445 
800 236 10 11 0.66669756 
167 278 11 13 0.64717066 
119 270 12 15 0.5858033 
847 1 107 162 0.5461031 
364 304 14 17 0.47834834 
28 211 10 13 0.43536806 
685 201 7 10 0.4141967 
912 237 7 8 0.4141967 
620 293 242 245 0.4085711 
856 272 7 11 0.35282937 
433 228 9 9 0.33330244 
352 287 7 9 0.31433135 
659 198 6 8 0.29596066 
807 -12 180 249 0.2840034 
833 343 13 18 0.26116365 
474 235 12 14 0.22912635 
399 122 10 14 0.22912635 
368 202 8 9 0.2141799 
771 218 6 8 0.19995552 
642 214 6 8 0.19995552 
859 244 9 10 0.19995552 
691 334 8 9 0.17366186 
450 188 6 9 0.15017675 
702 127 11 15 0.13944872 
629 6 235 288 0.12544508 
58 255 14 18 0.11991897 
344 -14 206 280 0.115646794 
616 191 6 7 0.111069925 
310 235 9 11 0.111069925 
350 289 12 18 0.102797605 
395 124 9 13 0.09507551 
154 262 9 9 0.09507551 
160 262 7 9 0.08787667 
720 328 11 14 0.08787667 
73 -6 235 320 0.08285364 
769 219 5 6 0.08117401 
132 259 5 7 0.08117401 
420 345 20 26 0.07880669 
360 296 23 30 0.07880669 
645 213 6 9 0.074940585 
129 250 5 6 0.074940585 
14 264 222 293 0.06984133 
227 246 15 19 0.0691498 
641 224 7 9 0.0691498 
752 339 27 34 0.06655858 
352 290 21 28 0.06655858 
457 267 253 284 0.064067975 
832 26 235 301 0.064067975 
462 350 12 16 0.06377564 
774 217 6 9 0.06377564 
354 257 6 7 0.06377564 
668 198 8 10 0.06377564 
827 227 6 7 0.06377564 
468 241 12 14 0.05879275 
496 244 9 11 0.05879275 
462 177 194 238 0.05874174 
5 -2 38 32 0.056098126 
688 199 6 8 0.054176662 
401 234 6 7 0.054176662 
313 288 8 9 0.054176662 
130 253 5 7 0.054176662 
391 127 7 12 0.054176662 
771 215 11 14 0.054176662 
729 301 5 6 0.054176662 
432 231 10 12 0.054176662 
698 301 5 7 0.054176662 
365 199 7 10 0.054176662 
648 312 6 8 0.054176662 
650 231 7 10 0.04990379 
499 229 5 6 0.049903784 
475 241 8 10 0.049903784 
507 237 5 8 0.04595155 
949 230 8 9 0.04595155 
790 346 13 21 0.045951538 
775 257 7 8 0.04229837 
576 242 5 6 0.04229837 
364 297 13 17 0.04229837 
493 243 8 11 0.04229837 
482 235 8 10 0.04229837 
792 231 7 8 0.04229837 
234 229 5 7 0.04229837 
745 344 13 22 0.04229837 
762 220 5 6 0.038923774 
407 265 6 8 0.038923774 
703 217 8 9 0.038923774 
296 263 6 7 0.038923774 
877 225 5 6 0.038923774 
746 283 7 8 0.038923774 
751 233 5 6 0.038923774 
756 273 7 8 0.038923774 
719 215 5 6 0.038923774 
351 278 43 54 0.036325652 
614 285 6 7 0.035808332 
363 312 17 21 0.035808332 
651 211 5 7 0.035808332 
250 221 4 6 0.035808332 
318 284 7 8 0.035808332 
472 233 9 10 0.035808332 
744 283 14 17 0.035808332 
155 259 12 14 0.035808332 
710 304 6 7 0.035808332 
169 244 5 7 0.035808332 
676 198 6 9 0.035808332 
684 345 7 9 0.035808332 
822 291 257 276 0.034593593 
229 247 8 10 0.03293372 
858 352 9 15 0.03293372 
368 296 8 10 0.03293372 
251 234 5 7 0.03293372 
330 189 7 9 0.032933712 
759 227 5 6 0.032933712 
861 334 6 9 0.032933712 
335 242 6 7 0.032933712 
280 270 6 8 0.032933712 
394 236 209 256 0.03163486 
251 277 212 280 0.03163486 
787 14 111 169 0.03163486 
875 311 22 28 0.030461596 
114 221 5 6 0.030282615 
583 272 4 5 0.030282615 
212 313 12 13 0.030282615 
800 227 6 8 0.030282615 
759 233 5 7 0.030282615 
721 307 7 8 0.030282615 
166 214 6 7 0.030282615 
662 267 11 18 0.030282615 
383 303 13 20 0.030282615 
276 350 8 9 0.030282615 
759 219 5 6 0.030282615 
641 218 8 11 0.030282615 
795 231 8 9 0.030282615 
34 331 5 7 0.030282615 
3 -2 188 231 0.028921604 
41 136 70 94 0.027884185 
63 253 9 12 0.027838783 
348 283 8 11 0.027838783 
885 337 7 9 0.027838783 
890 338 6 7 0.027838783 
819 329 8 10 0.027838783 
355 290 7 10 0.027838783 
668 354 8 9 0.027838783 
797 235 8 10 0.027838783 
689 337 12 14 0.027838778 
145 304 5 7 0.027838778 
314 283 13 14 0.027838778 
176 396 269 280 0.02643471 
117 298 228 268 0.026434705 
903 280 5 6 0.02558696 
777 218 7 10 0.02558696 
739 283 7 9 0.02558696 
738 286 6 8 0.02558696 
583 275 4 5 0.02558696 
855 279 7 9 0.02558696 
465 340 5 7 0.02558696 
167 223 9 10 0.02558696 
933 346 6 8 0.02558696 
694 298 11 16 0.02558696 
746 280 6 7 0.02558696 
407 236 6 8 0.02558696 
914 234 8 9 0.02558696 
662 198 7 9 0.02558696 
681 198 7 9 0.02558696 
796 227 6 7 0.02558696 
644 225 10 12 0.02558696 
741 205 5 7 0.02558696 
694 301 6 8 0.02558696 
333 349 21 25 0.02558696 
365 202 13 15 0.02558696 
375 297 13 16 0.02558696 
910 240 9 11 0.02558696 
800 252 5 7 0.02558696 
721 326 9 10 0.02351288 
883 354 8 9 0.02351288 
902 350 9 10 0.02351288 
385 301 9 13 0.02351288 
890 361 14 20 0.02351288 
400 232 12 13 0.02351288 
340 245 5 6 0.02351288 
254 236 5 6 0.02351288 
614 189 10 12 0.02351288 
345 253 13 16 0.02351288 
813 255 6 8 0.02351288 
734 207 4 6 0.02351288 
447 219 11 14 0.02351288 
139 202 6 8 0.02351288 
650 207 6 7 0.02351288 
318 183 6 8 0.02351288 
682 194 11 15 0.02351288 
774 258 12 14 0.02351288 
785 271 6 8 0.02351288 
894 369 9 12 0.02351288 
207 273 6 10 0.02351288 
715 293 6 7 0.02351288 
712 295 6 7 0.02351288 
808 296 6 8 0.02351288 
378 299 7 9 0.02351288 
438 297 8 11 0.02351288 
626 341 52 71 0.023349825 
164 275 19 24 0.023349825 
344 245 24 29 0.023349825 
-19 168 212 268 0.022069868 
232 245 7 9 0.0216032 
395 130 9 11 0.0216032 
440 293 8 10 0.021603195 
737 286 11 16 0.021603195 
584 268 4 5 0.021603195 
435 224 10 11 0.021603195 
853 272 12 17 0.021603195 
321 283 6 7 0.021603195 
790 227 11 14 0.021603195 
447 274 6 8 0.021603195 
921 277 6 7 0.021603195 
33 210 9 11 0.021603195 
801 293 5 6 0.021603195 
693 346 6 8 0.021603195 
882 333 13 17 0.021603195 
856 330 5 7 0.021603195 
723 305 6 8 0.021603195 
803 228 7 8 0.021603195 
50 260 12 16 0.021603195 
771 227 6 8 0.021603195 
326 185 12 15 0.021603195 
709 128 8 13 0.021603195 
746 347 7 12 0.021603195 
646 355 8 9 0.021603195 
873 356 6 8 0.021603195 
365 194 13 17 0.021603195 
229 229 6 7 0.021603195 
671 194 7 9 0.021603195 
473 227 14 17 0.021603195 
131 263 7 9 0.021603195 
773 239 9 10 0.021603195 
762 217 5 7 0.021603195 
728 257 7 9 0.021603195 
330 241 8 9 0.021603195 
668 246 7 8 0.021603195 
135 254 5 7 0.021603195 
148 349 28 39 0.021360898 
262 275 19 24 0.021360898 
