2_Demonstration_Political_Rally_2_763
83
804 242 67 98 0.99984026 
670 181 56 73 0.99952376 
530 154 90 124 0.99871767 
741 218 46 56 0.9975521 
251 145 49 72 0.9975521 
292 104 85 114 0.99614596 
440 198 45 63 0.9957801 
482 210 59 95 0.98859274 
643 229 29 36 0.9275556 
252 142 197 275 0.6769414 
464 210 49 71 0.61190087 
738 307 203 263 0.4310897 
174 390 114 187 0.3864298 
543 6 79 88 0.23436876 
89 320 75 108 0.2032784 
2 53 25 39 0.1753677 
267 138 69 84 0.16258557 
1 54 9 12 0.15017675 
136 103 16 21 0.1293704 
651 213 43 56 0.118850335 
93 82 13 14 0.10279763 
169 122 7 9 0.09507551 
161 196 228 287 0.08285364 
344 26 34 36 0.07880669 
106 290 117 198 0.076092646 
158 355 228 275 0.076092646 
76 87 8 11 0.074940585 
330 15 12 17 0.074940585 
369 292 111 161 0.06984133 
820 -31 200 291 0.06984133 
88 273 206 305 0.06984132 
495 191 78 93 0.06655857 
503 369 218 267 0.064067975 
772 410 138 187 0.064067975 
225 56 4 5 0.05879275 
321 264 200 279 0.058741733 
174 463 51 95 0.056098126 
462 424 50 87 0.056098126 
331 16 8 10 0.054176662 
95 21 11 15 0.04990379 
378 148 17 22 0.04990379 
795 174 285 287 0.045153886 
113 25 14 19 0.04229837 
375 34 71 72 0.036325645 
790 154 13 19 0.035808332 
19 195 206 267 0.034593605 
55 27 26 30 0.033269096 
548 46 54 72 0.033269096 
822 64 101 159 0.03163486 
179 503 32 48 0.030461604 
783 149 21 31 0.030461596 
3 69 57 88 0.030461596 
194 145 5 6 0.030282615 
85 72 13 17 0.030282615 
843 145 104 157 0.028921604 
-6 39 44 59 0.027884185 
237 15 4 5 0.027838783 
113 89 14 19 0.027838783 
237 63 4 5 0.027838783 
220 67 4 6 0.027838783 
3 17 6 9 0.02558696 
244 68 4 5 0.02558696 
103 85 8 10 0.02558696 
86 70 8 11 0.02558696 
235 15 4 5 0.02558696 
94 189 58 73 0.025519116 
538 21 26 33 0.025519116 
855 8 119 182 0.024156325 
149 282 117 174 0.024156325 
412 367 103 154 0.024156325 
234 77 4 6 0.02351288 
174 92 7 9 0.02351288 
167 120 12 15 0.02351288 
235 79 4 6 0.02351288 
530 5 55 69 0.023349825 
391 115 60 80 0.023349825 
225 29 5 7 0.021603195 
1 57 17 21 0.021603195 
234 59 4 5 0.021603195 
4 56 9 11 0.021603195 
177 140 5 7 0.021603195 
53 41 26 34 0.021360898 
387 84 107 166 0.0201599 
