2_Demonstration_Political_Rally_2_896
27
690 43 80 135 0.99870443 
296 269 76 126 0.993937 
654 277 232 404 0.90196514 
532 518 70 96 0.47725022 
152 198 93 193 0.30317584 
751 463 253 441 0.24794048 
608 473 261 475 0.17193556 
602 407 53 69 0.10106142 
787 18 32 77 0.10106142 
365 637 128 279 0.09803478 
117 -19 209 435 0.05874174 
764 12 47 94 0.051466707 
786 241 209 416 0.04931264 
548 541 38 69 0.047198545 
442 432 203 364 0.04133061 
271 588 6 12 0.032933712 
306 639 29 59 0.030461604 
316 321 232 359 0.028921604 
528 537 228 422 0.028921604 
735 30 57 115 0.027884193 
684 310 126 267 0.026434705 
719 677 215 404 0.026434705 
202 -56 228 441 0.024156325 
168 305 109 171 0.022069868 
957 594 62 124 0.021360898 
257 190 100 190 0.0201599 
847 509 132 267 0.0201599 
