2_Demonstration_Demonstrators_2_100
42
450 27 186 529 0.9902766 
163 -40 242 670 0.19988178 
664 38 209 641 0.13594593 
380 225 30 99 0.109639935 
68 1112 225 632 0.09803478 
684 191 257 743 0.09015675 
772 -3 225 680 0.08285364 
114 267 232 700 0.076092646 
383 528 228 670 0.06984133 
410 92 151 400 0.05874174 
586 1046 24 73 0.056098126 
823 667 63 185 0.051466707 
914 336 35 94 0.047198545 
506 1090 232 670 0.045153897 
980 434 46 195 0.04326818 
246 44 142 436 0.04133061 
72 496 209 660 0.04133061 
688 1189 107 350 0.04133061 
293 909 57 185 0.039651502 
678 667 29 88 0.039651494 
524 126 130 345 0.03781825 
744 375 61 167 0.036325652 
682 1063 70 123 0.036325652 
316 1137 215 650 0.034593593 
383 183 51 167 0.033269096 
68 40 62 179 0.033269096 
338 222 277 721 0.03163486 
417 638 73 192 0.030461604 
47 661 123 320 0.028921604 
49 35 225 622 0.028921604 
267 922 104 325 0.028921604 
241 415 228 743 0.028921604 
89 273 67 185 0.027884193 
-69 159 235 670 0.02643471 
611 349 261 788 0.02643471 
663 662 51 153 0.023349825 
548 816 121 350 0.022069868 
373 667 142 377 0.022069868 
160 1284 61 176 0.021360898 
319 965 24 89 0.021360898 
459 752 197 587 0.0201599 
141 1208 132 405 0.0201599 
