2_Demonstration_Demonstration_Or_Protest_2_578
347
941 322 26 32 0.9998542 
853 334 28 33 0.99891996 
668 297 28 32 0.9988171 
569 309 25 29 0.99844605 
749 254 15 18 0.9980531 
322 321 23 27 0.99614596 
960 224 15 18 0.9953811 
811 231 14 18 0.99401796 
503 305 23 27 0.993937 
982 232 14 17 0.9928939 
255 334 22 27 0.99047405 
147 324 20 25 0.9821322 
579 278 18 22 0.9801546 
296 224 7 9 0.9697174 
882 249 14 17 0.9697174 
230 275 12 15 0.96107626 
71 311 20 24 0.94853324 
423 308 21 25 0.9458233 
781 350 23 28 0.9388805 
704 213 10 12 0.92505944 
384 252 14 19 0.91882604 
906 227 9 9 0.8972024 
812 212 9 11 0.88008106 
803 204 7 8 0.87062967 
586 252 13 16 0.8384248 
212 357 22 26 0.79672164 
612 223 11 13 0.7858201 
697 245 14 16 0.7388364 
574 219 10 10 0.7217721 
1 312 18 22 0.7217721 
548 223 9 9 0.6271395 
667 190 6 7 0.56463194 
581 173 6 7 0.56463194 
884 210 7 10 0.56463194 
93 268 12 16 0.5216516 
258 540 21 25 0.45459446 
304 253 9 10 0.43536806 
282 224 7 8 0.43536806 
655 212 7 8 0.4141967 
167 239 7 9 0.3728605 
769 137 6 7 0.29596066 
732 185 8 8 0.26116365 
7 208 8 10 0.24479094 
317 223 7 8 0.24479094 
672 205 6 7 0.22912635 
706 10 58 81 0.21842524 
45 220 12 14 0.2141799 
457 329 9 10 0.2141799 
548 199 7 8 0.2141799 
522 191 7 9 0.19995552 
2 225 12 19 0.19995552 
552 169 6 7 0.1864517 
313 536 16 18 0.17366186 
285 320 22 26 0.16258557 
867 108 28 31 0.15056497 
495 259 15 19 0.13944872 
996 195 8 9 0.13944872 
749 186 6 7 0.13944872 
903 166 6 8 0.13944872 
748 227 11 14 0.13944872 
464 19 64 76 0.12872262 
977 598 27 24 0.118850335 
825 37 194 245 0.115646794 
408 264 235 231 0.115646794 
0 214 6 8 0.111069925 
586 186 8 8 0.111069925 
473 339 9 11 0.111069925 
891 167 7 8 0.10279763 
916 175 5 5 0.102797605 
560 191 5 6 0.09507551 
802 147 6 7 0.09507551 
514 201 7 10 0.08787667 
868 163 5 6 0.08787667 
749 153 6 7 0.08787667 
586 210 8 10 0.08787667 
185 245 7 10 0.08787667 
629 182 5 6 0.08117401 
956 205 12 14 0.08117401 
628 208 6 7 0.08117401 
711 164 5 6 0.08117401 
528 166 6 6 0.074940585 
914 604 16 15 0.074940585 
545 199 12 14 0.074940585 
630 190 6 7 0.07494057 
11 522 26 33 0.072444364 
2 209 10 13 0.069149815 
398 236 12 14 0.069149815 
743 217 8 9 0.069149815 
748 151 6 7 0.0691498 
315 231 6 7 0.0691498 
526 201 7 8 0.0691498 
789 314 191 231 0.064067975 
867 132 7 8 0.06377564 
661 220 6 8 0.06377564 
767 149 5 6 0.05879275 
389 529 18 19 0.05879275 
212 242 8 8 0.05879275 
126 304 22 24 0.056098126 
475 289 21 23 0.056098126 
783 149 5 6 0.054176662 
612 162 5 6 0.054176662 
181 248 9 12 0.054176662 
994 187 14 16 0.054176662 
437 169 8 10 0.054176662 
307 250 9 11 0.054176662 
710 178 5 7 0.054176662 
658 214 7 8 0.054176662 
542 205 8 9 0.054176662 
639 141 7 8 0.054176662 
70 349 15 20 0.04990379 
49 303 16 21 0.04990379 
818 195 7 8 0.04990379 
23 194 14 17 0.04990379 
16 194 4 4 0.049903784 
761 236 8 10 0.049903784 
756 231 10 14 0.04595155 
979 145 6 7 0.04595155 
799 608 16 15 0.04595155 
816 153 7 8 0.045951538 
617 225 9 11 0.045951538 
921 346 20 24 0.04326818 
159 189 25 30 0.04326818 
360 255 12 14 0.04229837 
95 267 9 10 0.04229837 
563 143 4 5 0.04229837 
920 177 5 5 0.04229837 
172 230 6 7 0.04229837 
104 530 7 8 0.04229837 
848 140 13 13 0.04229837 
161 538 7 8 0.04229837 
730 166 5 5 0.04229837 
624 220 11 14 0.04229837 
746 188 7 7 0.04229837 
159 534 15 14 0.04229837 
502 255 6 7 0.04229836 
599 524 64 69 0.039651502 
959 203 8 10 0.038923774 
834 161 6 8 0.038923774 
934 182 6 6 0.038923774 
748 146 6 7 0.038923774 
917 177 5 5 0.038923774 
587 205 7 9 0.038923774 
514 367 138 160 0.03781825 
412 564 11 13 0.035808332 
812 181 5 6 0.035808332 
238 222 12 13 0.035808332 
516 539 13 16 0.035808332 
866 153 6 7 0.035808332 
130 284 16 16 0.035808332 
583 158 6 7 0.035808332 
329 184 13 15 0.035808332 
351 308 206 249 0.034593605 
358 21 203 224 0.034593593 
454 84 24 29 0.033269096 
443 66 43 54 0.033269096 
494 277 13 14 0.03293372 
205 250 11 13 0.03293372 
582 151 5 6 0.03293372 
825 137 8 8 0.03293372 
287 227 6 7 0.03293372 
1013 205 8 11 0.032933712 
629 197 5 7 0.032933712 
550 200 8 9 0.032933712 
733 169 6 6 0.032933712 
301 255 9 9 0.032933712 
869 166 7 9 0.032933712 
859 158 6 8 0.030282615 
553 154 4 5 0.030282615 
849 238 13 14 0.030282615 
489 190 6 7 0.030282615 
920 599 10 10 0.030282615 
368 232 5 6 0.030282615 
184 251 8 10 0.030282615 
979 137 6 6 0.030282615 
541 151 4 5 0.030282615 
295 174 4 5 0.030282615 
715 154 5 5 0.030282615 
613 165 5 6 0.030282615 
742 188 6 7 0.030282615 
151 227 11 12 0.030282615 
127 227 6 6 0.030282615 
588 197 6 7 0.030282615 
771 214 7 9 0.030282615 
747 190 7 8 0.030282615 
887 208 7 9 0.030282615 
670 431 5 5 0.030282615 
453 -8 111 120 0.028921604 
552 254 203 215 0.028921604 
51 333 21 26 0.027884193 
754 333 23 25 0.027884193 
46 277 30 30 0.027884193 
970 150 50 63 0.027884185 
546 162 5 5 0.027838783 
938 212 6 7 0.027838783 
493 202 7 9 0.027838783 
707 251 13 15 0.027838783 
656 153 6 6 0.027838783 
906 139 5 6 0.027838783 
563 146 5 5 0.027838783 
642 138 6 8 0.027838783 
162 236 11 14 0.027838783 
714 162 5 6 0.027838783 
270 536 15 18 0.027838783 
554 151 4 4 0.027838783 
121 542 12 13 0.027838783 
606 419 8 8 0.027838783 
587 191 6 7 0.027838783 
581 153 5 6 0.027838783 
530 158 4 5 0.027838783 
925 209 7 8 0.027838783 
927 351 10 11 0.027838778 
835 183 6 7 0.027838778 
382 230 7 9 0.027838778 
742 137 6 7 0.027838778 
870 147 5 6 0.027838778 
50 223 15 18 0.027838778 
6 222 9 12 0.027838778 
647 11 104 124 0.026434705 
8 -40 203 238 0.026434705 
829 140 8 8 0.02558696 
309 252 11 14 0.02558696 
6 200 8 9 0.02558696 
497 262 9 11 0.02558696 
806 204 7 8 0.02558696 
340 542 7 8 0.02558696 
280 222 7 8 0.02558696 
753 270 8 8 0.02558696 
314 226 9 10 0.02558696 
860 154 6 7 0.02558696 
561 154 6 7 0.02558696 
919 175 5 5 0.02558696 
595 173 5 6 0.02558696 
745 195 8 9 0.02558696 
627 183 6 7 0.02558696 
743 134 7 7 0.02558696 
747 151 10 12 0.02558696 
331 255 5 7 0.02558696 
866 165 6 8 0.02558696 
712 237 12 14 0.02558696 
301 163 4 5 0.02558696 
307 213 6 6 0.02558696 
617 148 7 8 0.02558696 
553 158 4 5 0.02558696 
136 220 14 16 0.02558696 
781 147 5 6 0.02558696 
520 186 5 6 0.02558696 
311 232 6 7 0.02558696 
610 536 28 30 0.025519116 
821 118 21 26 0.025519116 
0 213 20 36 0.025519116 
348 304 21 22 0.025519116 
921 607 10 10 0.02351288 
588 250 10 10 0.02351288 
66 212 6 7 0.02351288 
466 542 15 17 0.02351288 
495 273 8 9 0.02351288 
709 269 16 18 0.02351288 
666 258 12 15 0.02351288 
200 294 10 13 0.02351288 
676 207 7 8 0.02351288 
134 527 8 9 0.02351288 
611 220 9 10 0.02351288 
744 221 12 16 0.02351288 
530 200 6 7 0.02351288 
662 216 6 7 0.02351288 
386 251 9 10 0.02351288 
551 155 4 5 0.02351288 
758 135 5 5 0.02351288 
951 177 6 7 0.02351288 
525 195 7 8 0.02351288 
862 91 13 14 0.02351288 
568 178 5 6 0.02351288 
729 168 5 6 0.02351288 
158 198 5 6 0.02351288 
868 159 6 7 0.02351288 
37 174 6 7 0.02351288 
804 143 7 7 0.02351288 
529 164 5 5 0.02351288 
868 150 6 7 0.02351288 
575 169 4 5 0.02351288 
587 147 5 5 0.02351288 
531 170 5 6 0.02351288 
950 175 5 6 0.02351288 
749 182 6 8 0.02351288 
36 178 8 10 0.02351288 
892 358 10 10 0.02351288 
51 273 15 16 0.02351288 
187 541 12 13 0.02351288 
168 233 11 14 0.02351288 
304 233 8 9 0.02351288 
183 183 12 13 0.02351288 
5 197 7 8 0.02351288 
732 167 5 5 0.02351288 
970 182 7 8 0.02351288 
953 180 6 7 0.02351288 
567 181 5 5 0.02351288 
407 3 6 6 0.02351288 
993 363 29 42 0.023349825 
266 392 31 33 0.023349825 
749 224 8 10 0.0216032 
289 177 5 6 0.021603195 
552 261 9 11 0.021603195 
597 177 5 6 0.021603195 
537 219 7 8 0.021603195 
552 192 7 8 0.021603195 
548 194 8 8 0.021603195 
938 173 5 5 0.021603195 
715 173 6 7 0.021603195 
554 185 5 6 0.021603195 
205 244 12 13 0.021603195 
600 180 6 6 0.021603195 
318 319 7 8 0.021603195 
588 169 6 7 0.021603195 
555 169 6 7 0.021603195 
647 163 5 6 0.021603195 
42 522 16 19 0.021603195 
629 107 6 7 0.021603195 
571 141 5 6 0.021603195 
955 153 6 7 0.021603195 
755 135 5 6 0.021603195 
763 135 5 6 0.021603195 
311 529 15 16 0.021603195 
631 166 5 6 0.021603195 
736 135 5 6 0.021603195 
709 165 5 6 0.021603195 
264 133 5 6 0.021603195 
749 132 5 5 0.021603195 
595 200 6 7 0.021603195 
566 201 5 6 0.021603195 
284 229 7 8 0.021603195 
316 234 7 8 0.021603195 
550 196 7 8 0.021603195 
556 195 8 8 0.021603195 
361 541 7 8 0.021603195 
0 205 5 8 0.021603195 
610 145 6 6 0.021603195 
154 540 14 14 0.021603195 
542 147 4 4 0.021603195 
796 612 6 7 0.021603195 
40 216 23 24 0.021360904 
596 538 30 30 0.021360898 
326 533 23 24 0.021360898 
411 553 20 26 0.021360898 
389 298 21 24 0.021360898 
857 111 26 31 0.021360898 
40 369 197 245 0.0201599 
883 93 124 142 0.0201599 
