2_Demonstration_Protesters_2_12
109
917 323 53 71 0.9995652 
50 300 53 70 0.9990996 
374 316 51 69 0.99813616 
293 279 51 61 0.9977647 
21 346 52 69 0.99678564 
486 308 51 66 0.99678564 
635 311 54 71 0.9933628 
768 288 39 47 0.9927347 
398 264 35 44 0.99129593 
637 349 51 64 0.99047405 
828 328 44 66 0.98859274 
684 276 41 55 0.98859274 
592 308 49 58 0.9863452 
400 326 53 67 0.9850627 
175 302 44 50 0.98366195 
662 580 32 57 0.89036 
223 293 19 27 0.5 
723 306 22 34 0.2511021 
372 297 21 24 0.24479094 
636 536 9 11 0.2141799 
319 295 43 63 0.188928 
725 260 21 30 0.188928 
494 66 273 340 0.13594593 
247 302 25 29 0.12872264 
480 266 11 16 0.111069925 
763 313 43 67 0.109639935 
172 363 11 17 0.10279763 
673 586 48 58 0.10106142 
341 309 31 47 0.10106142 
-3 19 87 134 0.09803478 
555 269 10 16 0.09507551 
621 -15 218 269 0.09015675 
724 274 19 28 0.08117401 
353 302 46 63 0.07880669 
621 586 46 63 0.07880669 
398 505 30 33 0.07880669 
1003 311 19 41 0.07880669 
231 298 21 31 0.07880669 
475 272 13 18 0.074940585 
196 298 34 41 0.072444364 
717 177 71 108 0.07244435 
776 299 46 69 0.07244435 
207 289 29 34 0.06655858 
646 567 42 58 0.06111947 
766 342 26 39 0.06111947 
326 -22 194 239 0.05874174 
661 296 51 70 0.056098126 
691 604 39 46 0.056098126 
151 326 24 36 0.051466707 
804 320 46 66 0.051466707 
373 281 40 49 0.047198545 
750 550 51 74 0.047198545 
3 175 51 106 0.047198545 
338 521 12 20 0.045951538 
315 491 15 20 0.04229837 
384 495 49 55 0.039651502 
273 518 24 26 0.039651502 
848 297 20 29 0.039651502 
794 663 6 10 0.038923774 
307 244 15 20 0.038923774 
224 106 249 335 0.03781825 
720 231 43 63 0.036325652 
668 521 29 39 0.036325652 
176 323 37 55 0.036325652 
617 601 27 35 0.036325652 
597 322 59 76 0.036325645 
625 603 8 11 0.035808332 
1007 337 17 31 0.035808332 
548 257 9 11 0.035808332 
145 344 17 23 0.035808332 
597 567 24 27 0.033269096 
-5 38 49 79 0.033269096 
101 293 52 70 0.033269096 
141 333 24 28 0.033269096 
152 633 65 43 0.030461604 
152 345 24 34 0.030461596 
707 299 30 43 0.030461596 
592 579 30 33 0.030461596 
815 669 6 8 0.030282615 
593 105 136 222 0.028921604 
736 -63 261 356 0.028921604 
495 359 30 39 0.027884193 
723 288 24 34 0.027884193 
710 258 29 39 0.027884193 
838 310 30 49 0.027884185 
782 531 61 83 0.027884185 
1001 295 15 18 0.027838783 
-37 -16 203 302 0.02643471 
551 261 9 10 0.02558696 
792 337 29 45 0.025519116 
258 297 24 32 0.025519116 
634 575 26 31 0.025519116 
649 572 25 35 0.025519116 
713 155 228 316 0.024156325 
475 268 10 13 0.02351288 
136 345 17 21 0.02351288 
552 266 8 11 0.02351288 
163 319 32 44 0.023349825 
971 328 40 58 0.023349825 
359 297 31 39 0.023349825 
160 341 29 42 0.023349825 
17 102 128 163 0.022069868 
480 263 9 11 0.0216032 
636 586 6 8 0.021603195 
601 596 50 56 0.021360898 
631 585 27 35 0.021360898 
907 301 54 71 0.021360898 
387 493 27 33 0.021360898 
308 56 235 302 0.020159906 
