2_Demonstration_Demonstrators_2_470
68
455 125 112 163 0.9993284 
478 276 183 262 0.99776876 
870 106 91 166 0.99488646 
51 234 209 295 0.9798401 
615 25 86 129 0.96540636 
725 330 206 278 0.9098432 
698 111 183 270 0.85282207 
810 297 165 244 0.8001182 
-11 507 206 278 0.7520595 
636 60 180 278 0.6352516 
724 155 269 352 0.59142894 
136 264 209 323 0.56891036 
5 189 194 259 0.5461031 
-30 293 246 313 0.47689918 
364 8 186 270 0.45389685 
820 111 101 195 0.3864298 
436 422 253 318 0.3647484 
399 54 85 109 0.32552502 
642 35 101 163 0.32305852 
773 3 232 318 0.28400344 
227 277 167 262 0.24794048 
24 22 138 187 0.2311026 
537 176 215 237 0.14717786 
760 485 222 318 0.14717786 
892 606 30 37 0.12872264 
591 43 74 104 0.109639935 
532 10 186 266 0.09015675 
325 17 121 187 0.08285364 
35 9 47 69 0.07880669 
423 186 212 270 0.06984133 
16 430 144 198 0.06984133 
426 5 228 309 0.064067975 
793 135 47 80 0.056098126 
497 100 116 181 0.053832814 
623 187 194 278 0.053832814 
244 99 277 368 0.04931264 
8 24 235 300 0.04931264 
66 576 140 173 0.045153897 
204 -7 215 251 0.045153886 
802 158 30 49 0.039651494 
927 594 25 33 0.039651494 
655 35 68 89 0.039651494 
560 66 27 35 0.039651494 
686 241 188 291 0.03781825 
74 478 222 318 0.03781825 
880 346 132 195 0.03781825 
693 44 46 69 0.036325652 
535 47 112 173 0.03163486 
291 19 76 95 0.030461596 
779 503 79 100 0.030461596 
54 69 73 97 0.030461596 
281 -3 123 168 0.028921604 
15 469 65 106 0.027884185 
768 90 109 192 0.026434705 
694 335 116 179 0.026434705 
44 34 75 95 0.025519116 
561 52 53 65 0.025519116 
880 588 50 63 0.025519116 
521 514 149 210 0.024156325 
373 48 59 86 0.023349825 
806 151 63 109 0.023349825 
136 81 60 74 0.023349825 
957 0 54 75 0.023349825 
209 301 64 83 0.023349825 
778 6 31 33 0.023349825 
851 556 140 210 0.022069868 
576 314 165 226 0.022069868 
353 510 31 43 0.021360898 
