2_Demonstration_Political_Rally_2_18
262
273 394 17 25 0.9974765 
158 408 16 22 0.9961132 
27 311 16 23 0.994965 
381 436 17 24 0.99401796 
863 447 19 26 0.99401796 
316 436 18 26 0.99401796 
314 260 17 25 0.9928939 
623 455 18 25 0.9915604 
186 306 16 21 0.9915604 
66 337 17 23 0.9915604 
502 448 16 24 0.99080336 
223 273 19 27 0.99080336 
103 238 17 23 0.99080336 
453 295 13 20 0.98997927 
481 403 15 20 0.98997927 
132 294 18 24 0.98997927 
767 419 16 23 0.989082 
43 448 17 24 0.989082 
422 426 16 23 0.9881053 
239 308 19 25 0.98704255 
172 450 19 26 0.9858861 
530 396 16 24 0.98462796 
166 332 19 26 0.9832598 
485 359 17 24 0.98177195 
916 435 14 21 0.98015445 
355 344 16 24 0.98015445 
171 258 16 25 0.97839683 
24 257 15 22 0.97839683 
442 456 19 30 0.97839683 
364 429 14 21 0.9764871 
42 426 18 22 0.9764871 
89 263 17 25 0.97441304 
147 384 18 26 0.97441304 
241 421 19 26 0.9697174 
23 458 19 27 0.9697174 
372 346 12 20 0.96706635 
12 352 19 28 0.96706635 
299 332 18 25 0.9641916 
265 206 15 23 0.96107626 
460 488 18 24 0.96107626 
42 240 14 21 0.9577016 
97 446 18 26 0.9577016 
188 231 13 17 0.9362244 
754 148 228 340 0.9098432 
76 320 14 22 0.87062967 
0 209 11 19 0.8000445 
228 252 15 21 0.7040394 
128 431 15 21 0.66669756 
107 288 11 18 0.6271395 
154 303 16 22 0.6271395 
58 262 9 12 0.5858033 
82 287 18 24 0.5432222 
230 362 15 19 0.5432222 
338 388 15 21 0.5432222 
237 384 14 23 0.45677772 
369 302 15 23 0.4141967 
426 366 13 19 0.3728605 
278 565 24 41 0.34582692 
376 279 8 12 0.31433135 
331 200 15 21 0.29596066 
299 321 17 26 0.29596066 
435 413 15 20 0.26116365 
21 431 14 21 0.26116365 
148 319 15 22 0.26116365 
894 551 19 30 0.23436876 
867 277 178 265 0.2311026 
184 279 11 17 0.19995552 
330 353 9 13 0.18645167 
302 434 14 21 0.18645167 
150 309 18 25 0.17366187 
442 297 23 33 0.16258557 
373 372 12 18 0.16157512 
424 368 9 14 0.16157512 
275 264 17 25 0.15017675 
520 596 25 34 0.13928533 
132 549 46 62 0.13928533 
678 188 209 311 0.13594593 
429 360 13 20 0.1293704 
844 487 6 9 0.11991897 
443 368 11 15 0.111069925 
300 443 14 20 0.111069925 
306 241 10 18 0.111069925 
69 323 21 31 0.109639935 
800 19 246 325 0.09803478 
126 247 10 15 0.09507551 
433 366 12 18 0.09507551 
355 456 14 19 0.08787667 
479 563 11 18 0.08787667 
666 356 228 289 0.08285364 
0 260 8 13 0.08117401 
314 353 12 20 0.08117401 
184 406 16 26 0.08117401 
67 468 16 19 0.08117401 
1 474 8 14 0.08117401 
431 293 41 68 0.07880669 
150 392 22 29 0.07880669 
251 347 13 19 0.07494057 
450 372 8 11 0.07494057 
545 560 29 42 0.072444364 
226 359 23 32 0.072444364 
518 563 44 59 0.072444364 
811 354 222 281 0.06984133 
430 418 15 21 0.069149815 
101 315 8 11 0.06377564 
550 488 20 34 0.06111947 
33 424 20 27 0.06111947 
378 367 8 10 0.05879275 
374 274 14 20 0.05879275 
338 278 12 17 0.054176662 
897 556 9 14 0.054176662 
491 376 12 17 0.04990379 
397 428 10 17 0.04990379 
398 392 12 17 0.04990379 
228 372 22 32 0.047198545 
289 567 29 43 0.047198545 
227 255 11 13 0.04595155 
384 399 15 21 0.04595155 
162 222 14 18 0.045951538 
437 369 7 11 0.045951538 
342 281 11 20 0.045951538 
134 428 9 12 0.045951538 
762 206 13 20 0.045951538 
439 314 16 21 0.045951538 
551 441 10 12 0.04229837 
188 221 15 22 0.04229837 
327 190 15 25 0.04229837 
391 394 14 20 0.04229837 
340 379 16 24 0.038923774 
375 306 9 13 0.038923774 
408 273 14 21 0.038923774 
398 291 6 9 0.038923774 
274 549 47 51 0.036325652 
105 446 22 30 0.036325652 
296 449 13 19 0.035808332 
123 436 17 22 0.035808332 
382 364 13 20 0.035808332 
378 283 14 20 0.035808332 
350 365 14 20 0.035808332 
44 278 12 18 0.035808332 
173 404 12 19 0.035808332 
228 388 14 21 0.035808332 
330 188 9 14 0.035808332 
200 307 13 20 0.035808332 
509 581 16 24 0.035808332 
229 428 12 18 0.035808332 
444 417 9 13 0.035808332 
418 569 59 86 0.033269096 
513 586 43 53 0.033269096 
182 367 22 31 0.033269096 
325 593 29 43 0.033269096 
54 265 8 12 0.03293372 
27 299 14 20 0.03293372 
392 291 13 18 0.03293372 
102 291 13 20 0.032933712 
301 435 9 14 0.032933712 
330 167 15 21 0.032933712 
58 501 15 26 0.032933712 
443 314 9 11 0.032933712 
991 593 25 46 0.030461604 
192 583 45 61 0.030461604 
339 606 24 38 0.030461596 
84 270 21 30 0.030461596 
377 366 13 18 0.030282615 
389 419 12 18 0.030282615 
472 385 9 11 0.030282615 
154 324 15 22 0.030282615 
258 160 6 9 0.030282615 
402 588 12 21 0.030282615 
201 461 12 19 0.030282615 
633 485 9 12 0.030282615 
468 563 7 12 0.030282615 
517 568 8 11 0.030282615 
370 279 8 13 0.030282615 
881 36 126 149 0.028921604 
77 422 21 27 0.027884193 
304 569 27 40 0.027884193 
7 190 22 35 0.027884193 
514 582 24 34 0.027884193 
400 467 24 33 0.027884193 
319 164 24 34 0.027884185 
273 456 14 19 0.027838783 
312 179 14 22 0.027838783 
65 309 12 17 0.027838783 
242 379 8 12 0.027838783 
152 307 10 14 0.027838783 
448 366 14 20 0.027838783 
331 279 14 21 0.027838783 
111 393 16 21 0.027838783 
620 493 7 10 0.027838778 
168 217 14 20 0.027838778 
341 397 13 20 0.027838778 
545 442 17 20 0.027838778 
509 496 11 16 0.027838778 
7 206 12 20 0.02558696 
332 206 8 11 0.02558696 
469 561 13 18 0.02558696 
38 275 12 19 0.02558696 
224 362 14 20 0.02558696 
353 257 6 10 0.02558696 
215 363 12 18 0.02558696 
115 449 15 21 0.02558696 
247 177 7 12 0.02558696 
493 463 7 10 0.02558696 
428 376 9 13 0.02558696 
415 278 7 11 0.02558696 
341 274 11 16 0.02558696 
308 238 7 12 0.02558696 
363 280 22 31 0.025519116 
533 527 46 70 0.025519116 
565 560 28 42 0.025519116 
921 421 94 200 0.024156325 
50 700 7 11 0.02351288 
407 361 8 11 0.02351288 
849 549 18 25 0.02351288 
28 274 14 20 0.02351288 
325 278 14 20 0.02351288 
377 299 8 11 0.02351288 
460 318 6 10 0.02351288 
284 245 11 20 0.02351288 
136 432 9 14 0.02351288 
389 433 13 20 0.02351288 
544 432 14 22 0.02351288 
316 352 8 12 0.02351288 
243 388 9 14 0.02351288 
406 362 12 19 0.02351288 
724 231 11 17 0.02351288 
668 235 71 104 0.023349825 
389 640 30 41 0.023349825 
245 334 21 28 0.023349825 
962 498 67 100 0.023349825 
369 282 13 18 0.021603195 
297 284 18 25 0.021603195 
199 275 12 18 0.021603195 
463 471 7 12 0.021603195 
830 327 8 11 0.021603195 
327 357 9 15 0.021603195 
417 370 7 11 0.021603195 
362 349 9 14 0.021603195 
387 359 13 20 0.021603195 
841 485 11 17 0.021603195 
428 383 8 11 0.021603195 
338 401 10 13 0.021603195 
425 390 8 12 0.021603195 
1 476 13 22 0.021603195 
152 433 8 13 0.021603195 
356 250 6 10 0.021603195 
0 497 17 28 0.021603195 
329 210 16 23 0.021603195 
805 223 5 8 0.021603195 
338 175 7 10 0.021603195 
37 233 14 20 0.021603195 
912 438 8 12 0.021603195 
176 415 15 25 0.021603195 
73 427 14 18 0.021603195 
358 297 23 31 0.021360898 
633 466 40 65 0.021360898 
384 289 24 31 0.021360898 
799 326 24 30 0.021360898 
175 385 23 32 0.021360898 
831 473 23 33 0.021360898 
489 555 50 60 0.021360898 
881 571 24 39 0.021360898 
