2_Demonstration_Protesters_2_117
56
728 306 71 102 0.9990138 
259 305 94 126 0.9961204 
629 521 228 345 0.88435316 
-10 330 212 311 0.8001182 
571 315 144 268 0.65639776 
-22 432 253 406 0.52310073 
539 409 215 289 0.5 
78 351 222 330 0.45389688 
486 49 183 298 0.28400344 
-4 138 83 206 0.2150812 
791 254 112 177 0.19988178 
415 167 178 285 0.15916684 
504 456 52 89 0.15056497 
290 287 104 160 0.13594593 
497 212 197 277 0.13594593 
554 535 203 316 0.1254451 
765 207 180 281 0.1065206 
330 279 114 188 0.09803478 
593 -12 200 289 0.09015675 
537 203 94 200 0.09015675 
782 6 106 194 0.08285364 
733 255 104 170 0.06984132 
702 370 27 41 0.06655857 
741 351 60 76 0.06111947 
103 7 112 162 0.05874174 
6 233 67 144 0.051466707 
400 0 197 311 0.04931264 
24 272 124 276 0.04931264 
624 371 180 285 0.04931264 
708 348 18 25 0.045951538 
989 470 14 19 0.04229837 
299 192 197 321 0.04133061 
817 233 225 330 0.03781825 
769 17 26 45 0.036325652 
982 457 13 18 0.035808332 
497 415 70 102 0.033269096 
97 266 257 265 0.03163486 
659 593 151 188 0.03163486 
44 204 203 298 0.028921604 
68 481 162 235 0.028921604 
613 194 203 298 0.02643471 
727 578 160 242 0.026434705 
110 192 103 170 0.026434705 
50 521 15 19 0.02558696 
524 124 63 102 0.025519116 
480 220 98 203 0.024156325 
451 620 111 162 0.024156325 
854 257 123 197 0.024156325 
195 308 103 172 0.024156325 
750 466 54 100 0.023349825 
711 327 58 74 0.023349825 
666 21 112 183 0.022069868 
29 181 106 186 0.022069868 
460 433 97 153 0.022069868 
458 298 114 218 0.022069868 
711 -45 215 316 0.0201599 
