2_Demonstration_Demonstrators_2_654
182
450 159 37 41 0.993937 
293 146 39 44 0.9927347 
585 169 36 39 0.99129593 
826 125 30 34 0.9334414 
711 129 23 26 0.8989386 
138 158 14 18 0.66669756 
157 162 57 76 0.5227497 
672 277 175 251 0.3436022 
654 346 121 166 0.32305852 
91 64 51 62 0.30585766 
596 113 23 28 0.28687313 
156 97 25 28 0.28687313 
479 -67 225 274 0.28400344 
955 184 35 43 0.268611 
424 312 186 255 0.24794048 
1 207 225 291 0.2311026 
269 113 18 23 0.2141799 
249 118 26 36 0.2032784 
956 171 54 69 0.188928 
244 409 180 236 0.18550259 
563 321 197 236 0.17193554 
642 64 183 243 0.14717786 
149 132 57 72 0.13928533 
398 270 20 26 0.13928533 
79 265 34 37 0.13928533 
437 271 114 156 0.13594593 
483 292 203 223 0.1254451 
478 331 107 173 0.115646794 
452 278 57 80 0.109639935 
313 413 218 255 0.09015675 
112 86 29 35 0.08567618 
425 246 33 42 0.07880669 
21 224 68 83 0.07244435 
373 -46 215 251 0.06984133 
760 290 117 181 0.06984133 
701 122 121 145 0.06984132 
890 157 100 123 0.06984132 
1001 114 8 10 0.0691498 
185 319 197 251 0.064067975 
128 82 14 17 0.06377564 
957 191 20 26 0.06377564 
259 115 28 32 0.06111947 
829 286 73 90 0.06111947 
928 55 32 36 0.06111947 
885 376 68 74 0.06111947 
993 142 27 36 0.06111947 
844 -5 197 230 0.05874174 
23 491 116 176 0.05874174 
961 455 31 32 0.056098126 
37 1 25 22 0.056098126 
169 40 59 78 0.056098126 
460 116 33 39 0.056098126 
306 74 7 9 0.054176662 
937 149 86 127 0.053832814 
576 218 130 171 0.053832814 
1000 278 23 43 0.051466707 
300 72 25 30 0.051466707 
238 122 25 31 0.051466707 
126 101 18 21 0.04990379 
113 236 215 278 0.04931264 
833 127 106 133 0.04931264 
59 253 58 59 0.047198545 
411 255 26 32 0.047198545 
455 214 28 34 0.047198545 
435 275 57 60 0.047198545 
714 168 55 71 0.047198545 
649 440 74 70 0.047198545 
649 274 19 19 0.045951538 
853 73 13 16 0.045951538 
403 407 225 270 0.045153897 
65 535 98 115 0.045153886 
141 152 25 35 0.04326818 
479 4 57 70 0.04326818 
45 359 51 57 0.04326818 
69 96 25 33 0.04326818 
716 193 27 32 0.04326818 
341 90 12 17 0.04229837 
170 67 13 16 0.04229837 
115 101 19 20 0.04229837 
1004 408 18 30 0.039651502 
346 150 26 30 0.039651494 
971 145 9 10 0.038923774 
892 86 9 11 0.038923774 
343 205 215 226 0.03781825 
174 154 33 47 0.036325652 
141 102 57 70 0.036325652 
957 444 51 52 0.036325645 
-1 192 58 79 0.036325645 
333 65 26 32 0.033269096 
420 251 58 57 0.033269096 
245 109 43 61 0.033269096 
137 96 23 28 0.033269096 
451 125 41 58 0.033269096 
134 99 94 127 0.03163486 
606 332 106 161 0.03163486 
402 406 121 168 0.03163486 
131 150 24 29 0.030461604 
978 103 48 58 0.030461596 
152 146 35 47 0.030461596 
435 286 37 34 0.030461596 
12 260 57 62 0.030461596 
278 72 21 25 0.030461596 
288 3 206 262 0.028921604 
895 35 119 149 0.028921604 
327 2 119 127 0.028921604 
508 0 138 163 0.028921604 
439 223 28 31 0.027884193 
29 549 88 92 0.027884193 
542 253 49 69 0.027884185 
424 161 56 64 0.027884185 
287 59 45 50 0.027884185 
400 252 43 50 0.027884185 
911 129 47 58 0.027884185 
150 122 32 39 0.027884185 
589 100 45 52 0.027884185 
304 75 13 17 0.027838778 
104 451 197 236 0.02643471 
88 132 100 120 0.026434705 
835 251 200 233 0.026434705 
595 53 117 184 0.026434705 
419 58 212 291 0.026434705 
663 172 12 15 0.02558696 
970 76 8 9 0.02558696 
932 143 28 37 0.025519116 
120 139 45 58 0.025519116 
126 81 46 51 0.025519116 
279 136 27 35 0.025519116 
658 174 23 29 0.025519116 
81 236 51 64 0.025519116 
426 222 46 51 0.025519116 
930 96 25 29 0.025519116 
284 506 82 111 0.025519116 
994 121 25 31 0.025519116 
76 292 59 61 0.025519116 
200 3 62 58 0.025519116 
99 547 117 111 0.024156325 
251 128 98 125 0.024156325 
78 238 124 192 0.024156325 
829 99 178 220 0.024156325 
321 79 7 9 0.02351288 
116 110 18 21 0.02351288 
177 36 14 17 0.02351288 
964 142 15 17 0.02351288 
824 91 13 16 0.02351288 
729 186 13 17 0.02351288 
152 132 14 19 0.02351288 
351 151 16 18 0.02351288 
953 143 12 16 0.02351288 
138 155 10 12 0.02351288 
898 233 51 64 0.023349825 
824 120 46 57 0.023349825 
410 49 50 68 0.023349825 
643 155 46 59 0.023349825 
175 57 30 43 0.023349825 
905 254 31 39 0.023349825 
269 125 43 58 0.023349825 
357 139 30 34 0.023349825 
97 192 50 61 0.023349825 
887 347 62 69 0.023349825 
923 106 28 33 0.023349825 
149 107 31 37 0.023349825 
59 333 56 61 0.023349825 
881 94 25 32 0.023349825 
903 402 65 64 0.023349825 
974 138 50 69 0.023349825 
627 367 215 258 0.022069868 
179 123 12 15 0.021603195 
873 71 13 15 0.021603195 
909 99 48 55 0.021360904 
62 11 57 63 0.021360898 
946 144 23 29 0.021360898 
371 264 23 27 0.021360898 
852 80 21 26 0.021360898 
260 157 24 31 0.021360898 
696 244 24 37 0.021360898 
769 43 54 71 0.021360898 
41 368 33 41 0.021360898 
483 20 34 43 0.021360898 
99 319 32 34 0.021360898 
916 39 51 64 0.021360898 
870 69 23 25 0.021360898 
65 44 94 118 0.0201599 
