2_Demonstration_Demonstrators_2_41
108
402 370 86 163 0.999491 
207 187 46 59 0.99870443 
820 493 47 61 0.9985812 
953 501 43 61 0.993937 
255 91 34 37 0.99129593 
628 434 44 64 0.98957527 
403 183 41 48 0.98366195 
889 515 10 12 0.8384248 
541 486 17 21 0.3728605 
501 16 222 281 0.19988178 
470 160 188 261 0.18550259 
561 549 15 19 0.15017675 
776 62 218 307 0.13594593 
906 447 7 8 0.12937039 
143 549 6 8 0.111069925 
140 541 6 7 0.10279763 
762 501 15 17 0.102797605 
340 373 151 236 0.09803478 
360 -33 302 336 0.09015675 
746 360 12 20 0.08787667 
309 455 107 170 0.076092646 
723 503 15 24 0.074940585 
84 542 8 10 0.074940585 
390 99 8 10 0.07494057 
651 320 172 265 0.064067975 
-20 90 178 229 0.064067975 
1009 553 14 20 0.06377564 
395 102 7 10 0.05879275 
367 508 70 104 0.056098126 
884 510 23 28 0.056098126 
763 438 23 34 0.056098126 
873 542 28 34 0.051466707 
323 368 51 68 0.051466707 
716 -19 160 246 0.04931264 
549 220 197 246 0.045153897 
422 353 62 104 0.04326818 
1005 248 16 22 0.04229837 
803 16 128 180 0.04133061 
94 557 6 8 0.038923774 
760 500 23 30 0.036325645 
870 507 28 35 0.036325645 
146 553 7 10 0.035808332 
876 515 8 9 0.035808332 
110 546 5 6 0.035808332 
283 370 103 160 0.034593593 
341 358 107 149 0.034593593 
262 135 71 101 0.033269096 
344 284 54 61 0.033269096 
995 547 22 30 0.033269096 
140 546 10 13 0.03293372 
535 593 7 9 0.03293372 
167 551 4 6 0.032933712 
661 198 232 294 0.03163486 
189 570 29 39 0.030461604 
42 556 25 28 0.030461604 
897 273 46 64 0.030461596 
805 410 21 27 0.030461596 
904 448 11 15 0.030282615 
901 453 14 18 0.030282615 
521 591 11 16 0.030282615 
725 446 12 18 0.030282615 
541 488 9 11 0.030282615 
484 505 14 16 0.030282615 
264 292 59 74 0.027884193 
911 287 27 40 0.027884193 
856 510 48 57 0.027884193 
910 515 25 33 0.027884193 
574 590 13 15 0.027838783 
69 249 17 18 0.027838783 
119 546 4 5 0.027838783 
802 406 16 19 0.027838778 
257 473 107 127 0.026434705 
582 17 265 294 0.026434705 
886 466 12 15 0.02558696 
513 550 12 17 0.02558696 
994 222 16 19 0.02558696 
113 546 5 6 0.02558696 
386 102 8 10 0.02558696 
838 504 47 56 0.025519116 
869 525 28 35 0.025519116 
891 553 29 36 0.025519116 
209 506 32 55 0.025519116 
454 356 25 43 0.025519116 
350 496 117 163 0.024156325 
497 514 15 18 0.02351288 
559 548 10 12 0.02351288 
693 261 9 11 0.02351288 
1008 569 16 22 0.02351288 
889 485 8 10 0.02351288 
809 398 7 8 0.02351288 
639 267 5 6 0.02351288 
838 353 6 8 0.02351288 
881 482 26 30 0.023349825 
954 426 24 31 0.023349825 
456 552 25 39 0.023349825 
863 492 47 54 0.023349825 
303 467 83 94 0.023349825 
226 546 70 89 0.023349825 
666 287 7 9 0.021603195 
686 280 11 18 0.021603195 
62 100 58 91 0.021360904 
706 481 25 30 0.021360904 
946 438 27 34 0.021360898 
934 453 25 30 0.021360898 
789 501 25 37 0.021360898 
392 538 59 82 0.021360898 
993 503 26 45 0.021360898 
7 394 212 265 0.0201599 
