2_Demonstration_Protesters_2_56
171
393 396 63 92 0.999889 
882 277 60 86 0.9996979 
237 389 55 72 0.9994784 
744 433 70 95 0.9992494 
629 327 60 85 0.9990138 
812 193 57 79 0.99844605 
491 467 67 86 0.9979589 
683 235 17 25 0.9964348 
77 407 38 52 0.98751885 
339 361 27 32 0.82463235 
89 401 46 70 0.47725022 
18 178 183 269 0.47689918 
730 407 28 50 0.43212515 
190 346 21 25 0.4141967 
888 209 29 48 0.36670664 
320 699 61 75 0.34582695 
297 492 76 109 0.32552502 
842 152 35 40 0.32552502 
656 234 15 20 0.29596066 
711 259 26 39 0.268611 
986 283 29 46 0.268611 
671 209 14 20 0.18645167 
120 382 55 83 0.1753677 
825 333 12 18 0.16157512 
696 220 13 17 0.16157512 
262 524 59 86 0.12872264 
657 242 16 24 0.111069925 
864 199 48 71 0.109639935 
97 385 19 27 0.09507551 
711 245 13 21 0.09507551 
739 689 30 32 0.09308393 
223 530 61 80 0.09308393 
620 254 8 11 0.08787667 
733 406 48 86 0.08567618 
329 370 30 35 0.08567618 
657 223 17 23 0.08117401 
269 364 33 43 0.07880669 
787 568 27 37 0.07880669 
331 545 178 253 0.076092646 
257 54 249 289 0.076092646 
62 298 114 149 0.076092646 
673 199 14 21 0.074940585 
679 214 9 13 0.074940585 
109 420 30 49 0.07244435 
894 197 17 31 0.0691498 
664 214 16 20 0.05879275 
590 234 46 63 0.056098126 
652 263 24 34 0.056098126 
609 565 82 119 0.056098126 
656 512 71 95 0.056098126 
710 624 104 167 0.053832814 
976 256 43 82 0.051466707 
626 208 14 20 0.04990379 
281 83 17 23 0.049903784 
86 607 28 33 0.047198545 
362 382 29 43 0.047198545 
865 164 30 39 0.047198545 
856 379 30 39 0.047198545 
334 365 46 50 0.047198545 
212 508 58 78 0.047198545 
419 638 16 20 0.04595155 
40 273 59 67 0.04326818 
576 143 21 30 0.04326818 
244 545 58 78 0.04326818 
570 291 61 102 0.04326818 
883 184 25 39 0.04326818 
470 52 27 41 0.04326818 
464 16 49 68 0.04326818 
826 169 53 70 0.04326818 
290 97 17 21 0.04229837 
75 381 18 25 0.04229837 
632 208 9 13 0.04229837 
527 351 203 307 0.04133061 
87 395 30 40 0.039651502 
720 645 59 79 0.039651502 
260 377 39 51 0.039651502 
495 511 64 83 0.039651494 
704 223 8 12 0.038923774 
551 455 57 85 0.036325652 
881 184 40 62 0.036325652 
705 244 43 64 0.036325652 
876 170 29 37 0.036325645 
693 221 9 12 0.035808332 
613 252 15 20 0.035808332 
675 198 9 12 0.035808332 
373 593 112 158 0.034593605 
621 508 95 142 0.034593593 
723 688 71 71 0.033269096 
741 550 23 31 0.033269096 
364 386 18 27 0.03293372 
352 359 24 28 0.032933712 
662 218 8 11 0.032933712 
319 391 93 146 0.03163486 
498 260 100 144 0.03163486 
589 54 98 170 0.03163486 
457 377 34 52 0.030461604 
46 655 68 107 0.030461596 
287 535 62 78 0.030461596 
704 679 55 74 0.030461596 
967 213 55 82 0.030461596 
871 217 28 43 0.030461596 
1009 295 15 28 0.030282615 
671 200 10 13 0.030282615 
850 142 7 9 0.030282615 
658 251 18 29 0.030282615 
665 87 8 10 0.030282615 
667 157 13 21 0.030282615 
794 509 167 265 0.028921604 
101 116 235 355 0.028921604 
800 577 106 160 0.028921604 
22 522 23 32 0.027884193 
547 2 29 37 0.027884193 
165 518 24 37 0.027884193 
724 379 54 71 0.027884193 
321 723 33 47 0.027884193 
507 281 62 89 0.027884193 
25 613 40 39 0.027884185 
779 627 52 75 0.027884185 
970 381 30 47 0.027884185 
74 386 25 34 0.027884185 
114 438 18 25 0.027838783 
705 266 20 25 0.027838783 
179 536 22 25 0.027838783 
665 241 8 12 0.027838778 
753 598 103 158 0.026434705 
710 240 9 13 0.02558696 
474 504 14 23 0.02558696 
79 615 19 25 0.02558696 
466 6 32 53 0.025519116 
20 608 62 70 0.025519116 
431 375 48 76 0.025519116 
318 371 48 55 0.025519116 
501 -12 222 285 0.024156325 
600 232 215 321 0.024156325 
511 454 79 116 0.024156325 
200 380 93 121 0.024156325 
683 215 12 18 0.02351288 
286 378 18 28 0.02351288 
825 342 14 23 0.02351288 
690 219 7 10 0.02351288 
192 350 12 15 0.02351288 
591 217 19 25 0.02351288 
794 633 29 49 0.023349825 
374 382 55 85 0.023349825 
707 249 24 36 0.023349825 
57 281 35 37 0.023349825 
375 381 31 47 0.023349825 
230 559 41 45 0.023349825 
752 558 27 37 0.023349825 
154 338 100 155 0.022069868 
290 304 103 132 0.022069868 
76 115 107 144 0.022069868 
619 248 8 11 0.0216032 
559 662 11 22 0.021603195 
624 258 8 12 0.021603195 
77 370 13 18 0.021603195 
872 225 19 23 0.021603195 
869 370 7 12 0.021603195 
950 88 7 10 0.021603195 
869 165 17 24 0.021603195 
893 189 14 24 0.021603195 
650 229 15 22 0.021603195 
654 232 9 12 0.021603195 
446 350 56 78 0.021360904 
850 351 48 67 0.021360898 
659 41 55 78 0.021360898 
269 559 35 51 0.021360898 
144 448 48 78 0.021360898 
172 440 94 165 0.0201599 
565 458 117 177 0.0201599 
83 -24 222 307 0.0201599 
