2_Demonstration_Protesters_2_542
72
602 167 67 92 0.9997701 
19 99 55 85 0.99891996 
853 86 19 26 0.98462796 
920 98 17 22 0.98177195 
10 499 186 273 0.4310897 
604 419 106 140 0.30317584 
299 149 53 94 0.2032784 
911 255 9 12 0.16157512 
360 407 212 285 0.13594593 
2 355 107 239 0.076092646 
566 410 209 294 0.076092646 
294 122 50 80 0.07244435 
305 167 76 151 0.06984133 
645 444 218 316 0.06984133 
509 129 8 11 0.069149815 
220 354 34 34 0.06655858 
381 232 218 312 0.064067975 
628 27 41 74 0.06111947 
14 7 21 30 0.06111947 
395 240 60 85 0.06111947 
351 407 32 37 0.06111947 
264 395 222 312 0.05874174 
344 406 53 58 0.056098126 
557 320 160 257 0.053832814 
308 248 76 119 0.051466707 
16 14 13 17 0.04990379 
322 284 82 113 0.04326818 
133 137 4 7 0.04229837 
0 1 7 9 0.04229837 
302 187 200 294 0.04133061 
160 362 222 289 0.04133061 
948 715 31 51 0.039651502 
16 17 7 10 0.038923774 
241 135 6 10 0.035808332 
778 83 7 11 0.035808332 
764 90 21 32 0.033269096 
220 349 51 58 0.033269096 
125 279 94 138 0.03163486 
75 507 218 285 0.03163486 
53 317 212 316 0.03163486 
464 359 215 281 0.03163486 
360 135 48 82 0.030461596 
731 516 194 269 0.028921604 
303 131 28 50 0.027884185 
474 131 8 11 0.027838783 
475 136 8 12 0.027838783 
646 103 7 9 0.027838783 
639 14 212 303 0.02643471 
549 288 114 173 0.026434705 
494 269 100 219 0.026434705 
115 124 5 6 0.02558696 
231 364 20 22 0.02558696 
161 142 4 6 0.02558696 
109 142 7 9 0.02558696 
930 101 10 13 0.02558696 
232 37 30 44 0.025519116 
365 140 29 43 0.025519116 
661 318 215 321 0.024156325 
367 63 188 257 0.024156325 
885 200 6 10 0.02351288 
764 96 9 13 0.02351288 
18 22 9 12 0.02351288 
747 17 5 7 0.02351288 
105 -6 218 326 0.022069868 
253 135 6 9 0.0216032 
516 118 6 7 0.021603195 
488 136 8 11 0.021603195 
113 165 5 8 0.021603195 
273 143 6 8 0.021603195 
523 309 67 121 0.021360898 
701 322 50 80 0.021360898 
926 150 114 175 0.020159906 
