2_Demonstration_Demonstration_Or_Protest_2_494
85
478 272 65 84 0.9996692 
32 378 111 140 0.99796546 
160 177 180 245 0.4085711 
1 240 9 13 0.111069925 
64 224 20 24 0.111069925 
734 285 228 268 0.1065206 
345 512 5 7 0.08117401 
969 513 59 109 0.07880669 
132 198 5 7 0.074940585 
364 410 15 20 0.06377564 
150 205 7 9 0.05879275 
337 419 11 16 0.054176662 
773 302 123 182 0.053832818 
28 174 5 6 0.04990379 
24 306 6 9 0.049903784 
581 453 55 66 0.04326818 
390 587 23 32 0.04326818 
310 512 6 7 0.04229837 
314 512 5 7 0.04229837 
169 233 8 11 0.04229837 
609 386 32 35 0.039651494 
681 416 58 74 0.039651494 
515 424 97 117 0.03781825 
616 419 54 71 0.036325645 
351 470 47 72 0.036325645 
586 435 103 115 0.034593593 
347 510 25 39 0.033269096 
360 447 46 71 0.033269096 
155 569 56 78 0.033269096 
199 232 6 8 0.03293372 
614 466 54 70 0.030461596 
994 543 27 63 0.030461596 
259 459 32 37 0.030461596 
134 211 6 8 0.030282615 
737 469 7 9 0.030282615 
148 201 7 9 0.030282615 
325 420 7 10 0.030282615 
264 107 28 35 0.027884193 
602 434 48 65 0.027884193 
598 591 35 47 0.027884193 
282 392 22 29 0.027884193 
681 609 52 71 0.027884185 
328 413 6 8 0.027838783 
72 207 4 5 0.027838783 
332 512 5 7 0.027838783 
153 217 7 9 0.027838778 
739 279 111 155 0.026434705 
470 366 186 249 0.026434705 
70 267 8 11 0.02558696 
151 212 8 10 0.02558696 
357 470 4 6 0.02558696 
19 302 11 16 0.02558696 
574 359 30 33 0.025519116 
560 538 28 35 0.025519116 
875 377 128 177 0.024156325 
290 431 6 8 0.02351288 
341 511 6 9 0.02351288 
284 391 14 18 0.02351288 
5 238 8 13 0.02351288 
148 208 9 11 0.02351288 
806 39 51 69 0.023349825 
184 470 68 72 0.023349825 
813 277 117 167 0.022069868 
47 217 14 19 0.021603195 
418 623 16 28 0.021603195 
322 510 5 8 0.021603195 
320 508 5 8 0.021603195 
322 420 13 18 0.021603195 
331 420 7 12 0.021603195 
334 416 9 13 0.021603195 
331 409 6 8 0.021603195 
191 227 6 9 0.021603195 
627 394 52 61 0.021360904 
381 448 29 41 0.021360904 
319 560 63 63 0.021360904 
606 378 51 72 0.021360898 
329 58 33 39 0.021360898 
133 211 27 37 0.021360898 
64 229 26 37 0.021360898 
535 407 63 89 0.021360898 
316 59 31 38 0.021360898 
589 576 57 76 0.021360898 
85 591 60 58 0.021360898 
597 490 61 79 0.021360898 
559 437 257 349 0.0201599 
