2_Demonstration_Protesters_2_493
745
710 111 25 27 0.99937433 
771 130 35 41 0.99931467 
718 133 36 42 0.99844605 
256 99 22 25 0.99844605 
279 117 27 29 0.99813616 
374 98 25 28 0.9975521 
556 133 34 41 0.9975521 
848 144 30 34 0.9973194 
340 114 35 39 0.9973194 
18 101 24 27 0.99706453 
646 174 46 54 0.99706453 
91 114 27 28 0.99678564 
298 153 44 49 0.99614596 
340 90 23 26 0.9953797 
384 150 39 44 0.9953797 
218 66 17 19 0.994965 
454 135 41 42 0.9949414 
636 105 27 29 0.9933628 
525 117 25 29 0.9927347 
315 86 21 24 0.9927347 
30 69 23 25 0.99129593 
200 82 24 25 0.99047405 
866 93 24 29 0.99047405 
80 91 21 22 0.99047405 
922 160 39 45 0.99047405 
936 130 34 38 0.98751885 
66 64 21 23 0.98751885 
186 58 16 18 0.9832598 
637 52 18 20 0.9832598 
406 105 25 27 0.9821322 
548 112 28 28 0.98046196 
824 74 31 33 0.9786391 
569 52 13 15 0.97839683 
802 21 12 14 0.97839683 
520 66 17 19 0.97216123 
160 82 21 21 0.9721158 
268 74 23 25 0.9721158 
736 93 21 23 0.9721158 
386 73 19 21 0.9697174 
962 71 20 20 0.9641916 
543 77 20 22 0.9641916 
829 183 37 41 0.96367437 
648 91 27 28 0.96367437 
879 211 37 45 0.96367437 
746 48 15 16 0.95009613 
255 46 13 14 0.9458233 
663 47 19 20 0.9458233 
289 68 22 23 0.9439019 
979 149 45 61 0.9211933 
433 70 20 22 0.91882604 
247 61 16 17 0.91882604 
97 56 12 15 0.9121234 
604 86 22 25 0.9069161 
211 118 20 23 0.90492445 
787 59 17 18 0.8972024 
420 35 13 14 0.8972024 
143 38 8 8 0.8972024 
192 118 24 26 0.89036 
781 86 24 29 0.88114965 
134 106 23 24 0.88114965 
246 83 19 21 0.88008106 
845 18 11 13 0.880081 
480 61 21 20 0.87062967 
14 60 17 17 0.84982324 
716 80 20 24 0.849435 
703 50 15 17 0.8384248 
545 54 14 16 0.8384248 
0 89 15 23 0.8263381 
520 88 22 23 0.8263381 
131 85 19 22 0.8135483 
762 46 14 15 0.8135483 
490 95 20 23 0.811072 
379 31 11 13 0.8000445 
236 45 13 15 0.7858201 
177 113 28 29 0.7815748 
229 88 20 23 0.7815747 
701 11 12 13 0.77087367 
950 55 17 18 0.77087367 
615 53 16 18 0.755209 
916 78 24 25 0.7488979 
582 59 21 21 0.7488979 
303 48 16 18 0.7388364 
925 49 17 20 0.7217721 
661 63 22 22 0.7217721 
321 58 16 18 0.7040394 
616 68 17 18 0.7040394 
692 77 23 23 0.6941424 
128 65 13 15 0.6856687 
407 115 29 29 0.6541731 
554 18 8 9 0.64717066 
210 85 23 24 0.61190087 
723 86 22 24 0.5900683 
388 50 15 16 0.5858033 
470 37 8 10 0.5858033 
110 49 11 11 0.5858033 
820 123 23 25 0.56787485 
808 47 16 17 0.56463194 
468 120 27 26 0.5454055 
11 483 64 92 0.5227497 
485 262 27 37 0.5227497 
526 63 14 15 0.5 
437 35 13 13 0.5 
503 54 15 16 0.5 
458 57 13 15 0.5 
501 13 8 8 0.5 
178 59 16 18 0.47834834 
497 101 21 21 0.47834834 
364 85 17 19 0.45677772 
167 279 60 75 0.43212515 
224 55 15 16 0.4141967 
137 50 13 15 0.4141967 
206 172 34 41 0.4099317 
277 41 9 9 0.3933377 
423 143 25 28 0.38809907 
708 28 12 14 0.3728605 
655 22 11 12 0.3728605 
605 3 8 9 0.3728605 
1010 119 13 23 0.35282937 
333 42 12 13 0.35282937 
548 42 11 13 0.35282937 
531 59 11 12 0.35282937 
905 127 25 28 0.34582692 
522 21 6 7 0.29596066 
456 82 17 16 0.29596066 
122 40 9 9 0.29596066 
701 82 23 25 0.268611 
59 112 21 24 0.268611 
752 197 24 25 0.268611 
443 76 24 22 0.268611 
623 141 13 17 0.26116365 
486 91 18 21 0.26116365 
710 52 16 18 0.26116365 
160 46 13 14 0.26116365 
926 139 40 47 0.2511021 
0 158 63 78 0.2511021 
77 43 9 10 0.24479094 
110 63 11 13 0.22912635 
552 40 8 8 0.22912635 
451 94 24 23 0.21842524 
610 42 9 9 0.2141799 
33 52 14 15 0.2141799 
583 99 16 17 0.2141799 
582 0 8 6 0.2141799 
209 71 23 23 0.2032784 
401 24 6 6 0.19995552 
105 75 15 16 0.1864517 
510 77 13 15 0.1864517 
371 57 8 9 0.18645167 
525 142 25 29 0.1753677 
846 49 15 17 0.17366187 
188 39 7 8 0.17366186 
566 32 11 12 0.17366186 
521 40 8 8 0.16157512 
700 0 8 7 0.16157512 
127 413 111 111 0.15916684 
275 263 55 60 0.15056497 
465 108 23 24 0.15056497 
657 0 10 8 0.15017675 
496 62 14 16 0.15017675 
716 56 17 17 0.15017675 
536 36 7 8 0.15017675 
147 64 14 15 0.15017675 
771 384 239 233 0.14717786 
150 29 7 7 0.13944872 
0 50 12 16 0.13944872 
499 4 7 7 0.13944872 
630 1 8 9 0.1394487 
222 184 29 30 0.13928533 
330 297 68 70 0.13928533 
940 154 47 53 0.13928533 
524 98 20 22 0.1293704 
355 26 8 8 0.1293704 
930 82 17 20 0.1293704 
887 50 17 19 0.1293704 
477 19 7 8 0.12937039 
730 0 10 8 0.12937039 
654 55 23 24 0.12872264 
506 95 21 24 0.12872264 
145 379 53 42 0.12872264 
848 193 42 47 0.12872264 
0 132 27 41 0.12872264 
139 425 67 64 0.12872262 
482 254 46 55 0.12872262 
-8 425 93 174 0.12544508 
817 49 16 15 0.11991897 
23 47 8 8 0.11991897 
785 79 14 15 0.11991897 
139 389 51 55 0.118850335 
20 66 22 23 0.118850335 
549 29 7 7 0.111069925 
643 49 15 18 0.111069925 
826 10 11 13 0.111069925 
839 168 31 36 0.109639935 
558 432 59 52 0.109639935 
99 363 178 184 0.1065206 
163 267 104 122 0.1065206 
302 117 17 21 0.10279763 
870 9 7 7 0.10279763 
952 133 43 50 0.10106142 
700 97 23 26 0.10106142 
585 133 24 28 0.10106142 
153 38 6 7 0.09507551 
688 35 13 15 0.09507551 
75 46 13 14 0.09507551 
952 48 14 16 0.09507551 
234 37 6 6 0.09507551 
834 9 11 12 0.09507551 
261 82 25 28 0.09308395 
271 154 46 52 0.09308393 
366 27 7 7 0.08787667 
586 45 12 12 0.08787667 
344 8 6 6 0.08787667 
509 75 10 10 0.08787667 
175 108 23 23 0.08787667 
769 0 9 6 0.08787667 
753 72 16 17 0.08787667 
211 31 8 9 0.08787667 
872 16 8 10 0.08787667 
909 125 39 46 0.08567618 
575 431 26 31 0.08567616 
424 50 14 15 0.08117401 
512 27 6 6 0.08117401 
283 31 7 8 0.08117401 
182 83 15 18 0.08117401 
370 18 8 8 0.08117401 
563 8 7 7 0.08117401 
458 100 23 24 0.07880669 
573 55 20 22 0.07880669 
172 40 8 9 0.07494057 
499 171 25 25 0.072444364 
477 105 23 24 0.072444364 
310 318 49 52 0.072444364 
332 126 46 49 0.07244435 
696 367 60 79 0.07244435 
966 161 37 41 0.07244435 
892 25 23 28 0.07244435 
863 467 140 143 0.06984133 
443 21 6 6 0.069149815 
686 26 12 13 0.069149815 
988 85 13 15 0.069149815 
316 33 9 9 0.0691498 
167 41 11 12 0.0691498 
171 408 55 63 0.06655858 
328 410 54 60 0.06655858 
593 90 23 23 0.06655858 
358 90 25 28 0.06655857 
657 166 39 39 0.06655857 
793 76 43 46 0.06655857 
327 147 45 46 0.06655857 
379 215 23 27 0.06655857 
914 12 13 14 0.06377564 
400 36 7 8 0.06377564 
660 90 19 22 0.06377564 
818 66 17 19 0.06377564 
586 52 17 19 0.06377564 
407 30 7 8 0.06377564 
254 45 9 9 0.06377564 
445 38 9 9 0.06377564 
355 20 8 8 0.06377564 
537 125 36 45 0.06111947 
996 88 22 26 0.06111947 
751 47 19 19 0.06111947 
693 112 21 25 0.06111947 
309 336 29 32 0.06111947 
513 103 24 27 0.06111947 
646 47 10 10 0.05879275 
348 37 7 7 0.05879275 
242 24 5 5 0.05879275 
506 52 8 7 0.05879275 
515 70 16 17 0.05879275 
447 102 26 27 0.056098126 
408 139 29 33 0.056098126 
-3 132 47 64 0.056098126 
564 54 20 22 0.056098126 
605 395 50 69 0.056098126 
616 26 12 14 0.054176662 
176 40 8 8 0.054176662 
434 51 13 15 0.054176662 
414 15 7 7 0.054176662 
753 28 13 15 0.054176662 
33 61 19 21 0.054176662 
582 105 17 18 0.054176662 
718 54 10 11 0.054176662 
578 40 8 8 0.054176662 
251 23 6 6 0.054176662 
147 420 32 40 0.051466707 
415 234 51 67 0.051466707 
623 48 8 8 0.04990379 
78 31 6 6 0.04990379 
623 21 8 9 0.04990379 
708 11 9 10 0.04990379 
499 38 7 7 0.04990379 
532 37 7 8 0.04990379 
392 27 8 8 0.049903784 
182 53 8 8 0.049903784 
781 6 11 13 0.049903784 
267 35 7 9 0.049903784 
255 32 7 7 0.049903784 
507 107 17 18 0.049903784 
268 160 26 33 0.047198545 
256 159 27 34 0.047198545 
696 68 22 23 0.047198545 
987 147 31 36 0.047198545 
838 55 25 26 0.047198545 
209 159 27 33 0.047198545 
610 137 23 25 0.047198545 
430 76 28 27 0.047198545 
364 37 6 6 0.04595155 
757 2 12 13 0.04595155 
514 30 7 7 0.04595155 
870 11 8 8 0.04595155 
426 36 9 11 0.04595155 
619 115 15 16 0.04595155 
537 58 13 14 0.04595155 
476 9 6 6 0.04595155 
562 11 8 8 0.04595155 
749 55 15 17 0.045951538 
525 151 14 19 0.045951538 
704 0 8 7 0.045951538 
764 0 13 11 0.045951538 
885 70 13 15 0.045951538 
974 100 9 9 0.045951538 
882 18 42 50 0.04326818 
510 86 22 22 0.04326818 
809 177 47 53 0.04326818 
431 135 40 46 0.04326818 
800 50 20 20 0.04326818 
579 417 52 57 0.04326818 
383 128 26 27 0.04326818 
260 0 5 4 0.04229837 
497 33 7 7 0.04229837 
662 0 9 8 0.04229837 
420 43 17 18 0.04229837 
904 62 15 16 0.04229837 
838 14 13 13 0.04229837 
247 14 4 4 0.04229837 
619 24 8 9 0.04229837 
846 42 13 15 0.04229837 
438 47 13 14 0.04229837 
107 69 15 17 0.04229837 
71 54 15 16 0.04229836 
382 363 218 217 0.04133061 
766 324 116 137 0.04133061 
439 86 26 27 0.039651502 
827 60 29 29 0.039651502 
393 135 26 28 0.039651502 
155 300 53 68 0.039651502 
858 218 64 69 0.039651502 
291 116 24 27 0.039651502 
812 81 34 36 0.039651494 
355 104 30 34 0.039651494 
284 102 24 25 0.039651494 
246 153 26 29 0.039651494 
808 54 23 21 0.039651494 
767 91 25 26 0.039651494 
566 83 13 15 0.038923774 
753 7 12 13 0.038923774 
533 56 9 9 0.038923774 
888 75 16 16 0.038923774 
260 62 15 15 0.038923774 
324 9 5 6 0.038923774 
276 38 8 8 0.038923774 
600 1 8 8 0.038923774 
548 46 13 16 0.038923774 
167 48 7 8 0.038923774 
592 60 15 18 0.038923774 
652 26 13 13 0.038923774 
485 41 7 7 0.038923774 
231 55 8 10 0.038923774 
703 341 94 118 0.03781825 
463 464 63 47 0.036325652 
466 486 71 71 0.036325652 
805 70 25 26 0.036325652 
347 147 45 47 0.036325652 
517 126 28 31 0.036325652 
395 94 24 28 0.036325645 
850 206 53 56 0.036325645 
343 0 7 6 0.035808332 
952 0 9 6 0.035808332 
463 0 8 7 0.035808332 
513 0 7 7 0.035808332 
556 1 7 7 0.035808332 
377 5 7 7 0.035808332 
816 37 12 12 0.035808332 
570 34 11 12 0.035808332 
445 34 8 8 0.035808332 
554 38 8 8 0.035808332 
104 47 7 8 0.035808332 
565 45 7 8 0.035808332 
395 15 7 8 0.035808332 
672 14 8 9 0.035808332 
253 21 5 6 0.035808332 
340 44 10 12 0.035808332 
436 46 9 10 0.035808332 
460 27 5 6 0.035808332 
176 64 10 10 0.035808332 
500 62 9 9 0.035808332 
606 53 16 16 0.035808332 
38 59 11 11 0.035808332 
924 57 9 9 0.035808332 
508 54 9 10 0.035808332 
311 341 18 20 0.035808332 
243 49 9 10 0.035808332 
622 71 16 18 0.035808332 
905 51 7 7 0.035808332 
520 478 116 133 0.034593605 
214 188 52 52 0.033269096 
541 101 25 26 0.033269096 
862 180 29 30 0.033269096 
912 67 25 28 0.033269096 
288 297 54 60 0.033269096 
847 50 24 25 0.033269096 
234 175 34 35 0.033269096 
678 81 23 26 0.033269096 
570 386 28 37 0.033269096 
251 272 54 60 0.033269096 
563 448 75 68 0.033269096 
217 149 28 29 0.033269096 
364 4 7 7 0.03293372 
759 72 16 20 0.03293372 
372 22 8 8 0.03293372 
752 62 15 17 0.03293372 
855 0 9 8 0.03293372 
853 53 13 16 0.03293372 
999 79 13 15 0.03293372 
73 53 11 11 0.03293372 
509 41 8 8 0.03293372 
518 34 7 7 0.03293372 
501 9 6 6 0.032933712 
338 12 6 8 0.032933712 
372 51 9 9 0.032933712 
549 37 9 9 0.032933712 
468 34 8 8 0.032933712 
484 3 5 5 0.032933712 
797 61 16 17 0.032933712 
105 56 13 13 0.032933712 
612 1 8 8 0.032933712 
719 51 8 9 0.032933712 
515 97 19 19 0.032933712 
654 20 8 9 0.032933712 
359 26 7 8 0.032933712 
150 62 10 10 0.032933712 
181 30 7 7 0.032933712 
502 23 7 7 0.032933712 
603 38 11 13 0.032933712 
321 24 6 5 0.032933712 
717 295 200 210 0.03163486 
596 218 225 237 0.03163486 
618 142 24 26 0.030461604 
899 554 23 18 0.030461604 
804 61 22 21 0.030461604 
373 154 33 37 0.030461604 
141 411 29 35 0.030461596 
874 36 42 50 0.030461596 
731 59 7 8 0.030282615 
164 27 6 6 0.030282615 
623 58 8 9 0.030282615 
420 25 8 8 0.030282615 
328 27 6 6 0.030282615 
133 48 8 8 0.030282615 
847 40 9 9 0.030282615 
514 40 10 11 0.030282615 
358 23 7 7 0.030282615 
363 39 8 8 0.030282615 
631 66 17 18 0.030282615 
532 34 6 7 0.030282615 
332 41 8 8 0.030282615 
315 32 7 8 0.030282615 
235 41 8 7 0.030282615 
532 30 6 6 0.030282615 
220 52 14 15 0.030282615 
249 49 9 11 0.030282615 
402 34 7 8 0.030282615 
271 31 6 7 0.030282615 
922 58 14 14 0.030282615 
944 59 15 16 0.030282615 
822 10 10 11 0.030282615 
475 34 7 8 0.030282615 
464 86 11 10 0.030282615 
525 50 8 8 0.030282615 
726 58 12 14 0.030282615 
884 61 15 17 0.030282615 
408 199 86 102 0.028921604 
569 120 27 31 0.027884193 
229 150 28 28 0.027884193 
454 118 28 27 0.027884193 
435 125 27 27 0.027884193 
481 82 23 23 0.027884193 
631 142 20 23 0.027884193 
337 101 30 35 0.027884185 
10 138 29 37 0.027884185 
124 97 38 39 0.027884185 
588 421 25 32 0.027884185 
528 5 5 5 0.027838783 
548 2 6 7 0.027838783 
331 26 6 6 0.027838783 
896 55 8 9 0.027838783 
131 37 7 7 0.027838783 
264 35 8 8 0.027838783 
406 0 9 8 0.027838783 
260 24 5 5 0.027838783 
144 53 9 10 0.027838783 
654 32 9 10 0.027838783 
434 36 9 10 0.027838783 
16 54 15 17 0.027838783 
404 29 7 8 0.027838783 
753 2 8 8 0.027838783 
481 43 7 8 0.027838783 
487 44 7 8 0.027838783 
285 53 7 7 0.027838783 
628 36 12 13 0.027838783 
408 89 15 15 0.027838783 
713 62 17 18 0.027838783 
541 69 9 9 0.027838783 
641 45 8 9 0.027838783 
620 51 9 9 0.027838783 
147 33 7 8 0.027838783 
511 25 6 6 0.027838783 
603 64 9 10 0.027838783 
661 23 8 9 0.027838783 
684 112 20 23 0.027838783 
250 3 6 6 0.027838778 
473 11 6 7 0.027838778 
546 27 7 7 0.027838778 
361 2 7 8 0.027838778 
470 81 9 10 0.027838778 
820 73 23 23 0.027838778 
517 31 7 7 0.027838778 
580 41 11 12 0.027838778 
548 32 8 8 0.027838778 
825 51 11 10 0.027838778 
242 36 6 7 0.027838778 
898 23 14 17 0.027838778 
467 4 6 5 0.027838778 
896 45 15 17 0.027838778 
718 71 17 17 0.027838778 
468 41 9 10 0.027838778 
526 20 6 7 0.027838778 
532 154 20 20 0.027838778 
233 44 8 9 0.027838778 
711 47 13 14 0.027838778 
739 0 8 7 0.027838778 
642 2 7 7 0.027838778 
269 45 12 14 0.027838778 
287 54 9 9 0.02558696 
442 215 13 17 0.02558696 
411 207 12 15 0.02558696 
443 51 8 9 0.02558696 
375 55 8 9 0.02558696 
562 53 12 15 0.02558696 
634 1 10 11 0.02558696 
464 61 9 10 0.02558696 
203 196 7 8 0.02558696 
138 49 8 9 0.02558696 
821 58 17 18 0.02558696 
452 62 17 19 0.02558696 
690 105 18 21 0.02558696 
2 48 8 9 0.02558696 
522 45 10 11 0.02558696 
505 45 12 12 0.02558696 
500 58 10 9 0.02558696 
48 37 7 8 0.02558696 
352 34 7 8 0.02558696 
123 35 7 7 0.02558696 
95 31 8 9 0.02558696 
398 29 7 8 0.02558696 
655 2 9 9 0.02558696 
343 30 7 6 0.02558696 
527 37 7 8 0.02558696 
347 6 6 6 0.02558696 
544 35 12 13 0.02558696 
210 36 8 8 0.02558696 
655 17 7 7 0.02558696 
413 19 7 8 0.02558696 
908 71 15 17 0.02558696 
972 72 16 17 0.02558696 
352 12 6 6 0.02558696 
282 43 8 8 0.02558696 
655 11 7 7 0.02558696 
326 45 7 8 0.02558696 
488 38 7 7 0.02558696 
169 27 5 5 0.02558696 
528 34 6 6 0.02558696 
271 28 6 6 0.02558696 
276 27 6 6 0.02558696 
814 41 14 16 0.02558696 
117 48 13 13 0.02558696 
132 49 13 15 0.02558696 
541 72 15 16 0.02558696 
339 41 7 8 0.02558696 
793 65 10 11 0.02558696 
49 43 6 7 0.02558696 
676 25 8 9 0.02558696 
721 62 16 16 0.02558696 
775 81 23 26 0.025519116 
222 273 60 62 0.025519116 
459 115 41 44 0.025519116 
59 120 26 27 0.025519116 
643 141 21 21 0.025519116 
932 523 71 55 0.025519116 
892 126 26 29 0.025519116 
-3 386 62 108 0.025519116 
166 383 58 62 0.025519116 
988 263 39 63 0.025519116 
990 79 37 45 0.025519116 
878 268 30 28 0.025519116 
329 267 31 38 0.025519116 
182 432 52 58 0.025519116 
426 158 28 32 0.025519116 
819 170 83 111 0.024156325 
959 130 74 100 0.024156325 
560 18 7 8 0.02351288 
301 50 10 11 0.02351288 
386 12 7 8 0.02351288 
371 124 16 20 0.02351288 
907 121 19 22 0.02351288 
541 118 23 27 0.02351288 
457 79 12 11 0.02351288 
440 41 9 10 0.02351288 
322 45 7 7 0.02351288 
689 46 15 18 0.02351288 
327 24 6 6 0.02351288 
515 13 6 6 0.02351288 
355 37 7 8 0.02351288 
351 39 7 8 0.02351288 
33 51 8 9 0.02351288 
216 48 13 13 0.02351288 
734 5 8 7 0.02351288 
148 49 7 7 0.02351288 
629 71 9 9 0.02351288 
600 38 8 9 0.02351288 
956 59 11 11 0.02351288 
493 33 7 7 0.02351288 
479 34 7 7 0.02351288 
570 11 7 8 0.02351288 
181 57 9 11 0.02351288 
260 28 5 5 0.02351288 
461 77 15 15 0.02351288 
228 27 6 6 0.02351288 
711 9 7 8 0.02351288 
604 237 19 25 0.02351288 
368 59 9 11 0.02351288 
599 0 7 6 0.02351288 
551 53 13 16 0.02351288 
53 85 14 16 0.02351288 
442 70 15 19 0.02351288 
355 0 8 8 0.02351288 
155 50 14 15 0.02351288 
431 52 10 11 0.02351288 
904 85 14 18 0.02351288 
238 17 5 5 0.02351288 
608 1 10 11 0.02351288 
490 0 5 5 0.02351288 
717 47 9 9 0.02351288 
268 31 6 6 0.02351288 
328 30 7 7 0.02351288 
274 33 7 7 0.02351288 
713 54 10 10 0.02351288 
715 45 7 8 0.02351288 
968 95 22 25 0.023349825 
306 138 27 29 0.023349825 
413 222 28 37 0.023349825 
419 125 29 30 0.023349825 
903 70 40 39 0.023349825 
181 178 49 51 0.023349825 
303 72 23 25 0.023349825 
156 448 69 58 0.023349825 
687 86 25 28 0.023349825 
155 438 37 39 0.023349825 
456 449 57 45 0.023349825 
977 369 47 86 0.023349825 
312 48 8 9 0.0216032 
253 54 15 18 0.0216032 
241 42 7 7 0.0216032 
221 34 6 6 0.021603195 
297 35 7 7 0.021603195 
582 121 21 25 0.021603195 
673 70 10 10 0.021603195 
935 53 9 11 0.021603195 
446 63 15 16 0.021603195 
273 3 5 6 0.021603195 
556 5 6 6 0.021603195 
320 27 6 6 0.021603195 
638 198 17 21 0.021603195 
344 34 7 7 0.021603195 
604 0 7 6 0.021603195 
937 85 17 20 0.021603195 
662 0 13 13 0.021603195 
994 89 16 17 0.021603195 
276 23 5 5 0.021603195 
861 31 13 15 0.021603195 
230 37 6 6 0.021603195 
364 23 11 12 0.021603195 
262 23 5 5 0.021603195 
335 25 5 6 0.021603195 
481 129 16 21 0.021603195 
415 21 8 8 0.021603195 
681 33 14 16 0.021603195 
798 64 9 10 0.021603195 
259 6 5 5 0.021603195 
309 45 8 8 0.021603195 
534 45 9 9 0.021603195 
725 8 13 13 0.021603195 
593 44 9 10 0.021603195 
570 9 5 6 0.021603195 
899 37 14 16 0.021603195 
68 21 5 5 0.021603195 
433 40 14 15 0.021603195 
308 184 19 20 0.021603195 
154 59 8 8 0.021603195 
146 57 9 9 0.021603195 
758 37 14 16 0.021603195 
455 69 16 18 0.021603195 
522 36 6 6 0.021603195 
241 11 5 5 0.021603195 
651 10 7 8 0.021603195 
369 48 8 9 0.021603195 
653 107 18 22 0.021603195 
472 39 11 13 0.021603195 
347 45 7 8 0.021603195 
989 84 8 9 0.021603195 
6 12 8 9 0.021603195 
37 16 5 5 0.021603195 
123 14 4 4 0.021603195 
353 10 6 6 0.021603195 
671 68 23 25 0.021360904 
964 1 51 46 0.021360904 
127 329 50 52 0.021360904 
377 140 30 33 0.021360904 
730 506 28 28 0.021360898 
268 173 34 35 0.021360898 
141 395 28 27 0.021360898 
908 56 23 24 0.021360898 
321 253 32 34 0.021360898 
222 211 30 43 0.021360898 
825 4 20 21 0.021360898 
544 89 26 26 0.021360898 
223 164 32 36 0.021360898 
769 72 21 22 0.021360898 
877 71 21 22 0.021360898 
389 79 24 26 0.021360898 
501 78 21 22 0.021360898 
612 106 23 22 0.021360898 
440 111 28 27 0.021360898 
886 294 111 127 0.0201599 
