2_Demonstration_Political_Rally_2_137
156
234 292 68 102 0.9996376 
906 277 26 35 0.9990996 
10 365 85 130 0.99814475 
417 313 51 66 0.9975521 
307 295 55 90 0.9973194 
397 278 25 32 0.99706453 
651 275 32 47 0.99678564 
756 275 34 39 0.99047405 
786 281 26 35 0.96367437 
716 282 11 14 0.9540484 
-1 306 23 46 0.9275556 
932 267 22 27 0.89036 
843 273 25 26 0.849435 
487 317 42 63 0.83741444 
206 281 29 46 0.73138905 
561 319 31 47 0.6941424 
170 282 32 43 0.6541731 
771 278 31 37 0.61190087 
475 278 28 35 0.5454055 
611 319 28 46 0.43212515 
702 299 16 20 0.4141967 
450 313 51 72 0.30585763 
21 306 22 39 0.23436876 
738 473 67 106 0.21842524 
44 21 232 320 0.2150812 
121 351 24 28 0.188928 
1007 283 12 16 0.16157512 
757 276 19 24 0.16157512 
373 275 22 28 0.15017675 
466 277 14 20 0.15017675 
617 166 7 9 0.13944872 
586 316 41 59 0.13928533 
736 276 14 18 0.1293704 
741 271 12 20 0.12937039 
803 330 14 18 0.11991897 
621 288 33 38 0.118850335 
364 328 43 57 0.118850335 
363 13 29 41 0.109639935 
391 320 58 68 0.109639935 
702 441 95 169 0.1065206 
628 278 44 54 0.10106142 
235 315 191 238 0.09803478 
745 334 27 34 0.09308393 
331 312 59 80 0.09308393 
1006 318 18 24 0.08117401 
425 282 22 26 0.07880669 
588 171 7 9 0.07494057 
736 285 9 11 0.07494057 
842 614 24 31 0.072444364 
566 316 46 72 0.07244435 
263 401 119 144 0.06984132 
91 295 12 16 0.0691498 
74 313 15 22 0.0691498 
549 318 30 43 0.06655858 
352 362 56 64 0.06655857 
211 276 46 71 0.06111947 
669 180 16 19 0.05879275 
650 546 8 9 0.05879275 
975 315 13 19 0.05879275 
507 359 61 75 0.056098126 
514 311 45 61 0.056098126 
691 172 7 10 0.054176662 
683 271 218 315 0.053832818 
529 380 36 50 0.051466707 
181 277 36 51 0.051466707 
1011 261 11 19 0.04990379 
701 175 7 9 0.049903784 
957 293 11 16 0.04595155 
296 379 212 268 0.045153886 
467 275 24 31 0.04326818 
907 22 54 71 0.04326818 
388 399 67 68 0.04326818 
617 296 41 59 0.04326818 
808 341 22 27 0.04326818 
958 464 11 14 0.04229837 
475 280 43 60 0.039651494 
637 162 13 16 0.038923774 
958 379 16 26 0.038923774 
878 357 19 22 0.038923774 
681 588 15 20 0.038923774 
601 163 11 14 0.035808332 
584 174 6 8 0.035808332 
142 34 116 191 0.034593605 
64 331 53 55 0.033269096 
498 303 32 41 0.033269096 
561 210 32 39 0.033269096 
833 277 17 22 0.03293372 
126 -2 212 272 0.03163486 
354 395 62 66 0.030461604 
963 301 21 26 0.030461604 
60 311 31 35 0.030461596 
852 293 25 28 0.030461596 
792 296 17 23 0.030282615 
751 125 5 6 0.030282615 
857 298 14 17 0.030282615 
418 209 6 8 0.030282615 
600 170 7 9 0.030282615 
192 24 119 167 0.028921604 
725 437 180 264 0.028921604 
83 342 57 65 0.027884185 
785 352 18 23 0.027838783 
791 342 18 24 0.027838783 
721 293 12 14 0.027838778 
600 180 6 8 0.027838778 
548 204 8 10 0.027838778 
490 -21 235 280 0.02643471 
93 72 124 215 0.02643471 
698 170 12 14 0.02558696 
726 290 8 11 0.02558696 
826 277 16 21 0.02558696 
495 245 5 6 0.02558696 
847 285 19 19 0.02558696 
641 162 8 9 0.02558696 
913 270 28 35 0.025519116 
368 8 48 59 0.025519116 
714 279 20 23 0.025519116 
82 345 31 34 0.025519116 
368 369 32 37 0.025519116 
911 184 107 157 0.024156325 
662 376 165 256 0.024156325 
434 338 197 256 0.024156325 
513 352 103 167 0.024156325 
792 216 5 6 0.02351288 
866 285 17 22 0.02351288 
83 303 8 9 0.02351288 
112 350 17 22 0.02351288 
722 318 12 15 0.02351288 
690 286 7 10 0.02351288 
638 169 8 10 0.02351288 
871 349 21 25 0.023349825 
433 287 24 27 0.023349825 
366 345 56 66 0.023349825 
817 259 44 52 0.023349825 
383 635 30 39 0.023349825 
893 493 51 74 0.023349825 
699 610 21 27 0.023349825 
920 253 41 47 0.023349825 
547 207 53 66 0.023349825 
6 549 93 124 0.022069868 
884 -2 117 117 0.022069868 
940 238 5 6 0.0216032 
59 216 5 6 0.021603195 
1010 410 7 10 0.021603195 
596 172 6 8 0.021603195 
459 196 6 7 0.021603195 
628 196 8 11 0.021603195 
457 194 5 6 0.021603195 
661 276 19 28 0.021603195 
686 283 14 19 0.021603195 
904 119 29 39 0.021360904 
602 325 46 68 0.021360898 
273 568 58 95 0.021360898 
111 307 29 34 0.021360898 
199 552 69 75 0.021360898 
967 317 22 26 0.021360898 
172 345 43 62 0.021360898 
