2_Demonstration_Political_Rally_2_83
404
882 553 109 136 0.99919194 
598 489 95 136 0.99911374 
447 116 36 46 0.9985812 
883 328 78 85 0.99844605 
168 1 29 35 0.99844605 
622 66 31 37 0.99844605 
563 289 65 75 0.9979589 
292 571 98 123 0.99776876 
230 266 62 91 0.9977647 
3 388 82 104 0.9975521 
499 208 52 70 0.9973194 
401 302 90 121 0.9967733 
809 137 39 47 0.99614596 
203 111 30 38 0.99614596 
629 384 85 99 0.99614596 
73 216 48 62 0.99614596 
559 83 31 37 0.9957801 
95 286 67 83 0.9949414 
217 62 35 45 0.9944617 
383 153 32 44 0.9933628 
231 122 38 49 0.99204755 
327 164 47 58 0.99204755 
179 154 45 56 0.99204755 
889 157 45 55 0.99047405 
119 526 95 121 0.9902766 
476 84 32 36 0.98957527 
929 200 41 52 0.98859274 
208 222 50 74 0.9863452 
46 177 45 63 0.9821322 
109 79 37 47 0.98046196 
169 385 76 99 0.97448087 
290 34 30 37 0.97448087 
1 74 29 35 0.9695384 
427 35 26 32 0.9695384 
463 180 52 67 0.96034855 
675 609 97 78 0.96034855 
997 129 22 30 0.95280147 
399 112 31 35 0.95280147 
951 161 44 48 0.9439019 
791 122 29 36 0.9439019 
310 72 26 32 0.9334414 
398 196 56 66 0.9211933 
88 611 119 81 0.9211933 
979 444 39 91 0.9069161 
474 18 25 30 0.9069161 
750 20 21 25 0.8972024 
558 188 25 35 0.8712774 
638 252 31 31 0.8607147 
6 124 48 68 0.849435 
947 75 43 58 0.82463235 
823 64 22 30 0.7815748 
871 27 24 28 0.7815748 
266 20 21 29 0.7815747 
744 155 36 43 0.7815747 
33 63 25 35 0.7815747 
116 46 25 30 0.76563126 
43 288 34 51 0.76563126 
481 192 52 70 0.6744751 
833 338 39 47 0.6541731 
815 39 22 25 0.64717066 
668 51 21 25 0.6332934 
475 47 17 22 0.60666233 
728 358 59 117 0.5900683 
939 181 43 57 0.56787485 
218 233 61 88 0.54540557 
946 20 23 26 0.5454055 
597 56 22 27 0.5 
778 45 21 25 0.47725022 
552 397 25 44 0.47725022 
976 210 51 91 0.45459446 
448 84 24 26 0.45459446 
612 60 28 35 0.43212515 
386 66 22 24 0.4141967 
919 0 22 21 0.3728605 
483 174 34 43 0.36670664 
943 200 46 66 0.34582692 
564 43 19 26 0.34582692 
312 279 52 79 0.34582692 
255 69 23 31 0.34582692 
797 21 18 21 0.31433135 
344 25 24 31 0.30585766 
591 57 18 23 0.29596066 
235 8 18 23 0.29596066 
941 90 32 42 0.268611 
38 137 50 62 0.268611 
509 103 24 32 0.268611 
969 87 41 56 0.268611 
823 331 27 39 0.2511021 
491 338 27 34 0.23436876 
13 66 29 38 0.23436876 
963 201 46 78 0.23436876 
602 102 35 42 0.23436876 
950 11 16 20 0.22912635 
355 153 45 55 0.21842524 
126 308 67 79 0.21842523 
383 166 51 67 0.2032784 
385 3 29 28 0.2032784 
986 14 29 35 0.188928 
274 70 30 37 0.188928 
344 39 19 25 0.1864517 
300 5 16 19 0.1864517 
134 176 35 47 0.1753677 
621 41 22 24 0.1753677 
496 46 25 30 0.16258557 
632 239 32 35 0.16258556 
569 434 32 31 0.16258556 
561 179 49 60 0.15056497 
589 16 28 31 0.15056497 
81 39 24 27 0.15056497 
59 142 37 44 0.15056497 
28 7 26 29 0.15056497 
460 83 26 30 0.15056497 
200 56 19 25 0.15017675 
414 0 18 20 0.13944872 
521 210 55 67 0.13928533 
210 114 40 51 0.13928533 
3 98 44 57 0.13928533 
617 422 97 118 0.13594593 
599 82 30 34 0.12872264 
993 98 30 43 0.12872262 
607 60 19 22 0.11991897 
604 83 43 51 0.118850335 
50 282 49 66 0.118850335 
888 76 27 33 0.118850335 
694 7 14 18 0.111069925 
98 519 29 47 0.109639935 
189 137 41 52 0.109639935 
358 180 86 108 0.1065206 
286 68 46 53 0.10106142 
247 188 33 38 0.10106142 
16 171 18 27 0.09507551 
671 111 17 20 0.09507551 
799 125 39 47 0.09308395 
977 163 23 23 0.08787667 
334 87 18 26 0.08787667 
604 108 52 63 0.08567618 
567 83 45 52 0.08567618 
753 248 64 77 0.08567618 
77 49 25 30 0.08567618 
598 227 35 35 0.08567618 
683 367 80 114 0.08285364 
601 236 15 19 0.08117401 
545 69 15 20 0.08117401 
229 181 16 22 0.08117401 
666 27 22 24 0.07880669 
159 163 48 61 0.07880669 
386 108 28 33 0.07880669 
361 271 80 121 0.076092646 
824 321 15 27 0.074940585 
618 228 54 55 0.072444364 
287 64 28 34 0.072444364 
267 10 16 20 0.069149815 
584 20 21 23 0.0691498 
107 528 53 83 0.06655858 
953 426 50 78 0.06655858 
668 97 23 27 0.06655858 
549 404 46 54 0.06655858 
661 110 26 37 0.06655857 
461 99 36 46 0.06655857 
468 17 43 52 0.06655857 
638 244 18 22 0.06377564 
24 5 18 24 0.06377564 
599 22 25 29 0.06111947 
981 137 31 37 0.06111947 
262 110 24 32 0.06111947 
995 312 26 39 0.06111947 
0 140 35 68 0.06111947 
450 98 32 37 0.06111947 
159 327 17 22 0.05879275 
18 272 46 64 0.056098126 
202 85 42 51 0.056098126 
929 157 47 56 0.056098126 
546 196 57 68 0.056098126 
641 120 32 47 0.056098126 
292 22 24 28 0.056098126 
343 216 65 77 0.056098126 
822 21 25 26 0.051466707 
58 56 31 39 0.051466707 
450 155 28 35 0.051466707 
826 254 26 43 0.051466707 
585 85 46 53 0.051466707 
668 35 23 27 0.051466707 
-9 258 43 61 0.051466707 
100 504 48 73 0.051466707 
620 51 26 30 0.051466707 
811 22 25 27 0.051466707 
609 242 52 62 0.051466707 
407 86 19 22 0.04990379 
949 167 23 25 0.04990379 
967 107 19 27 0.04990379 
979 6 27 34 0.047198545 
620 115 60 69 0.047198545 
19 114 39 48 0.047198545 
536 44 25 27 0.047198545 
350 136 29 34 0.047198545 
399 96 30 31 0.047198545 
580 439 16 17 0.04595155 
81 495 160 206 0.045153886 
387 51 43 51 0.04326818 
62 294 58 69 0.04326818 
214 165 47 59 0.04326818 
378 54 25 30 0.04326818 
583 8 45 52 0.04326818 
487 19 18 24 0.04229837 
738 341 100 142 0.04133061 
759 48 22 28 0.039651502 
902 172 44 53 0.039651502 
582 183 70 62 0.039651502 
257 59 40 52 0.039651502 
840 338 56 64 0.039651494 
385 81 32 32 0.039651494 
381 96 30 33 0.039651494 
745 160 52 62 0.039651494 
652 29 21 25 0.039651494 
888 11 26 29 0.039651494 
658 58 26 35 0.039651494 
984 111 32 43 0.039651494 
379 235 64 74 0.039651494 
788 43 18 24 0.038923774 
425 168 76 94 0.03781825 
102 37 25 30 0.036325652 
229 182 50 61 0.036325652 
409 35 40 52 0.036325652 
475 50 28 32 0.036325652 
487 14 47 57 0.036325652 
118 26 28 34 0.036325652 
34 18 25 30 0.036325652 
527 28 25 28 0.036325652 
577 150 82 73 0.036325652 
949 103 32 38 0.036325652 
815 54 37 48 0.036325652 
279 41 42 52 0.036325652 
506 0 26 24 0.036325652 
271 105 27 35 0.036325652 
953 248 48 67 0.036325652 
9 81 32 39 0.036325645 
42 57 30 40 0.036325645 
694 37 22 27 0.036325645 
926 590 85 97 0.036325645 
588 44 28 34 0.036325645 
496 178 19 23 0.035808332 
795 12 17 21 0.035808332 
321 80 20 27 0.035808332 
316 361 104 151 0.034593593 
573 83 97 127 0.034593593 
111 46 42 53 0.033269096 
347 166 64 77 0.033269096 
252 -3 48 51 0.033269096 
547 75 24 29 0.033269096 
18 -1 44 47 0.033269096 
824 263 46 60 0.033269096 
543 178 42 57 0.033269096 
910 290 59 77 0.033269096 
792 71 23 29 0.033269096 
884 88 25 31 0.033269096 
609 195 74 74 0.033269096 
138 341 62 64 0.033269096 
586 181 37 39 0.033269096 
11 33 23 29 0.033269096 
680 24 23 28 0.033269096 
312 72 41 52 0.033269096 
940 4 43 48 0.033269096 
614 29 23 28 0.033269096 
122 71 30 38 0.033269096 
232 13 26 31 0.033269096 
793 30 22 27 0.033269096 
738 231 17 20 0.03293372 
737 25 8 10 0.03293372 
26 306 12 18 0.032933712 
578 313 93 118 0.03163486 
867 343 39 44 0.030461604 
492 24 28 35 0.030461604 
391 129 31 39 0.030461604 
320 256 56 70 0.030461604 
963 190 35 51 0.030461604 
543 51 23 27 0.030461604 
774 113 30 37 0.030461604 
306 166 49 66 0.030461596 
376 169 37 48 0.030461596 
80 537 50 69 0.030461596 
117 192 49 63 0.030461596 
76 505 48 68 0.030461596 
374 111 29 31 0.030461596 
976 160 34 44 0.030461596 
247 14 22 30 0.030461596 
579 8 31 29 0.030461596 
229 59 40 53 0.030461596 
746 130 49 54 0.030461596 
803 121 19 25 0.030282615 
791 6 18 19 0.030282615 
0 0 5 6 0.030282615 
938 108 21 28 0.030282615 
593 57 11 12 0.030282615 
929 194 97 121 0.028921604 
141 626 82 60 0.027884193 
568 70 28 34 0.027884193 
931 283 33 43 0.027884193 
579 207 52 53 0.027884193 
134 57 27 33 0.027884193 
905 6 22 27 0.027884193 
817 312 45 64 0.027884193 
196 82 27 35 0.027884193 
673 11 25 27 0.027884193 
264 187 32 44 0.027884193 
972 27 29 34 0.027884193 
625 0 28 24 0.027884193 
597 67 30 35 0.027884185 
-1 347 33 63 0.027884185 
15 21 25 30 0.027884185 
491 92 38 47 0.027884185 
697 85 14 20 0.027838783 
377 106 21 24 0.027838783 
991 0 11 10 0.027838783 
582 444 9 10 0.027838783 
11 27 17 20 0.027838778 
5 96 81 111 0.026434705 
828 246 18 28 0.02558696 
20 -1 17 14 0.02558696 
672 116 10 12 0.02558696 
788 15 19 25 0.02558696 
449 72 21 25 0.02558696 
982 -1 19 19 0.02558696 
670 0 18 15 0.02558696 
611 4 13 16 0.02558696 
831 17 19 23 0.02558696 
748 199 12 15 0.02558696 
896 51 17 21 0.02558696 
358 -2 20 14 0.02558696 
793 268 58 73 0.025519116 
967 38 25 30 0.025519116 
362 140 31 39 0.025519116 
749 41 24 29 0.025519116 
939 43 46 59 0.025519116 
17 286 27 42 0.025519116 
224 177 27 35 0.025519116 
104 538 30 44 0.025519116 
266 82 50 62 0.025519116 
263 50 27 34 0.025519116 
457 196 36 44 0.025519116 
184 620 54 67 0.025519116 
413 4 26 28 0.025519116 
754 26 24 30 0.025519116 
135 317 37 42 0.025519116 
4 22 44 53 0.025519116 
594 257 57 69 0.025519116 
728 152 93 112 0.024156325 
954 10 11 12 0.02351288 
596 87 20 23 0.02351288 
254 -1 16 17 0.02351288 
76 37 19 20 0.02351288 
242 5 16 18 0.02351288 
478 175 19 22 0.02351288 
76 26 44 48 0.023349825 
690 9 22 27 0.023349825 
641 67 27 37 0.023349825 
66 50 41 51 0.023349825 
280 184 32 47 0.023349825 
643 207 31 32 0.023349825 
305 183 31 44 0.023349825 
381 213 48 45 0.023349825 
30 305 50 62 0.023349825 
125 446 34 37 0.023349825 
545 317 58 74 0.023349825 
439 95 27 33 0.023349825 
882 134 25 30 0.023349825 
576 110 56 68 0.023349825 
306 115 46 57 0.023349825 
771 303 97 151 0.022069868 
696 253 175 254 0.022069868 
432 453 107 132 0.022069868 
751 55 19 24 0.021603195 
866 0 11 10 0.021603195 
285 45 19 24 0.021603195 
614 64 10 12 0.021603195 
500 166 22 27 0.021603195 
110 85 22 29 0.021603195 
340 26 16 20 0.021603195 
605 239 9 12 0.021603195 
383 0 20 19 0.021603195 
285 114 20 24 0.021603195 
121 419 68 68 0.021360904 
958 50 25 30 0.021360904 
983 284 46 75 0.021360904 
471 60 44 49 0.021360904 
287 -1 23 24 0.021360904 
526 580 51 73 0.021360898 
186 84 22 28 0.021360898 
643 314 27 35 0.021360898 
134 78 30 39 0.021360898 
631 247 49 53 0.021360898 
324 428 65 92 0.021360898 
88 31 25 29 0.021360898 
506 27 27 33 0.021360898 
282 144 29 34 0.021360898 
268 269 61 85 0.021360898 
3 35 21 29 0.021360898 
281 157 25 29 0.021360898 
156 374 61 85 0.021360898 
94 369 103 114 0.0201599 
815 316 104 127 0.0201599 
134 407 101 104 0.0201599 
419 505 124 183 0.0201599 
896 502 119 149 0.0201599 
324 227 79 119 0.0201599 
