2_Demonstration_Protesters_2_221
412
512 201 62 86 0.9990138 
733 173 58 75 0.9977647 
567 144 57 61 0.99706453 
0 194 56 85 0.9964803 
709 371 51 86 0.9944617 
204 123 58 66 0.993937 
281 331 50 74 0.9927347 
407 296 49 73 0.99047405 
386 55 39 45 0.99047405 
10 17 30 39 0.99047405 
457 83 45 52 0.98957527 
905 104 44 52 0.98859274 
689 97 37 44 0.98751885 
402 132 44 55 0.98366195 
223 515 95 63 0.9821322 
396 198 69 88 0.9821322 
134 57 43 41 0.9695384 
719 3 25 28 0.9667309 
828 124 35 49 0.9667309 
110 95 44 52 0.9667309 
920 183 38 56 0.96034855 
149 335 130 141 0.95866936 
294 133 35 46 0.9439019 
855 168 45 55 0.9388805 
979 154 40 60 0.93344146 
306 15 32 35 0.9334414 
887 27 46 61 0.9275556 
118 15 29 36 0.9143238 
413 252 73 83 0.9069161 
427 30 31 38 0.9069161 
737 138 51 70 0.8989386 
507 45 24 26 0.82463235 
719 54 42 42 0.79672164 
234 76 39 41 0.79672164 
883 301 101 122 0.78491884 
79 173 40 70 0.76563126 
626 0 24 13 0.755209 
673 56 33 37 0.7488979 
309 246 48 71 0.7488979 
317 2 24 23 0.71312684 
176 15 23 28 0.6541731 
653 97 24 28 0.6332934 
542 62 40 48 0.61190087 
441 70 46 53 0.56787485 
182 375 82 86 0.5227497 
815 91 21 20 0.5 
787 272 163 198 0.5 
600 2 24 22 0.47725022 
159 133 21 27 0.45459446 
896 176 46 54 0.43212515 
340 110 43 54 0.43212515 
449 1 25 21 0.4099317 
98 245 67 75 0.4099317 
1 82 38 63 0.4099317 
94 206 112 122 0.3864298 
602 543 23 25 0.36670664 
745 293 128 118 0.3436022 
387 12 16 17 0.33330244 
606 208 64 74 0.32552502 
319 86 23 28 0.32552502 
427 68 28 35 0.30585766 
898 296 69 76 0.268611 
475 196 183 217 0.26558137 
65 178 87 141 0.26558137 
524 1 21 20 0.23436876 
860 47 49 56 0.23436876 
126 66 43 52 0.23436873 
475 201 78 95 0.2150812 
426 43 18 24 0.2141799 
433 20 34 35 0.2032784 
371 196 62 85 0.2032784 
80 360 62 76 0.2032784 
835 156 51 69 0.2032784 
417 129 37 39 0.2032784 
442 10 29 28 0.2032784 
128 235 58 79 0.188928 
407 61 38 45 0.188928 
74 325 49 62 0.188928 
717 194 49 56 0.188928 
245 326 85 110 0.18550259 
845 62 54 55 0.1753677 
519 19 17 18 0.17366187 
230 126 61 61 0.16258557 
826 94 55 61 0.16258557 
194 138 40 46 0.16258557 
278 225 65 92 0.16258556 
430 47 31 41 0.16258556 
29 0 45 49 0.15056497 
41 9 13 15 0.15017675 
842 24 83 97 0.14717786 
752 50 17 19 0.13944872 
375 117 58 61 0.13928533 
0 104 32 64 0.13928533 
235 6 29 34 0.13928533 
113 386 112 97 0.13594593 
595 0 17 18 0.12937039 
670 71 43 52 0.12872264 
697 71 45 50 0.12872262 
951 137 57 61 0.12872262 
692 50 45 49 0.12872262 
431 56 45 53 0.118850335 
944 161 55 59 0.118850335 
463 128 45 60 0.118850335 
652 67 43 49 0.118850335 
534 193 74 88 0.115646794 
452 292 203 233 0.115646794 
257 25 18 19 0.111069925 
949 -8 63 60 0.109639935 
170 212 73 68 0.109639935 
432 116 53 52 0.10106142 
532 430 35 37 0.10106142 
295 321 71 75 0.10106142 
271 125 57 75 0.10106142 
872 239 31 31 0.10106142 
510 89 24 25 0.10106142 
514 30 22 24 0.10106142 
119 255 117 181 0.09803478 
903 0 17 10 0.09507551 
451 514 78 60 0.09308395 
402 44 35 40 0.09308395 
956 70 31 34 0.09308395 
26 59 28 25 0.09308393 
87 155 58 59 0.09308393 
822 133 53 63 0.09308393 
690 259 29 31 0.08567618 
52 179 54 70 0.08567618 
721 359 200 227 0.08285364 
694 1 22 20 0.08117401 
939 119 56 63 0.07880669 
772 0 29 22 0.07880669 
401 240 54 75 0.07880669 
552 48 46 52 0.07880669 
324 124 49 57 0.07880669 
144 218 70 78 0.07880669 
775 327 103 139 0.076092646 
581 164 93 105 0.076092646 
0 0 8 8 0.074940585 
864 211 55 62 0.07244435 
102 417 82 86 0.07244435 
663 493 25 31 0.07244435 
380 150 100 108 0.06984133 
708 402 111 145 0.06984133 
326 190 81 108 0.06984133 
0 7 18 23 0.069149815 
994 1 16 19 0.0691498 
661 1 27 23 0.06655858 
173 143 26 33 0.06655858 
165 137 26 34 0.06655857 
86 171 29 40 0.06655857 
423 119 32 28 0.06655857 
83 90 93 107 0.064067975 
232 380 197 204 0.064067975 
824 442 100 129 0.064067975 
794 74 9 10 0.06377564 
350 -1 18 15 0.06377564 
688 117 19 23 0.06377564 
603 9 30 25 0.06111947 
903 10 58 60 0.06111947 
163 404 88 86 0.06111947 
738 54 28 31 0.06111947 
370 0 13 9 0.05879275 
351 110 19 20 0.05879275 
45 360 63 80 0.056098126 
551 124 62 67 0.056098126 
924 160 50 62 0.056098126 
130 8 46 46 0.056098126 
166 314 33 37 0.056098126 
125 3 31 24 0.056098126 
480 0 14 13 0.054176662 
947 124 76 120 0.053832814 
672 96 33 38 0.051466707 
414 182 94 78 0.051466707 
537 80 28 31 0.051466707 
22 39 50 46 0.051466707 
685 330 63 83 0.051466707 
654 93 40 43 0.051466707 
26 4 9 9 0.04990379 
605 17 15 17 0.049903784 
35 189 74 116 0.04931264 
352 15 24 26 0.047198545 
880 116 28 37 0.047198545 
960 54 48 57 0.047198545 
483 31 25 27 0.047198545 
439 72 19 25 0.045951538 
869 171 81 102 0.045153897 
533 43 44 52 0.04326818 
36 3 28 29 0.04326818 
731 102 45 52 0.04326818 
218 53 43 58 0.04326818 
85 276 70 74 0.04326818 
185 18 27 28 0.04326818 
420 23 30 34 0.04326818 
679 366 62 83 0.04326818 
879 93 48 58 0.04326818 
924 -1 60 56 0.04326818 
564 22 29 30 0.04326818 
14 428 53 53 0.04326818 
786 57 15 18 0.04229837 
895 55 21 25 0.04229837 
672 247 20 24 0.04229837 
376 -1 19 14 0.04229837 
439 85 79 78 0.04133062 
801 88 94 99 0.04133061 
67 362 103 118 0.04133061 
303 330 87 116 0.04133061 
472 256 106 127 0.04133061 
819 65 63 62 0.039651502 
311 73 40 46 0.039651502 
217 270 59 70 0.039651502 
919 0 26 21 0.039651502 
136 126 51 54 0.039651502 
711 52 29 34 0.039651494 
708 99 44 48 0.039651494 
440 549 33 24 0.039651494 
145 284 59 74 0.039651494 
20 68 27 29 0.039651494 
953 516 60 61 0.039651494 
981 0 11 9 0.038923774 
60 0 15 16 0.038923774 
761 133 19 23 0.038923774 
575 16 15 14 0.038923774 
556 0 18 12 0.038923774 
84 427 112 143 0.03781825 
724 353 75 91 0.03781825 
18 188 65 70 0.036325652 
583 47 26 30 0.036325652 
103 268 39 43 0.036325652 
359 171 60 67 0.036325652 
638 248 30 35 0.036325652 
524 428 58 70 0.036325652 
514 73 44 46 0.036325652 
448 108 41 37 0.036325652 
501 35 38 42 0.036325652 
244 16 31 34 0.036325652 
216 98 62 75 0.036325645 
194 126 19 24 0.035808332 
40 2 16 16 0.035808332 
384 -1 18 15 0.035808332 
546 62 19 22 0.035808332 
656 90 19 21 0.035808332 
398 80 19 22 0.035808332 
281 322 186 201 0.034593605 
42 322 60 66 0.033269096 
857 97 48 51 0.033269096 
944 129 32 39 0.033269096 
294 41 34 34 0.033269096 
110 22 23 30 0.033269096 
591 42 24 25 0.033269096 
303 275 67 71 0.033269096 
187 113 23 26 0.033269096 
778 348 65 82 0.033269096 
4 236 61 85 0.033269096 
135 99 46 47 0.033269096 
190 548 32 27 0.033269096 
517 10 24 23 0.033269096 
555 3 46 45 0.033269096 
567 11 25 23 0.033269096 
408 17 25 26 0.033269096 
212 142 62 76 0.033269096 
703 135 56 66 0.033269096 
394 0 16 17 0.032933712 
213 208 14 17 0.032933712 
1007 6 17 21 0.032933712 
434 264 87 108 0.03163486 
849 250 163 193 0.03163486 
429 213 106 113 0.03163486 
985 3 28 24 0.030461604 
177 65 29 34 0.030461604 
943 78 26 30 0.030461604 
343 142 34 37 0.030461596 
220 58 26 33 0.030461596 
372 142 62 71 0.030461596 
953 63 65 94 0.030461596 
454 62 29 35 0.030461596 
639 101 43 48 0.030461596 
652 477 47 52 0.030461596 
965 466 57 67 0.030461596 
19 29 32 36 0.030461596 
617 0 27 18 0.030461596 
4 11 28 33 0.030461596 
267 348 39 47 0.030461596 
883 315 48 62 0.030461596 
31 2 15 14 0.030282615 
129 -1 25 18 0.030282615 
518 44 101 108 0.028921604 
68 128 98 115 0.028921604 
256 274 95 111 0.028921604 
240 195 97 147 0.028921604 
447 139 69 86 0.027884193 
130 22 53 63 0.027884193 
161 312 60 78 0.027884193 
710 401 71 79 0.027884193 
1 21 25 35 0.027884193 
164 87 25 31 0.027884193 
558 35 26 27 0.027884185 
976 228 43 68 0.027884185 
388 13 25 26 0.027884185 
644 107 26 29 0.027884185 
699 0 42 40 0.027884185 
194 56 51 55 0.027884185 
36 7 13 14 0.027838783 
359 0 14 17 0.027838783 
184 149 20 24 0.027838783 
849 0 19 12 0.027838783 
988 38 12 13 0.027838783 
244 87 22 25 0.027838783 
36 10 7 8 0.027838783 
18 1 15 14 0.027838783 
134 53 17 17 0.027838783 
284 0 14 14 0.027838778 
908 225 112 143 0.026434705 
10 82 73 111 0.026434705 
46 405 119 131 0.026434705 
414 111 81 93 0.026434705 
815 362 130 164 0.026434705 
30 4 9 9 0.02558696 
712 5 19 22 0.02558696 
437 19 21 20 0.02558696 
195 143 19 25 0.02558696 
537 5 17 20 0.02558696 
391 46 30 33 0.025519116 
875 183 34 42 0.025519116 
398 34 25 26 0.025519116 
188 6 26 27 0.025519116 
533 55 24 26 0.025519116 
548 38 25 28 0.025519116 
550 24 51 55 0.025519116 
721 362 31 42 0.025519116 
300 -2 42 40 0.025519116 
176 50 28 33 0.025519116 
143 190 206 244 0.024156325 
350 244 79 96 0.024156325 
673 84 20 22 0.02351288 
41 22 7 9 0.02351288 
428 28 18 21 0.02351288 
25 3 15 17 0.02351288 
838 118 18 26 0.02351288 
121 28 18 23 0.02351288 
731 32 20 22 0.02351288 
3 2 17 17 0.02351288 
383 34 18 21 0.02351288 
35 49 20 21 0.02351288 
982 24 40 62 0.023349825 
40 77 31 31 0.023349825 
233 337 63 73 0.023349825 
969 46 33 41 0.023349825 
749 139 29 39 0.023349825 
328 93 26 27 0.023349825 
906 31 35 45 0.023349825 
203 296 74 89 0.023349825 
349 120 67 73 0.023349825 
30 77 26 27 0.023349825 
347 51 43 49 0.023349825 
282 66 49 54 0.023349825 
154 6 39 43 0.023349825 
78 349 29 41 0.023349825 
858 178 59 74 0.023349825 
597 527 39 45 0.023349825 
336 106 30 33 0.023349825 
717 481 88 91 0.023349825 
207 179 97 135 0.022069868 
398 379 203 223 0.022069868 
672 32 86 87 0.022069868 
314 13 21 24 0.0216032 
665 101 21 22 0.021603195 
46 25 16 18 0.021603195 
47 0 9 8 0.021603195 
757 0 15 16 0.021603195 
52 48 8 9 0.021603195 
723 56 19 22 0.021603195 
123 4 18 19 0.021603195 
573 15 11 10 0.021603195 
282 6 51 49 0.021360904 
37 444 46 54 0.021360904 
738 112 28 31 0.021360904 
624 240 52 58 0.021360904 
866 109 28 33 0.021360904 
80 81 61 74 0.021360904 
499 80 42 43 0.021360904 
4 -2 50 46 0.021360904 
410 282 37 48 0.021360898 
290 51 29 33 0.021360898 
250 67 52 54 0.021360898 
411 107 54 50 0.021360898 
13 56 48 43 0.021360898 
950 184 63 86 0.021360898 
831 171 33 43 0.021360898 
841 76 35 35 0.021360898 
726 113 28 31 0.021360898 
923 2 33 28 0.021360898 
626 157 58 70 0.021360898 
397 224 40 59 0.021360898 
170 122 46 56 0.021360898 
701 492 60 85 0.021360898 
48 11 32 35 0.021360898 
797 71 24 26 0.021360898 
327 260 39 48 0.021360898 
558 3 26 22 0.021360898 
620 167 30 37 0.021360898 
845 114 32 37 0.021360898 
0 372 18 27 0.021360898 
489 38 26 29 0.021360898 
681 263 25 29 0.021360898 
182 100 23 26 0.021360898 
480 86 47 46 0.021360893 
12 78 30 41 0.021360893 
913 94 32 39 0.021360893 
44 397 186 220 0.0201599 
26 314 94 137 0.0201599 
360 294 87 99 0.0201599 
759 223 116 133 0.0201599 
254 493 111 93 0.0201599 
