2_Demonstration_Political_Rally_2_341
165
62 369 12 16 0.98015445 
129 341 18 27 0.97441304 
566 331 22 29 0.97216123 
508 346 14 25 0.94120723 
180 351 18 22 0.8972024 
207 361 14 17 0.84982324 
472 354 13 20 0.755209 
597 3 235 311 0.6135702 
237 368 8 11 0.43536806 
795 336 12 18 0.4141967 
404 361 11 17 0.3728605 
109 348 12 19 0.35282937 
42 5 116 121 0.21508123 
156 355 18 25 0.17366187 
868 334 16 25 0.16157512 
656 241 170 239 0.14717786 
98 355 12 16 0.13944872 
585 457 28 39 0.13928533 
783 342 26 33 0.12872262 
635 429 253 293 0.115646794 
772 296 123 158 0.1065206 
405 355 23 31 0.10106142 
102 353 14 18 0.09507551 
740 352 222 281 0.09015675 
232 367 9 12 0.08787667 
185 376 13 17 0.08787667 
239 394 8 11 0.08787667 
728 401 57 78 0.08567618 
292 402 6 9 0.08117401 
86 262 13 20 0.07494057 
485 69 53 62 0.07244435 
125 391 34 40 0.06655857 
134 306 8 11 0.06377564 
853 355 17 21 0.06377564 
384 174 5 8 0.06377564 
510 104 83 65 0.06111947 
772 402 44 68 0.06111947 
404 165 6 8 0.05879275 
15 397 13 16 0.05879275 
228 365 9 12 0.05879275 
997 91 6 9 0.05879275 
779 365 51 71 0.056098126 
206 370 14 20 0.054176662 
893 422 103 111 0.053832818 
817 233 215 316 0.053832818 
941 572 68 82 0.051466707 
125 312 8 11 0.04990379 
866 414 28 35 0.04326818 
813 453 26 32 0.04326818 
916 444 27 37 0.04326818 
43 375 8 11 0.04229837 
495 353 17 23 0.04229837 
927 411 18 23 0.04229837 
494 86 67 57 0.039651502 
817 383 25 39 0.039651494 
223 361 12 17 0.038923774 
190 194 6 9 0.038923774 
50 343 8 12 0.038923774 
649 91 144 186 0.03781825 
848 327 29 35 0.036325652 
808 388 46 70 0.036325652 
510 50 55 68 0.036325645 
535 79 73 75 0.036325645 
949 418 17 24 0.035808332 
836 345 13 21 0.035808332 
494 444 85 112 0.034593593 
846 346 28 35 0.033269096 
819 329 60 79 0.033269096 
910 585 78 100 0.033269096 
182 364 16 21 0.032933712 
55 313 6 8 0.032933712 
1009 67 5 7 0.032933712 
918 415 26 35 0.030461604 
816 177 30 40 0.030461604 
131 290 6 8 0.030282615 
262 371 7 10 0.030282615 
601 274 14 19 0.030282615 
963 344 8 11 0.030282615 
919 323 6 9 0.030282615 
403 359 8 11 0.030282615 
9 186 103 140 0.028921604 
499 94 126 134 0.028921604 
274 219 212 345 0.028921604 
786 317 59 75 0.027884193 
228 370 21 32 0.027884193 
800 370 30 45 0.027884193 
952 407 22 31 0.027884185 
750 376 52 86 0.027884185 
476 352 18 28 0.027884185 
139 212 6 9 0.027838783 
218 361 11 18 0.027838783 
134 290 6 8 0.027838783 
137 307 7 11 0.027838783 
603 275 9 11 0.027838778 
856 348 15 20 0.027838778 
893 311 119 170 0.026434705 
96 352 9 14 0.02558696 
858 359 10 12 0.02558696 
55 338 11 16 0.02558696 
204 319 6 8 0.02558696 
260 368 12 17 0.02558696 
100 359 17 23 0.02558696 
227 369 14 19 0.02558696 
388 190 5 7 0.02558696 
412 399 6 9 0.02558696 
852 362 19 25 0.02558696 
284 407 6 8 0.02558696 
603 260 6 9 0.02558696 
157 202 6 9 0.02558696 
962 56 4 6 0.02558696 
894 298 7 10 0.02558696 
38 376 11 16 0.02558696 
640 281 6 10 0.02558696 
128 291 6 8 0.02558696 
168 192 12 17 0.02558696 
12 67 6 8 0.02558696 
237 392 8 10 0.02558696 
144 384 15 20 0.02558696 
86 396 28 35 0.025519116 
785 362 31 45 0.025519116 
804 350 57 85 0.025519116 
514 24 222 273 0.024156325 
636 461 130 160 0.024156325 
670 325 191 246 0.024156325 
384 200 5 8 0.02351288 
115 350 8 14 0.02351288 
858 486 19 25 0.02351288 
874 344 9 13 0.02351288 
271 389 5 7 0.02351288 
50 325 6 8 0.02351288 
127 308 12 15 0.02351288 
94 405 14 20 0.02351288 
856 335 17 20 0.02351288 
386 172 6 8 0.02351288 
303 163 4 5 0.02351288 
165 306 5 8 0.02351288 
922 363 29 40 0.023349825 
561 442 46 67 0.023349825 
651 490 74 85 0.023349825 
675 155 55 89 0.023349825 
478 360 10 15 0.0216032 
266 371 6 9 0.021603195 
40 372 8 12 0.021603195 
156 343 16 21 0.021603195 
1007 69 5 7 0.021603195 
53 338 7 11 0.021603195 
178 186 11 17 0.021603195 
224 357 9 12 0.021603195 
113 194 6 10 0.021603195 
994 90 6 9 0.021603195 
603 268 6 8 0.021603195 
0 292 4 6 0.021603195 
987 61 5 7 0.021603195 
960 43 4 6 0.021603195 
832 311 54 68 0.021360904 
408 119 53 82 0.021360904 
811 161 59 69 0.021360898 
418 141 31 47 0.021360898 
39 402 21 28 0.021360898 
797 217 26 35 0.021360898 
84 382 49 60 0.021360898 
754 410 34 53 0.021360898 
894 404 51 62 0.021360898 
714 215 194 281 0.020159906 
681 158 130 206 0.020159906 
