2_Demonstration_Demonstration_Or_Protest_2_476
1801
525 469 16 21 0.9972487 
493 296 16 19 0.9970004 
484 644 34 40 0.99678564 
122 360 15 20 0.99672973 
604 335 16 21 0.99672973 
81 343 17 21 0.99672973 
173 304 16 20 0.9964348 
504 238 16 18 0.9953811 
823 589 26 29 0.9949414 
578 329 17 21 0.99347997 
322 254 13 17 0.99347997 
99 304 18 21 0.9928939 
324 294 19 22 0.9915604 
991 594 23 30 0.99129593 
192 327 14 17 0.99080336 
207 377 16 19 0.99080336 
428 369 14 19 0.99080336 
622 560 28 31 0.99047405 
474 284 14 19 0.98997927 
541 364 19 23 0.98997927 
770 404 19 24 0.989082 
275 294 18 22 0.989082 
108 426 19 24 0.9881053 
941 290 25 31 0.98751885 
755 578 31 34 0.98751885 
744 377 20 24 0.98704255 
130 405 16 21 0.98704255 
237 311 18 22 0.98704255 
443 463 17 21 0.98704255 
626 457 23 28 0.9863452 
218 481 16 22 0.9858861 
193 502 18 24 0.98462796 
137 497 19 24 0.98462796 
236 165 13 16 0.9832598 
826 181 14 17 0.9832598 
305 344 18 21 0.98177195 
8 332 16 20 0.98177195 
386 279 13 17 0.98177195 
36 416 20 25 0.98177195 
914 320 18 23 0.98177195 
515 609 20 24 0.98015445 
691 377 20 26 0.98015445 
192 553 21 28 0.98015445 
802 414 22 26 0.97839683 
440 345 19 24 0.97839683 
95 232 14 16 0.97839683 
366 324 17 19 0.97839683 
275 502 21 27 0.97665024 
904 388 20 25 0.9764871 
262 206 12 15 0.9764871 
261 432 17 23 0.9764871 
621 177 13 15 0.9764871 
45 379 15 20 0.97441304 
49 254 17 20 0.97441304 
922 259 18 21 0.97441304 
930 402 22 26 0.97441304 
126 292 13 18 0.97216123 
389 606 18 26 0.97216123 
694 601 29 31 0.9721158 
780 503 25 29 0.9721158 
461 428 19 24 0.9697174 
372 295 14 19 0.9697174 
623 304 18 21 0.9697174 
511 217 13 16 0.9697174 
64 440 17 23 0.9697174 
500 496 22 27 0.9697174 
432 298 19 24 0.9697174 
753 263 18 23 0.96706635 
374 376 19 22 0.96706635 
640 432 17 20 0.96706635 
333 223 12 15 0.96706635 
338 272 16 19 0.96706635 
832 234 16 19 0.96706635 
304 611 19 24 0.96706635 
631 235 16 20 0.96706635 
413 265 17 22 0.96706635 
785 444 22 27 0.9667309 
646 527 31 38 0.9667309 
905 288 25 30 0.9667309 
468 543 20 25 0.9641916 
620 265 19 21 0.9641916 
281 360 17 20 0.9641916 
328 619 21 28 0.96367437 
825 435 23 26 0.96367437 
732 281 18 21 0.96107626 
319 202 12 15 0.96107626 
422 344 13 17 0.96107626 
934 228 15 18 0.96107626 
394 254 18 21 0.96107626 
663 244 17 20 0.9577016 
580 255 18 22 0.9577016 
906 239 16 18 0.9577016 
750 470 21 26 0.9577016 
167 273 14 16 0.9577016 
988 373 25 30 0.9567318 
625 197 12 15 0.9540484 
419 405 20 24 0.9540484 
515 398 21 27 0.9540484 
523 569 21 26 0.9540484 
579 438 21 24 0.9540484 
552 298 17 19 0.9540484 
575 364 17 22 0.9540484 
334 179 16 19 0.95009625 
887 358 19 25 0.95009613 
736 449 19 23 0.95009613 
520 301 18 20 0.9458233 
283 407 15 20 0.9458233 
383 224 14 18 0.9458233 
881 474 21 26 0.9458233 
810 289 19 22 0.94120723 
27 224 15 17 0.94120723 
326 333 18 21 0.94120723 
227 428 16 21 0.94120723 
529 249 18 22 0.94120723 
245 487 21 25 0.94120723 
359 249 16 19 0.9362244 
910 218 12 17 0.9362244 
499 350 18 22 0.9362244 
556 229 16 18 0.9362244 
591 385 25 30 0.9334414 
876 537 25 31 0.9334414 
643 324 20 24 0.9308502 
251 344 18 20 0.9308502 
186 430 16 19 0.9308502 
88 262 13 17 0.9308502 
199 446 20 23 0.9308502 
984 319 23 27 0.9275556 
729 508 23 26 0.9275556 
361 440 20 24 0.92505944 
678 465 21 25 0.92505944 
654 188 11 14 0.92505944 
680 157 14 17 0.92505944 
948 446 25 29 0.9211933 
292 209 16 19 0.91882604 
943 360 21 25 0.91882604 
704 179 19 24 0.91882604 
293 246 12 15 0.9121234 
112 134 12 14 0.9121234 
138 384 14 18 0.9121234 
663 217 14 17 0.9121234 
928 165 14 15 0.9121234 
846 323 23 28 0.9069161 
690 213 16 20 0.90492445 
221 406 17 22 0.90492445 
949 385 23 26 0.90492445 
81 422 17 20 0.90492445 
92 482 14 18 0.8972024 
331 431 20 26 0.8972024 
258 73 15 19 0.8972024 
144 430 21 24 0.8972024 
556 315 18 21 0.8972024 
553 465 21 26 0.89036 
951 102 14 17 0.88893 
990 150 15 19 0.88893 
809 247 15 19 0.88893 
867 296 18 22 0.88893 
165 347 18 21 0.88893 
492 473 20 25 0.88893 
216 223 12 17 0.88893 
254 165 12 15 0.88893 
700 244 15 19 0.88893 
194 237 11 16 0.88008106 
802 319 18 22 0.88008106 
425 492 22 26 0.88008106 
63 64 13 18 0.88008106 
707 548 23 29 0.8712774 
909 190 12 15 0.87062967 
19 74 8 11 0.87062967 
244 589 20 25 0.87062967 
456 242 15 18 0.87062955 
365 403 19 24 0.87062955 
920 626 23 30 0.8607147 
267 228 13 17 0.86055124 
76 102 12 16 0.86055124 
973 170 15 19 0.86055124 
702 145 12 16 0.86055124 
196 262 13 17 0.86055124 
601 157 12 15 0.86055124 
337 355 16 21 0.84982324 
651 43 9 11 0.84982324 
880 416 25 31 0.849435 
140 470 20 22 0.8384248 
948 245 16 20 0.8384248 
402 224 20 24 0.8384248 
804 222 15 18 0.8384248 
503 183 11 15 0.8384248 
661 199 16 20 0.8263381 
856 178 14 17 0.8263381 
649 496 22 27 0.8263381 
881 210 14 17 0.8263381 
529 163 11 15 0.8135483 
456 265 14 18 0.8135483 
675 182 11 14 0.8000445 
242 388 15 19 0.8000445 
153 184 15 18 0.8000445 
383 345 20 23 0.8000445 
523 286 13 16 0.78582007 
973 225 16 19 0.78582007 
133 156 11 15 0.77087367 
507 333 18 19 0.7708736 
479 217 15 18 0.7708736 
897 201 13 16 0.7708736 
885 179 12 16 0.7708736 
514 106 14 17 0.7708736 
79 293 17 20 0.755209 
664 363 18 21 0.755209 
141 106 9 12 0.755209 
42 280 18 21 0.755209 
969 209 12 16 0.755209 
9 183 13 16 0.755209 
840 264 16 19 0.755209 
440 232 12 16 0.755209 
387 303 16 19 0.755209 
734 420 20 25 0.7388364 
516 199 15 18 0.7388364 
554 257 13 17 0.7388364 
243 235 12 16 0.7388364 
739 237 15 18 0.7388364 
46 234 13 17 0.7217721 
734 206 15 18 0.7217721 
301 87 14 17 0.7217721 
862 235 23 28 0.71312684 
560 150 14 16 0.7040394 
46 325 18 22 0.7040394 
182 221 13 16 0.7040394 
942 195 15 18 0.7040394 
865 223 16 18 0.7040394 
187 283 16 19 0.7040394 
687 172 12 16 0.6856687 
179 161 13 15 0.6856687 
994 522 24 28 0.6856687 
551 97 14 17 0.6856687 
142 208 15 18 0.6856687 
85 193 15 18 0.66669756 
279 554 19 25 0.66669756 
150 97 8 11 0.66669756 
712 95 13 15 0.66669756 
562 557 21 26 0.66669756 
673 274 14 19 0.66669756 
301 277 13 16 0.66669756 
170 121 13 17 0.66669756 
18 272 17 18 0.64717066 
543 207 14 17 0.6271395 
781 184 16 19 0.6271395 
57 112 11 14 0.6271395 
813 171 15 18 0.6271395 
734 105 13 15 0.6271395 
436 214 14 16 0.60666233 
469 375 15 20 0.60666233 
746 118 14 16 0.60666233 
866 392 18 22 0.60666233 
81 383 12 16 0.60666233 
315 170 12 14 0.60666233 
860 118 9 12 0.60666233 
89 131 11 14 0.5858033 
188 94 13 15 0.5858033 
984 415 22 26 0.5858033 
723 151 15 16 0.5858033 
608 66 13 15 0.5858033 
405 131 7 9 0.56463194 
384 189 15 19 0.56463194 
296 188 15 18 0.56463194 
794 133 11 15 0.56463194 
975 264 18 20 0.56463194 
800 64 15 18 0.56463194 
517 144 13 16 0.5432222 
482 452 20 24 0.5432222 
101 405 17 20 0.5432222 
607 206 14 18 0.5432222 
183 404 13 17 0.5432222 
433 75 8 11 0.5432222 
780 252 17 19 0.5432222 
340 397 20 23 0.5216516 
892 228 14 16 0.5216516 
229 200 12 15 0.5216516 
604 371 19 22 0.5216516 
401 457 22 28 0.5216516 
73 131 12 15 0.5216516 
403 172 10 14 0.5216516 
397 431 22 24 0.5216516 
313 243 11 14 0.5216516 
717 128 13 16 0.5 
992 113 13 17 0.5 
453 172 16 20 0.5 
208 299 17 21 0.47834834 
352 130 8 11 0.47834834 
361 173 14 16 0.47834834 
137 234 16 19 0.47834834 
469 330 16 20 0.47834834 
90 219 15 17 0.47834834 
259 267 15 18 0.45677772 
132 185 13 15 0.45677772 
57 89 9 11 0.45677772 
623 52 12 15 0.45677772 
261 137 13 15 0.45677772 
480 101 12 16 0.45677772 
677 116 12 15 0.45677772 
112 178 13 15 0.43536806 
800 163 13 17 0.43536806 
171 180 14 17 0.43536806 
850 233 13 16 0.43536806 
332 496 20 23 0.43536806 
1002 214 20 35 0.43212515 
629 32 8 10 0.4141967 
150 164 17 20 0.4141967 
313 371 20 22 0.4141967 
153 309 15 18 0.4141967 
211 139 11 14 0.4141967 
480 83 9 10 0.4141967 
638 374 19 23 0.4141967 
768 151 15 18 0.3933377 
467 127 11 15 0.3933377 
29 361 13 16 0.3933377 
814 269 16 18 0.3933377 
590 625 26 31 0.38809907 
675 111 11 14 0.3728605 
441 53 8 9 0.3728605 
221 262 13 15 0.3728605 
89 70 12 14 0.3728605 
843 155 13 18 0.3728605 
940 152 15 18 0.35282937 
12 223 12 16 0.35282937 
68 299 15 18 0.35282937 
579 124 12 15 0.35282937 
753 294 18 22 0.33330244 
12 252 14 18 0.33330244 
646 74 12 15 0.33330244 
618 22 11 14 0.33330244 
839 148 14 18 0.33330244 
274 169 11 12 0.33330244 
364 205 12 13 0.33330244 
369 69 9 10 0.33330244 
478 182 10 14 0.33330244 
1 488 14 22 0.33330244 
588 106 14 17 0.33330244 
635 98 11 14 0.31433135 
18 161 16 19 0.31433135 
589 291 14 17 0.31433135 
871 88 12 14 0.31433135 
38 204 14 16 0.31433135 
859 267 16 19 0.31433135 
694 124 13 16 0.31433132 
954 500 23 24 0.31433132 
804 28 12 15 0.31433132 
91 456 22 28 0.30585766 
194 187 16 19 0.29596066 
621 94 12 15 0.29596066 
204 163 13 16 0.29596066 
880 58 9 11 0.29596066 
302 111 15 17 0.29596066 
565 177 8 11 0.29596066 
396 114 11 13 0.29596066 
346 246 13 16 0.29596066 
541 142 12 14 0.29596066 
521 372 17 21 0.29596066 
552 13 9 12 0.27822798 
690 104 12 15 0.27822798 
327 157 8 10 0.27822798 
448 153 12 14 0.27822798 
646 15 10 14 0.27822798 
694 109 14 17 0.27822798 
255 246 11 14 0.27822798 
414 195 13 15 0.27822798 
212 280 14 18 0.27822798 
224 68 13 16 0.26116365 
297 160 12 16 0.26116365 
557 197 12 15 0.26116365 
641 166 12 14 0.26116365 
11 52 9 12 0.26116365 
866 143 13 16 0.26116365 
641 215 14 18 0.26116365 
422 151 12 14 0.26116365 
814 144 13 15 0.26116365 
964 218 23 28 0.2511021 
648 270 21 25 0.2511021 
643 142 13 17 0.24479094 
536 118 13 17 0.24479094 
69 87 9 11 0.24479094 
789 100 14 18 0.24479094 
321 130 13 15 0.24479094 
575 212 13 15 0.24479094 
102 110 8 11 0.24479094 
669 430 22 26 0.24479094 
563 127 12 15 0.24479094 
94 93 10 13 0.24479094 
208 61 8 10 0.22912635 
437 108 9 11 0.22912635 
362 370 14 17 0.22912635 
774 223 23 27 0.21842523 
1006 446 16 26 0.2141799 
65 194 13 16 0.2141799 
760 149 17 20 0.2141799 
836 46 13 17 0.2141799 
676 57 7 9 0.2141799 
454 306 17 21 0.2141799 
848 160 12 16 0.2141799 
313 95 13 16 0.2141799 
767 547 30 36 0.2032784 
431 351 23 27 0.2032784 
280 430 19 24 0.19995552 
661 207 18 21 0.19995552 
426 121 12 15 0.19995552 
211 241 12 14 0.19995552 
700 112 12 15 0.19995552 
512 131 9 12 0.19995552 
189 77 10 11 0.19995552 
681 177 13 16 0.19995552 
206 79 9 11 0.19995552 
170 100 9 11 0.1864517 
41 165 13 15 0.1864517 
78 52 10 11 0.1864517 
574 384 16 20 0.1864517 
326 77 12 14 0.1864517 
48 61 9 10 0.1864517 
852 170 12 15 0.18645167 
777 45 14 17 0.18645167 
877 148 15 17 0.18645167 
672 112 8 11 0.18645167 
16 101 8 10 0.18645167 
680 110 13 16 0.18645167 
350 399 25 31 0.1753677 
429 342 21 25 0.1753677 
316 66 13 16 0.17366187 
60 213 13 14 0.17366187 
405 126 8 9 0.17366187 
675 154 14 17 0.17366187 
241 52 10 12 0.17366187 
378 45 9 11 0.17366187 
365 133 12 14 0.17366187 
616 148 14 18 0.17366187 
357 166 14 18 0.17366187 
664 153 15 18 0.17366186 
48 103 12 15 0.17366186 
443 200 14 17 0.17366186 
220 346 14 18 0.17366186 
203 47 8 9 0.17366186 
697 117 14 18 0.17366186 
333 113 12 14 0.16157512 
537 181 13 16 0.16157512 
773 60 11 15 0.16157512 
153 71 8 9 0.16157512 
254 191 12 16 0.16157512 
570 54 9 11 0.16157512 
566 81 12 15 0.16157512 
424 296 12 16 0.16157512 
408 144 9 11 0.16157512 
572 503 23 26 0.15056497 
182 27 13 16 0.15017675 
285 93 13 16 0.15017675 
192 123 11 13 0.15017675 
145 291 14 17 0.15017675 
890 262 17 19 0.15017675 
770 90 14 19 0.15017675 
387 71 8 10 0.15017675 
113 107 8 11 0.15017675 
798 71 15 19 0.15017675 
663 96 11 14 0.15017675 
69 328 14 18 0.15017675 
201 191 17 20 0.15017675 
622 150 14 18 0.13944872 
476 198 15 18 0.13944872 
521 132 13 17 0.13944872 
613 226 13 15 0.13944872 
443 93 11 13 0.13944872 
295 39 9 12 0.13944872 
946 149 19 22 0.13944872 
635 66 11 15 0.13944872 
676 160 21 24 0.13928533 
838 200 15 19 0.1293704 
202 114 13 15 0.1293704 
606 190 13 15 0.1293704 
558 111 12 14 0.1293704 
594 53 7 9 0.1293704 
207 108 9 10 0.1293704 
560 283 14 18 0.1293704 
683 84 12 15 0.1293704 
874 287 20 22 0.1293704 
862 75 14 17 0.1293704 
532 67 11 14 0.12937039 
113 156 11 14 0.12937039 
609 9 11 15 0.12937039 
601 83 13 17 0.12937039 
235 85 13 16 0.12937039 
933 215 14 16 0.12937039 
942 236 21 25 0.12872264 
843 267 20 24 0.12872264 
281 467 20 24 0.12872264 
502 293 20 25 0.12872262 
269 112 10 11 0.11991897 
373 561 18 20 0.11991897 
195 377 12 17 0.11991897 
529 12 8 11 0.11991897 
901 78 10 11 0.11991897 
73 81 11 14 0.11991897 
552 126 12 16 0.11991897 
316 56 14 16 0.11991897 
21 121 13 15 0.11991897 
172 68 11 15 0.11991897 
144 103 10 13 0.11991897 
828 74 10 11 0.11991897 
258 89 13 16 0.11991897 
496 287 15 21 0.11991897 
235 291 18 21 0.11991897 
878 198 14 18 0.11991897 
439 207 14 17 0.111069925 
774 16 13 16 0.111069925 
658 192 14 17 0.111069925 
629 96 11 15 0.111069925 
712 176 16 20 0.111069925 
144 307 15 18 0.111069925 
516 130 12 16 0.111069925 
178 92 8 10 0.111069925 
399 284 17 23 0.111069925 
783 70 11 16 0.111069925 
418 87 8 10 0.111069925 
418 178 12 15 0.111069925 
646 63 9 11 0.111069925 
868 401 23 29 0.109639935 
744 459 24 29 0.109639935 
506 41 9 10 0.10279763 
836 48 8 10 0.10279763 
473 126 10 12 0.10279763 
490 142 14 17 0.10279763 
384 85 7 9 0.10279763 
586 139 11 14 0.10279763 
913 55 14 17 0.10279763 
683 92 10 12 0.10279763 
132 324 15 19 0.10279763 
746 89 12 16 0.10279763 
627 122 12 15 0.10279763 
416 92 8 10 0.102797605 
564 75 12 14 0.102797605 
355 163 12 15 0.102797605 
233 113 8 9 0.102797605 
393 152 13 15 0.102797605 
660 202 10 12 0.102797605 
638 205 15 19 0.102797605 
294 35 8 11 0.102797605 
487 461 23 27 0.10106142 
602 410 22 28 0.10106142 
388 277 22 26 0.10106142 
502 338 21 26 0.10106142 
595 330 20 25 0.10106142 
562 319 21 24 0.10106142 
172 189 13 18 0.09507551 
99 62 9 10 0.09507551 
582 97 12 14 0.09507551 
369 205 12 14 0.09507551 
961 69 13 15 0.09507551 
525 46 9 10 0.09507551 
869 146 16 19 0.09507551 
88 453 16 22 0.09507551 
597 244 16 18 0.09507551 
294 59 13 15 0.09507551 
343 33 12 14 0.09507551 
688 53 7 9 0.09507551 
804 212 17 20 0.09507551 
28 349 15 18 0.09507551 
458 75 9 10 0.09507551 
502 93 8 9 0.09507551 
287 130 9 11 0.08787667 
649 301 17 20 0.08787667 
38 70 13 18 0.08787667 
717 98 12 15 0.08787667 
489 34 9 11 0.08787667 
703 57 5 6 0.08787667 
279 79 16 19 0.08787667 
302 191 10 11 0.08787667 
871 311 17 21 0.08787667 
690 340 19 23 0.08787667 
148 548 20 26 0.08787667 
515 66 9 10 0.08787667 
548 200 14 17 0.08787667 
128 88 8 11 0.08787667 
133 252 13 16 0.08787667 
376 222 15 20 0.08787667 
646 106 12 15 0.08787667 
211 650 26 30 0.08567618 
912 42 25 33 0.08567618 
594 395 25 31 0.08567618 
328 339 21 25 0.08567616 
959 228 23 28 0.08567616 
892 159 13 16 0.08117401 
248 106 11 13 0.08117401 
403 85 9 12 0.08117401 
515 334 18 22 0.08117401 
196 147 12 14 0.08117401 
174 36 8 10 0.08117401 
821 54 12 16 0.08117401 
504 166 10 12 0.08117401 
600 133 12 14 0.08117401 
560 70 12 15 0.08117401 
470 150 14 17 0.08117401 
924 119 16 20 0.08117401 
175 30 12 16 0.08117401 
744 172 13 15 0.08117401 
122 201 13 19 0.08117401 
606 118 13 15 0.08117401 
523 125 16 19 0.08117401 
601 179 13 16 0.08117401 
154 269 12 17 0.08117401 
761 172 15 18 0.08117401 
612 281 17 19 0.08117401 
13 261 21 25 0.07880669 
123 409 20 24 0.07880669 
233 92 13 17 0.074940585 
659 27 11 14 0.074940585 
244 16 9 11 0.074940585 
606 196 14 18 0.074940585 
692 101 9 11 0.074940585 
535 34 7 10 0.074940585 
650 81 9 11 0.074940585 
286 214 9 12 0.074940585 
673 143 14 17 0.074940585 
312 229 14 17 0.074940585 
748 67 11 14 0.074940585 
623 25 9 11 0.074940585 
523 81 12 16 0.074940585 
773 28 12 15 0.074940585 
157 315 13 18 0.074940585 
632 15 8 9 0.07494057 
807 167 16 19 0.07494057 
351 245 14 19 0.07494057 
788 71 12 16 0.07494057 
975 94 15 18 0.07494057 
14 95 11 14 0.07494057 
81 131 13 17 0.07494057 
749 42 16 19 0.07494057 
404 271 24 26 0.072444364 
363 368 24 28 0.072444364 
945 646 23 28 0.07244435 
363 386 27 31 0.07244435 
356 182 12 17 0.069149815 
258 45 11 14 0.069149815 
623 136 12 15 0.069149815 
767 114 12 14 0.069149815 
743 162 15 17 0.069149815 
658 155 14 18 0.069149815 
555 290 17 21 0.069149815 
389 61 7 9 0.069149815 
719 228 16 20 0.0691498 
77 149 11 17 0.0691498 
720 73 13 18 0.0691498 
640 64 11 14 0.0691498 
903 193 14 17 0.0691498 
367 163 13 15 0.0691498 
482 71 6 9 0.0691498 
576 341 19 22 0.0691498 
43 62 10 12 0.0691498 
208 285 18 22 0.0691498 
122 99 9 10 0.0691498 
446 67 8 9 0.0691498 
481 471 19 26 0.0691498 
891 368 26 31 0.06655858 
996 264 21 30 0.06655858 
373 105 10 13 0.06377564 
140 74 8 10 0.06377564 
409 34 12 14 0.06377564 
577 353 18 22 0.06377564 
233 281 16 19 0.06377564 
336 91 8 9 0.06377564 
484 164 12 14 0.06377564 
258 194 13 16 0.06377564 
192 131 12 15 0.06377564 
414 94 12 14 0.06377564 
222 416 18 24 0.06377564 
776 66 12 18 0.06377564 
227 53 8 10 0.06377564 
413 20 7 9 0.06377564 
322 36 8 9 0.06377564 
355 103 9 10 0.06377564 
839 33 8 9 0.06377564 
333 27 13 16 0.06377564 
399 203 13 16 0.06377564 
628 206 14 19 0.06377564 
500 71 10 12 0.06377564 
745 269 22 29 0.06111947 
674 428 29 37 0.06111947 
484 388 21 24 0.06111947 
423 356 24 28 0.06111947 
46 241 20 24 0.06111947 
476 632 28 31 0.06111947 
899 36 46 60 0.06111947 
72 225 15 17 0.05879275 
8 291 13 16 0.05879275 
100 92 11 14 0.05879275 
101 146 8 11 0.05879275 
287 145 12 14 0.05879275 
881 268 17 21 0.05879275 
601 123 9 11 0.05879275 
360 208 13 17 0.05879275 
493 14 8 11 0.05879275 
528 120 17 19 0.05879275 
613 68 9 11 0.05879275 
194 118 9 11 0.05879275 
689 69 7 9 0.05879275 
922 128 16 20 0.05879275 
473 406 16 20 0.05879275 
80 153 13 18 0.05879275 
186 145 8 9 0.05879275 
692 203 16 20 0.05879275 
366 121 13 17 0.05879275 
279 45 8 10 0.05879275 
133 241 14 18 0.05879275 
95 240 15 19 0.05879275 
87 297 21 24 0.056098126 
501 469 22 29 0.056098126 
809 257 21 25 0.056098126 
247 240 13 17 0.054176662 
38 94 7 10 0.054176662 
11 396 12 16 0.054176662 
129 331 15 18 0.054176662 
506 336 11 12 0.054176662 
559 117 13 17 0.054176662 
381 34 8 10 0.054176662 
351 90 9 10 0.054176662 
425 53 8 9 0.054176662 
199 375 15 19 0.054176662 
276 88 15 19 0.054176662 
170 378 15 19 0.054176662 
868 448 19 22 0.054176662 
588 254 19 24 0.054176662 
407 468 20 25 0.054176662 
400 119 11 13 0.054176662 
140 589 23 27 0.054176662 
125 46 7 9 0.054176662 
588 25 6 8 0.054176662 
187 65 9 11 0.054176662 
251 191 9 11 0.054176662 
377 12 8 10 0.054176662 
471 74 7 9 0.054176662 
482 200 17 18 0.054176662 
233 87 9 11 0.054176662 
688 109 10 13 0.054176662 
564 140 12 16 0.054176662 
398 147 12 15 0.054176662 
610 113 13 16 0.054176662 
389 65 8 10 0.054176662 
725 192 12 16 0.054176662 
536 187 14 17 0.054176662 
673 82 8 12 0.054176662 
413 87 7 10 0.054176662 
271 155 12 14 0.054176662 
226 151 14 18 0.054176662 
806 202 17 19 0.054176662 
412 167 11 14 0.054176662 
415 171 13 16 0.054176662 
94 170 12 14 0.054176662 
352 165 9 12 0.054176662 
864 480 23 30 0.051466707 
910 247 22 26 0.051466707 
503 228 20 24 0.051466707 
45 466 19 24 0.051466707 
359 548 54 87 0.051466707 
982 266 24 29 0.051466707 
657 253 23 28 0.051466707 
45 71 12 16 0.04990379 
743 43 16 19 0.04990379 
142 78 8 10 0.04990379 
490 57 7 8 0.04990379 
186 231 15 18 0.04990379 
850 30 9 12 0.04990379 
137 362 8 12 0.04990379 
974 274 21 25 0.04990379 
597 218 13 18 0.04990379 
881 282 18 21 0.04990379 
169 142 9 11 0.04990379 
391 342 18 22 0.04990379 
95 63 13 15 0.04990379 
292 89 14 19 0.04990379 
701 54 5 7 0.04990379 
304 435 15 19 0.04990379 
687 100 12 14 0.04990379 
786 317 16 20 0.04990379 
271 54 11 14 0.04990379 
70 126 13 17 0.04990379 
700 70 9 12 0.04990379 
56 331 10 14 0.04990379 
54 87 9 12 0.04990379 
741 12 5 7 0.04990379 
98 370 15 18 0.049903784 
587 73 11 15 0.049903784 
125 82 9 10 0.049903784 
448 140 13 16 0.049903784 
371 8 11 14 0.049903784 
426 128 13 17 0.049903784 
718 138 14 18 0.049903784 
450 157 15 19 0.049903784 
202 166 18 22 0.049903784 
240 44 9 11 0.049903784 
357 216 13 17 0.049903784 
376 199 14 19 0.049903784 
790 429 25 30 0.047198545 
677 552 27 35 0.047198545 
901 235 16 19 0.04595155 
203 58 12 15 0.04595155 
625 28 11 13 0.04595155 
669 106 11 14 0.04595155 
96 36 6 9 0.04595155 
435 117 11 15 0.04595155 
74 151 8 12 0.04595155 
380 41 9 11 0.04595155 
102 32 8 10 0.04595155 
593 136 12 14 0.04595155 
164 279 16 18 0.045951538 
722 56 8 10 0.045951538 
134 213 16 19 0.045951538 
207 387 16 21 0.045951538 
508 108 15 20 0.045951538 
514 207 15 18 0.045951538 
629 8 9 12 0.045951538 
240 140 12 14 0.045951538 
738 176 15 17 0.045951538 
774 52 13 17 0.045951538 
151 157 13 17 0.045951538 
646 11 8 11 0.045951538 
624 129 12 15 0.045951538 
561 157 15 17 0.045951538 
444 87 9 10 0.045951538 
251 64 13 17 0.045951538 
600 379 23 26 0.045951538 
810 30 8 10 0.045951538 
238 56 12 16 0.045951538 
738 112 14 18 0.045951538 
575 196 14 16 0.045951538 
210 246 14 21 0.045951538 
988 424 24 32 0.04326818 
632 532 36 45 0.04326818 
913 394 23 28 0.04326818 
509 298 21 25 0.04326818 
143 83 8 9 0.04229837 
404 146 12 15 0.04229837 
439 55 8 10 0.04229837 
152 321 14 19 0.04229837 
23 203 9 11 0.04229837 
989 246 14 18 0.04229837 
639 98 13 16 0.04229837 
434 216 9 11 0.04229837 
157 28 12 16 0.04229837 
613 150 9 11 0.04229837 
68 150 11 15 0.04229837 
450 246 13 17 0.04229837 
155 618 13 16 0.04229837 
369 30 9 10 0.04229837 
842 315 19 24 0.04229837 
292 57 8 11 0.04229837 
772 219 18 19 0.04229837 
130 256 15 19 0.04229837 
24 226 9 12 0.04229837 
316 48 13 16 0.04229837 
547 0 9 10 0.04229837 
195 77 11 15 0.04229837 
306 92 14 19 0.04229837 
692 13 7 8 0.04229837 
491 39 7 9 0.04229837 
456 299 13 18 0.04229837 
476 50 9 11 0.04229837 
229 51 12 15 0.04229837 
764 132 13 16 0.04229837 
74 420 17 21 0.04229837 
929 72 13 16 0.04229837 
608 17 8 11 0.04229837 
872 268 17 19 0.04229837 
88 94 8 10 0.04229837 
522 318 16 21 0.04229837 
721 177 10 14 0.04229837 
489 180 9 12 0.04229837 
345 89 10 13 0.04229837 
430 73 7 10 0.04229837 
758 183 8 9 0.04229837 
780 240 20 22 0.04229836 
627 58 9 11 0.04229836 
482 109 10 12 0.04229836 
632 267 20 24 0.039651502 
851 312 25 31 0.039651494 
667 418 47 61 0.039651494 
693 553 24 31 0.039651494 
422 148 8 10 0.038923774 
292 197 17 21 0.038923774 
819 319 18 22 0.038923774 
189 83 13 17 0.038923774 
316 160 9 11 0.038923774 
346 41 12 15 0.038923774 
482 72 9 11 0.038923774 
900 329 13 18 0.038923774 
233 117 11 14 0.038923774 
553 120 13 16 0.038923774 
795 73 10 14 0.038923774 
455 4 8 10 0.038923774 
554 247 16 19 0.038923774 
24 89 12 16 0.038923774 
550 126 8 11 0.038923774 
285 147 7 10 0.038923774 
876 393 16 20 0.038923774 
856 234 17 22 0.038923774 
525 241 14 20 0.038923774 
232 99 9 11 0.038923774 
343 27 9 11 0.038923774 
594 11 8 11 0.038923774 
595 246 9 12 0.038923774 
757 178 14 16 0.038923774 
646 71 9 11 0.038923774 
61 199 13 18 0.038923774 
724 102 12 16 0.038923774 
691 261 17 19 0.038923774 
41 146 9 10 0.038923774 
399 467 17 22 0.038923774 
686 427 17 19 0.038923774 
620 140 13 18 0.038923774 
577 168 12 15 0.038923774 
757 151 10 12 0.038923774 
162 285 16 17 0.038923774 
245 64 13 17 0.038923774 
686 70 7 9 0.038923774 
89 165 14 18 0.038923774 
564 123 10 11 0.038923774 
476 66 6 8 0.038923774 
621 186 16 20 0.038923774 
168 72 13 16 0.038923774 
678 81 14 17 0.038923774 
847 280 16 23 0.038923774 
702 9 7 8 0.038923774 
608 212 16 21 0.038923774 
953 153 18 22 0.038923774 
744 118 11 13 0.038923774 
502 63 7 9 0.038923774 
540 76 12 15 0.038923774 
716 183 18 23 0.038923774 
890 108 12 14 0.038923774 
290 154 15 18 0.038923774 
474 374 21 24 0.036325652 
668 448 41 50 0.036325652 
430 473 26 30 0.036325652 
794 282 40 49 0.036325652 
313 338 21 25 0.036325652 
757 554 39 48 0.036325652 
960 266 23 26 0.036325645 
928 250 22 27 0.036325645 
770 300 21 27 0.036325645 
958 418 23 27 0.036325645 
863 258 22 24 0.036325645 
535 98 9 12 0.035808332 
660 101 11 15 0.035808332 
491 199 15 18 0.035808332 
612 33 11 15 0.035808332 
919 100 13 16 0.035808332 
912 87 7 9 0.035808332 
321 64 15 18 0.035808332 
956 126 13 18 0.035808332 
733 191 13 16 0.035808332 
308 106 15 19 0.035808332 
960 228 14 17 0.035808332 
233 275 14 17 0.035808332 
355 107 9 11 0.035808332 
538 73 11 13 0.035808332 
255 204 13 18 0.035808332 
305 264 13 17 0.035808332 
33 196 7 9 0.035808332 
464 131 9 13 0.035808332 
293 31 8 10 0.035808332 
411 70 8 9 0.035808332 
562 31 8 11 0.035808332 
591 405 17 20 0.035808332 
830 78 13 17 0.035808332 
937 248 18 22 0.035808332 
63 126 13 17 0.035808332 
836 37 13 17 0.035808332 
142 323 14 19 0.035808332 
415 83 9 12 0.035808332 
283 16 5 7 0.035808332 
840 141 14 17 0.035808332 
360 134 11 15 0.035808332 
691 46 6 7 0.035808332 
475 70 7 9 0.035808332 
481 137 15 18 0.035808332 
475 108 12 15 0.035808332 
876 147 10 12 0.035808332 
523 363 16 20 0.035808332 
373 162 9 11 0.035808332 
198 151 13 16 0.035808332 
361 48 8 11 0.035808332 
727 116 9 11 0.035808332 
600 207 14 19 0.035808332 
374 207 13 16 0.035808332 
279 188 13 17 0.035808332 
13 217 10 13 0.035808332 
237 235 13 17 0.035808332 
214 38 11 16 0.035808332 
833 51 12 18 0.035808332 
918 52 8 9 0.035808332 
196 175 19 23 0.035808332 
483 79 8 10 0.035808332 
861 35 8 10 0.035808332 
502 49 7 9 0.035808332 
82 411 16 20 0.035808332 
88 154 13 17 0.035808332 
505 47 8 11 0.035808332 
498 22 8 10 0.035808332 
667 145 14 18 0.035808332 
369 11 8 11 0.035808332 
401 142 11 14 0.035808332 
377 295 19 23 0.033269096 
491 424 22 26 0.033269096 
863 269 22 24 0.033269096 
473 623 23 26 0.033269096 
360 471 20 27 0.033269096 
223 262 21 23 0.033269096 
517 244 20 24 0.033269096 
109 106 9 11 0.03293372 
229 105 12 15 0.03293372 
981 229 10 12 0.03293372 
949 69 8 11 0.03293372 
642 96 9 11 0.03293372 
170 558 14 18 0.03293372 
448 120 14 17 0.03293372 
56 105 9 11 0.03293372 
996 106 13 16 0.03293372 
265 468 15 20 0.03293372 
666 180 14 16 0.03293372 
476 80 7 9 0.03293372 
916 106 13 17 0.03293372 
371 217 14 19 0.03293372 
195 96 9 11 0.03293372 
668 114 11 14 0.03293372 
78 43 8 10 0.03293372 
364 52 8 9 0.03293372 
645 135 14 17 0.032933712 
386 151 12 16 0.032933712 
476 131 13 16 0.032933712 
549 100 9 11 0.032933712 
825 194 13 15 0.032933712 
182 148 13 16 0.032933712 
45 181 8 10 0.032933712 
280 442 14 18 0.032933712 
173 97 10 14 0.032933712 
651 46 11 15 0.032933712 
480 68 6 8 0.032933712 
115 162 10 12 0.032933712 
511 67 6 9 0.032933712 
325 173 7 9 0.032933712 
774 98 13 18 0.032933712 
853 166 9 12 0.032933712 
991 109 10 11 0.032933712 
443 149 12 17 0.032933712 
388 54 7 10 0.032933712 
705 243 19 22 0.032933712 
495 481 21 28 0.032933712 
754 186 17 21 0.032933712 
212 230 16 20 0.032933712 
844 131 14 17 0.032933712 
427 49 8 9 0.032933712 
75 210 9 12 0.032933712 
556 107 10 12 0.032933712 
72 177 12 15 0.032933712 
385 91 8 10 0.032933712 
878 187 16 19 0.032933712 
803 80 9 12 0.032933712 
604 74 14 18 0.032933712 
19 124 10 11 0.032933712 
668 12 8 10 0.032933712 
990 120 15 20 0.032933712 
586 38 8 11 0.032933712 
315 238 10 12 0.032933712 
499 31 6 8 0.032933712 
398 140 9 11 0.032933712 
532 368 17 20 0.032933712 
553 191 13 16 0.032933712 
293 238 13 17 0.032933712 
953 216 23 28 0.030461604 
226 195 20 23 0.030461604 
990 277 26 35 0.030461604 
672 171 22 24 0.030461604 
899 51 28 35 0.030461604 
789 123 20 23 0.030461604 
64 426 24 29 0.030461604 
114 544 23 30 0.030461604 
730 228 20 22 0.030461604 
136 415 20 24 0.030461596 
870 296 25 31 0.030461596 
799 304 25 31 0.030461596 
519 290 21 23 0.030461596 
906 64 28 39 0.030461596 
571 373 21 26 0.030461596 
936 200 21 23 0.030461596 
92 483 23 26 0.030461596 
128 560 44 50 0.030461596 
994 236 21 30 0.030461596 
355 392 38 44 0.030461596 
86 408 23 26 0.030461596 
339 67 9 11 0.030282615 
461 372 16 22 0.030282615 
377 146 12 16 0.030282615 
424 170 8 10 0.030282615 
985 106 15 20 0.030282615 
699 48 6 8 0.030282615 
320 72 10 12 0.030282615 
650 346 16 20 0.030282615 
356 157 13 15 0.030282615 
562 133 12 17 0.030282615 
186 75 8 11 0.030282615 
72 137 14 17 0.030282615 
643 139 8 11 0.030282615 
896 83 12 17 0.030282615 
208 112 9 11 0.030282615 
1000 102 13 17 0.030282615 
510 67 11 15 0.030282615 
20 111 16 18 0.030282615 
344 157 14 17 0.030282615 
100 175 8 11 0.030282615 
496 17 8 10 0.030282615 
104 30 7 8 0.030282615 
83 52 11 14 0.030282615 
958 185 14 18 0.030282615 
223 171 12 16 0.030282615 
879 62 13 16 0.030282615 
920 57 14 18 0.030282615 
143 314 16 22 0.030282615 
638 17 8 11 0.030282615 
617 19 8 11 0.030282615 
698 181 15 19 0.030282615 
448 180 15 19 0.030282615 
601 90 15 19 0.030282615 
892 303 15 19 0.030282615 
909 80 12 16 0.030282615 
218 300 15 19 0.030282615 
155 84 8 9 0.030282615 
152 84 6 9 0.030282615 
957 70 9 11 0.030282615 
472 49 7 9 0.030282615 
93 194 11 13 0.030282615 
782 99 13 19 0.030282615 
392 197 14 18 0.030282615 
646 94 7 9 0.030282615 
671 184 14 17 0.030282615 
447 189 14 17 0.030282615 
687 95 9 10 0.030282615 
77 58 12 16 0.030282615 
188 645 19 22 0.030282615 
519 650 16 24 0.030282615 
627 85 13 16 0.030282615 
267 33 7 8 0.030282615 
485 219 11 12 0.030282615 
204 105 8 10 0.030282615 
379 283 17 21 0.030282615 
110 404 16 19 0.030282615 
428 27 7 8 0.030282615 
631 61 12 15 0.030282615 
903 204 9 11 0.030282615 
692 114 11 13 0.030282615 
792 131 9 12 0.030282615 
823 115 16 22 0.030282615 
760 120 13 16 0.030282615 
301 134 12 15 0.030282615 
383 74 6 9 0.030282615 
171 130 10 13 0.030282615 
60 218 13 19 0.030282615 
499 284 11 13 0.030282615 
457 31 8 10 0.030282615 
331 30 8 11 0.030282615 
541 11 6 8 0.030282615 
443 118 12 17 0.030282615 
585 104 10 11 0.030282615 
180 64 11 14 0.030282615 
662 34 8 10 0.030282615 
837 84 13 15 0.030282615 
21 95 11 15 0.030282615 
466 92 8 10 0.030282615 
376 214 14 18 0.030282615 
887 89 14 18 0.030282615 
322 55 13 14 0.030282615 
619 31 12 16 0.030282615 
410 252 14 17 0.030282615 
87 252 15 19 0.030282615 
440 98 10 12 0.030282615 
378 78 6 9 0.030282615 
413 258 14 19 0.030282615 
570 100 8 9 0.030282615 
291 249 16 22 0.030282615 
833 249 13 16 0.030282615 
774 250 15 20 0.030282615 
97 439 25 30 0.027884193 
294 432 20 22 0.027884193 
563 589 25 29 0.027884193 
11 168 21 28 0.027884193 
269 463 22 25 0.027884193 
220 561 21 25 0.027884193 
335 400 38 46 0.027884193 
550 321 23 26 0.027884193 
996 187 21 26 0.027884193 
953 426 23 27 0.027884185 
628 307 21 26 0.027884185 
416 74 8 9 0.027838783 
191 141 13 15 0.027838783 
181 34 8 11 0.027838783 
700 57 6 7 0.027838783 
951 66 12 16 0.027838783 
134 191 15 18 0.027838783 
41 64 9 11 0.027838783 
536 57 8 10 0.027838783 
508 245 16 19 0.027838783 
451 177 8 11 0.027838783 
610 375 12 13 0.027838783 
29 398 13 18 0.027838783 
529 376 10 12 0.027838783 
498 146 9 11 0.027838783 
253 44 8 9 0.027838783 
584 145 10 12 0.027838783 
394 147 10 12 0.027838783 
583 385 19 24 0.027838783 
109 151 11 14 0.027838783 
642 17 8 12 0.027838783 
618 117 13 17 0.027838783 
780 18 13 16 0.027838783 
572 124 12 15 0.027838783 
730 572 20 24 0.027838783 
51 64 9 11 0.027838783 
555 164 12 15 0.027838783 
43 290 16 19 0.027838783 
803 290 18 21 0.027838783 
180 291 19 23 0.027838783 
1001 95 12 15 0.027838783 
768 174 9 11 0.027838783 
663 270 17 22 0.027838783 
431 118 9 11 0.027838783 
94 98 12 16 0.027838783 
53 76 14 17 0.027838783 
52 77 9 11 0.027838783 
122 80 7 9 0.027838783 
593 80 12 16 0.027838783 
443 215 9 11 0.027838783 
247 54 11 15 0.027838783 
71 63 12 15 0.027838783 
581 197 9 11 0.027838783 
32 205 13 16 0.027838783 
618 207 14 19 0.027838783 
294 191 8 11 0.027838783 
621 58 9 11 0.027838783 
379 346 15 19 0.027838783 
356 45 11 15 0.027838783 
201 52 9 11 0.027838783 
73 302 18 21 0.027838783 
376 163 12 16 0.027838783 
890 160 9 11 0.027838783 
769 171 14 19 0.027838778 
134 154 9 11 0.027838778 
48 181 12 15 0.027838778 
795 126 9 11 0.027838778 
934 156 15 16 0.027838778 
311 127 9 11 0.027838778 
339 134 7 9 0.027838778 
664 189 14 17 0.027838778 
402 137 8 10 0.027838778 
82 116 8 10 0.027838778 
848 240 9 12 0.027838778 
642 74 9 12 0.027838778 
424 174 8 11 0.027838778 
819 146 14 18 0.027838778 
773 74 8 10 0.027838778 
754 121 9 11 0.027838778 
517 177 8 12 0.027838778 
402 17 6 7 0.027838778 
29 215 15 19 0.027838778 
16 87 14 18 0.027838778 
353 91 12 14 0.027838778 
440 223 10 13 0.027838778 
621 48 9 11 0.027838778 
551 30 8 11 0.027838778 
162 219 13 18 0.027838778 
754 278 16 20 0.027838778 
947 271 20 21 0.027838778 
100 408 11 14 0.027838778 
326 386 16 23 0.027838778 
824 232 15 19 0.027838778 
308 234 14 19 0.027838778 
75 396 14 18 0.027838778 
92 233 9 12 0.027838778 
130 266 14 18 0.027838778 
96 58 9 10 0.027838778 
275 48 12 15 0.027838778 
472 67 7 8 0.02558696 
484 68 7 9 0.02558696 
749 62 9 11 0.02558696 
669 201 11 12 0.02558696 
63 194 9 11 0.02558696 
88 67 8 10 0.02558696 
134 65 7 9 0.02558696 
237 63 9 11 0.02558696 
510 199 14 18 0.02558696 
610 160 12 16 0.02558696 
253 51 12 15 0.02558696 
738 188 13 17 0.02558696 
387 253 15 19 0.02558696 
249 53 7 10 0.02558696 
209 196 10 13 0.02558696 
385 77 8 11 0.02558696 
504 66 7 9 0.02558696 
34 209 14 18 0.02558696 
617 230 14 19 0.02558696 
510 109 9 10 0.02558696 
974 178 11 14 0.02558696 
113 184 13 17 0.02558696 
479 63 6 8 0.02558696 
471 63 8 9 0.02558696 
780 186 8 10 0.02558696 
733 184 14 18 0.02558696 
415 182 10 13 0.02558696 
299 224 13 17 0.02558696 
14 245 15 18 0.02558696 
382 190 9 12 0.02558696 
79 65 8 11 0.02558696 
350 243 10 13 0.02558696 
750 176 13 16 0.02558696 
366 178 10 13 0.02558696 
707 58 5 7 0.02558696 
860 270 9 12 0.02558696 
189 271 19 23 0.02558696 
43 175 12 16 0.02558696 
420 71 7 9 0.02558696 
692 253 18 20 0.02558696 
755 46 15 21 0.02558696 
151 266 10 13 0.02558696 
601 170 13 17 0.02558696 
238 99 9 11 0.02558696 
562 166 13 16 0.02558696 
561 173 9 11 0.02558696 
655 281 19 22 0.02558696 
522 79 9 11 0.02558696 
915 285 20 25 0.02558696 
292 163 13 17 0.02558696 
500 247 15 19 0.02558696 
157 167 11 12 0.02558696 
300 284 16 19 0.02558696 
724 165 14 18 0.02558696 
871 154 17 22 0.02558696 
410 53 8 9 0.02558696 
196 114 13 16 0.02558696 
979 322 16 21 0.02558696 
834 152 14 19 0.02558696 
751 152 15 19 0.02558696 
425 70 7 10 0.02558696 
396 162 13 17 0.02558696 
659 305 17 21 0.02558696 
150 294 15 19 0.02558696 
173 326 15 18 0.02558696 
528 161 8 11 0.02558696 
104 329 8 10 0.02558696 
53 160 9 10 0.02558696 
516 336 11 12 0.02558696 
475 325 16 19 0.02558696 
863 149 14 19 0.02558696 
627 146 10 12 0.02558696 
222 394 13 17 0.02558696 
319 41 12 15 0.02558696 
914 38 19 22 0.02558696 
559 342 13 18 0.02558696 
67 73 14 19 0.02558696 
30 94 8 11 0.02558696 
562 27 7 9 0.02558696 
556 28 7 9 0.02558696 
357 129 12 16 0.02558696 
949 601 18 22 0.02558696 
819 27 7 9 0.02558696 
35 46 8 11 0.02558696 
360 88 8 9 0.02558696 
86 152 9 11 0.02558696 
38 148 13 15 0.02558696 
65 140 13 18 0.02558696 
731 111 9 13 0.02558696 
56 41 13 17 0.02558696 
862 402 19 24 0.02558696 
425 137 13 18 0.02558696 
772 34 15 19 0.02558696 
679 144 10 12 0.02558696 
66 148 9 12 0.02558696 
335 394 17 21 0.02558696 
103 402 11 13 0.02558696 
140 432 15 19 0.02558696 
203 76 9 11 0.02558696 
374 146 8 11 0.02558696 
658 360 17 22 0.02558696 
225 50 8 10 0.02558696 
128 363 16 19 0.02558696 
367 369 10 12 0.02558696 
101 359 14 19 0.02558696 
581 149 13 15 0.02558696 
247 47 12 14 0.02558696 
628 36 9 12 0.02558696 
662 110 12 17 0.02558696 
101 83 8 10 0.02558696 
158 552 15 24 0.02558696 
824 30 12 14 0.02558696 
517 72 9 10 0.02558696 
691 86 9 11 0.02558696 
210 135 9 10 0.02558696 
927 137 10 13 0.02558696 
268 138 8 11 0.02558696 
144 232 14 18 0.02558696 
303 227 14 18 0.02558696 
399 135 7 9 0.02558696 
309 134 8 10 0.02558696 
190 439 16 21 0.02558696 
179 15 8 10 0.02558696 
961 119 14 19 0.02558696 
516 7 6 8 0.02558696 
449 6 7 9 0.02558696 
446 7 6 8 0.02558696 
435 7 7 9 0.02558696 
604 13 8 10 0.02558696 
509 84 8 11 0.02558696 
818 28 11 14 0.02558696 
765 122 15 18 0.02558696 
172 82 8 9 0.02558696 
721 120 14 16 0.02558696 
54 115 8 11 0.02558696 
72 479 17 23 0.02558696 
407 139 8 10 0.02558696 
107 92 8 10 0.02558696 
1005 113 8 10 0.02558696 
135 469 15 20 0.02558696 
441 20 7 9 0.02558696 
687 119 12 17 0.02558696 
532 13 11 15 0.02558696 
751 13 6 8 0.02558696 
822 238 21 25 0.025519116 
149 20 23 28 0.025519116 
572 239 43 52 0.025519116 
2 532 27 32 0.025519116 
583 613 41 52 0.025519116 
904 632 26 32 0.025519116 
564 392 24 28 0.025519116 
534 543 23 24 0.025519116 
853 482 23 30 0.025519116 
27 414 94 119 0.024156325 
881 17 87 110 0.024156325 
275 47 8 9 0.02351288 
524 351 17 21 0.02351288 
264 47 8 9 0.02351288 
192 372 10 13 0.02351288 
521 339 17 24 0.02351288 
502 44 8 10 0.02351288 
374 44 8 10 0.02351288 
680 79 8 10 0.02351288 
776 92 9 12 0.02351288 
888 125 13 17 0.02351288 
316 133 13 17 0.02351288 
583 133 12 15 0.02351288 
121 92 12 14 0.02351288 
394 74 8 10 0.02351288 
137 131 12 16 0.02351288 
251 391 10 13 0.02351288 
794 320 17 22 0.02351288 
7 322 14 18 0.02351288 
815 46 14 18 0.02351288 
687 51 6 8 0.02351288 
894 337 16 19 0.02351288 
397 345 11 13 0.02351288 
327 32 7 10 0.02351288 
158 307 10 11 0.02351288 
90 53 8 10 0.02351288 
498 49 6 8 0.02351288 
841 307 17 20 0.02351288 
644 336 19 24 0.02351288 
155 303 10 11 0.02351288 
230 297 15 18 0.02351288 
675 339 20 22 0.02351288 
577 384 10 12 0.02351288 
422 297 9 12 0.02351288 
88 289 17 20 0.02351288 
902 293 16 22 0.02351288 
305 280 14 18 0.02351288 
607 283 9 12 0.02351288 
904 81 12 16 0.02351288 
599 90 9 12 0.02351288 
371 119 12 16 0.02351288 
465 94 12 15 0.02351288 
373 101 8 10 0.02351288 
477 123 9 11 0.02351288 
103 86 8 10 0.02351288 
997 154 11 13 0.02351288 
680 96 11 15 0.02351288 
88 127 9 11 0.02351288 
875 91 13 17 0.02351288 
722 97 8 10 0.02351288 
580 95 8 10 0.02351288 
511 126 8 11 0.02351288 
470 96 8 10 0.02351288 
897 156 9 12 0.02351288 
95 158 9 12 0.02351288 
399 83 7 9 0.02351288 
518 83 9 12 0.02351288 
212 80 11 14 0.02351288 
530 82 8 10 0.02351288 
352 152 7 10 0.02351288 
377 156 9 11 0.02351288 
151 153 9 12 0.02351288 
566 148 14 18 0.02351288 
496 148 9 12 0.02351288 
483 146 14 17 0.02351288 
775 155 9 11 0.02351288 
321 158 11 13 0.02351288 
483 153 14 17 0.02351288 
916 79 7 9 0.02351288 
817 86 11 15 0.02351288 
788 100 9 12 0.02351288 
505 87 8 10 0.02351288 
68 70 10 13 0.02351288 
319 97 9 11 0.02351288 
223 75 10 13 0.02351288 
443 109 8 10 0.02351288 
778 107 9 12 0.02351288 
439 110 13 17 0.02351288 
564 108 13 16 0.02351288 
708 114 8 9 0.02351288 
578 101 11 16 0.02351288 
340 78 7 10 0.02351288 
485 103 9 12 0.02351288 
249 115 10 13 0.02351288 
397 79 8 9 0.02351288 
191 253 15 19 0.02351288 
57 175 13 16 0.02351288 
808 251 10 12 0.02351288 
894 235 16 21 0.02351288 
444 240 14 18 0.02351288 
89 173 13 16 0.02351288 
213 164 9 11 0.02351288 
327 158 12 16 0.02351288 
361 163 11 13 0.02351288 
391 160 13 17 0.02351288 
148 170 14 18 0.02351288 
881 157 14 20 0.02351288 
795 66 10 12 0.02351288 
83 66 11 15 0.02351288 
740 177 9 11 0.02351288 
169 181 9 12 0.02351288 
526 236 10 12 0.02351288 
872 54 13 16 0.02351288 
15 238 14 17 0.02351288 
815 224 9 12 0.02351288 
927 211 14 17 0.02351288 
183 215 14 17 0.02351288 
364 212 14 18 0.02351288 
81 219 14 18 0.02351288 
141 601 16 21 0.02351288 
173 63 8 10 0.02351288 
854 222 13 19 0.02351288 
822 219 16 20 0.02351288 
88 221 10 11 0.02351288 
758 56 13 17 0.02351288 
41 59 7 10 0.02351288 
698 63 6 8 0.02351288 
447 260 14 19 0.02351288 
871 217 16 20 0.02351288 
407 61 8 10 0.02351288 
606 222 15 19 0.02351288 
8 416 19 24 0.02351288 
219 421 13 18 0.02351288 
683 166 11 13 0.02351288 
736 433 20 24 0.02351288 
195 282 16 19 0.02351288 
515 34 7 9 0.02351288 
372 31 12 14 0.02351288 
785 20 14 17 0.02351288 
79 24 12 16 0.02351288 
380 561 10 11 0.02351288 
515 10 7 10 0.02351288 
94 35 11 14 0.02351288 
334 9 8 10 0.02351288 
650 20 10 12 0.02351288 
44 12 7 9 0.02351288 
471 21 8 10 0.02351288 
451 23 7 8 0.02351288 
490 14 8 11 0.02351288 
26 207 9 11 0.02351288 
46 207 9 11 0.02351288 
698 67 7 10 0.02351288 
932 207 16 19 0.02351288 
148 211 10 11 0.02351288 
595 181 13 18 0.02351288 
19 207 9 11 0.02351288 
69 200 13 17 0.02351288 
679 55 7 8 0.02351288 
947 157 10 12 0.02351288 
114 459 17 23 0.02351288 
568 197 13 16 0.02351288 
789 189 9 12 0.02351288 
401 200 9 11 0.02351288 
578 66 8 10 0.02351288 
392 193 10 12 0.02351288 
9 191 9 13 0.02351288 
528 67 6 8 0.02351288 
855 184 17 21 0.02351288 
393 65 7 9 0.02351288 
302 195 10 13 0.02351288 
815 184 21 25 0.023349825 
956 201 40 51 0.023349825 
461 636 29 33 0.023349825 
686 269 20 24 0.023349825 
598 180 19 24 0.023349825 
860 128 46 51 0.023349825 
604 228 22 24 0.023349825 
598 152 20 25 0.023349825 
976 295 24 28 0.023349825 
665 464 25 31 0.023349825 
180 409 20 24 0.023349825 
871 435 23 29 0.023349825 
667 344 25 29 0.023349825 
784 270 100 115 0.022069868 
571 85 9 11 0.0216032 
648 218 9 12 0.0216032 
507 38 7 8 0.0216032 
95 248 10 12 0.0216032 
576 393 10 13 0.0216032 
887 151 9 11 0.021603195 
194 186 10 11 0.021603195 
110 181 9 11 0.021603195 
874 69 14 18 0.021603195 
100 182 9 11 0.021603195 
411 196 9 11 0.021603195 
477 195 11 13 0.021603195 
585 196 8 10 0.021603195 
606 187 10 12 0.021603195 
339 156 8 11 0.021603195 
30 122 9 11 0.021603195 
656 275 12 14 0.021603195 
825 52 12 17 0.021603195 
442 267 13 17 0.021603195 
530 52 8 11 0.021603195 
846 166 12 18 0.021603195 
284 67 15 18 0.021603195 
718 168 15 19 0.021603195 
203 161 9 11 0.021603195 
292 161 9 10 0.021603195 
502 169 13 17 0.021603195 
773 174 9 11 0.021603195 
316 126 13 16 0.021603195 
949 169 14 16 0.021603195 
63 175 13 16 0.021603195 
438 170 13 16 0.021603195 
838 212 14 20 0.021603195 
507 219 9 11 0.021603195 
731 61 7 9 0.021603195 
537 213 14 19 0.021603195 
918 135 14 18 0.021603195 
821 219 8 11 0.021603195 
849 218 12 15 0.021603195 
855 220 9 11 0.021603195 
60 173 9 11 0.021603195 
331 64 13 16 0.021603195 
661 189 9 12 0.021603195 
568 71 8 10 0.021603195 
571 175 11 15 0.021603195 
850 180 15 19 0.021603195 
343 152 12 15 0.021603195 
651 187 10 12 0.021603195 
870 157 11 13 0.021603195 
616 161 9 12 0.021603195 
573 163 12 15 0.021603195 
443 69 8 10 0.021603195 
528 133 9 12 0.021603195 
432 132 12 17 0.021603195 
482 227 15 19 0.021603195 
580 131 10 12 0.021603195 
606 134 9 11 0.021603195 
428 52 11 14 0.021603195 
649 57 9 11 0.021603195 
555 238 17 21 0.021603195 
517 245 9 14 0.021603195 
257 258 15 19 0.021603195 
220 261 9 12 0.021603195 
402 261 18 21 0.021603195 
674 74 11 16 0.021603195 
886 257 14 21 0.021603195 
446 254 12 17 0.021603195 
226 143 12 15 0.021603195 
711 235 18 22 0.021603195 
504 122 13 18 0.021603195 
845 237 15 19 0.021603195 
461 329 17 22 0.021603195 
336 336 10 13 0.021603195 
327 337 10 13 0.021603195 
468 332 9 12 0.021603195 
168 111 13 16 0.021603195 
257 340 17 20 0.021603195 
87 122 8 10 0.021603195 
232 283 10 12 0.021603195 
352 124 8 9 0.021603195 
449 113 13 17 0.021603195 
472 112 8 11 0.021603195 
259 320 13 20 0.021603195 
556 57 7 10 0.021603195 
722 49 8 10 0.021603195 
372 112 11 14 0.021603195 
207 313 16 20 0.021603195 
19 118 8 10 0.021603195 
345 311 15 19 0.021603195 
631 309 11 13 0.021603195 
142 112 12 16 0.021603195 
190 117 8 11 0.021603195 
95 52 8 9 0.021603195 
151 535 19 24 0.021603195 
314 143 8 10 0.021603195 
612 27 8 10 0.021603195 
28 83 12 16 0.021603195 
129 93 8 11 0.021603195 
71 107 8 11 0.021603195 
633 370 16 22 0.021603195 
790 23 14 17 0.021603195 
97 381 15 19 0.021603195 
250 34 7 9 0.021603195 
614 13 9 11 0.021603195 
352 521 15 22 0.021603195 
579 91 8 10 0.021603195 
485 35 7 9 0.021603195 
228 90 7 10 0.021603195 
87 456 9 13 0.021603195 
780 459 16 22 0.021603195 
795 30 14 18 0.021603195 
139 88 7 10 0.021603195 
372 551 17 20 0.021603195 
169 92 7 9 0.021603195 
202 40 8 9 0.021603195 
254 47 9 11 0.021603195 
849 21 9 11 0.021603195 
356 16 12 16 0.021603195 
286 32 5 6 0.021603195 
649 100 8 11 0.021603195 
222 -1 18 16 0.021603195 
764 17 8 10 0.021603195 
555 29 10 15 0.021603195 
615 27 11 15 0.021603195 
384 32 7 9 0.021603195 
558 103 9 11 0.021603195 
864 394 10 13 0.021603195 
665 103 9 12 0.021603195 
352 106 8 10 0.021603195 
683 102 9 12 0.021603195 
590 80 9 12 0.021603195 
434 106 7 10 0.021603195 
489 9 7 10 0.021603195 
569 104 11 16 0.021603195 
151 85 11 14 0.021603195 
754 44 9 11 0.021603195 
96 105 11 15 0.021603195 
267 110 9 11 0.021603195 
485 1 8 9 0.021603195 
662 23 8 9 0.021603195 
442 7 6 8 0.021603195 
869 396 12 13 0.021603195 
713 144 13 17 0.021603195 
872 193 14 18 0.021603195 
26 199 9 11 0.021603195 
39 200 10 11 0.021603195 
782 192 17 21 0.021603195 
647 142 15 18 0.021603195 
541 195 15 19 0.021603195 
735 194 16 20 0.021603195 
78 207 13 17 0.021603195 
232 145 13 17 0.021603195 
235 202 14 19 0.021603195 
258 61 13 17 0.021603195 
230 57 12 17 0.021603195 
598 61 8 11 0.021603195 
356 139 12 16 0.021603195 
887 206 16 18 0.021603195 
187 227 10 12 0.021603195 
56 70 14 17 0.021603195 
831 196 14 17 0.021603195 
808 194 16 19 0.021603195 
543 217 15 20 0.021603195 
467 135 9 12 0.021603195 
254 219 13 17 0.021603195 
572 59 8 10 0.021603195 
135 74 7 9 0.021603195 
892 88 8 11 0.021603195 
642 41 8 11 0.021603195 
180 94 12 16 0.021603195 
521 89 9 11 0.021603195 
868 87 9 12 0.021603195 
604 20 7 10 0.021603195 
556 556 17 24 0.021603195 
216 17 6 8 0.021603195 
532 39 8 9 0.021603195 
855 30 13 15 0.021603195 
132 90 8 11 0.021603195 
511 14 6 9 0.021603195 
322 37 12 15 0.021603195 
461 439 19 23 0.021603195 
339 434 23 28 0.021360904 
776 309 21 27 0.021360904 
742 281 21 25 0.021360898 
650 144 20 24 0.021360898 
879 348 38 45 0.021360898 
716 125 21 25 0.021360898 
401 438 23 27 0.021360898 
724 423 25 31 0.021360898 
782 268 21 24 0.021360898 
928 264 21 26 0.021360898 
270 75 20 25 0.021360898 
4 657 25 29 0.021360898 
522 638 21 28 0.021360898 
369 558 28 33 0.021360898 
