2_Demonstration_Protesters_2_174
59
663 60 114 149 0.9994417 
443 274 31 41 0.99204755 
43 366 35 40 0.98957527 
504 180 51 63 0.9211933 
18 398 273 321 0.8280645 
990 198 26 30 0.6941424 
680 206 200 265 0.52310073 
587 254 46 74 0.5227497 
84 11 188 273 0.3864298 
17 444 18 23 0.31433132 
255 244 41 44 0.30585766 
289 236 27 43 0.30585763 
13 277 215 285 0.30317584 
154 84 132 170 0.2150812 
274 244 35 42 0.1753677 
884 1 8 9 0.11991897 
-45 446 215 253 0.1065206 
145 105 61 96 0.08567618 
115 315 232 281 0.08285364 
25 442 19 21 0.08117401 
561 263 55 69 0.06111947 
-9 51 200 261 0.05874174 
31 437 17 21 0.04990379 
975 187 46 49 0.039651502 
541 520 29 40 0.039651494 
497 240 186 228 0.03781825 
150 433 197 294 0.03781825 
502 184 32 41 0.036325652 
488 179 100 116 0.034593593 
3 447 30 34 0.033269096 
549 620 8 10 0.032933712 
239 336 71 79 0.030461604 
146 286 75 88 0.030461596 
1017 168 6 9 0.030282615 
394 280 9 12 0.030282615 
466 133 188 265 0.028921604 
803 208 30 36 0.027884193 
789 49 31 37 0.027884193 
296 221 26 42 0.027884185 
585 217 34 39 0.027884185 
441 275 21 27 0.027838783 
333 257 6 8 0.027838783 
459 443 11 16 0.027838778 
596 446 191 246 0.026434705 
808 473 70 92 0.025519116 
3 463 23 30 0.025519116 
450 480 19 29 0.025519116 
497 216 106 165 0.024156325 
586 235 90 112 0.024156325 
947 311 17 25 0.02351288 
21 450 11 14 0.02351288 
16 450 8 10 0.02351288 
12 447 15 17 0.02351288 
976 214 29 37 0.023349825 
149 128 34 55 0.023349825 
968 227 30 37 0.023349825 
585 233 34 48 0.021360898 
511 248 56 97 0.021360898 
866 212 100 109 0.0201599 
