2_Demonstration_Demonstration_Or_Protest_2_364
57
473 288 126 177 0.99970764 
673 341 114 194 0.99911374 
215 331 111 183 0.9985935 
232 22 178 289 0.6352516 
404 299 11 15 0.45677772 
356 300 16 24 0.3933377 
357 -19 206 302 0.24794048 
597 296 151 289 0.08285364 
389 21 132 180 0.076092646 
491 283 218 340 0.076092646 
403 305 9 12 0.074940585 
479 -55 232 388 0.06984133 
12 210 228 340 0.06984132 
382 510 13 20 0.05879275 
78 172 111 191 0.05874174 
750 239 235 325 0.053832818 
434 444 206 298 0.053832818 
377 301 23 32 0.051466707 
353 361 14 20 0.04990379 
425 21 75 117 0.047198545 
-35 307 218 316 0.045153897 
-2 427 232 330 0.045153897 
383 295 24 30 0.04326818 
258 527 8 12 0.04229837 
433 474 13 17 0.04229837 
-7 86 112 238 0.04133061 
358 347 8 12 0.038923774 
550 548 15 29 0.038923774 
589 327 95 206 0.03781825 
132 199 59 97 0.036325652 
439 480 9 12 0.035808332 
366 302 22 32 0.033269096 
997 617 22 31 0.033269096 
386 313 23 35 0.033269096 
382 585 8 12 0.032933712 
412 399 8 12 0.030282615 
370 549 14 19 0.027838783 
780 405 281 400 0.026434705 
601 399 222 330 0.026434705 
658 477 285 383 0.026434705 
385 299 8 10 0.02558696 
380 298 13 18 0.02558696 
378 512 8 13 0.02558696 
403 311 8 12 0.02558696 
351 329 26 37 0.025519116 
126 156 68 100 0.025519116 
341 334 13 22 0.02351288 
388 296 16 16 0.02351288 
357 341 14 20 0.02351288 
353 350 14 21 0.02351288 
397 295 21 26 0.023349825 
352 304 25 37 0.023349825 
367 659 128 119 0.022069868 
771 1 265 311 0.022069868 
375 301 15 22 0.021603195 
543 121 206 257 0.020159906 
172 283 186 277 0.020159906 
