2_Demonstration_Protesters_2_881
77
335 286 29 47 0.99706453 
44 298 25 28 0.99204755 
720 102 249 268 0.8280645 
310 170 172 245 0.71599656 
691 181 37 50 0.5227497 
723 242 191 264 0.4768992 
347 281 218 260 0.47689918 
784 265 232 334 0.4310897 
473 329 209 280 0.4310897 
729 379 225 284 0.26558137 
560 169 188 242 0.21508123 
640 209 114 167 0.19988178 
735 108 121 153 0.18550259 
535 261 225 288 0.18550259 
975 124 51 72 0.16258557 
774 -4 232 264 0.15916684 
820 146 146 172 0.14717786 
358 366 22 24 0.13944872 
745 156 69 92 0.13928533 
480 196 212 264 0.12544508 
420 6 206 256 0.115646794 
536 399 209 264 0.115646794 
382 369 215 268 0.1065206 
533 -13 212 249 0.09803478 
728 218 126 188 0.08285364 
951 241 76 115 0.07880669 
555 168 112 172 0.076092646 
453 107 194 249 0.076092646 
701 165 49 69 0.07244435 
858 192 73 86 0.07244435 
657 131 186 264 0.06984133 
1002 -1 22 25 0.0691498 
853 28 130 153 0.064067975 
670 176 55 79 0.06111947 
821 468 68 86 0.06111947 
638 428 136 180 0.058741733 
782 440 114 174 0.053832814 
534 210 51 65 0.051466707 
350 255 75 99 0.051466707 
367 238 140 221 0.04931264 
694 133 50 64 0.047198545 
602 19 177 146 0.045153897 
811 234 69 72 0.04326818 
459 350 138 185 0.04133061 
394 176 203 288 0.04133061 
183 227 65 74 0.039651502 
437 236 61 92 0.039651502 
338 273 46 65 0.039651502 
608 322 228 280 0.034593593 
546 369 78 106 0.033269096 
968 88 61 72 0.033269096 
34 40 111 130 0.03163486 
687 151 37 53 0.030461596 
835 213 17 22 0.030282615 
800 157 68 71 0.027884193 
81 134 34 38 0.027884193 
16 214 228 224 0.02643471 
882 215 130 193 0.026434705 
340 284 18 30 0.02558696 
560 257 60 74 0.025519116 
499 420 71 87 0.025519116 
939 156 70 86 0.025519116 
19 317 13 19 0.02351288 
492 502 56 78 0.023349825 
725 130 65 97 0.023349825 
598 196 73 102 0.023349825 
693 228 69 127 0.023349825 
967 406 58 97 0.023349825 
676 185 34 50 0.023349825 
526 436 27 36 0.021360898 
513 183 63 76 0.021360898 
495 148 60 75 0.021360898 
971 118 37 43 0.021360898 
547 230 63 78 0.021360898 
755 160 138 180 0.0201599 
407 195 112 191 0.0201599 
0 407 107 134 0.0201599 
