2_Demonstration_Demonstration_Or_Protest_2_604
217
402 131 58 78 0.99931467 
658 119 57 106 0.9957801 
97 163 43 62 0.9944617 
539 138 18 23 0.98015445 
811 398 140 183 0.95484614 
282 26 86 144 0.9301587 
71 134 16 20 0.8972024 
169 167 34 39 0.89036 
12 176 24 34 0.8607147 
477 278 74 106 0.83741444 
40 129 14 18 0.755209 
797 109 132 222 0.71599656 
73 127 31 36 0.71312684 
3 225 31 47 0.6941424 
467 151 16 22 0.56463194 
756 2 80 101 0.47725022 
732 382 178 246 0.4768992 
410 347 62 85 0.45459446 
596 127 83 125 0.3864298 
520 96 9 12 0.35282937 
435 309 69 85 0.32552502 
732 161 191 285 0.30317584 
123 407 112 138 0.2840034 
695 516 48 57 0.23436876 
709 318 33 42 0.21842524 
4 359 63 104 0.2032784 
662 24 34 43 0.188928 
579 152 67 117 0.188928 
711 464 112 197 0.18550259 
795 0 121 132 0.18550259 
68 116 52 60 0.1753677 
15 136 8 10 0.17366187 
163 171 19 25 0.17366187 
85 119 12 15 0.17366186 
99 448 206 257 0.17193554 
31 207 21 30 0.16258556 
442 499 117 186 0.14717786 
348 26 63 96 0.13928533 
802 140 64 115 0.13928533 
513 97 95 153 0.13594593 
250 200 218 281 0.1254451 
517 146 12 15 0.11991897 
314 194 30 36 0.118850335 
151 167 25 32 0.118850335 
259 288 50 68 0.118850335 
461 155 23 32 0.118850335 
7 163 25 34 0.118850335 
715 98 15 19 0.10279763 
693 492 33 37 0.10106142 
16 217 29 40 0.10106142 
105 249 222 277 0.09803478 
568 119 54 86 0.09308395 
149 186 63 92 0.08567618 
162 169 51 70 0.08567618 
438 184 203 273 0.08285364 
206 28 95 175 0.08285364 
204 53 62 104 0.07880669 
78 140 52 59 0.07244435 
102 128 14 19 0.069149815 
406 380 37 43 0.06655857 
465 32 178 250 0.064067975 
661 39 14 18 0.06377564 
474 187 16 21 0.06377564 
54 454 59 89 0.06111947 
843 418 88 110 0.06111947 
385 416 70 89 0.06111947 
689 507 40 44 0.06111947 
-9 240 246 311 0.05874174 
80 142 33 36 0.056098126 
658 8 53 70 0.056098126 
737 524 71 117 0.056098126 
9 219 43 67 0.056098126 
480 252 126 170 0.053832818 
535 62 116 160 0.053832814 
464 175 25 34 0.051466707 
132 178 26 43 0.051466707 
72 176 25 31 0.051466707 
686 524 34 43 0.051466707 
11 136 9 10 0.049903784 
730 87 13 16 0.049903784 
27 174 14 22 0.049903784 
683 109 22 33 0.047198545 
717 517 59 78 0.047198545 
565 96 9 11 0.045951538 
149 156 209 285 0.045153897 
714 18 101 116 0.045153897 
436 433 206 269 0.045153886 
93 571 28 37 0.04326818 
720 527 37 44 0.04326818 
44 175 27 31 0.04326818 
406 461 54 91 0.04326818 
450 160 40 54 0.04326818 
836 9 140 144 0.04133062 
767 288 209 273 0.04133061 
396 440 35 44 0.039651502 
189 136 24 33 0.039651494 
89 127 33 39 0.039651494 
390 378 68 64 0.039651494 
338 155 32 42 0.039651494 
623 58 25 29 0.039651494 
701 299 55 57 0.039651494 
575 128 34 53 0.039651494 
739 110 18 21 0.038923774 
826 123 188 253 0.03781825 
448 137 43 54 0.036325652 
316 66 54 92 0.036325652 
620 27 51 61 0.036325652 
799 158 30 52 0.036325652 
301 191 25 34 0.036325652 
2 151 25 36 0.036325645 
161 39 97 149 0.034593605 
773 101 31 34 0.033269096 
464 494 33 39 0.033269096 
702 111 24 30 0.033269096 
-4 139 43 53 0.033269096 
180 152 25 33 0.033269096 
108 545 25 32 0.033269096 
260 585 57 63 0.033269096 
25 546 65 86 0.033269096 
171 165 20 24 0.03293372 
741 3 197 277 0.03163486 
665 545 107 126 0.03163486 
410 350 104 149 0.03163486 
433 438 106 126 0.03163486 
-1 409 180 261 0.03163486 
783 136 61 83 0.030461604 
19 199 42 57 0.030461604 
23 397 62 82 0.030461604 
72 162 47 56 0.030461596 
686 480 56 64 0.030461596 
728 7 74 76 0.030461596 
715 262 60 66 0.030461596 
81 558 46 60 0.030461596 
95 52 51 66 0.030461596 
542 119 48 63 0.030461596 
720 88 17 20 0.030282615 
32 131 12 17 0.030282615 
86 142 19 22 0.030282615 
770 74 114 188 0.028921604 
910 152 111 165 0.028921604 
131 502 124 167 0.028921604 
148 156 23 29 0.027884193 
53 165 21 27 0.027884193 
453 480 60 64 0.027884193 
460 312 69 102 0.027884193 
487 249 65 83 0.027884193 
485 436 65 82 0.027884193 
686 127 55 76 0.027884185 
945 166 73 94 0.027884185 
622 167 79 117 0.027884185 
694 17 59 73 0.027884185 
514 98 9 12 0.027838783 
476 185 8 11 0.027838783 
689 98 16 23 0.027838783 
484 102 9 11 0.027838778 
304 178 16 23 0.027838778 
713 255 104 163 0.026434705 
704 -36 163 212 0.026434705 
-16 176 89 119 0.026434705 
27 458 94 178 0.026434705 
7 134 7 9 0.02558696 
151 333 13 18 0.02558696 
36 129 9 12 0.02558696 
71 137 10 13 0.02558696 
525 98 8 11 0.02558696 
469 499 19 24 0.02558696 
57 59 28 33 0.025519116 
723 94 23 28 0.025519116 
163 77 56 82 0.025519116 
761 82 56 62 0.025519116 
115 71 29 37 0.025519116 
426 151 47 61 0.025519116 
346 421 60 89 0.025519116 
357 0 44 30 0.025519116 
667 239 197 277 0.024156325 
422 225 106 147 0.024156325 
304 97 203 250 0.024156325 
28 174 8 13 0.02351288 
506 120 14 17 0.02351288 
107 136 9 11 0.02351288 
457 127 13 16 0.02351288 
711 103 17 23 0.02351288 
273 584 34 41 0.023349825 
309 174 49 58 0.023349825 
62 171 23 28 0.023349825 
77 161 30 34 0.023349825 
584 49 24 27 0.023349825 
81 116 29 36 0.023349825 
106 84 23 28 0.023349825 
580 16 46 57 0.023349825 
565 132 28 41 0.023349825 
548 121 22 28 0.023349825 
865 112 25 34 0.023349825 
728 567 103 112 0.022069868 
482 177 111 142 0.022069868 
36 173 200 246 0.022069868 
244 54 106 147 0.022069868 
495 10 10 11 0.0216032 
11 140 13 18 0.021603195 
558 142 15 21 0.021603195 
165 668 6 6 0.021603195 
561 55 17 23 0.021603195 
697 120 20 24 0.021603195 
517 100 12 17 0.021603195 
162 142 46 52 0.021360904 
551 111 24 28 0.021360904 
835 393 70 99 0.021360898 
719 280 40 34 0.021360898 
471 191 24 28 0.021360898 
153 565 26 30 0.021360898 
78 471 33 49 0.021360898 
687 32 28 37 0.021360898 
56 489 32 48 0.021360898 
137 166 26 38 0.021360898 
50 31 51 64 0.021360898 
16 402 109 153 0.0201599 
637 95 186 253 0.0201599 
