2_Demonstration_Demonstrators_2_666
94
677 153 212 227 0.85282207 
523 96 170 237 0.80011827 
910 126 46 51 0.5900683 
6 61 90 141 0.4085711 
231 194 61 67 0.32552502 
898 129 34 40 0.30585766 
427 398 212 248 0.2840034 
128 43 80 79 0.268611 
923 117 57 66 0.268611 
273 307 203 255 0.24794048 
899 84 109 145 0.18550259 
167 421 172 230 0.17193554 
730 451 232 263 0.17193554 
353 112 101 148 0.1254451 
213 346 180 255 0.115646794 
325 57 191 207 0.115646794 
538 206 225 251 0.115646794 
871 14 73 79 0.109639935 
593 330 228 255 0.09803478 
900 306 123 171 0.09803478 
57 424 123 150 0.08285364 
847 5 8 12 0.08117401 
289 328 46 60 0.07880669 
228 52 51 59 0.072444364 
845 59 172 240 0.06984133 
130 456 104 169 0.06984132 
600 444 265 259 0.06984132 
163 25 63 77 0.06655857 
439 27 232 248 0.05874174 
289 113 112 129 0.05874174 
221 64 33 41 0.056098126 
254 463 69 96 0.056098126 
505 451 212 233 0.053832814 
236 146 82 98 0.053832814 
196 604 19 22 0.04990379 
937 192 18 22 0.04990379 
861 288 206 259 0.04931264 
878 25 109 131 0.04931264 
-36 43 180 207 0.04931264 
621 222 246 271 0.04931264 
243 40 212 271 0.04931264 
-21 220 215 259 0.04931264 
149 132 203 251 0.04931264 
546 163 82 135 0.047198545 
230 611 28 24 0.047198545 
587 141 209 233 0.045153886 
-2 135 107 217 0.04133061 
-24 366 218 263 0.04133061 
405 147 53 79 0.039651502 
689 451 76 71 0.039651494 
794 382 197 244 0.03781825 
642 511 146 145 0.03781825 
1 380 64 94 0.036325652 
-5 535 42 59 0.036325652 
245 68 44 39 0.036325645 
49 512 30 31 0.036325645 
270 18 7 8 0.035808332 
768 504 142 152 0.034593605 
230 67 62 83 0.033269096 
422 168 52 69 0.033269096 
860 457 54 68 0.033269096 
958 501 59 78 0.033269096 
436 171 8 10 0.032933712 
324 521 51 64 0.030461604 
140 595 23 26 0.030461596 
425 181 30 40 0.030461596 
201 38 50 69 0.030461596 
448 122 112 148 0.028921604 
149 210 101 148 0.028921604 
326 368 107 129 0.028921604 
106 519 62 58 0.027884193 
985 215 43 68 0.027884185 
2 603 30 35 0.027884185 
232 111 55 68 0.027884185 
18 -16 203 233 0.02643471 
81 120 142 207 0.026434705 
485 303 253 287 0.026434705 
400 125 103 133 0.026434705 
357 18 21 24 0.02558696 
4 315 52 66 0.025519116 
849 157 188 237 0.024156325 
260 170 197 259 0.024156325 
130 619 19 20 0.02351288 
901 136 22 24 0.02351288 
263 9 7 8 0.02351288 
265 614 19 19 0.02351288 
212 190 51 62 0.023349825 
565 536 63 68 0.023349825 
463 462 128 148 0.022069868 
822 183 28 33 0.021360898 
836 480 70 69 0.021360898 
33 585 56 48 0.021360898 
149 62 46 45 0.021360898 
856 203 117 139 0.0201599 
