2_Demonstration_Political_Rally_2_741
102
575 474 41 65 0.9949414 
738 474 12 23 0.8135483 
224 162 126 222 0.80011827 
191 127 203 372 0.56891036 
219 195 83 135 0.5227497 
671 429 12 19 0.45677772 
279 593 114 209 0.4085711 
127 497 27 55 0.23436876 
791 483 23 38 0.21842523 
644 443 7 11 0.111069925 
249 33 215 394 0.1065206 
729 447 12 24 0.09507551 
288 623 56 112 0.09308395 
809 456 7 11 0.08787667 
127 779 51 85 0.08567618 
909 549 56 96 0.08567618 
254 502 206 335 0.08285364 
1009 714 16 37 0.074940585 
249 281 128 228 0.06984133 
201 412 178 335 0.06984133 
663 467 13 22 0.0691498 
491 733 35 68 0.06655858 
785 464 25 40 0.06111947 
108 501 30 51 0.06111947 
750 444 7 13 0.05879275 
779 462 17 29 0.054176662 
768 475 12 21 0.054176662 
88 518 35 54 0.051466707 
943 543 32 47 0.051466707 
656 444 7 12 0.04990379 
745 477 10 16 0.049903784 
759 546 29 56 0.047198545 
821 568 46 94 0.047198545 
738 476 20 33 0.047198545 
756 445 13 21 0.04595155 
734 452 7 14 0.04229837 
130 496 40 78 0.039651502 
809 444 13 21 0.038923774 
278 671 14 28 0.038923774 
652 448 7 13 0.038923774 
445 654 104 194 0.03781825 
5 307 232 302 0.03781825 
720 445 18 34 0.036325652 
806 645 25 40 0.036325652 
462 712 58 101 0.036325652 
857 462 56 106 0.036325652 
11 776 85 128 0.036325652 
209 403 28 42 0.033269096 
218 436 26 43 0.033269096 
780 464 43 67 0.033269096 
753 447 7 12 0.03293372 
244 416 16 27 0.03293372 
300 660 30 51 0.030461604 
945 487 36 47 0.030461596 
218 476 54 87 0.030461596 
113 466 50 77 0.030461596 
732 473 13 27 0.030282615 
689 308 200 330 0.028921604 
183 103 126 253 0.028921604 
771 470 21 34 0.027884193 
998 716 24 48 0.027884185 
137 79 47 80 0.027884185 
671 437 10 16 0.027838783 
910 530 5 9 0.027838783 
395 40 249 406 0.026434705 
761 478 13 23 0.02558696 
761 449 8 13 0.02558696 
1005 689 7 13 0.02558696 
639 477 19 37 0.02558696 
434 756 34 56 0.025519116 
148 525 28 59 0.025519116 
796 370 222 400 0.024156325 
114 186 209 356 0.024156325 
860 499 111 212 0.024156325 
799 469 20 33 0.02351288 
658 440 9 14 0.02351288 
710 384 14 23 0.02351288 
779 475 7 14 0.02351288 
752 440 7 12 0.02351288 
670 471 7 14 0.02351288 
789 565 57 91 0.023349825 
202 425 49 76 0.023349825 
639 453 24 41 0.023349825 
732 532 51 96 0.023349825 
430 721 56 88 0.023349825 
591 586 178 330 0.022069868 
292 158 212 372 0.022069868 
731 443 9 15 0.0216032 
672 613 9 16 0.021603195 
960 545 22 31 0.021603195 
808 467 17 31 0.021603195 
725 438 14 26 0.021603195 
644 415 13 24 0.021603195 
924 519 47 76 0.021360904 
489 700 55 116 0.021360898 
67 750 74 124 0.021360898 
314 494 71 108 0.021360898 
219 420 26 40 0.021360898 
207 466 27 43 0.021360898 
144 545 51 112 0.021360898 
623 -39 222 366 0.0201599 
90 751 93 147 0.0201599 
