2_Demonstration_Protesters_2_156
95
56 288 35 46 0.9977647 
136 325 35 44 0.99678564 
737 437 54 63 0.993937 
433 317 41 69 0.993937 
613 333 44 63 0.9933628 
985 -3 43 51 0.98859274 
250 312 41 57 0.98859274 
0 317 19 29 0.7217721 
80 463 71 83 0.2511021 
456 392 101 149 0.2150812 
456 52 215 340 0.2150812 
651 85 191 321 0.19988178 
848 55 6 10 0.13944872 
548 71 188 293 0.1254451 
636 203 239 335 0.115646794 
728 129 14 22 0.111069925 
679 124 7 10 0.09507551 
319 94 16 21 0.09507551 
116 449 63 95 0.09308393 
673 141 8 11 0.08117401 
972 314 48 99 0.07244435 
343 101 8 13 0.069149815 
757 156 11 15 0.06377564 
326 152 7 10 0.06377564 
69 303 30 39 0.06111947 
837 243 197 281 0.05874174 
342 383 52 88 0.056098126 
688 144 7 11 0.054176662 
583 505 253 269 0.053832814 
179 470 70 85 0.051466707 
0 415 29 45 0.051466707 
631 136 136 215 0.04931264 
344 544 106 153 0.04931264 
777 87 55 89 0.047198545 
68 131 16 24 0.04595155 
539 203 36 53 0.04326818 
703 146 8 10 0.04229837 
309 568 8 14 0.04229837 
701 161 6 9 0.038923774 
676 140 12 17 0.038923774 
351 58 222 302 0.03781825 
294 199 29 47 0.036325652 
673 137 7 10 0.035808332 
775 308 8 11 0.035808332 
516 505 21 29 0.035808332 
551 119 8 10 0.035808332 
30 479 119 134 0.034593605 
52 441 123 130 0.034593593 
493 322 23 37 0.033269096 
527 199 55 89 0.033269096 
778 129 16 21 0.032933712 
260 506 71 85 0.030461596 
298 81 61 86 0.030461596 
983 231 42 85 0.030461596 
182 482 41 47 0.030461596 
890 164 7 11 0.030282615 
668 165 8 12 0.030282615 
355 122 12 18 0.030282615 
705 35 188 269 0.028921604 
263 90 91 162 0.028921604 
389 -6 128 170 0.028921604 
668 522 31 37 0.027884193 
149 513 80 67 0.027884193 
340 101 14 22 0.027838783 
282 587 18 24 0.027838783 
703 155 7 10 0.027838783 
994 305 14 21 0.02558696 
95 313 8 12 0.02558696 
748 157 6 8 0.02558696 
707 129 7 10 0.02558696 
679 118 6 9 0.02558696 
275 168 56 91 0.025519116 
202 26 191 298 0.024156325 
300 495 197 249 0.024156325 
-6 51 206 321 0.024156325 
541 125 6 10 0.02351288 
715 131 6 10 0.02351288 
723 132 8 11 0.02351288 
716 136 7 10 0.02351288 
610 562 64 75 0.023349825 
610 597 58 65 0.023349825 
2 502 119 165 0.022069868 
463 135 119 188 0.022069868 
703 148 12 16 0.021603195 
852 135 7 10 0.021603195 
709 146 7 9 0.021603195 
715 140 6 10 0.021603195 
545 122 5 9 0.021603195 
681 122 11 16 0.021603195 
672 128 6 8 0.021603195 
261 567 51 60 0.021360904 
175 470 30 41 0.021360898 
309 99 33 44 0.021360898 
62 126 27 39 0.021360898 
842 99 34 44 0.021360898 
