2_Demonstration_Political_Rally_2_267
98
751 306 26 37 0.9069161 
34 512 132 235 0.85282207 
824 250 228 378 0.6769414 
198 361 17 27 0.5858033 
183 580 71 125 0.43212515 
445 335 25 40 0.34582692 
-22 254 194 346 0.3436022 
510 661 124 197 0.32305852 
144 358 20 31 0.31433135 
531 311 58 105 0.268611 
831 338 35 62 0.23436876 
865 350 28 50 0.2032784 
357 521 70 131 0.16258557 
810 357 23 42 0.16258556 
773 397 23 37 0.15056497 
450 323 22 38 0.15056497 
312 282 25 44 0.15056497 
471 287 128 225 0.13594593 
430 334 29 43 0.12872264 
321 543 123 197 0.1254451 
345 273 21 43 0.118850335 
910 418 111 253 0.1065206 
744 198 228 389 0.1065206 
253 351 111 203 0.09803478 
325 547 194 312 0.09015675 
841 343 43 70 0.08567618 
501 480 27 39 0.08567616 
458 451 21 43 0.07880669 
-4 11 111 191 0.076092646 
424 224 209 367 0.076092646 
336 187 124 209 0.076092646 
810 338 44 72 0.06655858 
745 520 31 52 0.06111947 
107 399 15 28 0.05879275 
136 487 209 346 0.05874174 
684 526 257 346 0.05874174 
307 286 46 77 0.056098126 
1 349 38 92 0.056098126 
604 693 16 28 0.054176662 
478 478 17 24 0.054176662 
191 370 24 40 0.051466707 
874 333 23 45 0.047198545 
699 523 54 93 0.047198545 
424 594 58 105 0.04326818 
640 680 23 37 0.04326818 
177 465 55 92 0.04326818 
567 640 107 170 0.04133062 
107 456 22 36 0.039651494 
301 320 67 122 0.039651494 
291 455 121 235 0.03781825 
-18 556 191 303 0.03781825 
22 289 112 229 0.03781825 
490 465 48 66 0.036325652 
124 381 51 83 0.036325652 
201 545 57 103 0.036325652 
329 279 28 50 0.036325645 
200 556 119 206 0.034593593 
89 390 28 47 0.033269096 
458 496 23 42 0.033269096 
184 426 25 44 0.033269096 
193 434 23 41 0.033269096 
46 559 75 153 0.030461604 
688 399 56 92 0.030461596 
765 303 20 34 0.030282615 
363 594 103 222 0.028921604 
810 423 215 389 0.028921604 
558 301 59 105 0.027884193 
488 487 26 42 0.027884193 
193 491 31 50 0.027884193 
434 328 40 63 0.027884185 
345 253 47 88 0.027884185 
456 522 170 321 0.026434705 
651 396 97 160 0.026434705 
656 556 12 19 0.02558696 
461 372 24 41 0.025519116 
839 323 37 57 0.025519116 
3 372 24 57 0.025519116 
781 457 22 38 0.025519116 
842 302 39 40 0.025519116 
506 627 62 116 0.025519116 
460 321 14 29 0.02351288 
215 484 20 30 0.02351288 
653 684 14 25 0.02351288 
225 496 31 49 0.023349825 
356 582 64 120 0.023349825 
109 446 17 28 0.021603195 
636 676 14 29 0.021603195 
213 552 37 59 0.021360904 
741 296 41 66 0.021360904 
449 445 41 73 0.021360904 
862 316 42 72 0.021360904 
513 324 53 98 0.021360904 
196 492 55 100 0.021360898 
477 480 24 40 0.021360898 
791 611 21 38 0.021360898 
466 457 46 76 0.021360898 
465 462 23 38 0.021360898 
958 387 67 148 0.021360898 
