2_Demonstration_Protesters_2_91
94
959 210 37 38 0.9975521 
783 242 21 24 0.9949414 
340 243 26 29 0.99204755 
662 274 13 16 0.9308502 
594 259 13 13 0.88893 
819 250 16 15 0.4141967 
586 304 31 34 0.38809907 
315 313 16 15 0.26116365 
399 245 16 16 0.26116365 
536 244 15 14 0.24479094 
743 101 277 220 0.2311026 
922 226 15 13 0.19995552 
772 427 28 28 0.1753677 
630 251 14 15 0.17366186 
394 245 12 15 0.16157512 
771 332 32 31 0.12872264 
811 252 20 21 0.109639935 
342 158 222 230 0.1065206 
314 305 28 25 0.07244435 
514 424 25 25 0.06111947 
917 229 21 18 0.056098126 
391 245 8 11 0.045951538 
618 188 6 5 0.04229837 
274 336 17 17 0.04229837 
912 45 111 120 0.04133061 
822 251 22 21 0.039651502 
655 272 15 15 0.038923774 
917 237 16 16 0.038923774 
104 211 194 198 0.03781825 
536 263 14 13 0.035808332 
591 261 9 9 0.035808332 
902 246 12 12 0.035808332 
222 373 126 107 0.034593605 
0 -2 239 220 0.034593593 
308 294 43 43 0.033269096 
403 109 239 220 0.03163486 
658 -21 186 179 0.03163486 
550 429 24 22 0.030461596 
815 371 62 60 0.030461596 
581 187 7 7 0.030282615 
179 322 14 16 0.030282615 
385 244 15 18 0.030282615 
724 -4 249 230 0.028921604 
405 333 228 164 0.028921604 
314 294 228 210 0.028921604 
632 311 23 25 0.027884185 
654 317 19 21 0.027838783 
542 269 14 14 0.027838783 
841 333 13 13 0.027838783 
34 113 191 195 0.026434705 
81 -40 235 207 0.026434705 
579 276 6 6 0.02558696 
644 267 13 15 0.02558696 
255 168 5 4 0.02558696 
825 331 9 9 0.02558696 
858 226 16 17 0.02558696 
286 172 4 4 0.02558696 
601 176 4 3 0.02558696 
817 250 10 9 0.02558696 
600 318 53 60 0.025519116 
562 428 27 23 0.025519116 
614 315 24 29 0.025519116 
400 253 16 14 0.02351288 
919 227 9 8 0.02351288 
438 204 8 7 0.02351288 
766 216 16 16 0.02351288 
405 249 15 16 0.02351288 
424 205 8 6 0.02351288 
664 167 5 4 0.02351288 
418 171 6 5 0.02351288 
539 260 9 7 0.02351288 
783 190 5 4 0.02351288 
314 314 9 8 0.02351288 
636 258 21 20 0.023349825 
424 239 200 201 0.022069868 
893 283 107 122 0.022069868 
820 248 10 9 0.0216032 
532 246 8 10 0.021603195 
929 300 19 15 0.021603195 
912 242 16 16 0.021603195 
537 252 15 14 0.021603195 
329 393 13 13 0.021603195 
538 188 5 5 0.021603195 
649 271 14 16 0.021603195 
547 170 4 3 0.021603195 
251 186 4 4 0.021603195 
624 319 25 27 0.021360904 
568 171 55 60 0.021360898 
816 476 36 32 0.021360898 
964 -3 64 52 0.021360893 
569 294 103 110 0.0201599 
15 272 215 184 0.0201599 
842 352 82 78 0.0201599 
903 414 103 116 0.0201599 
