2_Demonstration_Demonstration_Or_Protest_2_158
264
857 239 17 22 0.9961132 
517 185 41 54 0.993937 
473 232 31 39 0.9933628 
988 213 32 51 0.9721158 
16 195 17 30 0.87062967 
174 246 34 49 0.76563126 
675 253 13 17 0.7217721 
744 264 48 64 0.71312684 
638 253 8 13 0.56463194 
695 259 8 10 0.4141967 
35 250 7 10 0.4141967 
182 218 25 39 0.4099317 
180 449 246 297 0.4085711 
373 238 15 23 0.3728605 
866 195 43 65 0.32552502 
396 253 13 19 0.31433135 
344 339 34 41 0.30585766 
280 250 12 17 0.26116365 
123 255 26 45 0.23436876 
307 259 6 9 0.19995552 
63 265 13 17 0.1864517 
258 274 7 10 0.1864517 
645 0 197 288 0.18550259 
169 222 40 57 0.16258557 
107 273 57 76 0.16258556 
122 235 43 59 0.16258556 
103 254 13 17 0.16157512 
253 260 10 12 0.13944872 
6 197 30 45 0.118850335 
660 381 19 24 0.10279763 
1016 401 7 13 0.10279763 
273 256 12 17 0.09507551 
31 246 12 17 0.08787667 
270 260 8 11 0.08787667 
123 263 16 27 0.08117401 
286 251 13 16 0.08117401 
188 256 19 30 0.08117401 
328 257 12 19 0.08117401 
875 515 97 122 0.076092646 
668 250 13 18 0.074940585 
319 239 6 9 0.07494057 
103 161 51 84 0.07244435 
33 163 13 24 0.0691498 
780 15 56 69 0.06655857 
412 50 116 221 0.064067975 
88 266 7 10 0.06377564 
500 236 14 21 0.06377564 
301 255 6 10 0.06377564 
276 252 7 13 0.06377564 
881 127 34 41 0.06111947 
101 312 70 70 0.06111947 
100 255 9 12 0.05879275 
355 229 6 9 0.05879275 
727 252 15 19 0.05879275 
660 394 8 11 0.05879275 
583 57 123 211 0.05874174 
184 344 26 30 0.056098126 
399 270 7 11 0.054176662 
482 226 43 54 0.051466707 
130 272 37 53 0.051466707 
99 256 20 30 0.051466707 
102 268 39 62 0.051466707 
825 241 8 10 0.04990379 
253 270 9 12 0.04990379 
654 277 15 21 0.04990379 
75 268 5 8 0.04990379 
321 238 6 8 0.04990379 
245 328 6 9 0.04990379 
327 257 6 9 0.04990379 
305 253 7 10 0.049903784 
928 402 36 45 0.047198545 
155 248 46 65 0.047198545 
14 177 26 43 0.047198545 
296 252 7 10 0.04595155 
330 244 6 8 0.04595155 
249 255 10 12 0.04595155 
633 257 9 13 0.045951538 
193 261 25 39 0.04326818 
888 476 63 75 0.04326818 
677 362 53 63 0.04326818 
728 50 6 10 0.04229837 
806 246 12 15 0.04229837 
217 365 11 20 0.04229837 
621 254 5 8 0.04229837 
37 204 7 9 0.04229837 
1006 533 19 33 0.04229837 
66 283 7 11 0.04229837 
398 263 8 13 0.04229837 
385 231 6 9 0.04229837 
395 253 8 11 0.04229836 
277 252 21 28 0.039651502 
114 267 24 40 0.039651494 
99 280 26 42 0.039651494 
763 272 56 75 0.039651494 
651 417 67 78 0.039651494 
121 238 25 34 0.039651494 
401 257 9 12 0.038923774 
119 241 13 17 0.038923774 
617 255 7 9 0.038923774 
869 21 6 9 0.038923774 
270 352 9 12 0.038923774 
353 232 6 10 0.038923774 
726 247 27 37 0.036325645 
559 20 19 29 0.035808332 
190 217 16 25 0.035808332 
294 79 4 6 0.035808332 
305 249 6 8 0.035808332 
396 224 5 8 0.035808332 
488 236 22 27 0.035808332 
589 411 64 109 0.033269096 
166 348 37 35 0.033269096 
814 228 24 32 0.033269096 
225 326 28 29 0.033269096 
813 312 60 72 0.033269096 
550 198 20 26 0.03293372 
87 267 12 16 0.03293372 
340 268 17 20 0.03293372 
242 256 6 9 0.032933712 
601 243 6 8 0.032933712 
430 101 7 11 0.032933712 
732 50 7 10 0.032933712 
665 252 7 9 0.032933712 
362 230 23 31 0.030461604 
368 25 68 100 0.030461604 
21 161 24 40 0.030461604 
22 239 21 33 0.030461604 
576 586 29 45 0.030461596 
293 234 5 8 0.030282615 
875 213 23 32 0.030282615 
353 237 7 11 0.030282615 
773 263 22 27 0.030282615 
503 216 12 17 0.030282615 
332 222 4 5 0.030282615 
745 52 6 10 0.030282615 
62 273 13 19 0.030282615 
262 278 7 12 0.030282615 
729 2 18 19 0.030282615 
871 18 16 20 0.030282615 
324 256 6 8 0.030282615 
671 247 9 12 0.030282615 
641 247 7 12 0.030282615 
268 264 7 11 0.030282615 
615 195 5 7 0.030282615 
58 256 7 9 0.030282615 
904 494 38 41 0.027884193 
384 239 21 33 0.027884193 
728 243 46 64 0.027884193 
858 35 30 41 0.027884185 
0 144 46 70 0.027884185 
18 167 45 65 0.027884185 
351 251 22 34 0.027884185 
368 244 18 25 0.027838783 
735 249 8 11 0.027838783 
395 248 7 9 0.027838783 
352 234 12 19 0.027838783 
750 5 7 9 0.027838783 
317 241 5 8 0.027838783 
265 251 7 10 0.027838783 
809 237 6 8 0.027838783 
335 239 5 7 0.027838778 
370 257 17 24 0.027838778 
875 19 9 12 0.027838778 
824 245 6 9 0.027838778 
989 227 7 11 0.027838778 
47 206 5 6 0.027838778 
322 241 6 8 0.027838778 
374 11 209 315 0.026434705 
23 200 16 23 0.02558696 
60 270 11 15 0.02558696 
750 71 16 21 0.02558696 
96 258 9 12 0.02558696 
242 270 6 8 0.02558696 
291 247 12 18 0.02558696 
872 21 7 11 0.02558696 
649 260 9 11 0.02558696 
679 0 19 19 0.02558696 
1008 515 16 34 0.02558696 
307 150 8 11 0.02558696 
66 235 7 10 0.02558696 
353 226 6 9 0.02558696 
405 239 5 7 0.02558696 
385 238 7 11 0.02558696 
391 223 6 9 0.02558696 
251 270 7 9 0.02558696 
379 239 10 14 0.02558696 
328 262 7 11 0.02558696 
724 235 6 8 0.02558696 
95 260 15 18 0.02558696 
446 225 15 25 0.02558696 
326 234 6 8 0.02558696 
19 515 50 75 0.025519116 
155 299 47 63 0.025519116 
279 336 117 146 0.024156325 
81 132 116 148 0.024156325 
443 -32 183 272 0.024156325 
656 345 6 8 0.02351288 
120 256 16 25 0.02351288 
69 262 8 10 0.02351288 
272 230 5 7 0.02351288 
389 227 6 9 0.02351288 
323 235 6 8 0.02351288 
720 316 7 9 0.02351288 
250 263 9 12 0.02351288 
682 255 8 12 0.02351288 
357 345 20 25 0.02351288 
676 263 9 12 0.02351288 
306 106 4 7 0.02351288 
675 241 7 10 0.02351288 
745 278 18 24 0.02351288 
649 363 13 15 0.02351288 
462 236 16 20 0.02351288 
362 219 5 7 0.02351288 
323 255 11 16 0.02351288 
57 210 6 9 0.02351288 
319 221 5 8 0.02351288 
667 259 8 12 0.02351288 
327 223 5 7 0.02351288 
245 253 9 11 0.02351288 
365 220 5 8 0.02351288 
344 224 5 7 0.02351288 
694 353 32 39 0.023349825 
175 332 50 51 0.023349825 
136 228 32 41 0.023349825 
133 212 54 66 0.023349825 
322 326 215 315 0.022069868 
699 43 104 190 0.022069868 
66 306 89 122 0.022069868 
721 249 86 109 0.022069868 
851 163 101 157 0.022069868 
373 238 10 13 0.021603195 
245 270 6 8 0.021603195 
305 262 8 11 0.021603195 
77 228 14 21 0.021603195 
19 232 18 25 0.021603195 
369 265 8 11 0.021603195 
725 252 7 10 0.021603195 
272 249 6 9 0.021603195 
987 220 21 32 0.021603195 
821 234 14 19 0.021603195 
700 259 7 10 0.021603195 
886 55 5 8 0.021603195 
366 270 15 21 0.021603195 
316 227 5 7 0.021603195 
866 21 6 8 0.021603195 
266 256 9 12 0.021603195 
745 282 8 11 0.021603195 
882 72 7 9 0.021603195 
736 48 13 17 0.021603195 
648 256 7 10 0.021603195 
818 83 17 24 0.021603195 
291 254 13 17 0.021603195 
629 259 9 11 0.021603195 
55 206 5 6 0.021603195 
381 226 11 16 0.021603195 
818 21 53 74 0.021360898 
877 78 31 43 0.021360898 
670 241 21 29 0.021360898 
878 100 52 74 0.021360898 
647 353 47 59 0.021360898 
730 346 25 39 0.021360898 
103 206 50 66 0.021360898 
802 211 44 60 0.021360898 
546 21 206 319 0.0201599 
638 44 109 211 0.0201599 
