2_Demonstration_Demonstrators_2_12
63
293 549 119 145 0.998934 
686 348 29 44 0.13928533 
672 278 29 42 0.118850335 
100 114 188 247 0.09015675 
156 651 7 10 0.07494057 
843 509 13 21 0.069149815 
231 107 228 219 0.064067975 
99 612 9 13 0.05879275 
139 639 7 11 0.05879275 
113 660 8 12 0.05879275 
504 50 55 88 0.056098126 
176 273 52 67 0.051466707 
0 610 20 28 0.051466707 
139 535 9 12 0.04990379 
168 591 7 10 0.04990379 
22 49 91 70 0.047198545 
701 250 175 239 0.045153886 
598 501 33 32 0.04326818 
119 627 7 11 0.04229837 
134 565 8 11 0.04229837 
126 595 8 11 0.04229837 
152 579 7 10 0.04229837 
763 -8 183 247 0.04133061 
65 483 26 31 0.039651502 
592 507 56 45 0.039651502 
184 601 7 10 0.038923774 
178 630 7 10 0.038923774 
884 404 91 143 0.03781825 
163 619 6 9 0.035808332 
146 606 7 9 0.035808332 
146 507 8 11 0.03293372 
114 549 10 15 0.032933712 
334 333 97 147 0.03163486 
0 66 6 10 0.030282615 
190 574 7 10 0.027838783 
173 562 7 9 0.027838783 
912 310 7 8 0.027838783 
0 490 6 10 0.027838778 
206 588 6 8 0.02558696 
81 411 18 18 0.02558696 
629 227 49 65 0.025519116 
865 256 100 106 0.024156325 
157 549 7 10 0.02351288 
208 558 6 8 0.02351288 
16 55 41 31 0.023349825 
70 418 29 32 0.023349825 
292 153 142 137 0.022069868 
472 21 87 141 0.022069868 
25 517 6 7 0.0216032 
5 619 7 9 0.021603195 
7 68 5 7 0.021603195 
69 494 8 10 0.021603195 
80 505 6 8 0.021603195 
133 669 6 8 0.021603195 
75 491 15 20 0.021603195 
164 522 7 10 0.021603195 
858 21 70 88 0.021360898 
493 24 50 77 0.021360898 
708 492 47 61 0.021360898 
731 181 98 133 0.0201599 
295 252 191 247 0.0201599 
326 396 246 262 0.0201599 
800 6 107 158 0.0201599 
