2_Demonstration_Protesters_2_131
1598
479 561 13 18 0.9964348 
266 583 14 19 0.9961132 
184 589 14 19 0.9953811 
956 556 16 20 0.99347997 
129 584 14 20 0.98704255 
126 616 18 25 0.98462796 
404 521 7 10 0.9832598 
212 618 16 24 0.98015445 
88 585 19 21 0.97839683 
413 582 15 22 0.97216123 
976 571 18 25 0.97216123 
26 642 17 26 0.96706635 
44 569 20 23 0.9540484 
306 556 12 15 0.9540484 
296 628 17 22 0.95009613 
409 542 9 12 0.95009613 
220 516 8 9 0.9458233 
34 597 19 25 0.9458233 
515 515 7 9 0.94120723 
867 517 8 11 0.9362244 
766 504 7 9 0.9308502 
190 188 116 203 0.9301587 
865 567 20 25 0.92505944 
554 551 11 15 0.9121234 
316 594 15 20 0.90492445 
189 562 12 15 0.88893 
379 611 15 24 0.88893 
465 536 9 11 0.88893 
936 524 11 14 0.87062967 
460 617 19 25 0.87062967 
361 561 9 11 0.86055124 
724 508 6 8 0.86055124 
667 579 12 18 0.86055124 
256 527 8 10 0.8384248 
320 526 6 8 0.8263381 
825 517 9 11 0.8000445 
712 546 8 11 0.8000445 
218 554 11 14 0.7858201 
134 524 8 10 0.7217721 
149 536 9 12 0.7217721 
789 534 9 13 0.7040394 
183 523 6 8 0.7040394 
265 663 27 23 0.6941424 
66 517 7 9 0.6856687 
200 509 6 7 0.66669756 
172 543 8 11 0.66669756 
426 515 7 9 0.66669756 
99 520 7 11 0.66669756 
998 535 9 12 0.64717066 
117 524 9 11 0.64717066 
743 508 8 10 0.64717066 
627 601 14 22 0.64717066 
894 557 13 18 0.6271395 
778 497 6 8 0.60666233 
183 510 6 8 0.60666233 
885 611 12 21 0.60666233 
563 515 6 7 0.60666233 
524 530 7 10 0.5858033 
389 521 6 8 0.5858033 
904 519 7 9 0.56463194 
502 525 7 8 0.56463194 
881 520 8 10 0.5216516 
786 504 7 8 0.47834834 
34 540 12 15 0.47834834 
141 33 109 151 0.4310897 
469 511 5 7 0.4141967 
740 506 8 9 0.4141967 
974 497 6 7 0.3933377 
369 511 5 7 0.3728605 
460 468 5 6 0.3728605 
696 549 8 11 0.35282937 
653 519 7 8 0.33330244 
623 523 6 8 0.33330244 
365 526 5 7 0.31433135 
752 525 8 10 0.31433135 
95 492 7 8 0.31433135 
593 498 5 6 0.31433135 
666 517 8 9 0.29596066 
60 531 8 11 0.29596066 
30 546 9 11 0.29596066 
697 514 6 8 0.29596066 
688 503 6 8 0.29596066 
170 515 6 7 0.27822798 
741 548 8 10 0.27822798 
672 539 6 9 0.26116365 
707 508 6 8 0.26116365 
549 535 7 10 0.26116365 
212 530 6 9 0.26116365 
915 514 7 9 0.26116365 
775 514 8 9 0.26116365 
664 45 191 246 0.24794048 
713 574 10 15 0.24479094 
442 491 6 8 0.24479094 
652 572 15 20 0.24479094 
396 502 4 6 0.24479094 
885 619 20 29 0.23436876 
329 222 116 151 0.2311026 
554 518 7 8 0.22912635 
303 521 6 8 0.22912635 
44 551 11 15 0.2141799 
277 507 5 6 0.2141799 
867 500 7 9 0.2141799 
226 498 5 7 0.2141799 
175 498 6 7 0.2141799 
328 527 6 7 0.2141799 
332 496 5 6 0.2141799 
722 620 23 27 0.2032784 
326 505 5 6 0.19995552 
625 476 5 7 0.19995552 
766 493 5 6 0.19995552 
210 510 7 9 0.19995552 
608 555 9 11 0.19995552 
786 486 5 7 0.19995552 
884 19 172 246 0.19988176 
612 511 5 7 0.1864517 
55 508 5 7 0.1864517 
643 498 5 6 0.1864517 
366 495 5 6 0.18645167 
170 512 5 6 0.18645167 
515 539 10 13 0.18645167 
939 498 6 8 0.18645167 
347 562 8 10 0.17366187 
364 584 11 16 0.17366187 
673 640 11 21 0.17366187 
458 551 8 10 0.17366187 
297 599 8 10 0.17366187 
681 519 6 8 0.17366187 
409 485 5 6 0.17366187 
565 524 6 8 0.17366187 
66 480 5 7 0.17366186 
890 536 14 18 0.17366186 
317 543 8 10 0.16157512 
404 498 5 6 0.16157512 
345 511 6 7 0.16157512 
630 467 4 5 0.16157512 
662 553 9 11 0.16157512 
264 160 183 242 0.15916686 
201 657 26 23 0.15056497 
285 523 7 10 0.15017675 
830 643 14 18 0.15017675 
77 504 8 9 0.15017675 
116 542 7 10 0.15017675 
449 519 7 8 0.15017675 
408 489 5 6 0.15017675 
462 494 6 7 0.15017675 
681 497 5 6 0.15017675 
445 490 5 7 0.15017675 
749 523 8 12 0.15017675 
73 -1 209 257 0.14717786 
396 493 4 5 0.13944872 
471 463 5 6 0.13944872 
837 639 12 20 0.13944872 
100 506 5 7 0.13944872 
872 481 5 6 0.13944872 
266 509 6 8 0.13944872 
291 513 6 8 0.13944872 
660 494 4 5 0.13944872 
127 508 8 9 0.13944872 
694 517 6 10 0.13944872 
829 562 20 26 0.13928533 
214 569 11 14 0.1293704 
889 508 6 8 0.1293704 
886 507 7 9 0.1293704 
345 522 6 8 0.1293704 
627 494 4 5 0.1293704 
742 554 10 16 0.1293704 
636 498 5 6 0.1293704 
692 559 8 10 0.1293704 
84 561 10 15 0.12937039 
744 523 8 10 0.12937039 
369 507 6 7 0.12937039 
956 481 4 6 0.12937039 
540 242 98 140 0.12544508 
814 472 6 7 0.11991897 
173 477 5 7 0.11991897 
375 480 5 6 0.11991897 
480 456 4 5 0.11991897 
378 534 7 10 0.11991897 
712 517 7 9 0.11991897 
236 550 7 11 0.11991897 
431 464 4 5 0.11991897 
419 563 8 11 0.11991897 
351 540 6 8 0.11991897 
843 491 7 9 0.11991897 
244 526 6 8 0.11991897 
153 -12 257 311 0.115646794 
793 477 4 6 0.111069925 
653 554 13 17 0.111069925 
602 493 5 6 0.111069925 
250 510 6 7 0.111069925 
328 495 5 6 0.111069925 
405 494 5 6 0.111069925 
528 515 5 6 0.111069925 
70 539 10 15 0.111069925 
855 510 7 9 0.111069925 
706 533 7 9 0.111069925 
738 505 6 8 0.111069925 
459 507 5 7 0.111069925 
755 507 5 7 0.111069925 
749 581 19 26 0.109639935 
983 610 24 32 0.109639935 
419 106 43 69 0.109639935 
452 500 5 7 0.10279763 
655 485 4 5 0.10279763 
770 482 4 6 0.10279763 
962 504 8 10 0.10279763 
412 485 4 5 0.10279763 
264 507 6 8 0.10279763 
432 496 5 7 0.10279763 
64 539 11 16 0.10279763 
902 494 6 7 0.10279763 
664 499 5 7 0.10279763 
614 519 6 7 0.10279763 
587 523 6 8 0.10279763 
71 534 8 10 0.10279763 
758 478 4 6 0.10279763 
138 560 13 17 0.10279763 
608 498 5 6 0.102797605 
201 507 6 8 0.102797605 
772 494 5 6 0.102797605 
592 494 5 6 0.102797605 
959 527 10 15 0.102797605 
605 523 6 8 0.102797605 
147 539 14 18 0.102797605 
197 234 76 119 0.10106142 
118 98 209 285 0.09803478 
73 541 12 16 0.09507551 
611 531 6 8 0.09507551 
168 540 9 10 0.09507551 
631 473 4 5 0.09507551 
674 486 4 5 0.09507551 
510 648 13 25 0.09507551 
430 494 5 6 0.09507551 
405 501 5 7 0.09507551 
276 503 6 7 0.09507551 
231 242 121 128 0.09015675 
108 511 7 8 0.08787667 
268 514 5 7 0.08787667 
708 505 7 8 0.08787667 
893 550 13 18 0.08787667 
362 498 6 7 0.08787667 
279 510 5 6 0.08787667 
451 475 5 6 0.08787667 
926 481 5 6 0.08787667 
802 505 8 9 0.08787667 
697 583 12 15 0.08787667 
456 506 5 7 0.08787667 
324 503 5 6 0.08787667 
910 517 7 10 0.08787667 
653 482 4 5 0.08787667 
366 487 4 5 0.08787667 
933 24 87 149 0.08285364 
374 502 5 6 0.08117401 
133 500 6 8 0.08117401 
676 566 8 9 0.08117401 
755 480 5 6 0.08117401 
228 500 5 7 0.08117401 
361 511 5 7 0.08117401 
186 559 11 14 0.08117401 
302 526 7 8 0.08117401 
393 486 4 5 0.08117401 
636 495 5 6 0.08117401 
644 494 5 6 0.08117401 
551 532 8 10 0.08117401 
174 495 5 6 0.08117401 
592 501 6 7 0.08117401 
412 471 5 6 0.08117401 
438 473 4 5 0.08117401 
470 586 11 18 0.08117401 
767 483 5 6 0.08117401 
790 518 8 10 0.08117401 
273 154 25 31 0.07880669 
285 243 52 71 0.07880669 
186 503 4 5 0.074940585 
668 541 9 12 0.074940585 
462 465 5 7 0.074940585 
222 486 4 5 0.074940585 
907 546 14 20 0.074940585 
256 498 5 7 0.074940585 
689 548 11 15 0.074940585 
498 465 4 6 0.074940585 
59 535 12 18 0.074940585 
839 631 12 21 0.074940585 
605 500 6 7 0.074940585 
76 508 7 9 0.074940585 
424 502 6 7 0.07494057 
425 469 4 5 0.07494057 
1005 560 14 23 0.07494057 
488 518 6 9 0.07494057 
917 493 5 6 0.07494057 
670 493 4 5 0.07494057 
390 468 5 6 0.07494057 
129 492 6 7 0.07494057 
439 489 6 7 0.07494057 
311 519 6 8 0.07494057 
786 585 14 24 0.07494057 
425 472 4 5 0.07494057 
219 654 20 27 0.07494057 
736 534 8 11 0.07494057 
575 502 5 6 0.07494057 
826 643 24 27 0.07244435 
906 490 5 6 0.069149815 
222 553 9 11 0.069149815 
84 520 12 15 0.069149815 
151 -2 21 22 0.069149815 
322 546 8 10 0.069149815 
78 544 12 15 0.069149815 
755 477 4 5 0.069149815 
774 494 6 7 0.069149815 
71 502 6 8 0.0691498 
580 469 4 5 0.0691498 
361 500 5 7 0.0691498 
741 497 5 6 0.0691498 
601 477 4 5 0.0691498 
298 498 5 6 0.0691498 
306 499 4 5 0.0691498 
673 503 5 6 0.0691498 
145 538 8 11 0.0691498 
131 485 5 6 0.0691498 
674 490 4 5 0.0691498 
63 510 6 8 0.0691498 
628 467 4 5 0.0691498 
25 579 12 17 0.0691498 
458 484 5 6 0.0691498 
1004 516 14 15 0.0691498 
569 523 6 8 0.0691498 
365 480 4 5 0.0691498 
148 504 7 8 0.0691498 
368 255 68 94 0.06655858 
23 598 23 30 0.06655858 
311 248 34 41 0.06655857 
414 494 4 6 0.06377564 
407 492 5 6 0.06377564 
746 556 11 18 0.06377564 
182 556 8 11 0.06377564 
603 557 12 13 0.06377564 
426 484 5 6 0.06377564 
250 563 8 11 0.06377564 
642 490 5 6 0.06377564 
687 493 5 6 0.06377564 
417 483 4 5 0.06377564 
605 493 5 6 0.06377564 
442 481 4 5 0.06377564 
321 540 7 10 0.06377564 
621 507 6 7 0.06377564 
632 510 8 9 0.06377564 
307 501 5 6 0.06377564 
87 506 6 8 0.06377564 
383 506 4 6 0.06377564 
316 507 5 6 0.06377564 
391 478 4 5 0.06377564 
133 527 11 15 0.06377564 
670 519 6 8 0.06377564 
951 517 7 8 0.06377564 
868 477 4 6 0.06377564 
279 522 6 8 0.06377564 
655 515 7 10 0.06377564 
615 482 4 4 0.06377564 
784 482 5 6 0.06377564 
733 472 4 6 0.06377564 
797 498 5 6 0.06377564 
793 498 5 6 0.06377564 
724 498 5 6 0.06377564 
763 496 4 6 0.06377564 
301 498 5 6 0.06377564 
291 498 5 7 0.06377564 
130 490 5 6 0.05879275 
672 493 4 5 0.05879275 
655 482 4 5 0.05879275 
710 502 6 7 0.05879275 
354 520 6 7 0.05879275 
805 483 6 7 0.05879275 
430 467 4 5 0.05879275 
796 481 4 6 0.05879275 
400 480 4 5 0.05879275 
439 486 5 6 0.05879275 
104 512 10 12 0.05879275 
994 583 8 12 0.05879275 
453 498 5 6 0.05879275 
388 491 4 5 0.05879275 
711 497 6 7 0.05879275 
204 502 5 6 0.05879275 
328 485 4 5 0.05879275 
903 490 6 7 0.05879275 
375 499 5 6 0.05879275 
464 509 6 7 0.05879275 
714 496 6 8 0.05879275 
247 509 6 7 0.05879275 
646 494 5 6 0.05879275 
335 495 4 5 0.05879275 
292 501 5 7 0.05879275 
669 485 4 5 0.05879275 
653 561 10 12 0.05879275 
629 475 5 6 0.05879275 
511 543 8 10 0.05879275 
442 534 7 9 0.05879275 
446 533 8 10 0.05879275 
105 472 5 6 0.05879275 
749 493 5 6 0.05879275 
80 520 5 7 0.05879275 
676 501 6 7 0.05879275 
842 544 11 15 0.05879275 
548 552 9 13 0.05879275 
227 334 30 39 0.056098126 
743 336 64 96 0.056098126 
341 484 4 5 0.054176662 
763 478 4 5 0.054176662 
741 526 9 11 0.054176662 
64 663 15 19 0.054176662 
357 480 5 6 0.054176662 
378 510 5 7 0.054176662 
678 518 5 8 0.054176662 
814 485 6 7 0.054176662 
640 490 4 5 0.054176662 
503 464 4 5 0.054176662 
591 513 6 7 0.054176662 
312 489 4 5 0.054176662 
608 527 7 9 0.054176662 
435 489 5 6 0.054176662 
63 513 7 10 0.054176662 
365 489 5 6 0.054176662 
732 509 5 7 0.054176662 
613 528 12 16 0.054176662 
687 490 5 6 0.054176662 
557 473 5 6 0.054176662 
623 473 4 5 0.054176662 
271 550 7 10 0.054176662 
396 499 5 7 0.054176662 
3 508 8 9 0.054176662 
798 540 15 21 0.054176662 
280 493 4 6 0.054176662 
744 546 11 15 0.054176662 
336 545 7 10 0.054176662 
576 451 4 5 0.054176662 
463 506 6 7 0.054176662 
289 501 5 7 0.054176662 
440 493 6 7 0.054176662 
582 493 6 7 0.054176662 
720 494 5 7 0.054176662 
452 494 5 6 0.054176662 
113 544 12 16 0.054176662 
639 35 50 62 0.051466707 
790 513 8 10 0.04990379 
172 480 5 7 0.04990379 
583 519 5 7 0.04990379 
593 456 3 4 0.04990379 
917 497 5 6 0.04990379 
166 507 6 7 0.04990379 
105 507 6 7 0.04990379 
343 476 5 6 0.04990379 
760 472 4 5 0.04990379 
392 493 5 6 0.04990379 
427 490 4 5 0.04990379 
368 495 5 6 0.04990379 
567 465 4 5 0.04990379 
323 499 5 6 0.04990379 
416 507 6 7 0.04990379 
747 494 4 6 0.04990379 
422 559 9 12 0.04990379 
280 491 4 5 0.04990379 
638 493 5 6 0.04990379 
677 489 4 5 0.04990379 
661 496 5 7 0.04990379 
373 514 7 9 0.04990379 
85 508 5 7 0.04990379 
347 513 6 7 0.04990379 
659 515 6 8 0.04990379 
433 514 6 9 0.04990379 
579 598 11 14 0.04990379 
57 509 6 7 0.04990379 
359 511 5 6 0.04990379 
413 510 6 7 0.04990379 
702 510 7 9 0.04990379 
616 514 6 7 0.04990379 
253 515 5 6 0.04990379 
679 495 5 6 0.049903784 
593 491 5 5 0.049903784 
165 545 8 11 0.049903784 
39 536 9 11 0.049903784 
563 482 5 5 0.049903784 
389 478 4 5 0.049903784 
184 507 6 8 0.049903784 
850 491 7 9 0.049903784 
520 508 5 6 0.049903784 
789 521 11 14 0.049903784 
264 493 5 6 0.049903784 
363 494 5 6 0.049903784 
569 504 6 7 0.049903784 
7 535 7 10 0.049903784 
146 292 218 281 0.04931264 
779 226 228 289 0.04931264 
951 248 67 94 0.047198545 
638 184 60 74 0.047198545 
719 630 29 36 0.047198545 
727 44 62 74 0.047198545 
732 91 78 110 0.047198545 
336 586 7 10 0.04595155 
288 548 11 15 0.04595155 
548 460 5 6 0.04595155 
666 486 4 5 0.04595155 
706 570 12 18 0.04595155 
183 493 4 6 0.04595155 
892 510 6 8 0.04595155 
383 492 5 6 0.04595155 
224 488 4 6 0.04595155 
446 513 7 8 0.04595155 
156 529 7 9 0.04595155 
392 501 5 7 0.04595155 
327 535 7 9 0.04595155 
723 493 5 6 0.04595155 
373 505 6 7 0.04595155 
623 494 4 5 0.04595155 
478 459 4 5 0.04595155 
406 484 4 6 0.04595155 
364 500 7 8 0.04595155 
286 503 5 6 0.04595155 
975 530 7 10 0.04595155 
361 514 5 6 0.04595155 
138 519 7 8 0.045951538 
486 521 6 8 0.045951538 
609 495 4 5 0.045951538 
793 536 9 12 0.045951538 
353 494 4 6 0.045951538 
207 527 8 10 0.045951538 
413 483 4 5 0.045951538 
394 521 6 7 0.045951538 
546 460 4 5 0.045951538 
391 490 4 5 0.045951538 
493 517 6 8 0.045951538 
749 496 5 7 0.045951538 
114 507 5 6 0.045951538 
317 510 5 6 0.045951538 
998 498 4 5 0.045951538 
440 482 4 5 0.045951538 
1016 587 7 11 0.045951538 
472 508 5 6 0.045951538 
521 457 4 5 0.045951538 
418 461 4 5 0.045951538 
371 503 5 6 0.045951538 
138 570 8 11 0.045951538 
672 482 4 5 0.045951538 
332 506 5 7 0.045951538 
612 177 49 69 0.04326818 
965 552 40 52 0.04326818 
943 489 5 6 0.04229837 
387 493 5 6 0.04229837 
963 522 13 16 0.04229837 
690 520 7 11 0.04229837 
427 493 5 6 0.04229837 
797 485 5 6 0.04229837 
971 485 5 6 0.04229837 
694 495 5 6 0.04229837 
207 326 13 18 0.04229837 
733 470 4 5 0.04229837 
477 485 6 7 0.04229837 
955 483 6 7 0.04229837 
934 486 5 6 0.04229837 
245 564 8 11 0.04229837 
39 498 7 10 0.04229837 
744 517 7 9 0.04229837 
648 483 4 5 0.04229837 
423 469 4 5 0.04229837 
32 504 6 8 0.04229837 
297 502 5 6 0.04229837 
399 502 5 7 0.04229837 
563 485 6 7 0.04229837 
261 523 7 8 0.04229837 
91 505 6 8 0.04229837 
661 480 4 5 0.04229837 
33 549 13 17 0.04229837 
739 530 9 11 0.04229837 
503 455 5 6 0.04229837 
64 532 9 12 0.04229837 
601 498 6 7 0.04229837 
528 511 6 8 0.04229837 
671 568 9 11 0.04229837 
305 510 5 7 0.04229837 
405 481 4 5 0.04229837 
400 463 4 5 0.04229837 
166 532 5 7 0.04229837 
1006 247 18 28 0.04229837 
119 539 10 14 0.04229837 
168 515 9 12 0.04229837 
340 523 6 8 0.04229837 
635 477 4 5 0.04229837 
610 513 6 7 0.04229837 
42 539 8 11 0.04229837 
555 472 5 6 0.04229837 
683 506 5 8 0.04229837 
464 514 7 8 0.04229837 
341 513 5 6 0.04229837 
193 498 4 5 0.04229837 
886 476 5 6 0.04229837 
958 495 5 6 0.04229837 
171 484 4 5 0.04229837 
743 535 7 10 0.04229837 
617 531 13 17 0.04229837 
788 481 5 6 0.04229837 
498 476 5 6 0.04229837 
475 521 7 9 0.04229837 
425 499 5 7 0.04229837 
201 498 6 7 0.04229837 
566 454 4 5 0.04229837 
448 476 5 6 0.04229837 
1018 516 5 8 0.04229837 
117 210 116 178 0.04133061 
346 201 170 225 0.04133061 
512 299 197 257 0.04133061 
472 522 7 9 0.038923774 
341 498 5 6 0.038923774 
557 476 5 6 0.038923774 
918 478 4 5 0.038923774 
131 498 6 8 0.038923774 
360 544 8 9 0.038923774 
332 501 6 7 0.038923774 
630 497 5 6 0.038923774 
557 469 5 6 0.038923774 
645 497 5 6 0.038923774 
811 472 5 7 0.038923774 
708 498 5 6 0.038923774 
566 95 6 8 0.038923774 
738 480 5 6 0.038923774 
662 547 10 11 0.038923774 
377 481 5 6 0.038923774 
762 469 4 5 0.038923774 
391 481 4 5 0.038923774 
729 477 4 5 0.038923774 
494 465 5 6 0.038923774 
747 509 7 9 0.038923774 
518 510 6 7 0.038923774 
478 510 5 7 0.038923774 
52 544 13 18 0.038923774 
288 519 6 8 0.038923774 
297 511 6 7 0.038923774 
373 510 6 8 0.038923774 
336 510 5 6 0.038923774 
324 509 5 7 0.038923774 
883 511 9 12 0.038923774 
684 518 7 9 0.038923774 
329 530 8 10 0.038923774 
226 550 10 12 0.038923774 
377 518 5 7 0.038923774 
307 507 5 6 0.038923774 
748 518 8 9 0.038923774 
380 531 7 10 0.038923774 
422 517 6 8 0.038923774 
405 505 5 7 0.038923774 
410 460 4 4 0.038923774 
294 462 6 7 0.038923774 
625 519 6 8 0.038923774 
178 335 6 8 0.038923774 
616 482 5 5 0.038923774 
384 482 4 5 0.038923774 
665 477 4 5 0.038923774 
388 481 4 5 0.038923774 
332 511 5 6 0.038923774 
565 482 5 5 0.038923774 
421 460 4 5 0.038923774 
134 575 14 20 0.038923774 
552 503 7 9 0.038923774 
633 507 6 7 0.038923774 
816 506 7 9 0.038923774 
957 534 15 20 0.038923774 
469 467 6 7 0.038923774 
380 538 7 9 0.038923774 
569 490 6 7 0.038923774 
456 488 5 6 0.038923774 
355 477 4 5 0.038923774 
942 480 5 6 0.038923774 
429 490 5 6 0.038923774 
422 490 4 5 0.038923774 
324 489 4 5 0.038923774 
652 489 5 6 0.038923774 
545 534 8 10 0.038923774 
462 471 5 7 0.038923774 
908 501 5 7 0.038923774 
487 539 8 10 0.038923774 
829 648 9 11 0.038923774 
90 520 11 14 0.038923774 
727 503 6 7 0.038923774 
742 481 5 6 0.038923774 
637 500 5 7 0.038923774 
476 500 6 8 0.038923774 
699 572 14 19 0.038923774 
610 463 4 5 0.038923774 
444 478 4 5 0.038923774 
293 495 5 6 0.038923774 
772 491 5 6 0.038923774 
276 519 6 8 0.038923774 
273 506 6 7 0.038923774 
384 485 4 5 0.038923774 
614 494 4 5 0.038923774 
298 485 5 6 0.038923774 
332 485 4 5 0.038923774 
518 534 10 14 0.038923774 
422 472 4 5 0.038923774 
344 486 4 5 0.038923774 
545 491 6 8 0.038923774 
298 528 6 7 0.038923774 
374 534 7 10 0.038923774 
733 493 5 6 0.038923774 
839 492 7 9 0.038923774 
633 598 21 28 0.036325652 
244 164 24 32 0.036325652 
973 38 53 101 0.036325645 
654 577 19 23 0.036325645 
18 627 27 38 0.036325645 
771 513 8 10 0.035808332 
536 514 6 8 0.035808332 
332 482 4 5 0.035808332 
858 513 7 9 0.035808332 
842 514 7 9 0.035808332 
782 513 7 9 0.035808332 
630 513 7 9 0.035808332 
141 557 9 11 0.035808332 
271 510 5 7 0.035808332 
756 509 6 8 0.035808332 
303 476 4 5 0.035808332 
616 521 7 9 0.035808332 
28 516 7 10 0.035808332 
575 591 10 16 0.035808332 
778 511 7 9 0.035808332 
367 513 7 8 0.035808332 
694 511 6 9 0.035808332 
937 518 12 16 0.035808332 
668 536 9 11 0.035808332 
249 538 7 9 0.035808332 
141 546 14 17 0.035808332 
689 561 9 12 0.035808332 
344 557 8 10 0.035808332 
811 325 9 10 0.035808332 
430 461 4 4 0.035808332 
514 545 8 11 0.035808332 
671 544 9 12 0.035808332 
656 553 7 9 0.035808332 
581 563 12 17 0.035808332 
804 467 5 6 0.035808332 
673 568 12 15 0.035808332 
900 545 14 18 0.035808332 
167 543 12 17 0.035808332 
816 473 7 8 0.035808332 
900 521 7 9 0.035808332 
564 465 3 4 0.035808332 
298 506 5 6 0.035808332 
595 507 5 6 0.035808332 
407 498 5 6 0.035808332 
920 490 4 5 0.035808332 
746 490 4 6 0.035808332 
724 490 4 6 0.035808332 
624 491 4 5 0.035808332 
583 490 5 6 0.035808332 
418 490 4 5 0.035808332 
171 495 4 5 0.035808332 
333 490 4 5 0.035808332 
458 468 5 6 0.035808332 
594 592 10 18 0.035808332 
670 482 4 5 0.035808332 
681 481 4 5 0.035808332 
916 501 6 7 0.035808332 
796 500 5 7 0.035808332 
792 501 6 7 0.035808332 
359 501 5 7 0.035808332 
200 502 6 7 0.035808332 
956 497 6 7 0.035808332 
912 499 5 6 0.035808332 
578 476 5 6 0.035808332 
439 469 4 5 0.035808332 
873 484 5 6 0.035808332 
362 518 5 7 0.035808332 
134 318 9 11 0.035808332 
549 469 5 6 0.035808332 
638 518 6 8 0.035808332 
633 517 8 10 0.035808332 
553 522 10 14 0.035808332 
732 486 4 5 0.035808332 
918 516 7 10 0.035808332 
314 487 4 5 0.035808332 
195 495 4 5 0.035808332 
391 498 5 7 0.035808332 
801 482 6 7 0.035808332 
272 498 5 6 0.035808332 
245 496 5 7 0.035808332 
242 497 6 7 0.035808332 
496 477 4 5 0.035808332 
168 535 8 9 0.035808332 
941 495 5 7 0.035808332 
925 494 5 7 0.035808332 
442 486 5 7 0.035808332 
586 81 212 277 0.034593605 
547 287 104 186 0.034593605 
30 571 22 26 0.033269096 
171 323 26 43 0.033269096 
945 565 29 33 0.033269096 
166 517 7 9 0.03293372 
241 567 8 11 0.03293372 
280 525 7 9 0.03293372 
367 525 7 9 0.03293372 
24 516 8 10 0.03293372 
120 594 14 18 0.03293372 
733 503 5 7 0.03293372 
866 461 4 5 0.03293372 
899 490 6 7 0.03293372 
716 573 14 19 0.03293372 
294 563 7 10 0.03293372 
587 463 5 6 0.03293372 
695 486 4 6 0.03293372 
12 528 14 18 0.03293372 
802 465 4 5 0.03293372 
794 536 14 19 0.03293372 
565 512 6 8 0.03293372 
440 611 16 25 0.03293372 
63 503 5 6 0.03293372 
714 554 9 12 0.03293372 
248 477 7 8 0.03293372 
284 519 6 8 0.03293372 
11 526 8 10 0.03293372 
1007 551 15 24 0.03293372 
671 515 7 9 0.03293372 
62 525 11 14 0.03293372 
375 538 7 9 0.03293372 
37 500 6 8 0.03293372 
288 529 7 8 0.03293372 
515 588 7 12 0.03293372 
460 474 5 7 0.032933712 
497 517 7 8 0.032933712 
270 531 7 10 0.032933712 
621 520 7 9 0.032933712 
346 518 6 8 0.032933712 
357 485 5 6 0.032933712 
866 629 12 23 0.032933712 
472 641 7 11 0.032933712 
183 497 5 6 0.032933712 
757 485 6 6 0.032933712 
363 480 4 5 0.032933712 
536 456 4 5 0.032933712 
502 468 4 5 0.032933712 
310 499 4 5 0.032933712 
277 558 12 13 0.032933712 
677 486 4 5 0.032933712 
735 458 6 7 0.032933712 
401 469 4 5 0.032933712 
946 514 7 9 0.032933712 
742 484 5 7 0.032933712 
775 482 4 5 0.032933712 
502 520 7 9 0.032933712 
271 518 6 8 0.032933712 
771 496 6 8 0.032933712 
954 523 11 15 0.032933712 
703 498 5 6 0.032933712 
319 536 6 8 0.032933712 
669 477 4 5 0.032933712 
876 547 14 17 0.032933712 
221 497 6 8 0.032933712 
1014 518 7 9 0.032933712 
963 499 6 7 0.032933712 
764 481 5 6 0.032933712 
28 539 12 15 0.032933712 
355 543 8 10 0.032933712 
755 575 13 17 0.032933712 
20 535 11 16 0.032933712 
421 499 5 7 0.032933712 
451 490 4 6 0.032933712 
216 489 4 6 0.032933712 
37 623 15 19 0.032933712 
618 509 6 8 0.032933712 
207 502 5 6 0.032933712 
556 504 6 8 0.032933712 
681 500 6 7 0.032933712 
7 532 12 17 0.032933712 
920 478 4 5 0.032933712 
340 493 5 6 0.032933712 
341 490 5 5 0.032933712 
353 490 4 5 0.032933712 
126 543 8 11 0.032933712 
159 547 11 17 0.032933712 
666 474 4 5 0.032933712 
260 556 12 15 0.032933712 
601 522 6 8 0.032933712 
940 502 9 11 0.032933712 
702 502 5 7 0.032933712 
434 464 4 5 0.032933712 
179 524 10 13 0.032933712 
593 505 5 7 0.032933712 
623 480 4 6 0.032933712 
408 506 5 6 0.032933712 
379 506 6 7 0.032933712 
335 506 6 7 0.032933712 
567 468 4 5 0.032933712 
371 477 4 6 0.032933712 
729 489 5 6 0.032933712 
921 480 5 6 0.032933712 
289 353 6 8 0.032933712 
219 288 249 330 0.03163486 
43 204 235 253 0.03163486 
653 21 62 71 0.030461604 
884 623 31 38 0.030461596 
215 316 48 66 0.030461596 
211 630 28 32 0.030461596 
603 563 9 10 0.030282615 
795 476 5 6 0.030282615 
927 501 7 8 0.030282615 
699 503 5 7 0.030282615 
713 520 8 9 0.030282615 
226 556 9 10 0.030282615 
125 593 17 22 0.030282615 
178 506 6 7 0.030282615 
819 646 16 17 0.030282615 
808 504 7 10 0.030282615 
464 489 6 7 0.030282615 
805 447 5 6 0.030282615 
924 504 7 10 0.030282615 
776 499 7 9 0.030282615 
554 489 5 7 0.030282615 
730 470 4 5 0.030282615 
447 480 5 6 0.030282615 
116 527 11 15 0.030282615 
112 509 6 8 0.030282615 
933 523 9 11 0.030282615 
349 494 5 6 0.030282615 
298 523 6 8 0.030282615 
362 524 6 8 0.030282615 
737 472 4 6 0.030282615 
462 608 17 23 0.030282615 
745 481 5 6 0.030282615 
647 573 7 10 0.030282615 
503 476 5 6 0.030282615 
587 503 5 7 0.030282615 
584 503 5 6 0.030282615 
213 489 5 6 0.030282615 
909 547 9 11 0.030282615 
647 490 5 7 0.030282615 
630 552 8 11 0.030282615 
456 482 5 6 0.030282615 
533 460 4 5 0.030282615 
985 575 14 22 0.030282615 
320 489 4 5 0.030282615 
467 508 9 12 0.030282615 
430 477 5 6 0.030282615 
583 468 4 5 0.030282615 
706 476 4 5 0.030282615 
428 511 8 9 0.030282615 
386 502 6 7 0.030282615 
730 472 4 5 0.030282615 
470 461 4 5 0.030282615 
925 479 4 5 0.030282615 
937 486 5 6 0.030282615 
618 493 4 6 0.030282615 
80 564 9 12 0.030282615 
785 473 4 5 0.030282615 
330 514 5 7 0.030282615 
660 517 7 9 0.030282615 
799 496 6 7 0.030282615 
61 520 9 11 0.030282615 
486 531 6 8 0.030282615 
322 536 7 8 0.030282615 
218 486 4 5 0.030282615 
229 478 5 7 0.030282615 
422 485 4 6 0.030282615 
400 460 4 4 0.030282615 
82 519 8 10 0.030282615 
582 515 5 7 0.030282615 
531 514 6 7 0.030282615 
796 473 4 5 0.030282615 
766 496 6 7 0.030282615 
736 553 13 17 0.030282615 
682 515 7 9 0.030282615 
975 517 7 9 0.030282615 
627 515 5 7 0.030282615 
997 508 7 9 0.030282615 
100 515 7 10 0.030282615 
96 515 7 10 0.030282615 
396 477 4 5 0.030282615 
978 497 6 7 0.030282615 
354 485 5 6 0.030282615 
466 485 5 6 0.030282615 
966 513 7 9 0.030282615 
366 541 6 7 0.030282615 
781 480 5 6 0.030282615 
352 537 6 8 0.030282615 
72 477 5 6 0.030282615 
866 473 5 6 0.030282615 
103 517 7 10 0.030282615 
585 465 4 4 0.030282615 
491 452 4 5 0.030282615 
263 497 5 7 0.030282615 
38 552 15 17 0.030282615 
876 610 16 23 0.030282615 
528 469 4 5 0.030282615 
358 498 5 6 0.030282615 
783 492 6 7 0.030282615 
578 485 5 6 0.030282615 
159 530 6 9 0.030282615 
132 533 11 15 0.030282615 
267 517 6 8 0.030282615 
532 518 6 8 0.030282615 
570 519 7 9 0.030282615 
986 493 6 7 0.030282615 
622 485 4 5 0.030282615 
708 294 100 163 0.028921604 
301 264 107 147 0.028921604 
990 617 25 44 0.027884193 
643 60 28 39 0.027884193 
740 584 22 26 0.027884193 
402 610 13 20 0.027838783 
460 461 5 6 0.027838783 
532 464 4 5 0.027838783 
906 498 6 8 0.027838783 
750 481 5 6 0.027838783 
309 502 5 6 0.027838783 
319 501 5 7 0.027838783 
1001 519 9 10 0.027838783 
480 501 5 7 0.027838783 
267 556 7 10 0.027838783 
699 497 5 6 0.027838783 
417 497 5 6 0.027838783 
686 497 5 6 0.027838783 
728 531 6 8 0.027838783 
256 495 6 7 0.027838783 
344 473 5 6 0.027838783 
271 486 4 5 0.027838783 
615 484 4 5 0.027838783 
709 534 8 11 0.027838783 
702 464 4 6 0.027838783 
775 485 5 6 0.027838783 
553 447 4 5 0.027838783 
877 486 6 7 0.027838783 
925 484 5 6 0.027838783 
929 485 4 6 0.027838783 
942 486 5 6 0.027838783 
41 573 9 12 0.027838783 
313 546 9 10 0.027838783 
383 518 6 8 0.027838783 
930 473 4 5 0.027838783 
453 518 7 9 0.027838783 
269 480 4 5 0.027838783 
345 489 4 6 0.027838783 
271 481 4 5 0.027838783 
455 494 5 6 0.027838783 
486 461 4 6 0.027838783 
664 494 5 6 0.027838783 
603 477 4 6 0.027838783 
404 468 4 5 0.027838783 
713 558 12 17 0.027838783 
235 614 15 20 0.027838783 
241 529 9 10 0.027838783 
172 496 10 12 0.027838783 
208 498 5 6 0.027838783 
353 497 5 6 0.027838783 
794 473 4 5 0.027838783 
517 472 6 7 0.027838783 
970 515 7 9 0.027838783 
356 551 8 11 0.027838783 
310 505 6 7 0.027838783 
755 522 9 11 0.027838783 
558 480 5 6 0.027838783 
397 482 4 5 0.027838783 
945 509 7 9 0.027838783 
738 547 8 10 0.027838783 
154 524 5 7 0.027838783 
364 544 6 8 0.027838783 
264 514 7 8 0.027838783 
302 514 6 8 0.027838783 
998 500 6 7 0.027838783 
445 552 8 11 0.027838783 
729 481 4 5 0.027838783 
980 533 13 16 0.027838783 
587 473 4 5 0.027838783 
476 505 6 7 0.027838783 
310 515 6 8 0.027838783 
600 548 14 18 0.027838783 
88 564 13 17 0.027838783 
399 491 5 6 0.027838783 
623 469 4 5 0.027838783 
562 489 6 7 0.027838783 
617 490 5 6 0.027838783 
666 489 4 6 0.027838783 
733 489 5 7 0.027838783 
613 462 5 6 0.027838783 
573 523 7 8 0.027838783 
588 511 6 7 0.027838783 
648 471 4 5 0.027838783 
312 553 9 10 0.027838783 
325 543 7 9 0.027838783 
498 456 4 6 0.027838783 
419 510 6 8 0.027838783 
480 511 5 7 0.027838783 
285 510 5 7 0.027838783 
99 507 10 14 0.027838778 
92 509 6 8 0.027838778 
99 493 6 7 0.027838778 
555 535 7 9 0.027838778 
276 498 5 7 0.027838778 
495 456 4 5 0.027838778 
215 510 6 8 0.027838778 
379 493 5 7 0.027838778 
600 579 8 11 0.027838778 
732 534 8 11 0.027838778 
8 521 12 18 0.027838778 
442 495 6 7 0.027838778 
257 659 23 25 0.027838778 
435 486 4 5 0.027838778 
846 496 7 9 0.027838778 
511 516 8 10 0.027838778 
448 474 5 6 0.027838778 
708 517 6 8 0.027838778 
626 485 5 6 0.027838778 
363 486 4 6 0.027838778 
584 486 4 5 0.027838778 
401 497 5 6 0.027838778 
29 573 12 17 0.027838778 
341 474 5 6 0.027838778 
554 481 5 6 0.027838778 
266 488 6 7 0.027838778 
664 540 8 10 0.027838778 
783 508 7 9 0.027838778 
554 469 5 6 0.027838778 
784 478 4 5 0.027838778 
491 602 13 16 0.027838778 
152 526 7 9 0.027838778 
790 478 5 6 0.027838778 
764 490 4 5 0.027838778 
604 505 5 7 0.027838778 
790 505 6 7 0.027838778 
812 505 8 10 0.027838778 
450 504 7 8 0.027838778 
626 491 5 6 0.027838778 
764 465 4 5 0.027838778 
660 490 5 6 0.027838778 
283 210 111 147 0.026434705 
881 508 10 11 0.02558696 
417 566 7 11 0.02558696 
570 589 10 17 0.02558696 
648 571 12 17 0.02558696 
340 535 6 8 0.02558696 
5 512 6 8 0.02558696 
305 477 4 5 0.02558696 
259 478 4 6 0.02558696 
590 518 6 8 0.02558696 
416 522 6 8 0.02558696 
714 510 6 8 0.02558696 
551 447 4 5 0.02558696 
717 582 9 13 0.02558696 
309 510 5 7 0.02558696 
921 472 4 5 0.02558696 
377 477 5 6 0.02558696 
275 525 6 9 0.02558696 
195 664 23 19 0.02558696 
1008 515 9 10 0.02558696 
624 529 8 11 0.02558696 
422 494 4 5 0.02558696 
965 510 7 9 0.02558696 
933 510 6 8 0.02558696 
479 518 7 10 0.02558696 
223 511 8 9 0.02558696 
268 534 7 10 0.02558696 
688 507 8 10 0.02558696 
797 519 14 15 0.02558696 
122 523 11 14 0.02558696 
625 510 5 7 0.02558696 
400 471 4 5 0.02558696 
696 519 7 10 0.02558696 
368 512 10 14 0.02558696 
618 535 7 10 0.02558696 
934 482 4 5 0.02558696 
121 623 15 20 0.02558696 
284 514 6 8 0.02558696 
537 468 4 5 0.02558696 
266 547 10 15 0.02558696 
45 521 6 9 0.02558696 
528 543 7 9 0.02558696 
551 541 9 11 0.02558696 
409 510 6 7 0.02558696 
38 628 9 11 0.02558696 
657 472 4 5 0.02558696 
336 490 4 5 0.02558696 
671 590 10 12 0.02558696 
530 461 3 5 0.02558696 
628 121 7 9 0.02558696 
531 540 8 10 0.02558696 
822 514 8 11 0.02558696 
674 536 8 10 0.02558696 
934 476 4 5 0.02558696 
550 518 6 7 0.02558696 
378 484 4 6 0.02558696 
375 484 5 6 0.02558696 
949 513 11 13 0.02558696 
887 484 4 6 0.02558696 
55 529 11 16 0.02558696 
413 497 5 6 0.02558696 
992 535 9 11 0.02558696 
252 565 11 16 0.02558696 
592 481 4 5 0.02558696 
476 463 5 6 0.02558696 
796 488 5 7 0.02558696 
541 473 4 5 0.02558696 
605 481 4 5 0.02558696 
301 506 5 6 0.02558696 
890 490 5 7 0.02558696 
420 504 7 9 0.02558696 
413 463 5 5 0.02558696 
812 461 6 8 0.02558696 
636 480 5 6 0.02558696 
787 588 8 13 0.02558696 
361 505 6 7 0.02558696 
480 302 19 24 0.02558696 
457 580 12 17 0.02558696 
588 461 4 5 0.02558696 
887 481 5 6 0.02558696 
121 520 8 10 0.02558696 
232 497 7 8 0.02558696 
584 476 4 5 0.02558696 
866 464 5 6 0.02558696 
327 519 6 7 0.02558696 
589 498 5 6 0.02558696 
834 518 7 9 0.02558696 
893 513 7 8 0.02558696 
254 504 6 8 0.02558696 
755 528 8 11 0.02558696 
109 508 6 8 0.02558696 
384 497 5 7 0.02558696 
387 496 6 7 0.02558696 
515 507 5 6 0.02558696 
855 490 6 7 0.02558696 
899 514 6 8 0.02558696 
613 498 4 5 0.02558696 
874 488 6 7 0.02558696 
344 498 4 6 0.02558696 
124 577 16 20 0.02558696 
871 501 7 8 0.02558696 
480 472 5 6 0.02558696 
59 519 6 8 0.02558696 
737 494 5 6 0.02558696 
280 503 5 7 0.02558696 
729 493 6 8 0.02558696 
417 561 7 11 0.02558696 
170 497 5 7 0.02558696 
562 468 4 5 0.02558696 
186 499 5 6 0.02558696 
657 496 5 7 0.02558696 
724 531 7 9 0.02558696 
811 644 15 21 0.02558696 
689 496 6 7 0.02558696 
429 473 4 5 0.02558696 
59 503 4 5 0.02558696 
520 530 8 10 0.02558696 
804 518 8 9 0.02558696 
379 528 5 7 0.02558696 
756 518 8 9 0.02558696 
556 515 6 7 0.02558696 
448 536 8 11 0.02558696 
191 502 5 6 0.02558696 
857 525 7 9 0.02558696 
975 564 14 21 0.02558696 
754 493 5 7 0.02558696 
616 526 8 10 0.02558696 
429 501 6 8 0.02558696 
427 464 4 5 0.02558696 
96 502 6 8 0.02558696 
41 518 7 10 0.02558696 
861 492 5 7 0.02558696 
901 491 11 14 0.02558696 
281 554 11 14 0.02558696 
906 492 6 7 0.02558696 
37 624 25 31 0.025519116 
992 547 20 26 0.025519116 
764 5 68 69 0.025519116 
868 539 45 50 0.025519116 
835 550 20 23 0.025519116 
981 595 28 33 0.025519116 
222 284 65 96 0.025519116 
13 601 24 31 0.025519116 
612 233 197 246 0.024156325 
926 128 106 188 0.024156325 
437 514 6 9 0.02351288 
525 516 5 6 0.02351288 
747 468 4 5 0.02351288 
350 543 10 14 0.02351288 
359 514 5 6 0.02351288 
336 523 6 8 0.02351288 
404 461 4 4 0.02351288 
767 505 10 12 0.02351288 
892 544 11 14 0.02351288 
684 512 8 10 0.02351288 
444 511 6 8 0.02351288 
430 481 4 6 0.02351288 
374 521 7 8 0.02351288 
272 522 6 8 0.02351288 
520 541 7 10 0.02351288 
485 455 4 5 0.02351288 
536 548 13 18 0.02351288 
860 515 11 14 0.02351288 
940 548 12 17 0.02351288 
117 506 5 6 0.02351288 
59 527 8 11 0.02351288 
174 505 6 7 0.02351288 
837 548 13 16 0.02351288 
166 502 5 6 0.02351288 
140 516 6 8 0.02351288 
160 514 6 8 0.02351288 
786 469 3 4 0.02351288 
595 514 6 8 0.02351288 
328 514 6 7 0.02351288 
400 510 6 7 0.02351288 
481 506 5 7 0.02351288 
208 330 8 10 0.02351288 
491 464 4 5 0.02351288 
927 508 7 9 0.02351288 
738 497 5 6 0.02351288 
727 498 6 7 0.02351288 
959 502 6 8 0.02351288 
263 503 6 7 0.02351288 
273 502 6 7 0.02351288 
26 551 12 17 0.02351288 
880 501 7 8 0.02351288 
760 526 8 10 0.02351288 
652 478 4 5 0.02351288 
912 511 8 9 0.02351288 
686 555 12 15 0.02351288 
925 497 6 7 0.02351288 
404 478 4 5 0.02351288 
435 95 6 7 0.02351288 
602 501 6 7 0.02351288 
494 452 4 5 0.02351288 
439 496 5 7 0.02351288 
196 501 5 6 0.02351288 
79 501 11 13 0.02351288 
83 503 6 8 0.02351288 
787 508 7 9 0.02351288 
578 501 5 7 0.02351288 
5 526 12 17 0.02351288 
417 502 6 8 0.02351288 
176 540 7 9 0.02351288 
766 479 10 12 0.02351288 
744 496 6 8 0.02351288 
54 504 5 6 0.02351288 
289 505 5 6 0.02351288 
151 531 8 10 0.02351288 
400 485 4 5 0.02351288 
455 530 6 8 0.02351288 
586 363 8 10 0.02351288 
213 497 4 6 0.02351288 
656 488 4 6 0.02351288 
834 625 14 21 0.02351288 
979 533 8 11 0.02351288 
897 480 6 7 0.02351288 
263 519 6 7 0.02351288 
251 489 5 6 0.02351288 
567 492 6 7 0.02351288 
362 580 7 13 0.02351288 
375 489 4 6 0.02351288 
348 489 5 6 0.02351288 
541 477 4 5 0.02351288 
563 454 5 6 0.02351288 
399 494 5 6 0.02351288 
699 495 5 6 0.02351288 
32 631 16 24 0.02351288 
580 518 6 7 0.02351288 
925 473 4 5 0.02351288 
580 490 5 6 0.02351288 
970 529 8 11 0.02351288 
557 490 6 7 0.02351288 
593 485 4 5 0.02351288 
41 495 6 8 0.02351288 
156 519 6 7 0.02351288 
555 562 9 11 0.02351288 
555 530 8 10 0.02351288 
365 576 13 19 0.02351288 
558 456 4 5 0.02351288 
890 482 5 6 0.02351288 
953 521 8 10 0.02351288 
85 546 8 10 0.02351288 
130 538 8 12 0.02351288 
435 476 4 5 0.02351288 
721 490 4 6 0.02351288 
783 485 9 12 0.02351288 
320 486 4 5 0.02351288 
757 489 6 6 0.02351288 
74 559 13 17 0.02351288 
793 488 5 7 0.02351288 
139 535 11 15 0.02351288 
665 580 8 14 0.02351288 
783 344 6 9 0.02351288 
542 435 4 5 0.02351288 
278 491 4 5 0.02351288 
775 519 8 11 0.02351288 
362 587 8 14 0.02351288 
779 504 8 10 0.02351288 
763 484 5 6 0.02351288 
62 550 8 11 0.02351288 
390 552 7 10 0.02351288 
387 553 7 9 0.02351288 
354 480 5 6 0.02351288 
180 510 6 7 0.02351288 
464 589 16 20 0.02351288 
228 510 7 9 0.02351288 
353 510 5 7 0.02351288 
245 573 8 10 0.02351288 
947 473 3 4 0.02351288 
344 481 4 5 0.02351288 
438 476 4 5 0.02351288 
369 535 7 9 0.02351288 
228 494 6 7 0.02351288 
737 485 5 6 0.02351288 
785 534 8 11 0.02351288 
660 486 4 6 0.02351288 
709 493 12 14 0.02351288 
652 493 4 5 0.02351288 
1013 545 8 10 0.02351288 
837 618 16 24 0.02351288 
838 632 8 12 0.02351288 
254 518 6 8 0.02351288 
896 493 5 7 0.02351288 
683 562 12 14 0.02351288 
298 495 5 6 0.02351288 
413 489 5 6 0.02351288 
598 478 4 5 0.02351288 
486 476 6 7 0.02351288 
357 494 5 6 0.02351288 
246 535 6 8 0.02351288 
398 464 3 4 0.02351288 
644 485 4 5 0.02351288 
459 489 5 7 0.02351288 
550 457 4 5 0.02351288 
203 494 4 6 0.02351288 
663 165 71 85 0.023349825 
20 529 20 25 0.023349825 
27 535 21 25 0.023349825 
160 305 49 69 0.023349825 
851 564 20 26 0.023349825 
238 327 51 68 0.023349825 
550 548 18 23 0.023349825 
29 552 20 23 0.023349825 
292 545 7 9 0.0216032 
516 469 6 7 0.0216032 
679 570 9 12 0.0216032 
548 504 8 9 0.021603195 
675 505 6 8 0.021603195 
88 502 6 8 0.021603195 
702 506 7 9 0.021603195 
446 497 6 7 0.021603195 
511 507 5 6 0.021603195 
970 504 6 8 0.021603195 
70 510 7 9 0.021603195 
802 480 11 13 0.021603195 
124 509 7 8 0.021603195 
327 509 5 7 0.021603195 
522 510 6 7 0.021603195 
531 510 6 9 0.021603195 
673 499 6 7 0.021603195 
610 490 4 5 0.021603195 
575 490 5 6 0.021603195 
583 510 6 7 0.021603195 
590 495 10 11 0.021603195 
813 487 7 8 0.021603195 
636 490 4 5 0.021603195 
451 485 5 6 0.021603195 
485 485 5 6 0.021603195 
553 486 5 6 0.021603195 
576 485 5 6 0.021603195 
681 486 4 5 0.021603195 
686 487 4 5 0.021603195 
755 485 5 6 0.021603195 
617 498 5 6 0.021603195 
178 490 4 5 0.021603195 
327 489 5 6 0.021603195 
51 510 5 6 0.021603195 
428 506 7 8 0.021603195 
753 590 7 10 0.021603195 
224 505 6 7 0.021603195 
237 497 7 9 0.021603195 
251 502 7 9 0.021603195 
448 501 5 7 0.021603195 
463 502 6 8 0.021603195 
661 501 6 7 0.021603195 
386 505 5 7 0.021603195 
919 502 6 8 0.021603195 
51 506 6 7 0.021603195 
145 505 6 8 0.021603195 
207 507 7 8 0.021603195 
531 535 7 9 0.021603195 
377 497 6 6 0.021603195 
215 533 7 10 0.021603195 
898 509 6 8 0.021603195 
544 515 7 9 0.021603195 
199 517 5 7 0.021603195 
676 515 6 8 0.021603195 
794 514 7 9 0.021603195 
75 518 6 9 0.021603195 
1000 523 8 11 0.021603195 
143 530 8 10 0.021603195 
45 514 5 7 0.021603195 
821 509 8 10 0.021603195 
385 530 7 10 0.021603195 
468 516 7 9 0.021603195 
966 516 8 10 0.021603195 
251 517 7 8 0.021603195 
249 523 7 9 0.021603195 
313 521 6 8 0.021603195 
597 523 6 8 0.021603195 
107 516 8 11 0.021603195 
362 526 10 13 0.021603195 
530 531 7 9 0.021603195 
291 527 7 8 0.021603195 
471 526 6 8 0.021603195 
913 493 5 7 0.021603195 
557 511 5 6 0.021603195 
298 519 6 8 0.021603195 
925 490 5 6 0.021603195 
930 489 5 6 0.021603195 
969 488 6 6 0.021603195 
212 494 5 6 0.021603195 
26 498 4 6 0.021603195 
766 526 6 9 0.021603195 
655 525 6 8 0.021603195 
781 518 12 15 0.021603195 
170 522 12 16 0.021603195 
86 550 9 12 0.021603195 
530 548 13 18 0.021603195 
447 486 5 7 0.021603195 
373 552 7 9 0.021603195 
337 485 4 5 0.021603195 
502 458 6 7 0.021603195 
94 481 4 5 0.021603195 
426 476 4 5 0.021603195 
577 546 8 11 0.021603195 
446 552 11 16 0.021603195 
460 552 9 12 0.021603195 
682 477 4 5 0.021603195 
665 481 4 5 0.021603195 
524 472 5 6 0.021603195 
644 482 4 6 0.021603195 
944 473 3 4 0.021603195 
491 467 5 6 0.021603195 
558 465 4 4 0.021603195 
638 480 6 7 0.021603195 
869 478 9 12 0.021603195 
865 466 6 7 0.021603195 
349 469 4 5 0.021603195 
186 473 5 6 0.021603195 
767 465 4 5 0.021603195 
584 473 4 5 0.021603195 
634 468 4 5 0.021603195 
418 469 4 5 0.021603195 
111 465 4 5 0.021603195 
788 472 4 5 0.021603195 
384 478 4 5 0.021603195 
302 485 4 6 0.021603195 
580 466 3 4 0.021603195 
570 469 4 5 0.021603195 
678 477 4 5 0.021603195 
737 469 4 5 0.021603195 
804 364 7 8 0.021603195 
703 453 5 6 0.021603195 
290 486 4 6 0.021603195 
886 473 5 5 0.021603195 
656 478 4 5 0.021603195 
929 478 4 5 0.021603195 
69 479 6 8 0.021603195 
480 469 4 5 0.021603195 
133 485 5 6 0.021603195 
593 460 4 4 0.021603195 
930 469 4 4 0.021603195 
213 487 4 5 0.021603195 
523 456 5 6 0.021603195 
381 616 22 25 0.021603195 
622 594 15 21 0.021603195 
790 588 15 24 0.021603195 
197 608 8 9 0.021603195 
450 610 17 25 0.021603195 
894 625 17 20 0.021603195 
750 562 11 17 0.021603195 
323 537 10 13 0.021603195 
336 539 7 9 0.021603195 
710 539 8 11 0.021603195 
674 541 8 11 0.021603195 
378 542 7 8 0.021603195 
395 616 14 19 0.021603195 
256 561 12 15 0.021603195 
195 563 9 11 0.021603195 
330 542 10 13 0.021603195 
251 542 9 12 0.021603195 
693 544 8 12 0.021603195 
122 546 8 10 0.021603195 
871 625 21 31 0.021360904 
253 151 47 60 0.021360904 
214 49 83 104 0.021360898 
258 159 26 33 0.021360898 
133 49 71 104 0.021360898 
760 47 78 101 0.021360898 
843 547 20 23 0.021360898 
81 651 26 25 0.021360898 
993 558 21 27 0.021360898 
500 657 20 25 0.021360898 
79 609 22 27 0.021360898 
868 612 21 29 0.021360898 
15 579 23 28 0.021360898 
807 115 200 250 0.020159906 
631 131 123 183 0.0201599 
