2_Demonstration_Demonstration_Or_Protest_2_162
105
607 155 29 37 0.99813616 
443 141 46 58 0.9953797 
527 184 27 36 0.9944617 
688 105 144 206 0.9943938 
244 96 144 206 0.9831867 
95 223 25 31 0.9439019 
56 227 212 289 0.864054 
557 185 17 25 0.8384248 
2 214 25 41 0.811072 
372 215 183 228 0.6769414 
163 129 186 257 0.5 
152 227 20 25 0.3933377 
79 23 62 85 0.34582695 
246 120 70 101 0.34582692 
140 243 151 203 0.3436022 
570 265 17 29 0.26116365 
43 304 112 151 0.24794048 
74 244 12 19 0.2141799 
598 405 100 153 0.12544508 
17 345 194 232 0.1065206 
92 13 167 242 0.09803478 
583 67 228 277 0.09803478 
204 90 111 160 0.09015675 
609 202 13 20 0.08787667 
965 198 13 17 0.08787667 
471 455 69 80 0.08567618 
487 195 22 27 0.08567616 
834 162 81 142 0.08285364 
28 -30 160 257 0.08285364 
38 1 43 56 0.07880669 
957 214 7 10 0.074940585 
806 306 175 265 0.06984132 
-1 389 112 191 0.064067975 
589 26 128 175 0.064067975 
774 75 12 15 0.06377564 
415 207 53 68 0.06111947 
514 270 60 74 0.06111947 
920 198 12 17 0.05879275 
582 211 51 58 0.056098126 
-1 5 34 66 0.056098126 
869 336 101 160 0.053832814 
971 150 14 17 0.04990379 
609 194 12 17 0.049903784 
768 138 112 163 0.04931264 
125 284 53 66 0.047198545 
419 1 51 58 0.047198545 
561 258 31 46 0.047198545 
959 176 8 10 0.04595155 
42 5 100 163 0.045153897 
421 451 222 265 0.045153897 
564 235 48 60 0.039651502 
192 275 79 113 0.039651502 
24 265 23 33 0.039651494 
895 149 23 30 0.036325652 
92 201 25 30 0.036325645 
505 5 197 253 0.034593605 
463 186 188 253 0.034593593 
592 218 34 31 0.033269096 
34 318 76 102 0.033269096 
48 12 57 82 0.033269096 
593 239 43 61 0.033269096 
742 73 9 11 0.03293372 
947 249 11 17 0.03293372 
158 218 18 22 0.03293372 
659 282 17 20 0.032933712 
331 450 215 294 0.03163486 
614 261 27 37 0.030461604 
361 434 33 41 0.030461596 
112 264 57 66 0.030461596 
969 193 13 17 0.030282615 
955 214 11 16 0.030282615 
609 193 8 11 0.030282607 
810 42 209 261 0.028921604 
7 153 53 94 0.027884193 
133 255 25 28 0.027884193 
485 661 26 22 0.027884193 
107 230 20 25 0.027838783 
941 222 8 10 0.027838783 
473 0 16 15 0.027838778 
193 209 8 10 0.027838778 
595 217 20 20 0.02558696 
189 205 8 11 0.02558696 
603 205 28 29 0.025519116 
540 250 46 74 0.025519116 
512 467 78 63 0.025519116 
78 276 54 68 0.025519116 
639 387 100 167 0.024156325 
950 245 7 11 0.02351288 
559 187 10 14 0.02351288 
741 88 6 8 0.02351288 
746 92 4 5 0.02351288 
925 196 15 20 0.02351288 
978 156 8 10 0.02351288 
6 -5 51 94 0.023349825 
164 570 46 70 0.023349825 
407 9 34 44 0.023349825 
178 -1 31 31 0.023349825 
224 216 13 16 0.021603195 
152 202 8 10 0.021603195 
995 175 14 20 0.021603195 
90 43 39 51 0.021360904 
573 170 20 26 0.021360898 
611 452 51 73 0.021360898 
632 264 73 101 0.021360898 
182 267 31 31 0.021360898 
