2_Demonstration_Political_Rally_2_286
62
813 644 70 138 0.9977647 
61 576 242 565 0.94616723 
439 718 64 125 0.9439019 
821 199 188 509 0.8001182 
24 663 69 227 0.76563126 
154 234 200 473 0.52310073 
208 745 200 540 0.47689918 
113 617 138 390 0.3436022 
448 35 172 509 0.24794048 
670 853 215 582 0.2311026 
33 666 111 322 0.15916684 
507 1182 82 219 0.15056497 
368 718 167 509 0.13594593 
804 212 16 44 0.1293704 
276 1095 111 357 0.1065206 
584 203 200 540 0.1065206 
209 985 228 502 0.09015675 
730 134 28 74 0.08567616 
52 290 330 635 0.08285364 
375 338 6 16 0.08117401 
734 250 200 573 0.076092646 
467 739 46 89 0.06655858 
750 999 123 390 0.064067975 
519 285 114 282 0.064067975 
66 516 51 118 0.06111947 
807 174 8 20 0.054176662 
611 953 21 55 0.051466707 
410 850 215 599 0.04931264 
337 31 232 626 0.04931264 
720 95 47 116 0.04326818 
831 101 15 41 0.04229837 
118 782 206 495 0.04133062 
601 362 130 317 0.04133061 
707 654 228 502 0.04133061 
437 240 116 385 0.03781825 
147 705 88 230 0.033269096 
110 94 6 16 0.032933712 
642 277 19 50 0.032933712 
826 416 104 270 0.03163486 
720 1225 55 140 0.030461604 
881 113 19 47 0.030282615 
101 72 4 11 0.030282615 
92 1063 132 363 0.028921604 
525 108 114 342 0.028921604 
310 890 124 282 0.026434705 
411 80 128 439 0.026434705 
616 108 13 34 0.02558696 
826 174 8 20 0.02558696 
807 219 9 24 0.02558696 
798 1099 64 212 0.025519116 
788 324 34 85 0.025519116 
142 109 6 16 0.02351288 
158 111 12 30 0.02351288 
374 350 6 18 0.02351288 
99 1223 75 212 0.023349825 
428 732 103 278 0.022069868 
27 474 5 15 0.021603195 
753 228 8 23 0.021603195 
3 266 25 72 0.021360898 
723 968 27 56 0.021360898 
44 901 218 556 0.020159906 
338 983 209 565 0.0201599 
