2_Demonstration_Demonstration_Or_Protest_2_600
516
43 240 71 91 0.99813616 
152 310 31 36 0.9933628 
190 144 18 22 0.989082 
639 150 16 22 0.98704255 
481 302 24 30 0.9863452 
889 278 46 78 0.97665024 
818 305 33 46 0.9721158 
799 150 13 16 0.9641916 
943 146 14 18 0.96107626 
26 104 12 16 0.9577016 
380 148 14 18 0.95009625 
222 384 32 50 0.94853324 
868 224 21 25 0.94120723 
564 127 13 16 0.94120723 
57 61 8 9 0.94120723 
676 350 35 43 0.9388805 
852 136 12 18 0.92505944 
4 31 9 12 0.92505944 
254 109 11 14 0.91882604 
952 409 25 36 0.91432387 
900 124 10 12 0.9121234 
227 104 10 12 0.8972024 
27 43 8 11 0.8972024 
283 156 17 21 0.87062955 
55 150 17 22 0.84982324 
241 163 13 17 0.8384248 
123 112 12 14 0.8263381 
505 145 17 21 0.8263381 
113 36 9 12 0.8263381 
834 118 9 11 0.8000445 
701 129 11 15 0.8000445 
596 110 9 10 0.8000445 
733 147 12 16 0.7858201 
658 116 10 11 0.78582007 
541 113 8 10 0.7388364 
960 123 10 12 0.7388364 
172 104 9 11 0.7217721 
69 49 8 10 0.7040394 
793 116 11 14 0.6856687 
437 108 8 10 0.64717066 
274 59 8 10 0.6271395 
455 114 7 9 0.6271395 
0 158 12 25 0.6271395 
954 264 21 26 0.61190087 
1001 86 9 12 0.60666233 
685 101 10 14 0.60666233 
220 51 11 13 0.5858033 
821 112 7 9 0.5432222 
84 45 9 10 0.5216516 
621 97 7 11 0.5216516 
186 66 6 8 0.5 
731 109 13 15 0.47834834 
581 111 7 10 0.47834834 
81 104 9 12 0.45677772 
773 121 8 11 0.45677772 
918 157 13 16 0.45677772 
921 115 6 8 0.43536806 
760 119 8 9 0.43536806 
885 111 5 7 0.43536806 
709 159 9 10 0.4141967 
842 287 46 78 0.36670664 
151 55 7 10 0.35282937 
402 106 11 14 0.35282937 
481 110 8 9 0.35282937 
33 158 16 19 0.33330244 
314 104 12 14 0.33330244 
243 58 7 9 0.31433135 
697 175 11 15 0.31433132 
633 111 7 10 0.29596066 
500 111 9 10 0.29596066 
468 115 7 8 0.29596066 
346 313 22 27 0.268611 
135 160 31 36 0.23436876 
372 115 8 9 0.22912635 
688 341 36 58 0.21842523 
394 187 19 24 0.2141799 
923 161 14 18 0.2141799 
914 390 27 30 0.188928 
995 390 24 36 0.188928 
705 130 12 15 0.17366186 
911 113 6 7 0.17366186 
446 383 34 45 0.16258556 
894 144 11 14 0.16157512 
154 164 16 25 0.16157512 
250 510 218 260 0.15916684 
827 293 40 64 0.15056497 
201 280 19 21 0.15017675 
639 119 7 9 0.15017675 
423 169 9 11 0.13944872 
791 121 10 12 0.13944872 
636 145 14 20 0.13944872 
367 402 67 72 0.13928533 
199 387 50 60 0.12872264 
653 347 48 60 0.12872264 
945 619 31 48 0.12872264 
609 98 10 15 0.11991897 
562 108 8 11 0.11991897 
604 111 8 10 0.11991897 
992 368 27 42 0.118850335 
863 278 51 78 0.118850335 
65 139 14 17 0.111069925 
908 114 7 8 0.111069925 
420 118 8 10 0.10279763 
851 134 8 13 0.10279763 
391 120 11 15 0.10279763 
902 150 9 12 0.10279763 
60 143 16 19 0.102797605 
926 167 13 17 0.102797605 
123 166 34 40 0.10106142 
277 223 191 231 0.09803478 
504 190 9 13 0.09507551 
513 320 14 16 0.09507551 
979 117 12 17 0.09507551 
655 141 15 19 0.09507551 
372 128 8 11 0.09507551 
615 96 11 14 0.09507551 
884 113 7 9 0.09507551 
932 133 6 7 0.09507551 
987 306 25 29 0.09308395 
432 411 53 78 0.09308393 
504 111 8 9 0.08787667 
918 136 7 9 0.08787667 
305 128 13 18 0.08787667 
928 198 12 19 0.08787667 
724 144 19 24 0.08567616 
725 142 13 16 0.08117401 
433 167 11 14 0.08117401 
960 127 12 17 0.08117401 
608 160 12 14 0.08117401 
702 333 43 65 0.07880669 
146 392 28 31 0.07880669 
27 149 18 24 0.074940585 
283 151 13 17 0.074940585 
356 298 9 11 0.07494057 
645 356 35 43 0.072444364 
910 295 35 52 0.072444364 
778 112 6 8 0.0691498 
773 147 8 9 0.0691498 
302 96 6 8 0.0691498 
944 487 24 40 0.06655857 
512 136 8 9 0.06377564 
948 153 15 19 0.06377564 
0 2 6 8 0.06377564 
834 123 9 12 0.06377564 
431 153 9 12 0.06377564 
965 263 18 23 0.06377564 
153 126 14 18 0.06377564 
909 241 23 27 0.06111947 
980 122 19 24 0.06111947 
990 94 6 7 0.05879275 
827 137 15 17 0.05879275 
758 621 20 26 0.05879275 
251 76 7 8 0.05879275 
967 136 7 10 0.05879275 
833 132 14 17 0.05879275 
76 102 12 15 0.05879275 
929 192 8 13 0.05879275 
916 115 6 8 0.05879275 
289 152 10 12 0.05879275 
950 162 13 18 0.05879275 
704 157 11 14 0.05879275 
724 141 9 12 0.05879275 
112 352 253 256 0.05874174 
92 159 21 26 0.056098126 
914 148 14 17 0.054176662 
634 113 10 13 0.054176662 
405 127 13 17 0.054176662 
510 328 17 19 0.054176662 
512 149 10 13 0.054176662 
893 121 5 7 0.054176662 
762 198 6 7 0.054176662 
977 115 8 13 0.054176662 
988 308 7 9 0.04990379 
654 128 14 18 0.04990379 
150 49 13 16 0.04990379 
229 167 12 18 0.04990379 
811 611 12 21 0.04990379 
867 132 7 10 0.04990379 
440 167 9 11 0.04990379 
237 57 7 9 0.049903784 
1004 81 6 8 0.049903784 
73 134 16 20 0.049903784 
440 388 60 71 0.047198545 
632 628 26 31 0.047198545 
979 406 46 91 0.047198545 
517 394 25 35 0.047198545 
798 282 49 68 0.047198545 
860 227 31 40 0.047198545 
318 128 13 16 0.04595155 
993 91 5 8 0.04595155 
477 108 10 13 0.04595155 
23 95 8 11 0.04595155 
889 155 7 9 0.04595155 
83 50 8 11 0.045951538 
733 118 12 15 0.045951538 
942 148 9 12 0.045951538 
408 227 10 14 0.045951538 
824 114 8 10 0.045951538 
326 287 111 144 0.045153886 
715 497 212 252 0.045153886 
926 299 30 41 0.04326818 
14 256 59 67 0.04326818 
952 408 45 63 0.04326818 
837 573 42 38 0.04326818 
777 120 8 11 0.04229837 
981 96 5 6 0.04229837 
552 132 8 11 0.04229837 
966 191 7 9 0.04229837 
912 139 12 16 0.04229837 
377 111 8 9 0.04229837 
878 116 6 8 0.04229837 
533 186 15 19 0.04229837 
280 469 12 21 0.04229837 
799 250 5 7 0.04229837 
889 134 6 8 0.04229837 
937 145 8 11 0.04229837 
464 114 7 10 0.04229837 
976 154 6 8 0.04229837 
69 137 9 10 0.04229837 
908 178 13 19 0.04229837 
712 132 9 12 0.04229837 
327 115 8 11 0.04229837 
644 146 17 21 0.04229837 
267 236 106 179 0.04133061 
364 208 28 35 0.039651502 
184 630 28 30 0.039651494 
114 164 29 36 0.039651494 
765 116 7 9 0.038923774 
109 126 11 15 0.038923774 
775 115 8 10 0.038923774 
826 119 7 10 0.038923774 
788 112 7 9 0.038923774 
496 107 9 11 0.038923774 
728 110 9 11 0.038923774 
643 614 5 6 0.038923774 
415 104 6 7 0.038923774 
813 125 6 8 0.038923774 
411 105 8 10 0.038923774 
902 146 7 10 0.038923774 
953 275 22 29 0.038923774 
234 56 6 8 0.038923774 
241 169 16 22 0.038923774 
432 89 7 9 0.038923774 
203 189 23 28 0.036325652 
954 285 29 37 0.036325652 
192 403 37 46 0.036325652 
975 412 16 22 0.035808332 
338 106 12 16 0.035808332 
941 260 16 24 0.035808332 
851 111 7 8 0.035808332 
998 86 8 10 0.035808332 
172 111 9 11 0.035808332 
906 146 7 10 0.035808332 
890 149 9 12 0.035808332 
920 150 10 12 0.035808332 
975 152 6 7 0.035808332 
740 148 11 16 0.035808332 
796 152 9 12 0.035808332 
23 113 8 12 0.035808332 
100 157 15 18 0.035808332 
841 136 9 11 0.035808332 
221 130 14 18 0.035808332 
156 129 17 21 0.035808332 
911 140 7 9 0.035808332 
468 123 8 11 0.035808332 
935 163 8 10 0.035808332 
890 145 8 10 0.035808332 
763 118 11 15 0.035808332 
997 90 9 13 0.035808332 
132 150 26 33 0.033269096 
994 355 25 30 0.033269096 
78 167 26 32 0.033269096 
323 293 47 55 0.033269096 
394 104 8 10 0.03293372 
501 149 9 12 0.03293372 
737 111 9 10 0.03293372 
71 79 12 17 0.03293372 
446 104 6 8 0.03293372 
907 142 7 9 0.03293372 
727 153 10 14 0.03293372 
970 176 9 12 0.032933712 
825 139 9 11 0.032933712 
930 161 13 17 0.032933712 
911 176 8 10 0.032933712 
269 228 12 16 0.032933712 
637 143 9 12 0.032933712 
252 138 12 18 0.032933712 
779 108 6 8 0.032933712 
942 172 7 9 0.032933712 
69 41 9 10 0.032933712 
889 116 6 7 0.032933712 
707 109 8 10 0.032933712 
888 111 6 8 0.032933712 
154 61 8 10 0.032933712 
748 151 7 9 0.032933712 
758 120 12 17 0.032933712 
399 492 249 280 0.03163486 
435 432 29 52 0.030461604 
858 164 25 33 0.030461596 
940 432 54 84 0.030461596 
824 542 67 68 0.030461596 
427 85 12 16 0.030282615 
640 135 13 16 0.030282615 
813 135 10 15 0.030282615 
435 112 11 15 0.030282615 
467 116 10 13 0.030282615 
768 136 13 17 0.030282615 
928 93 5 7 0.030282615 
984 304 11 16 0.030282615 
985 122 9 12 0.030282615 
277 176 12 17 0.030282615 
681 104 8 11 0.030282615 
132 147 15 21 0.030282615 
925 239 14 18 0.030282615 
606 105 11 16 0.030282615 
690 104 9 12 0.030282615 
405 135 15 19 0.030282615 
658 123 14 19 0.030282615 
1009 116 12 18 0.030282615 
55 2 7 8 0.030282615 
726 224 11 15 0.030282615 
907 145 12 16 0.030282615 
382 313 103 144 0.028921604 
525 504 212 252 0.028921604 
646 133 21 27 0.027884193 
156 117 22 25 0.027884193 
692 170 21 28 0.027884193 
923 227 25 29 0.027884193 
399 407 53 72 0.027884193 
86 167 31 42 0.027884193 
293 274 69 101 0.027884185 
897 151 10 11 0.027838783 
893 151 9 12 0.027838783 
948 263 17 22 0.027838783 
826 154 11 14 0.027838783 
983 142 5 7 0.027838783 
544 165 13 17 0.027838783 
739 123 8 10 0.027838783 
458 118 7 10 0.027838783 
741 6 6 8 0.027838783 
755 117 11 14 0.027838783 
240 75 7 9 0.027838783 
925 179 13 20 0.027838783 
476 125 6 9 0.027838783 
229 64 7 9 0.027838778 
514 336 16 20 0.027838778 
16 129 8 9 0.027838778 
483 165 13 16 0.027838778 
409 144 13 15 0.027838778 
954 127 9 12 0.027838778 
890 131 6 8 0.027838778 
967 179 7 10 0.027838778 
183 64 7 8 0.027838778 
259 183 12 17 0.027838778 
451 112 7 9 0.027838778 
828 128 15 19 0.027838778 
979 155 5 7 0.027838778 
438 401 100 124 0.026434705 
148 388 109 137 0.026434705 
590 133 8 11 0.02558696 
651 133 8 10 0.02558696 
916 159 9 11 0.02558696 
538 190 9 11 0.02558696 
797 121 9 13 0.02558696 
384 399 14 18 0.02558696 
955 168 10 13 0.02558696 
766 182 13 17 0.02558696 
770 116 7 9 0.02558696 
625 123 11 15 0.02558696 
555 132 11 16 0.02558696 
725 137 10 12 0.02558696 
981 131 13 18 0.02558696 
990 113 12 18 0.02558696 
412 149 8 9 0.02558696 
305 114 7 9 0.02558696 
575 109 12 15 0.02558696 
280 152 9 12 0.02558696 
783 112 6 9 0.02558696 
886 146 6 8 0.02558696 
117 113 8 11 0.02558696 
937 153 15 21 0.02558696 
436 102 11 14 0.02558696 
80 107 13 16 0.02558696 
20 146 18 21 0.02558696 
132 156 13 19 0.02558696 
42 162 9 12 0.02558696 
1008 89 6 9 0.02558696 
973 260 17 22 0.02558696 
476 107 7 9 0.02558696 
501 190 16 21 0.02558696 
835 107 7 8 0.02558696 
612 95 7 9 0.02558696 
789 123 7 9 0.02558696 
970 403 25 36 0.025519116 
973 394 41 63 0.025519116 
861 152 23 28 0.025519116 
917 235 26 31 0.025519116 
238 620 58 61 0.025519116 
928 595 57 76 0.025519116 
943 166 12 17 0.02351288 
407 134 9 11 0.02351288 
229 62 12 15 0.02351288 
436 97 9 11 0.02351288 
376 154 15 21 0.02351288 
1001 114 14 20 0.02351288 
962 189 7 9 0.02351288 
991 91 10 14 0.02351288 
206 286 21 23 0.02351288 
224 128 9 11 0.02351288 
505 122 7 9 0.02351288 
891 123 7 8 0.02351288 
591 133 12 17 0.02351288 
795 142 13 17 0.02351288 
912 153 6 9 0.02351288 
81 97 14 16 0.02351288 
188 638 14 17 0.02351288 
196 69 5 7 0.02351288 
432 103 9 11 0.02351288 
236 166 14 21 0.02351288 
162 131 18 22 0.02351288 
757 182 7 9 0.02351288 
394 116 8 10 0.02351288 
74 97 8 10 0.02351288 
422 86 12 16 0.02351288 
665 127 12 16 0.02351288 
312 423 8 8 0.02351288 
881 143 7 10 0.02351288 
911 109 6 8 0.02351288 
1008 82 6 8 0.02351288 
963 133 13 16 0.02351288 
765 204 7 9 0.02351288 
271 50 15 19 0.02351288 
927 247 8 11 0.02351288 
847 141 14 19 0.02351288 
969 269 11 13 0.02351288 
933 142 7 10 0.02351288 
812 133 8 10 0.02351288 
348 320 9 11 0.02351288 
624 95 8 11 0.02351288 
785 406 54 66 0.023349825 
647 324 33 34 0.023349825 
921 403 26 35 0.023349825 
158 450 25 32 0.023349825 
65 161 46 57 0.023349825 
704 198 50 60 0.023349825 
923 170 20 25 0.023349825 
286 163 21 26 0.023349825 
396 221 25 31 0.023349825 
966 121 18 25 0.023349825 
974 388 24 34 0.023349825 
709 220 26 31 0.023349825 
381 384 85 115 0.022069868 
405 112 10 12 0.0216032 
834 112 8 10 0.0216032 
864 121 5 7 0.021603195 
869 120 6 8 0.021603195 
549 128 8 11 0.021603195 
895 124 6 8 0.021603195 
463 123 6 9 0.021603195 
389 395 16 20 0.021603195 
425 145 12 16 0.021603195 
199 145 14 18 0.021603195 
934 145 7 10 0.021603195 
922 117 7 9 0.021603195 
640 615 4 6 0.021603195 
961 228 14 18 0.021603195 
986 309 14 20 0.021603195 
303 185 14 19 0.021603195 
464 108 6 8 0.021603195 
968 227 15 18 0.021603195 
947 230 16 20 0.021603195 
408 124 8 9 0.021603195 
218 123 15 18 0.021603195 
983 317 18 25 0.021603195 
308 107 13 16 0.021603195 
357 112 6 8 0.021603195 
760 195 6 8 0.021603195 
920 244 14 19 0.021603195 
810 137 8 11 0.021603195 
341 135 7 10 0.021603195 
3 159 15 22 0.021603195 
487 110 7 10 0.021603195 
712 161 8 10 0.021603195 
334 94 6 8 0.021603195 
1001 80 11 14 0.021603195 
244 76 8 9 0.021603195 
639 69 8 10 0.021603195 
768 125 15 20 0.021603195 
292 98 6 7 0.021603195 
32 0 5 5 0.021603195 
208 163 12 15 0.021603195 
125 168 13 18 0.021603195 
80 163 16 19 0.021603195 
177 62 6 8 0.021603195 
918 137 13 17 0.021603195 
873 116 7 9 0.021603195 
942 137 14 18 0.021603195 
863 133 12 16 0.021603195 
767 160 7 8 0.021603195 
525 170 13 18 0.021603195 
625 107 12 17 0.021603195 
635 145 8 12 0.021603195 
419 143 12 15 0.021603195 
189 146 10 12 0.021603195 
137 145 16 19 0.021603195 
446 109 7 10 0.021603195 
692 134 43 54 0.021360904 
269 212 60 77 0.021360904 
778 285 48 64 0.021360904 
964 272 28 35 0.021360898 
886 382 23 34 0.021360898 
190 385 29 42 0.021360898 
494 390 34 40 0.021360898 
636 328 50 54 0.021360898 
927 610 31 48 0.021360898 
174 618 48 51 0.021360898 
