2_Demonstration_Political_Rally_2_884
52
126 236 186 169 0.99883074 
239 34 269 211 0.90196514 
214 162 50 50 0.8989386 
304 154 228 208 0.47689918 
840 163 232 234 0.3647484 
893 -3 62 47 0.34582695 
407 70 246 214 0.2150812 
399 210 180 169 0.15916684 
668 -49 178 162 0.14717786 
766 81 215 196 0.1254451 
713 -1 32 25 0.118850335 
640 98 261 221 0.1065206 
128 7 209 182 0.1065206 
275 344 114 101 0.090156734 
777 0 18 14 0.08787667 
368 311 218 185 0.08285364 
495 198 235 217 0.08285364 
636 -12 123 120 0.08285364 
774 13 62 54 0.07244435 
303 246 218 193 0.05874174 
254 288 183 172 0.05874174 
14 287 100 102 0.053832818 
450 19 112 115 0.053832818 
2 11 114 110 0.053832814 
355 202 140 133 0.04931264 
566 262 225 205 0.045153897 
37 297 65 56 0.04326818 
756 5 104 83 0.04133061 
43 202 197 174 0.04133061 
203 197 235 185 0.04133061 
867 191 128 164 0.04133061 
546 140 235 214 0.04133061 
475 24 180 164 0.03781825 
206 123 59 45 0.036325652 
493 353 130 112 0.034593605 
485 301 215 190 0.034593593 
362 1 188 167 0.03163486 
747 218 253 217 0.03163486 
368 17 107 110 0.03163486 
178 148 93 82 0.028921604 
294 293 24 21 0.027884185 
803 328 209 167 0.026434705 
783 24 35 33 0.025519116 
140 210 26 23 0.025519116 
11 266 54 63 0.025519116 
-59 4 203 199 0.024156325 
703 -1 51 41 0.023349825 
659 365 114 86 0.022069868 
173 172 7 7 0.021603195 
728 15 53 47 0.021360904 
844 107 128 124 0.0201599 
287 -7 175 162 0.0201599 
