2_Demonstration_Political_Rally_2_114
878
647 320 26 32 0.9977647 
823 272 17 21 0.8135483 
418 275 14 18 0.755209 
93 329 34 40 0.73138905 
475 181 7 7 0.60666233 
949 343 29 44 0.5454055 
258 174 8 7 0.5216516 
600 238 8 7 0.5 
285 91 5 6 0.5 
567 233 6 7 0.43536806 
607 262 12 12 0.43536806 
239 402 54 67 0.43212515 
66 212 8 9 0.39333767 
455 315 25 33 0.38809907 
276 174 8 8 0.35282937 
793 279 20 23 0.32552502 
679 235 9 9 0.31433135 
357 97 5 6 0.31433135 
455 180 7 7 0.31433135 
312 226 8 10 0.31433135 
853 243 6 8 0.31433132 
549 314 34 30 0.30585766 
923 205 4 5 0.29596066 
334 80 8 7 0.29596066 
625 246 8 9 0.27822798 
343 93 7 6 0.27822798 
949 211 6 7 0.27822798 
621 225 5 5 0.26116365 
292 166 8 11 0.24479094 
523 228 6 6 0.24479094 
944 290 16 21 0.24479094 
995 253 11 15 0.22912638 
949 246 10 9 0.2141799 
91 269 13 12 0.2141799 
628 245 8 8 0.2141799 
436 276 14 19 0.19995552 
365 169 7 7 0.19995552 
702 336 32 31 0.188928 
325 289 26 25 0.188928 
783 239 14 17 0.18645167 
974 238 7 9 0.18645167 
801 277 21 23 0.1753677 
562 234 6 6 0.17366187 
737 235 11 12 0.17366187 
881 244 6 7 0.17366186 
328 95 5 5 0.16157512 
752 165 7 7 0.16157512 
687 265 15 14 0.16157512 
833 179 12 13 0.15017675 
451 181 7 7 0.15017675 
336 104 6 7 0.15017675 
225 291 14 16 0.13944872 
1018 205 4 5 0.13944872 
518 287 13 18 0.13944872 
432 185 6 6 0.13944872 
532 314 58 49 0.13928533 
569 247 20 22 0.13928533 
108 326 50 57 0.13928533 
152 273 14 14 0.1293704 
762 225 6 7 0.1293704 
791 164 6 7 0.1293704 
305 93 7 7 0.12937039 
654 239 7 7 0.11991897 
498 219 7 7 0.11991897 
341 65 5 6 0.11991897 
700 232 6 6 0.11991897 
626 216 6 6 0.11991897 
75 244 12 13 0.11991897 
770 165 8 10 0.11991897 
988 170 5 5 0.11991897 
61 391 52 44 0.118850335 
774 326 13 15 0.111069925 
877 172 6 6 0.111069925 
948 210 5 5 0.111069925 
558 219 7 7 0.111069925 
647 285 6 6 0.111069925 
960 259 12 14 0.111069925 
71 126 7 8 0.111069925 
790 184 19 21 0.109639935 
964 199 4 5 0.10279763 
612 259 11 13 0.10279763 
809 238 8 8 0.10279763 
975 218 6 6 0.10279763 
72 236 5 5 0.102797605 
959 218 6 6 0.102797605 
889 182 7 9 0.102797605 
954 273 6 7 0.102797605 
352 274 25 25 0.10106142 
969 245 25 29 0.10106142 
321 296 59 63 0.10106142 
419 -9 209 244 0.09803478 
718 165 6 6 0.09507551 
830 252 7 9 0.09507551 
1005 226 7 6 0.09507551 
1010 199 6 6 0.09507551 
1008 174 6 6 0.09507551 
229 167 8 8 0.09507551 
815 18 98 131 0.09015675 
558 12 165 199 0.09015675 
343 214 8 8 0.08787667 
326 240 15 18 0.08787667 
284 102 5 5 0.08787667 
989 210 6 6 0.08787667 
421 215 6 7 0.08787667 
594 233 6 6 0.08787667 
510 239 8 8 0.08787667 
686 285 22 25 0.08567616 
248 427 123 133 0.08285364 
953 212 6 7 0.08117401 
993 243 8 8 0.08117401 
152 265 16 15 0.08117401 
852 201 6 6 0.08117401 
382 102 6 6 0.08117401 
807 246 12 12 0.08117401 
997 172 6 6 0.08117401 
954 202 5 5 0.08117401 
733 234 10 14 0.08117401 
674 257 8 8 0.08117401 
807 271 21 24 0.07880669 
310 93 6 6 0.074940585 
68 210 6 6 0.074940585 
651 241 8 8 0.074940585 
430 195 12 12 0.074940585 
588 239 6 6 0.074940585 
885 214 6 6 0.07494057 
759 175 5 5 0.07494057 
76 163 5 5 0.07494057 
985 171 5 5 0.07494057 
943 472 35 33 0.072444364 
958 252 23 25 0.07244435 
478 457 52 56 0.07244435 
983 287 11 14 0.069149815 
299 217 5 5 0.069149815 
155 227 8 7 0.069149815 
790 164 10 11 0.069149815 
1004 205 6 6 0.0691498 
1005 222 7 7 0.0691498 
515 211 5 6 0.0691498 
946 214 7 8 0.0691498 
649 215 6 6 0.0691498 
537 226 6 6 0.0691498 
869 211 7 7 0.0691498 
265 173 7 8 0.0691498 
592 230 5 6 0.0691498 
391 305 23 27 0.06655858 
911 310 22 21 0.06655858 
349 286 23 25 0.06655857 
172 315 30 32 0.06655857 
566 206 4 4 0.06377564 
424 221 8 8 0.06377564 
821 267 13 17 0.06377564 
830 245 8 10 0.06377564 
389 266 13 14 0.06377564 
754 161 5 6 0.06377564 
89 267 21 20 0.06111947 
944 342 53 63 0.06111947 
409 320 26 31 0.06111947 
338 294 27 24 0.06111947 
421 99 8 8 0.05879275 
938 208 6 6 0.05879275 
531 227 6 6 0.05879275 
982 280 12 14 0.05879275 
780 245 12 15 0.05879275 
981 168 5 5 0.05879275 
149 277 14 14 0.05879275 
627 213 5 5 0.05879275 
27 178 5 5 0.05879275 
447 182 6 7 0.05879275 
580 232 6 6 0.05879275 
446 226 7 7 0.05879275 
471 223 6 8 0.05879275 
440 271 12 16 0.05879275 
650 216 7 8 0.05879275 
284 171 11 11 0.05879275 
647 218 6 7 0.05879275 
209 281 22 22 0.056098126 
977 291 13 14 0.054176662 
531 254 13 15 0.054176662 
539 219 6 5 0.054176662 
777 203 7 8 0.054176662 
678 233 7 7 0.054176662 
346 359 11 12 0.054176662 
569 231 7 7 0.054176662 
884 243 7 8 0.054176662 
976 201 4 4 0.054176662 
644 221 5 6 0.054176662 
751 235 11 13 0.054176662 
525 226 7 7 0.054176662 
885 181 8 9 0.054176662 
165 143 6 6 0.054176662 
99 229 8 8 0.054176662 
717 224 7 7 0.054176662 
203 267 13 13 0.054176662 
967 203 4 4 0.054176662 
974 292 22 23 0.051466707 
563 312 27 26 0.051466707 
685 267 24 20 0.051466707 
184 301 22 24 0.051466707 
12 352 29 43 0.051466707 
550 229 6 6 0.04990379 
521 231 6 6 0.04990379 
417 243 6 6 0.04990379 
531 210 5 5 0.04990379 
456 195 7 7 0.04990379 
1014 190 5 5 0.04990379 
347 214 6 7 0.04990379 
217 253 7 7 0.04990379 
272 173 8 8 0.04990379 
550 255 7 8 0.04990379 
764 181 6 6 0.04990379 
879 221 11 12 0.049903784 
951 262 7 8 0.049903784 
128 262 15 16 0.049903784 
508 330 23 28 0.047198545 
402 48 62 71 0.047198545 
701 325 27 27 0.047198545 
780 256 6 7 0.04595155 
115 242 7 7 0.04595155 
890 233 5 6 0.04595155 
699 332 18 19 0.04595155 
238 166 7 8 0.04595155 
399 84 6 7 0.04595155 
419 360 15 19 0.04595155 
425 225 8 8 0.04595155 
355 98 5 5 0.04595155 
79 215 7 9 0.045951538 
278 171 7 7 0.045951538 
313 222 8 8 0.045951538 
275 93 4 4 0.045951538 
807 240 12 12 0.045951538 
815 264 14 17 0.045951538 
523 223 7 8 0.045951538 
236 406 97 107 0.045153897 
345 295 52 54 0.04326818 
727 509 28 39 0.04326818 
487 297 20 23 0.04326818 
920 479 62 55 0.04326818 
426 276 19 22 0.04326818 
845 243 11 12 0.04229837 
751 220 4 4 0.04229837 
511 210 6 7 0.04229837 
675 255 14 14 0.04229837 
494 183 5 6 0.04229837 
968 205 5 5 0.04229837 
907 256 7 8 0.04229837 
932 219 7 7 0.04229837 
483 219 6 6 0.04229837 
365 88 6 6 0.04229837 
532 212 5 5 0.04229837 
313 93 5 5 0.04229837 
934 209 5 5 0.04229837 
443 265 12 16 0.04229837 
822 269 8 11 0.04229837 
4 169 4 5 0.04229837 
97 270 10 10 0.04229837 
727 235 11 15 0.04229837 
596 285 15 18 0.04229837 
51 193 4 4 0.04229837 
681 250 7 6 0.04229837 
968 192 4 4 0.04229837 
951 259 12 14 0.04229837 
799 166 7 7 0.04229837 
122 213 6 6 0.04229837 
614 10 94 133 0.04133062 
244 391 56 45 0.039651502 
28 283 34 30 0.039651502 
626 274 22 22 0.039651502 
964 32 50 49 0.039651502 
402 309 25 32 0.039651494 
17 257 31 26 0.039651494 
319 280 25 25 0.039651494 
881 171 5 6 0.038923774 
288 162 6 8 0.038923774 
984 169 5 5 0.038923774 
994 167 5 5 0.038923774 
148 258 13 15 0.038923774 
799 184 18 18 0.038923774 
577 252 17 19 0.038923774 
519 215 5 5 0.038923774 
467 222 8 9 0.038923774 
88 245 7 8 0.038923774 
611 214 6 6 0.038923774 
471 204 6 7 0.038923774 
366 96 5 5 0.038923774 
832 273 15 18 0.038923774 
575 226 5 5 0.038923774 
968 209 6 6 0.038923774 
623 226 7 7 0.038923774 
159 227 5 6 0.038923774 
559 235 6 6 0.038923774 
430 182 6 6 0.038923774 
890 242 7 7 0.038923774 
506 240 11 12 0.038923774 
954 265 13 15 0.038923774 
445 231 6 7 0.038923774 
90 235 7 7 0.038923774 
977 235 9 10 0.038923774 
842 272 13 17 0.038923774 
392 16 107 131 0.03781825 
689 328 24 26 0.036325652 
61 212 20 22 0.036325645 
129 342 31 35 0.036325645 
60 330 60 39 0.036325645 
131 251 15 14 0.035808332 
963 196 6 6 0.035808332 
832 248 9 10 0.035808332 
275 95 5 5 0.035808332 
103 230 6 7 0.035808332 
825 194 6 7 0.035808332 
645 249 7 7 0.035808332 
49 113 6 6 0.035808332 
807 187 16 18 0.035808332 
83 226 6 7 0.035808332 
822 260 5 6 0.035808332 
327 244 7 9 0.035808332 
523 234 7 7 0.035808332 
141 260 7 8 0.035808332 
996 228 6 6 0.035808332 
996 165 5 5 0.035808332 
323 213 7 6 0.035808332 
561 130 7 7 0.035808332 
321 98 6 6 0.035808332 
633 216 5 5 0.035808332 
742 238 10 9 0.035808332 
861 225 7 8 0.035808332 
625 236 7 7 0.035808332 
915 199 6 6 0.035808332 
431 199 13 13 0.035808332 
1002 225 7 7 0.035808332 
992 211 6 6 0.035808332 
629 238 8 8 0.035808332 
443 232 6 7 0.035808332 
289 168 12 14 0.035808332 
106 267 17 16 0.035808332 
576 204 5 5 0.035808332 
705 221 7 7 0.035808332 
762 -5 200 227 0.034593605 
772 319 21 24 0.033269096 
138 319 51 57 0.033269096 
442 302 26 27 0.033269096 
511 350 43 50 0.033269096 
9 356 59 63 0.033269096 
952 236 43 45 0.033269096 
880 283 26 29 0.033269096 
324 96 5 5 0.03293372 
783 196 5 5 0.03293372 
1003 238 7 7 0.03293372 
977 278 11 13 0.03293372 
680 252 9 8 0.03293372 
892 275 15 17 0.03293372 
964 172 4 4 0.03293372 
629 273 12 14 0.03293372 
877 224 7 8 0.03293372 
135 259 12 13 0.03293372 
872 205 6 6 0.03293372 
864 209 6 7 0.03293372 
698 285 17 22 0.03293372 
265 286 18 17 0.03293372 
805 176 13 14 0.03293372 
979 290 8 10 0.03293372 
233 117 4 4 0.03293372 
51 95 6 6 0.03293372 
849 233 6 6 0.032933712 
554 219 5 5 0.032933712 
604 260 9 9 0.032933712 
510 257 16 19 0.032933712 
1018 170 6 7 0.032933712 
865 242 6 8 0.032933712 
631 243 8 9 0.032933712 
601 241 8 8 0.032933712 
967 237 12 13 0.032933712 
479 183 7 8 0.032933712 
560 144 9 10 0.032933712 
943 215 6 7 0.032933712 
143 243 7 7 0.032933712 
732 176 5 5 0.032933712 
217 289 17 18 0.032933712 
659 273 7 9 0.032933712 
836 219 5 5 0.032933712 
602 264 15 16 0.032933712 
324 92 4 5 0.032933712 
99 268 15 15 0.032933712 
886 235 6 6 0.032933712 
276 175 12 11 0.032933712 
925 213 5 6 0.032933712 
975 277 6 8 0.032933712 
471 166 6 7 0.032933712 
12 181 5 6 0.032933712 
145 181 5 5 0.032933712 
946 207 5 5 0.032933712 
71 96 4 5 0.032933712 
834 178 8 8 0.032933712 
366 106 5 5 0.032933712 
650 250 7 7 0.032933712 
772 229 6 7 0.032933712 
450 178 7 7 0.032933712 
1005 202 6 6 0.032933712 
292 221 6 7 0.032933712 
682 260 16 15 0.032933712 
1009 226 5 6 0.032933712 
693 264 8 8 0.032933712 
1001 171 5 5 0.032933712 
878 222 7 7 0.032933712 
848 -2 197 208 0.03163486 
14 211 25 23 0.030461604 
820 289 31 28 0.030461604 
133 304 25 24 0.030461604 
565 146 24 22 0.030461604 
350 298 31 29 0.030461604 
982 248 23 24 0.030461596 
117 348 31 33 0.030461596 
963 328 24 24 0.030461596 
515 366 25 31 0.030461596 
908 208 6 6 0.030282615 
477 219 6 6 0.030282615 
739 219 6 5 0.030282615 
634 257 8 7 0.030282615 
723 163 6 6 0.030282615 
780 196 5 5 0.030282615 
788 165 7 9 0.030282615 
74 241 9 9 0.030282615 
966 218 5 6 0.030282615 
766 133 4 5 0.030282615 
960 198 6 6 0.030282615 
877 241 7 8 0.030282615 
973 202 5 4 0.030282615 
476 248 7 7 0.030282615 
118 215 6 6 0.030282615 
230 164 12 12 0.030282615 
798 178 14 15 0.030282615 
404 247 7 9 0.030282615 
295 162 7 8 0.030282615 
670 276 11 12 0.030282615 
805 248 8 9 0.030282615 
206 252 8 8 0.030282615 
1006 172 5 5 0.030282615 
819 246 13 15 0.030282615 
792 188 8 10 0.030282615 
775 112 7 6 0.030282615 
928 213 5 5 0.030282615 
956 213 7 7 0.030282615 
586 261 8 10 0.030282615 
731 285 16 20 0.030282615 
251 154 5 5 0.030282615 
861 222 6 7 0.030282615 
899 226 5 5 0.030282615 
412 234 8 9 0.030282615 
446 236 6 6 0.030282615 
985 209 6 6 0.030282615 
519 223 6 7 0.030282615 
79 213 6 6 0.030282615 
610 206 5 5 0.030282615 
260 120 4 4 0.030282615 
578 216 5 5 0.030282615 
526 290 13 17 0.030282615 
289 166 7 9 0.030282615 
376 115 9 9 0.030282615 
313 97 6 7 0.030282615 
868 168 7 8 0.030282615 
250 171 6 6 0.030282615 
1003 219 7 7 0.030282615 
89 269 9 9 0.030282615 
473 178 8 7 0.030282615 
518 213 5 5 0.030282615 
296 220 7 8 0.030282615 
990 219 5 5 0.030282615 
359 52 112 133 0.028921604 
930 276 22 22 0.027884193 
158 296 21 22 0.027884193 
363 270 24 25 0.027884193 
513 251 20 22 0.027884193 
584 281 22 25 0.027884193 
719 282 22 22 0.027884193 
379 267 21 21 0.027884185 
8 343 25 33 0.027884185 
388 301 42 50 0.027884185 
969 352 44 49 0.027884185 
977 240 9 9 0.027838783 
58 215 12 12 0.027838783 
548 318 22 19 0.027838783 
436 184 6 6 0.027838783 
967 528 14 17 0.027838783 
790 162 5 5 0.027838783 
248 219 8 9 0.027838783 
548 248 7 9 0.027838783 
993 160 5 5 0.027838783 
989 161 5 5 0.027838783 
956 247 6 6 0.027838783 
524 219 5 6 0.027838783 
829 238 12 13 0.027838783 
627 210 5 5 0.027838783 
567 203 4 4 0.027838783 
971 211 5 6 0.027838783 
1007 199 6 5 0.027838783 
822 179 8 9 0.027838783 
823 178 11 13 0.027838783 
632 238 9 9 0.027838783 
569 253 10 11 0.027838783 
829 180 10 9 0.027838783 
407 231 12 13 0.027838783 
549 232 6 6 0.027838783 
68 96 5 5 0.027838783 
288 101 5 5 0.027838783 
787 193 13 14 0.027838783 
158 276 9 9 0.027838783 
773 107 13 13 0.027838783 
523 217 5 5 0.027838783 
967 174 4 4 0.027838783 
1015 173 6 6 0.027838783 
964 174 4 5 0.027838783 
971 276 11 14 0.027838783 
77 177 4 4 0.027838783 
650 236 8 7 0.027838783 
1015 221 7 8 0.027838783 
337 82 8 7 0.027838783 
314 219 7 7 0.027838783 
520 225 6 7 0.027838783 
956 218 6 6 0.027838783 
586 239 10 11 0.027838783 
756 236 7 9 0.027838783 
967 195 5 5 0.027838783 
610 267 9 10 0.027838783 
731 232 8 10 0.027838783 
361 134 7 8 0.027838783 
815 189 13 16 0.027838783 
427 228 7 8 0.027838778 
443 227 7 8 0.027838778 
787 204 8 8 0.027838778 
973 288 13 13 0.027838778 
341 213 7 7 0.027838778 
430 179 5 5 0.027838778 
98 236 6 7 0.027838778 
658 239 6 7 0.027838778 
500 243 11 13 0.027838778 
789 194 5 6 0.027838778 
1006 183 5 5 0.027838778 
893 182 7 7 0.027838778 
162 166 4 4 0.027838778 
585 244 8 9 0.027838778 
832 254 9 9 0.027838778 
417 278 8 11 0.027838778 
430 195 7 7 0.027838778 
507 215 6 7 0.027838778 
574 229 6 6 0.027838778 
477 216 5 5 0.027838778 
562 213 5 5 0.027838778 
432 271 14 18 0.027838778 
801 161 6 6 0.027838778 
66 244 12 12 0.027838778 
59 42 239 248 0.02643471 
307 289 93 102 0.026434705 
489 6 121 141 0.026434705 
412 100 197 196 0.026434705 
596 235 6 6 0.02558696 
946 237 4 5 0.02558696 
454 185 8 7 0.02558696 
1018 158 4 5 0.02558696 
838 185 8 8 0.02558696 
524 235 12 12 0.02558696 
29 188 5 5 0.02558696 
790 239 9 9 0.02558696 
582 242 8 9 0.02558696 
489 183 6 6 0.02558696 
261 160 7 6 0.02558696 
250 161 5 6 0.02558696 
283 88 10 10 0.02558696 
8 72 5 4 0.02558696 
564 129 7 7 0.02558696 
981 157 5 5 0.02558696 
994 157 5 5 0.02558696 
974 297 13 14 0.02558696 
25 170 5 5 0.02558696 
756 166 6 7 0.02558696 
746 168 6 6 0.02558696 
442 167 8 8 0.02558696 
804 164 6 6 0.02558696 
597 241 7 7 0.02558696 
143 232 13 14 0.02558696 
460 257 14 17 0.02558696 
675 253 9 9 0.02558696 
825 252 11 13 0.02558696 
780 248 7 8 0.02558696 
344 238 14 17 0.02558696 
42 186 5 5 0.02558696 
77 185 4 4 0.02558696 
672 245 6 7 0.02558696 
346 92 6 6 0.02558696 
149 228 13 13 0.02558696 
978 232 8 8 0.02558696 
1010 195 6 6 0.02558696 
873 227 8 9 0.02558696 
425 230 7 8 0.02558696 
436 195 8 7 0.02558696 
543 234 7 7 0.02558696 
572 232 7 7 0.02558696 
599 233 7 7 0.02558696 
683 233 8 8 0.02558696 
834 240 14 14 0.02558696 
984 206 5 5 0.02558696 
902 222 5 5 0.02558696 
781 201 10 11 0.02558696 
1008 204 7 7 0.02558696 
531 222 6 6 0.02558696 
765 223 6 6 0.02558696 
560 221 7 7 0.02558696 
157 213 8 8 0.02558696 
807 208 6 6 0.02558696 
1009 172 6 6 0.02558696 
911 204 6 7 0.02558696 
1015 212 5 5 0.02558696 
872 214 7 7 0.02558696 
840 227 6 6 0.02558696 
481 217 6 6 0.02558696 
494 219 6 7 0.02558696 
941 211 6 6 0.02558696 
922 204 5 5 0.02558696 
996 212 6 6 0.02558696 
722 223 5 6 0.02558696 
480 220 8 8 0.02558696 
414 281 17 18 0.02558696 
506 208 6 7 0.02558696 
332 173 6 6 0.02558696 
984 276 13 14 0.02558696 
194 297 15 20 0.02558696 
231 117 3 3 0.02558696 
303 112 6 6 0.02558696 
380 104 6 6 0.02558696 
280 104 6 6 0.02558696 
339 103 6 7 0.02558696 
294 102 5 6 0.02558696 
309 96 7 8 0.02558696 
238 113 4 4 0.02558696 
950 293 15 17 0.02558696 
65 281 7 7 0.02558696 
19 178 5 5 0.02558696 
675 261 8 9 0.02558696 
453 235 23 25 0.025519116 
57 262 21 23 0.025519116 
134 243 21 21 0.025519116 
856 492 60 48 0.025519116 
673 252 42 38 0.025519116 
532 269 23 21 0.025519116 
60 339 35 24 0.025519116 
942 267 44 42 0.025519116 
312 273 23 23 0.025519116 
539 279 20 21 0.025519116 
817 280 28 26 0.025519116 
323 287 46 43 0.025519116 
490 301 24 30 0.025519116 
439 317 31 32 0.025519116 
780 328 8 8 0.02351288 
130 265 8 9 0.02351288 
696 267 7 7 0.02351288 
824 267 8 10 0.02351288 
448 269 8 10 0.02351288 
622 244 7 8 0.02351288 
911 241 7 8 0.02351288 
334 238 16 18 0.02351288 
141 240 12 13 0.02351288 
676 241 14 14 0.02351288 
35 298 22 21 0.02351288 
940 287 13 15 0.02351288 
951 286 14 16 0.02351288 
510 290 14 17 0.02351288 
623 267 12 14 0.02351288 
485 211 6 6 0.02351288 
1018 219 5 7 0.02351288 
884 219 8 8 0.02351288 
963 212 6 7 0.02351288 
625 222 5 5 0.02351288 
485 216 5 6 0.02351288 
497 217 6 6 0.02351288 
474 220 9 11 0.02351288 
550 217 5 5 0.02351288 
49 216 12 13 0.02351288 
935 218 8 8 0.02351288 
978 229 7 7 0.02351288 
34 217 13 15 0.02351288 
638 230 6 6 0.02351288 
993 215 6 6 0.02351288 
758 226 11 13 0.02351288 
148 279 9 9 0.02351288 
1014 225 7 8 0.02351288 
809 276 8 9 0.02351288 
623 216 5 6 0.02351288 
654 214 6 7 0.02351288 
552 227 6 6 0.02351288 
488 220 5 5 0.02351288 
311 218 13 13 0.02351288 
296 216 10 11 0.02351288 
604 237 11 10 0.02351288 
871 208 7 7 0.02351288 
435 239 6 6 0.02351288 
170 197 6 6 0.02351288 
867 204 12 12 0.02351288 
951 206 5 5 0.02351288 
285 167 7 7 0.02351288 
972 164 5 5 0.02351288 
398 192 6 6 0.02351288 
875 170 10 10 0.02351288 
255 171 7 7 0.02351288 
1015 182 5 5 0.02351288 
25 185 5 5 0.02351288 
484 184 6 7 0.02351288 
284 161 6 7 0.02351288 
239 161 6 5 0.02351288 
93 111 6 7 0.02351288 
865 207 11 12 0.02351288 
275 98 5 6 0.02351288 
49 103 6 6 0.02351288 
283 176 7 8 0.02351288 
171 165 4 4 0.02351288 
912 202 6 6 0.02351288 
420 176 7 7 0.02351288 
329 97 6 6 0.02351288 
287 93 6 6 0.02351288 
296 99 6 6 0.02351288 
297 96 5 5 0.02351288 
342 81 6 6 0.02351288 
336 92 6 6 0.02351288 
796 162 7 6 0.02351288 
1018 160 5 6 0.02351288 
828 177 9 8 0.02351288 
1001 168 5 5 0.02351288 
234 119 5 5 0.02351288 
600 262 8 10 0.02351288 
448 259 13 16 0.02351288 
588 256 12 15 0.02351288 
951 249 10 9 0.02351288 
607 257 9 9 0.02351288 
799 244 11 14 0.02351288 
945 262 7 8 0.02351288 
792 241 11 16 0.02351288 
310 227 13 14 0.02351288 
851 234 8 8 0.02351288 
992 261 8 10 0.02351288 
989 158 4 4 0.02351288 
570 210 5 5 0.02351288 
195 140 5 5 0.02351288 
10 147 6 6 0.02351288 
773 148 5 5 0.02351288 
9 148 12 13 0.02351288 
762 153 5 5 0.02351288 
259 157 6 5 0.02351288 
984 157 5 5 0.02351288 
883 191 6 6 0.02351288 
881 247 8 9 0.02351288 
887 241 12 12 0.02351288 
75 212 6 7 0.02351288 
364 27 21 21 0.02351288 
681 336 28 30 0.023349825 
628 412 21 23 0.023349825 
681 326 46 48 0.023349825 
173 293 21 20 0.023349825 
482 434 65 56 0.023349825 
62 363 58 58 0.023349825 
503 321 40 45 0.023349825 
182 386 26 25 0.023349825 
676 273 26 24 0.023349825 
496 275 21 21 0.023349825 
966 237 23 25 0.023349825 
674 232 21 21 0.023349825 
196 393 206 217 0.022069868 
794 167 9 9 0.0216032 
315 217 5 5 0.0216032 
622 238 7 7 0.021603195 
673 237 12 13 0.021603195 
612 240 6 6 0.021603195 
827 239 7 7 0.021603195 
830 239 7 7 0.021603195 
539 229 6 6 0.021603195 
70 242 8 8 0.021603195 
473 181 11 12 0.021603195 
804 177 9 10 0.021603195 
940 216 10 11 0.021603195 
822 174 6 7 0.021603195 
932 212 6 6 0.021603195 
584 239 7 7 0.021603195 
886 184 7 9 0.021603195 
109 240 12 12 0.021603195 
547 235 6 6 0.021603195 
865 237 5 6 0.021603195 
71 238 7 8 0.021603195 
985 173 5 5 0.021603195 
821 192 8 10 0.021603195 
526 236 7 7 0.021603195 
324 234 13 15 0.021603195 
861 189 7 7 0.021603195 
834 238 8 8 0.021603195 
690 230 5 5 0.021603195 
155 231 8 8 0.021603195 
838 232 8 8 0.021603195 
1011 191 6 5 0.021603195 
67 232 7 7 0.021603195 
634 218 5 5 0.021603195 
849 200 12 12 0.021603195 
886 282 16 18 0.021603195 
118 282 16 15 0.021603195 
162 183 5 5 0.021603195 
70 216 7 8 0.021603195 
651 221 6 6 0.021603195 
958 174 5 5 0.021603195 
205 258 15 14 0.021603195 
688 271 11 11 0.021603195 
903 206 6 6 0.021603195 
989 206 5 5 0.021603195 
989 273 14 14 0.021603195 
458 211 6 7 0.021603195 
241 178 6 6 0.021603195 
1012 201 6 6 0.021603195 
523 206 4 4 0.021603195 
826 174 7 8 0.021603195 
523 257 14 17 0.021603195 
593 259 13 15 0.021603195 
1003 203 5 5 0.021603195 
627 264 11 13 0.021603195 
838 222 7 6 0.021603195 
110 151 5 5 0.021603195 
40 126 7 7 0.021603195 
252 130 4 4 0.021603195 
589 127 12 14 0.021603195 
772 129 5 6 0.021603195 
87 95 7 7 0.021603195 
60 94 5 5 0.021603195 
656 213 5 5 0.021603195 
293 157 5 5 0.021603195 
283 89 4 4 0.021603195 
161 143 4 5 0.021603195 
780 154 5 5 0.021603195 
251 157 5 5 0.021603195 
757 170 6 6 0.021603195 
144 214 6 6 0.021603195 
764 215 5 5 0.021603195 
731 215 7 6 0.021603195 
29 170 6 6 0.021603195 
495 302 12 14 0.021603195 
1011 168 4 4 0.021603195 
360 284 16 17 0.021603195 
227 295 9 10 0.021603195 
975 209 6 6 0.021603195 
767 203 5 5 0.021603195 
668 245 6 7 0.021603195 
399 240 12 15 0.021603195 
526 241 9 9 0.021603195 
647 252 7 6 0.021603195 
737 203 4 4 0.021603195 
1006 160 5 6 0.021603195 
813 245 12 13 0.021603195 
561 224 6 6 0.021603195 
838 244 13 13 0.021603195 
595 227 6 6 0.021603195 
443 184 6 6 0.021603195 
881 213 11 10 0.021603195 
226 165 5 6 0.021603195 
469 160 11 12 0.021603195 
1001 165 5 5 0.021603195 
559 213 4 4 0.021603195 
90 470 18 20 0.021603195 
618 247 6 7 0.021603195 
440 228 11 13 0.021603195 
721 238 12 15 0.021603195 
975 226 7 7 0.021603195 
843 197 7 8 0.021603195 
341 258 44 42 0.021360904 
825 174 20 21 0.021360898 
508 279 20 23 0.021360898 
783 277 21 23 0.021360898 
473 358 25 24 0.021360898 
99 346 36 40 0.021360898 
504 244 20 21 0.021360898 
145 303 23 24 0.021360898 
806 251 44 42 0.021360898 
264 449 76 83 0.021360898 
733 497 25 32 0.021360898 
369 292 46 45 0.021360898 
493 290 22 24 0.021360898 
926 270 21 21 0.021360898 
33 35 112 146 0.0201599 
