2_Demonstration_Political_Rally_2_410
348
2 525 63 79 0.9996031 
249 499 68 89 0.99931467 
466 456 36 41 0.9992494 
179 489 51 62 0.99891996 
855 420 38 47 0.99870443 
632 443 94 119 0.9983083 
353 430 40 47 0.99706453 
728 469 47 66 0.9953797 
504 490 38 50 0.993937 
832 428 14 19 0.99347997 
561 515 43 69 0.9933628 
934 452 25 32 0.99047405 
808 448 18 21 0.9881053 
509 428 17 22 0.98462796 
606 433 18 26 0.9458233 
116 422 19 24 0.91882604 
956 427 19 21 0.8972024 
329 421 7 9 0.87062967 
544 420 7 9 0.8384248 
149 414 13 17 0.8135483 
532 419 8 11 0.755209 
177 411 8 10 0.7217721 
561 416 14 23 0.64717066 
413 52 239 301 0.6352516 
251 417 13 16 0.60666233 
577 42 253 306 0.52310073 
562 423 18 26 0.5227497 
288 419 7 8 0.5 
150 395 8 9 0.45677772 
947 440 25 31 0.4099317 
205 416 11 16 0.3933377 
1010 415 6 8 0.35282937 
609 428 26 39 0.32552502 
3 420 31 38 0.30585766 
252 415 8 10 0.278228 
352 388 7 9 0.27822798 
15 374 34 36 0.2511021 
718 100 222 297 0.2311026 
607 419 16 17 0.22912638 
67 411 10 15 0.22912638 
199 412 13 18 0.19995552 
97 398 13 17 0.19995552 
120 401 13 15 0.1864517 
289 422 10 15 0.18645167 
211 417 10 13 0.17366187 
108 485 25 32 0.16258556 
436 404 11 16 0.16157512 
407 422 8 12 0.15017675 
957 437 20 25 0.13944872 
389 401 21 27 0.13928533 
332 95 239 319 0.13594593 
266 401 5 7 0.1293704 
48 380 13 16 0.1293704 
293 428 11 15 0.1293704 
216 416 11 15 0.12937039 
180 421 10 13 0.11991897 
1017 451 6 10 0.111069925 
605 403 51 69 0.109639935 
39 410 23 35 0.109639935 
207 399 5 6 0.09507551 
993 428 12 16 0.09507551 
975 611 16 20 0.09507551 
170 376 7 9 0.08787667 
178 397 7 8 0.08787667 
410 447 14 19 0.08787667 
363 12 197 264 0.08285364 
350 372 7 10 0.08117401 
56 411 7 9 0.08117401 
402 449 10 17 0.08117401 
460 422 7 9 0.08117401 
260 421 9 12 0.08117401 
271 438 13 17 0.074940585 
740 414 17 24 0.074940585 
207 386 6 9 0.074940585 
414 443 15 20 0.074940585 
901 452 26 35 0.07244435 
318 461 15 18 0.0691498 
922 319 15 21 0.0691498 
141 530 29 38 0.06655858 
19 413 28 37 0.06655858 
458 422 23 27 0.06655857 
287 58 197 245 0.064067975 
254 432 13 17 0.06377564 
325 446 8 10 0.06377564 
195 408 12 16 0.06377564 
254 423 12 18 0.06377564 
233 429 13 17 0.06377564 
932 592 26 29 0.06111947 
995 614 23 33 0.06111947 
341 414 6 8 0.05879275 
375 356 5 6 0.05879275 
432 428 7 9 0.05879275 
320 430 7 8 0.05879275 
477 401 6 8 0.05879275 
390 400 7 10 0.05879275 
274 103 117 157 0.058741733 
135 342 23 31 0.056098126 
157 416 10 12 0.054176662 
90 431 12 19 0.054176662 
561 417 8 14 0.054176662 
545 434 7 9 0.054176662 
53 409 21 28 0.051466707 
381 444 26 32 0.051466707 
116 434 10 13 0.04990379 
558 386 13 19 0.04990379 
540 442 13 16 0.04990379 
321 441 13 17 0.04990379 
502 336 15 19 0.04990379 
502 363 9 12 0.049903784 
458 421 12 16 0.049903784 
198 420 10 13 0.049903784 
191 94 218 306 0.04931264 
394 444 21 28 0.047198545 
63 407 19 26 0.047198545 
605 458 30 44 0.047198545 
436 426 6 7 0.04595155 
274 430 7 11 0.04595155 
295 420 10 15 0.04595155 
249 431 12 17 0.04595155 
285 422 8 10 0.04595155 
979 426 6 7 0.04595155 
428 406 6 8 0.04595155 
403 423 9 12 0.045951538 
73 413 14 16 0.045951538 
195 404 8 10 0.045951538 
213 310 21 36 0.04326818 
270 432 13 17 0.04229837 
218 409 13 15 0.04229837 
263 434 12 15 0.04229837 
1007 429 7 9 0.04229837 
300 419 7 9 0.04229837 
187 406 6 8 0.04229837 
315 418 6 8 0.04229837 
917 444 39 51 0.039651502 
958 549 46 58 0.039651494 
538 443 21 27 0.039651494 
553 414 7 8 0.038923774 
313 410 5 6 0.038923774 
362 397 7 8 0.038923774 
987 420 7 8 0.038923774 
60 408 13 17 0.038923774 
389 400 13 18 0.038923774 
492 407 6 7 0.038923774 
72 403 11 17 0.038923774 
314 438 14 20 0.038923774 
433 423 8 10 0.038923774 
479 -5 239 280 0.03781825 
153 590 107 99 0.03781825 
225 457 22 27 0.036325652 
1003 551 22 45 0.036325652 
927 19 56 87 0.036325652 
1 380 29 37 0.036325652 
151 361 13 18 0.035808332 
259 436 15 19 0.035808332 
551 414 11 15 0.035808332 
286 442 13 16 0.035808332 
267 442 15 19 0.035808332 
1014 416 6 9 0.035808332 
1002 423 6 7 0.035808332 
980 410 5 8 0.035808332 
90 398 14 19 0.035808332 
398 415 15 20 0.035808332 
78 400 12 17 0.035808332 
177 414 11 13 0.035808332 
302 414 7 8 0.035808332 
314 415 6 8 0.035808332 
587 467 25 34 0.033269096 
787 465 25 34 0.033269096 
979 551 44 64 0.033269096 
589 381 52 68 0.033269096 
915 450 25 34 0.033269096 
968 289 10 15 0.03293372 
1016 281 7 13 0.03293372 
1003 426 11 14 0.03293372 
809 429 17 19 0.03293372 
285 416 6 8 0.03293372 
155 383 7 8 0.03293372 
562 436 18 25 0.032933712 
275 430 13 18 0.032933712 
438 401 7 9 0.032933712 
222 416 9 10 0.032933712 
532 134 203 248 0.03163486 
245 520 94 155 0.03163486 
995 472 21 29 0.030461604 
146 616 60 64 0.030461604 
224 427 22 27 0.030461604 
140 507 51 63 0.030461604 
150 403 19 25 0.030461596 
219 72 7 8 0.030282615 
186 414 6 9 0.030282615 
26 379 19 25 0.030282615 
117 402 10 11 0.030282615 
260 434 9 11 0.030282615 
913 315 11 16 0.030282615 
400 222 5 6 0.030282615 
319 415 6 8 0.030282615 
310 414 6 8 0.030282615 
250 412 8 9 0.030282615 
256 399 5 6 0.030282615 
266 405 7 9 0.030282615 
552 429 20 27 0.027884193 
534 453 24 29 0.027884193 
24 358 46 53 0.027884185 
475 445 28 34 0.027884185 
155 598 32 38 0.027884185 
403 418 8 11 0.027838783 
920 321 8 12 0.027838783 
804 477 15 22 0.027838783 
916 414 5 6 0.027838783 
473 402 6 7 0.027838783 
965 446 11 14 0.027838783 
314 407 5 6 0.027838783 
70 404 9 13 0.027838783 
561 433 9 14 0.027838783 
542 434 12 16 0.027838783 
404 381 7 8 0.027838783 
337 415 6 9 0.027838783 
394 372 5 6 0.027838783 
603 441 16 25 0.027838783 
300 425 8 11 0.027838783 
240 431 13 17 0.027838783 
282 402 5 6 0.027838778 
400 422 7 9 0.027838778 
857 584 13 17 0.027838778 
278 438 8 12 0.027838778 
144 382 5 6 0.027838778 
319 460 8 10 0.02558696 
608 419 9 11 0.02558696 
148 414 9 13 0.02558696 
127 401 8 10 0.02558696 
267 431 9 11 0.02558696 
267 412 13 15 0.02558696 
86 353 15 20 0.02558696 
290 416 8 9 0.02558696 
141 385 5 6 0.02558696 
280 426 7 10 0.02558696 
149 401 13 16 0.02558696 
434 418 7 10 0.02558696 
390 415 8 12 0.02558696 
463 430 7 9 0.02558696 
394 440 7 9 0.02558696 
153 395 8 10 0.02558696 
545 439 15 19 0.02558696 
719 324 7 9 0.02558696 
489 326 5 6 0.02558696 
37 396 42 50 0.025519116 
1004 462 19 31 0.025519116 
224 516 24 36 0.025519116 
941 519 49 71 0.025519116 
776 34 212 268 0.024156325 
165 396 6 8 0.02351288 
963 430 11 13 0.02351288 
793 420 5 7 0.02351288 
279 430 8 11 0.02351288 
529 421 8 9 0.02351288 
25 345 7 9 0.02351288 
322 414 7 9 0.02351288 
339 413 10 14 0.02351288 
160 391 11 15 0.02351288 
92 388 7 9 0.02351288 
274 417 8 9 0.02351288 
442 427 5 7 0.02351288 
283 425 12 15 0.02351288 
608 423 20 27 0.02351288 
162 417 8 10 0.02351288 
293 402 5 6 0.02351288 
435 408 8 11 0.02351288 
264 409 7 9 0.02351288 
344 367 6 8 0.02351288 
305 412 6 8 0.02351288 
246 411 6 8 0.02351288 
315 361 4 6 0.02351288 
835 440 14 18 0.02351288 
231 430 9 11 0.02351288 
32 414 19 27 0.02351288 
387 411 14 19 0.02351288 
630 96 12 16 0.02351288 
351 370 6 7 0.02351288 
344 376 6 8 0.02351288 
159 426 11 15 0.02351288 
262 449 9 11 0.02351288 
188 419 11 16 0.02351288 
305 383 21 29 0.023349825 
602 398 27 38 0.023349825 
211 411 19 24 0.023349825 
120 454 21 25 0.023349825 
965 452 24 30 0.023349825 
953 19 54 84 0.023349825 
392 46 59 72 0.023349825 
483 475 44 48 0.023349825 
114 493 31 38 0.023349825 
545 501 28 46 0.023349825 
140 358 26 34 0.023349825 
982 606 22 29 0.023349825 
498 342 23 32 0.023349825 
460 381 6 7 0.0216032 
403 413 7 10 0.021603195 
281 406 5 6 0.021603195 
565 447 13 20 0.021603195 
397 220 5 6 0.021603195 
474 398 5 6 0.021603195 
359 296 12 16 0.021603195 
549 415 7 9 0.021603195 
189 413 7 10 0.021603195 
204 400 7 8 0.021603195 
270 427 9 12 0.021603195 
297 401 5 7 0.021603195 
265 425 9 12 0.021603195 
609 470 18 22 0.021603195 
960 449 11 13 0.021603195 
468 398 5 6 0.021603195 
900 453 17 22 0.021603195 
280 418 6 9 0.021603195 
304 417 7 9 0.021603195 
454 416 12 16 0.021603195 
506 411 14 17 0.021603195 
427 404 10 15 0.021603195 
464 422 13 17 0.021603195 
143 384 5 7 0.021603195 
475 399 12 15 0.021603195 
1018 418 5 8 0.021603195 
341 380 6 8 0.021603195 
1006 416 7 9 0.021603195 
459 433 18 22 0.021603195 
504 341 9 11 0.021603195 
547 425 7 9 0.021603195 
206 409 9 11 0.021603195 
200 409 9 11 0.021603195 
142 341 15 19 0.021603195 
189 406 11 15 0.021603195 
992 438 15 19 0.021603195 
369 364 5 7 0.021603195 
314 364 6 9 0.021603195 
429 423 7 10 0.021603195 
150 409 10 12 0.021603195 
355 43 52 64 0.021360904 
617 400 65 100 0.021360904 
142 375 50 58 0.021360898 
318 462 27 30 0.021360898 
81 399 19 25 0.021360898 
549 411 20 26 0.021360898 
538 413 20 25 0.021360898 
943 583 27 32 0.021360898 
383 279 68 52 0.021360898 
488 432 23 27 0.021360898 
695 356 56 63 0.021360898 
133 517 30 41 0.021360898 
117 341 93 117 0.0201599 
