2_Demonstration_Demonstrators_2_546
131
944 169 26 35 0.9953797 
800 200 32 35 0.98366195 
229 156 14 16 0.3728605 
600 155 21 29 0.30585766 
297 307 249 242 0.28400344 
694 164 25 27 0.268611 
1000 180 11 12 0.2141799 
839 177 17 19 0.16157512 
984 18 38 60 0.15056497 
716 465 19 19 0.13944872 
227 282 97 91 0.13594593 
590 204 18 20 0.12937039 
431 180 23 27 0.12872264 
324 134 13 11 0.111069925 
442 155 8 9 0.09507551 
278 166 26 31 0.09308393 
88 351 215 235 0.09015675 
170 211 16 21 0.08787667 
828 170 27 30 0.08567618 
173 365 25 31 0.07880669 
297 229 23 22 0.07880669 
887 154 21 22 0.07880669 
476 169 21 23 0.072444364 
220 159 25 25 0.06655858 
747 31 51 53 0.06655857 
585 173 183 219 0.064067975 
303 225 13 14 0.06377564 
983 167 14 20 0.05879275 
592 149 36 43 0.056098126 
987 154 12 13 0.054176662 
262 295 52 61 0.051466707 
195 195 28 29 0.051466707 
235 154 14 18 0.04990379 
149 189 13 17 0.04990379 
877 184 13 14 0.049903784 
889 157 12 13 0.049903784 
816 167 28 31 0.047198545 
718 27 60 57 0.047198545 
88 162 18 18 0.04595155 
198 200 14 13 0.045951538 
330 136 9 10 0.04229837 
419 90 186 206 0.04133062 
175 193 40 48 0.039651502 
982 154 20 25 0.039651494 
352 138 23 23 0.039651494 
323 137 9 9 0.038923774 
826 156 46 48 0.036325652 
328 197 23 25 0.036325652 
816 156 25 27 0.036325652 
181 197 25 29 0.036325645 
357 138 12 15 0.035808332 
479 166 13 15 0.035808332 
335 202 14 16 0.035808332 
152 209 7 8 0.035808332 
645 201 93 128 0.034593605 
136 287 186 203 0.034593593 
387 133 27 29 0.033269096 
318 140 22 23 0.033269096 
798 181 43 46 0.033269096 
968 461 53 65 0.033269096 
154 171 23 25 0.033269096 
608 39 26 29 0.030461604 
317 214 25 26 0.030461604 
844 198 25 28 0.030461604 
297 209 40 41 0.030461596 
853 429 29 31 0.030461596 
594 25 48 51 0.030461596 
713 453 31 37 0.030461596 
857 61 5 5 0.030282615 
989 174 14 17 0.030282615 
621 444 11 13 0.030282615 
883 139 4 4 0.030282615 
910 256 23 26 0.027884193 
146 177 23 25 0.027884193 
383 125 24 25 0.027884193 
605 162 30 31 0.027884185 
148 189 24 26 0.027884185 
158 201 14 16 0.027838783 
892 141 6 6 0.027838778 
53 361 109 130 0.026434705 
810 343 188 186 0.026434705 
661 149 107 140 0.026434705 
884 140 7 7 0.02558696 
274 264 24 25 0.025519116 
677 136 22 23 0.025519116 
687 151 43 42 0.025519116 
461 152 46 46 0.025519116 
302 233 25 28 0.025519116 
174 205 24 31 0.025519116 
181 377 132 147 0.024156325 
512 212 209 229 0.024156325 
443 149 13 14 0.02351288 
391 130 13 15 0.02351288 
181 189 12 14 0.02351288 
293 243 18 19 0.02351288 
159 176 8 9 0.02351288 
807 151 45 51 0.023349825 
591 192 26 31 0.023349825 
407 131 23 27 0.023349825 
820 177 31 35 0.023349825 
106 266 46 51 0.023349825 
120 187 239 242 0.022069868 
464 134 111 123 0.022069868 
755 142 6 6 0.021603195 
151 201 14 16 0.021603195 
889 140 11 11 0.021603195 
161 199 7 7 0.021603195 
482 168 9 8 0.021603195 
358 142 7 8 0.021603195 
676 128 16 18 0.021603195 
1013 173 8 10 0.021603195 
909 252 12 14 0.021603195 
417 169 40 46 0.021360904 
840 181 25 27 0.021360904 
555 148 49 51 0.021360904 
943 15 67 70 0.021360904 
707 145 29 24 0.021360898 
342 146 25 27 0.021360898 
344 120 44 41 0.021360898 
377 142 27 28 0.021360898 
373 188 21 23 0.021360898 
822 200 29 30 0.021360898 
533 263 27 30 0.021360898 
898 48 32 32 0.021360898 
839 210 24 30 0.021360898 
516 180 24 25 0.021360898 
182 188 21 24 0.021360898 
735 41 37 37 0.021360898 
293 7 203 229 0.020159906 
660 134 206 215 0.0201599 
90 394 109 128 0.0201599 
