2_Demonstration_Demonstration_Or_Protest_2_30
91
768 74 47 71 0.9786391 
596 79 19 25 0.97216123 
207 406 100 159 0.6135702 
436 62 16 20 0.4141967 
126 190 235 310 0.2311026 
140 5 203 271 0.2150812 
363 494 19 28 0.2141799 
348 532 24 37 0.2032784 
658 249 165 237 0.18550259 
168 411 61 70 0.13928533 
886 140 186 256 0.12544508 
955 211 69 105 0.109639935 
506 238 54 65 0.10106142 
149 409 50 70 0.10106142 
635 287 116 133 0.09803478 
688 438 116 155 0.09803478 
389 58 24 28 0.09308393 
436 202 41 63 0.08567618 
660 324 209 267 0.08285364 
743 247 124 211 0.076092646 
343 356 18 25 0.074940585 
759 60 89 113 0.06984133 
193 412 70 103 0.06655857 
741 425 215 279 0.064067975 
635 265 47 58 0.06111947 
3 90 158 237 0.05874174 
273 232 172 237 0.05874174 
453 213 26 41 0.051466707 
366 166 49 65 0.051466707 
826 82 26 38 0.051466707 
328 487 48 66 0.051466707 
444 66 10 13 0.04990379 
234 565 17 24 0.04990379 
840 257 209 279 0.04931264 
333 118 61 78 0.047198545 
442 369 7 10 0.045951538 
800 230 103 159 0.045153897 
657 427 48 73 0.04326818 
332 463 25 30 0.04326818 
129 336 191 252 0.04133061 
439 22 114 146 0.04133061 
916 394 27 35 0.039651502 
319 159 61 75 0.039651502 
603 210 32 54 0.039651502 
-9 329 126 157 0.03781825 
226 1 206 256 0.03781825 
342 258 175 241 0.03781825 
144 369 111 146 0.034593605 
10 103 98 146 0.034593605 
165 430 41 41 0.033269096 
281 131 178 248 0.03163486 
622 91 32 39 0.030461604 
88 450 29 32 0.027884193 
292 394 25 35 0.027884193 
725 195 52 62 0.027884185 
649 322 69 84 0.027884185 
156 402 32 46 0.027884185 
937 386 56 64 0.027884185 
355 45 17 21 0.027838783 
565 -18 228 283 0.02643471 
136 45 128 169 0.026434705 
279 464 9 11 0.02558696 
433 65 10 13 0.02558696 
190 581 8 11 0.02558696 
311 284 43 65 0.025519116 
763 182 35 42 0.025519116 
289 503 93 128 0.024156325 
211 283 200 267 0.024156325 
405 235 225 288 0.024156325 
332 462 16 20 0.02351288 
434 72 17 21 0.02351288 
174 584 18 29 0.023349825 
798 73 47 62 0.023349825 
304 367 23 30 0.023349825 
413 316 57 73 0.023349825 
770 181 58 63 0.023349825 
611 75 54 61 0.023349825 
387 274 53 88 0.023349825 
426 322 30 40 0.023349825 
319 298 25 41 0.023349825 
-26 270 203 267 0.022069868 
371 293 98 155 0.022069868 
348 6 178 237 0.022069868 
809 51 218 301 0.022069868 
336 529 16 25 0.021603195 
185 582 14 19 0.021603195 
419 98 54 73 0.021360904 
804 169 61 70 0.021360904 
847 158 49 68 0.021360904 
628 277 32 39 0.021360898 
398 278 33 42 0.021360898 
