2_Demonstration_Demonstrators_2_486
91
372 377 101 139 0.99871767 
553 402 70 86 0.99614596 
523 -7 228 248 0.9902766 
147 466 62 43 0.9695384 
192 421 41 37 0.9695384 
151 63 235 230 0.96540636 
594 -65 281 270 0.9098432 
1000 276 18 19 0.88893 
433 -22 222 240 0.88435316 
925 331 48 62 0.7815748 
266 374 57 75 0.73138905 
833 150 97 100 0.56891036 
633 56 203 193 0.43108967 
722 241 191 193 0.32305852 
170 165 222 195 0.32305852 
278 70 200 220 0.28400344 
756 257 123 113 0.28400344 
364 -4 209 179 0.21508123 
711 391 194 198 0.2150812 
105 72 158 169 0.19988178 
849 224 55 57 0.1753677 
345 22 28 28 0.16258557 
951 333 48 57 0.16258557 
703 -4 200 184 0.13594593 
181 289 30 30 0.12872264 
262 128 32 28 0.12872262 
796 233 140 145 0.115646794 
884 114 34 30 0.109639935 
800 250 33 30 0.109639935 
643 182 246 207 0.1065206 
743 329 212 198 0.09803478 
916 432 13 13 0.09507551 
18 60 18 19 0.08787667 
230 73 26 23 0.07880669 
853 197 57 63 0.07880669 
946 92 62 75 0.07880669 
859 227 35 33 0.07880669 
326 376 101 129 0.076092646 
104 -10 253 217 0.06984133 
329 337 194 174 0.06984132 
385 70 212 230 0.064067975 
-4 256 200 204 0.064067975 
172 434 55 50 0.06111947 
784 246 55 48 0.06111947 
814 224 63 64 0.056098126 
283 376 76 88 0.04931264 
792 94 180 190 0.04931264 
838 174 60 58 0.047198545 
344 12 25 25 0.047198545 
227 9 209 220 0.045153897 
979 331 39 56 0.04326818 
937 320 26 27 0.04326818 
59 2 49 54 0.04326818 
766 254 83 67 0.039651502 
699 473 31 26 0.039651494 
27 264 12 13 0.038923774 
558 341 7 7 0.038923774 
563 197 203 184 0.03781825 
863 97 55 52 0.036325652 
12 31 23 24 0.036325652 
885 81 90 97 0.034593593 
707 81 200 190 0.034593593 
59 -10 86 99 0.03163486 
824 146 54 52 0.030461596 
322 140 200 198 0.028921604 
26 22 160 120 0.028921604 
542 170 52 61 0.027884193 
251 120 30 27 0.027884185 
870 314 93 108 0.026434705 
220 363 87 93 0.026434705 
986 47 8 7 0.02558696 
450 341 7 7 0.02558696 
884 344 61 59 0.025519116 
251 209 197 195 0.024156325 
783 421 15 16 0.02351288 
759 412 17 17 0.02351288 
902 437 9 8 0.02351288 
265 124 50 44 0.023349825 
196 414 32 27 0.023349825 
399 423 80 74 0.021360904 
824 199 63 63 0.021360898 
190 392 29 23 0.021360898 
59 17 28 33 0.021360898 
948 9 52 63 0.021360898 
846 365 23 21 0.021360898 
765 423 57 52 0.021360898 
338 9 47 44 0.021360898 
700 114 55 53 0.021360898 
786 304 112 115 0.0201599 
542 177 104 111 0.0201599 
656 310 203 207 0.0201599 
