2_Demonstration_Demonstrators_2_672
65
648 182 128 170 0.9993284 
264 165 31 45 0.9988171 
221 164 37 48 0.99706453 
154 244 55 74 0.9949414 
69 178 30 42 0.88114965 
457 172 22 33 0.56787485 
735 4 265 346 0.30317584 
453 377 215 285 0.26558137 
137 -63 215 277 0.18550259 
606 202 116 147 0.17193556 
335 214 183 246 0.17193554 
55 180 29 43 0.16258556 
389 23 52 53 0.16258556 
-3 130 194 243 0.115646794 
185 334 218 303 0.09803478 
567 217 98 142 0.09015675 
477 439 22 28 0.08567618 
246 35 206 261 0.076092646 
52 -22 215 243 0.06984133 
434 177 24 34 0.06655858 
81 0 128 145 0.064067975 
312 28 134 165 0.064067975 
172 275 117 149 0.058741733 
465 447 11 15 0.054176662 
364 108 253 361 0.053832818 
149 244 104 132 0.053832818 
839 6 134 163 0.053832814 
751 515 31 41 0.051466707 
726 470 53 68 0.047198545 
579 33 85 92 0.04326818 
492 303 61 79 0.04326818 
1011 477 12 24 0.04229837 
530 446 116 173 0.04133062 
738 492 51 63 0.036325652 
239 164 32 44 0.036325652 
516 420 12 16 0.035808332 
94 198 95 140 0.034593605 
141 288 197 261 0.034593605 
391 285 71 106 0.033269096 
557 251 54 71 0.033269096 
608 1 206 236 0.03163486 
204 6 128 165 0.03163486 
662 52 25 36 0.027884193 
713 391 56 69 0.027884193 
667 439 54 69 0.027884185 
573 252 16 20 0.02558696 
440 193 17 25 0.02558696 
587 371 67 71 0.025519116 
539 261 49 64 0.025519116 
129 237 55 71 0.025519116 
657 292 191 216 0.024156325 
654 115 117 160 0.024156325 
503 452 6 8 0.02351288 
0 269 4 7 0.02351288 
193 166 49 51 0.023349825 
380 29 37 41 0.023349825 
852 251 180 265 0.022069868 
452 477 12 16 0.021603195 
511 463 6 8 0.021603195 
468 443 14 18 0.021603195 
271 230 51 64 0.021360904 
587 251 29 39 0.021360904 
429 174 43 52 0.021360904 
932 430 69 71 0.021360893 
406 314 197 254 0.0201599 
