2_Demonstration_Protesters_2_352
141
588 192 41 52 0.9953797 
130 467 37 48 0.98957527 
136 411 35 50 0.9850627 
680 539 38 63 0.95280147 
922 501 47 58 0.88114965 
819 506 25 48 0.8712774 
430 473 30 59 0.849435 
818 473 30 50 0.5454055 
140 593 64 66 0.47725022 
365 450 46 74 0.4099317 
-6 514 37 60 0.34582695 
456 605 39 67 0.32552502 
65 227 14 18 0.31433135 
92 442 26 32 0.28687313 
93 541 57 63 0.21842523 
874 -68 188 261 0.18550259 
602 638 36 43 0.1753677 
22 104 114 170 0.15916686 
394 329 21 28 0.15056497 
394 607 30 48 0.15056497 
697 265 67 89 0.15056497 
666 517 25 41 0.13928533 
814 489 46 61 0.12872262 
676 233 9 10 0.11991897 
101 433 27 34 0.118850335 
140 557 26 35 0.118850335 
325 83 222 261 0.1065206 
693 536 47 63 0.10106142 
612 617 55 64 0.10106142 
709 210 218 246 0.08285364 
960 501 43 56 0.07880669 
198 594 50 71 0.07880669 
362 590 53 64 0.07880669 
927 207 12 14 0.074940585 
124 420 30 39 0.06655858 
386 581 53 69 0.06655857 
359 465 81 103 0.064067975 
126 556 61 73 0.06111947 
212 370 15 17 0.05879275 
149 222 11 13 0.05879275 
719 135 21 27 0.056098126 
67 487 23 39 0.056098126 
904 -13 109 178 0.053832818 
993 538 30 49 0.051466707 
674 233 13 18 0.049903784 
221 230 203 265 0.04931264 
714 549 35 48 0.047198545 
805 -1 31 30 0.047198545 
89 443 45 48 0.047198545 
128 617 50 63 0.047198545 
114 436 18 20 0.045951538 
712 543 114 134 0.045153897 
103 420 47 54 0.04326818 
165 594 44 42 0.04326818 
79 457 43 55 0.04326818 
640 149 24 28 0.04326818 
740 141 29 35 0.04326818 
401 242 6 7 0.04229837 
805 -13 200 281 0.04133061 
213 514 52 64 0.039651502 
820 512 45 59 0.039651494 
157 527 16 24 0.038923774 
318 460 89 94 0.03781825 
121 549 43 55 0.036325652 
79 552 51 67 0.036325652 
661 520 43 64 0.036325652 
80 478 23 35 0.036325645 
185 435 10 12 0.035808332 
204 457 39 35 0.033269096 
240 512 30 44 0.033269096 
827 474 51 59 0.033269096 
457 0 14 15 0.032933712 
340 455 20 22 0.032933712 
4 507 48 60 0.030461604 
473 54 27 38 0.030461604 
712 545 65 68 0.030461604 
940 492 40 53 0.030461596 
859 472 31 41 0.030461596 
343 451 51 57 0.030461596 
687 501 32 44 0.030461596 
465 40 44 63 0.030461596 
155 424 25 37 0.030461596 
181 437 9 12 0.030282615 
0 264 7 12 0.030282615 
272 371 7 8 0.030282615 
210 373 9 10 0.030282615 
170 433 14 20 0.030282615 
1 2 203 290 0.028921604 
631 643 33 40 0.027884193 
831 521 61 74 0.027884185 
531 18 8 10 0.027838783 
90 449 14 19 0.027838783 
88 456 17 22 0.027838778 
419 4 188 246 0.026434705 
342 153 124 178 0.026434705 
8 221 5 7 0.02558696 
71 230 10 12 0.02558696 
482 3 13 16 0.02558696 
92 452 7 10 0.02558696 
209 53 8 10 0.02558696 
168 45 6 7 0.02558696 
580 3 14 16 0.02558696 
461 2 8 9 0.02558696 
197 476 59 64 0.025519116 
95 456 52 56 0.025519116 
678 581 70 86 0.025519116 
396 447 56 66 0.025519116 
314 -5 52 61 0.025519116 
370 449 30 41 0.025519116 
378 445 43 48 0.025519116 
796 213 232 265 0.024156325 
715 112 206 219 0.024156325 
189 433 8 11 0.02351288 
65 477 7 9 0.02351288 
666 519 16 24 0.02351288 
469 29 15 19 0.02351288 
924 209 9 10 0.02351288 
507 65 53 73 0.023349825 
391 615 63 57 0.023349825 
171 172 60 89 0.023349825 
978 520 33 49 0.023349825 
146 456 43 57 0.023349825 
18 487 53 66 0.023349825 
150 556 32 41 0.023349825 
933 535 60 74 0.023349825 
206 112 16 20 0.021603195 
144 556 16 22 0.021603195 
119 440 11 11 0.021603195 
250 366 13 16 0.021603195 
560 2 13 15 0.021603195 
141 547 9 11 0.021603195 
202 11 6 8 0.021603195 
427 6 13 17 0.021603195 
100 449 9 11 0.021603195 
98 445 15 18 0.021603195 
370 480 32 55 0.021360904 
41 475 45 55 0.021360904 
42 579 52 66 0.021360904 
41 117 21 29 0.021360898 
926 223 23 27 0.021360898 
537 352 30 41 0.021360898 
