2_Demonstration_Political_Rally_2_690
111
812 386 67 102 0.9982981 
644 392 25 43 0.9927347 
754 370 7 11 0.97441304 
542 384 82 144 0.96540636 
946 370 11 17 0.8000445 
109 393 6 9 0.7217721 
181 350 7 11 0.4141967 
80 356 7 10 0.3728605 
250 339 111 199 0.3647484 
730 510 194 334 0.32305852 
117 368 6 9 0.27822798 
62 364 8 12 0.27822798 
116 355 6 8 0.27822798 
285 400 107 174 0.24794048 
941 375 13 18 0.22912635 
84 371 6 9 0.19995552 
952 369 8 13 0.18645167 
94 412 7 10 0.17366187 
383 451 80 66 0.15056497 
205 302 124 205 0.14717786 
689 365 5 8 0.13944872 
331 416 103 134 0.13594593 
12 442 8 11 0.09507551 
83 353 6 9 0.09507551 
775 407 63 87 0.09308395 
199 358 5 7 0.08117401 
42 364 7 9 0.07494057 
151 342 138 185 0.06984133 
691 -35 249 334 0.06984132 
731 605 117 164 0.06984132 
650 377 8 10 0.069149815 
183 337 5 7 0.0691498 
53 348 6 9 0.06377564 
1009 395 7 10 0.06377564 
77 369 7 10 0.06377564 
88 357 6 9 0.06377564 
109 329 5 7 0.06377564 
517 433 83 111 0.06111947 
699 368 5 7 0.05879275 
733 427 7 11 0.05879275 
76 360 6 9 0.05879275 
234 281 212 276 0.05874174 
934 414 28 41 0.056098126 
708 500 109 221 0.04931264 
736 358 5 7 0.04595155 
929 575 101 164 0.045153886 
47 376 11 17 0.04229837 
106 442 4 5 0.04229837 
62 354 13 17 0.038923774 
178 348 7 10 0.038923774 
109 419 5 8 0.038923774 
874 291 4 5 0.038923774 
-3 406 138 164 0.03781825 
567 457 47 63 0.036325652 
58 365 8 12 0.035808332 
490 311 163 252 0.034593593 
741 663 69 105 0.033269096 
633 350 31 43 0.033269096 
101 439 5 7 0.03293372 
199 353 5 7 0.032933712 
81 439 5 8 0.032933712 
116 359 6 9 0.032933712 
56 351 7 10 0.032933712 
196 360 6 8 0.032933712 
778 279 49 87 0.030461596 
1 421 8 12 0.030282615 
6 499 13 24 0.030282615 
579 256 6 9 0.030282615 
934 379 16 20 0.030282615 
849 380 183 297 0.028921604 
362 386 104 126 0.028921604 
64 367 11 16 0.027838783 
649 289 4 6 0.027838783 
1005 416 8 10 0.027838783 
864 290 5 6 0.027838783 
960 315 4 5 0.027838778 
55 350 12 17 0.027838778 
76 364 7 10 0.027838778 
49 560 246 301 0.02643471 
194 39 212 260 0.02643471 
71 346 7 9 0.02558696 
75 357 10 15 0.02558696 
695 367 5 7 0.02558696 
65 357 8 10 0.02558696 
814 318 4 6 0.02558696 
901 291 4 5 0.02558696 
174 347 6 9 0.02558696 
18 476 61 92 0.025519116 
432 239 103 150 0.024156325 
359 8 228 284 0.024156325 
937 378 10 14 0.02351288 
903 289 4 6 0.02351288 
1 391 9 12 0.02351288 
85 348 7 8 0.02351288 
921 347 5 7 0.02351288 
77 357 6 9 0.02351288 
86 408 8 10 0.02351288 
53 343 7 9 0.02351288 
183 340 6 8 0.02351288 
745 391 13 20 0.02351288 
412 429 76 73 0.023349825 
109 439 5 6 0.021603195 
15 423 7 12 0.021603195 
49 361 6 9 0.021603195 
703 278 6 9 0.021603195 
822 295 4 6 0.021603195 
144 343 6 8 0.021603195 
693 374 9 11 0.021603195 
58 385 6 9 0.021603195 
731 473 27 32 0.021360898 
152 656 70 79 0.021360898 
