2_Demonstration_Protesters_2_589
57
127 8 222 227 0.73441863 
37 138 178 233 0.71599656 
185 130 194 255 0.3864298 
97 147 200 266 0.3647484 
309 167 215 244 0.32305852 
622 311 63 71 0.2511021 
19 15 106 122 0.2311026 
584 344 35 30 0.2032784 
698 376 222 263 0.17193556 
766 -8 239 259 0.17193554 
614 368 60 60 0.13928533 
627 388 39 37 0.12872264 
75 30 69 73 0.09308395 
193 99 235 166 0.09015675 
751 137 101 152 0.09015675 
572 277 186 193 0.076092646 
594 325 55 55 0.072444364 
660 -30 242 255 0.06984132 
293 222 128 179 0.064067975 
12 57 117 152 0.05874174 
579 433 109 125 0.05874174 
0 166 117 195 0.058741733 
550 400 25 27 0.056098126 
222 -11 191 207 0.053832814 
479 70 212 223 0.04931264 
57 147 100 164 0.045153897 
601 312 104 113 0.045153897 
406 212 188 223 0.04133061 
620 332 37 41 0.039651494 
493 258 116 152 0.03781825 
321 156 79 63 0.036325652 
97 108 25 26 0.036325645 
591 347 20 19 0.035808332 
11 267 228 255 0.034593605 
631 429 107 141 0.034593605 
605 351 212 237 0.034593593 
568 116 28 30 0.033269096 
594 423 25 32 0.030461596 
586 407 16 18 0.030282615 
12 -20 203 214 0.028921604 
310 347 235 279 0.028921604 
551 284 30 42 0.025519116 
584 411 25 26 0.025519116 
132 122 22 23 0.025519116 
528 275 55 75 0.025519116 
611 108 119 156 0.024156325 
538 364 175 198 0.024156325 
21 132 26 29 0.023349825 
158 141 46 51 0.023349825 
559 298 107 100 0.022069868 
174 246 209 237 0.022069868 
111 0 23 19 0.021603195 
565 36 50 67 0.021360904 
645 303 69 83 0.021360898 
552 2 180 230 0.0201599 
635 125 194 217 0.0201599 
573 374 107 124 0.0201599 
