2_Demonstration_Political_Rally_2_637
143
729 404 25 45 0.99614596 
5 389 28 47 0.99047405 
736 96 42 77 0.9863452 
460 352 25 56 0.98046196 
164 388 32 57 0.98046196 
281 354 30 50 0.9275556 
27 287 123 268 0.8280645 
662 396 21 39 0.7388364 
913 398 16 33 0.66669756 
750 46 172 376 0.56891036 
896 397 23 36 0.38809907 
553 368 17 27 0.33330244 
598 463 200 376 0.32305852 
830 613 29 50 0.268611 
445 355 35 70 0.23436876 
686 354 16 39 0.22912635 
367 403 31 55 0.21842524 
45 328 79 148 0.21842523 
341 381 47 101 0.21842523 
364 385 55 95 0.188928 
783 380 23 39 0.188928 
625 347 20 38 0.188928 
842 369 25 49 0.16258556 
880 543 26 37 0.15056497 
50 183 257 442 0.14717786 
796 457 62 76 0.12872262 
209 219 186 334 0.12544508 
324 367 42 103 0.118850335 
898 782 42 51 0.118850335 
94 633 186 360 0.09803478 
12 247 15 29 0.08787667 
176 383 41 77 0.08567618 
717 177 134 245 0.08285364 
890 396 19 30 0.08117401 
671 400 19 32 0.08117401 
82 668 16 27 0.08117401 
702 304 9 18 0.08117401 
733 688 57 98 0.07880669 
432 370 35 70 0.07880669 
265 357 37 59 0.07880669 
45 675 111 256 0.076092646 
249 451 98 160 0.076092646 
227 450 50 87 0.072444364 
713 270 63 120 0.07244435 
296 350 29 50 0.06655858 
794 409 52 88 0.06655858 
611 376 26 50 0.06655858 
73 665 25 50 0.06655857 
310 668 13 25 0.06377564 
781 379 15 28 0.06377564 
828 582 29 46 0.06111947 
621 289 13 22 0.05879275 
325 596 218 423 0.058741733 
798 405 32 54 0.051466707 
251 364 38 65 0.051466707 
276 106 209 371 0.04931264 
10 120 200 371 0.04931264 
775 750 29 45 0.047198545 
880 425 16 27 0.04595155 
286 294 104 193 0.045153897 
800 499 30 49 0.04326818 
751 513 29 42 0.04326818 
246 435 31 58 0.04326818 
747 467 25 41 0.04326818 
786 383 30 54 0.04326818 
249 424 50 87 0.04326818 
297 351 47 93 0.04326818 
677 394 23 46 0.039651502 
806 375 49 78 0.039651494 
205 398 12 24 0.038923774 
137 707 116 221 0.03781825 
640 201 53 95 0.036325652 
223 656 23 46 0.036325652 
972 762 36 55 0.036325652 
634 355 17 30 0.035808332 
771 327 19 32 0.035808332 
919 325 101 284 0.034593605 
807 0 194 376 0.034593605 
-13 319 215 355 0.034593593 
347 394 28 61 0.033269096 
827 596 49 77 0.033269096 
553 353 19 30 0.03293372 
59 397 14 33 0.032933712 
830 571 23 37 0.032933712 
55 381 30 66 0.030461604 
386 369 58 93 0.030461596 
659 377 38 70 0.030461596 
946 547 58 120 0.030461596 
826 619 21 33 0.030282615 
790 384 9 16 0.030282615 
511 443 197 371 0.028921604 
594 342 23 41 0.027884193 
199 397 31 61 0.027884193 
255 386 54 100 0.027884193 
415 378 57 98 0.027884193 
742 613 24 45 0.027884193 
716 70 51 114 0.027884185 
871 655 28 48 0.027884185 
304 418 17 36 0.027838783 
675 418 18 30 0.027838783 
8 951 12 27 0.027838783 
634 391 8 15 0.027838778 
625 378 16 32 0.02558696 
159 719 16 29 0.02558696 
434 388 22 36 0.02558696 
639 275 5 9 0.02558696 
714 431 21 37 0.02558696 
960 667 6 11 0.02558696 
946 588 27 59 0.025519116 
916 678 24 42 0.025519116 
35 624 67 127 0.025519116 
438 344 31 58 0.025519116 
309 357 29 57 0.025519116 
614 231 50 90 0.025519116 
811 651 25 45 0.025519116 
818 549 47 72 0.025519116 
219 535 209 376 0.024156325 
651 550 117 249 0.024156325 
950 656 8 14 0.02351288 
932 648 13 21 0.02351288 
246 587 7 12 0.02351288 
22 276 18 30 0.02351288 
331 354 29 55 0.023349825 
223 408 47 78 0.023349825 
745 491 29 47 0.023349825 
814 573 28 43 0.023349825 
292 392 44 87 0.023349825 
683 317 49 85 0.023349825 
336 335 87 157 0.022069868 
627 292 8 15 0.021603195 
17 251 15 30 0.021603195 
42 267 17 35 0.021603195 
771 405 8 14 0.021603195 
54 405 18 40 0.021603195 
84 676 9 15 0.021603195 
798 504 16 30 0.021603195 
370 773 63 150 0.021360904 
443 721 30 48 0.021360904 
598 363 29 54 0.021360898 
238 479 67 103 0.021360898 
630 311 47 78 0.021360898 
643 347 26 45 0.021360898 
4 244 24 48 0.021360898 
