2_Demonstration_Political_Rally_2_545
90
328 76 64 76 0.9996979 
452 98 60 81 0.9996376 
676 187 47 63 0.99952376 
194 85 51 64 0.99891996 
718 139 43 58 0.99813616 
107 68 74 103 0.99813616 
930 83 59 68 0.9973194 
656 146 37 46 0.9953797 
909 141 71 105 0.9933628 
590 144 26 33 0.9927347 
534 158 39 47 0.99129593 
293 140 25 29 0.9695384 
915 85 80 131 0.6332934 
568 165 24 33 0.61190087 
650 121 197 270 0.52310073 
867 170 106 135 0.45389685 
664 161 46 63 0.4099317 
61 415 14 17 0.24479094 
761 151 25 38 0.188928 
695 140 49 57 0.188928 
731 119 203 247 0.17193554 
605 141 28 38 0.16258557 
387 581 35 43 0.16258556 
834 131 28 37 0.13928533 
808 362 232 283 0.13594593 
772 142 40 58 0.12872262 
766 468 225 304 0.1254451 
559 578 37 40 0.118850335 
576 157 26 34 0.09308393 
218 203 194 262 0.09015675 
282 92 206 300 0.09015675 
790 136 29 43 0.08567616 
86 465 79 118 0.08567616 
692 166 46 62 0.07244435 
249 382 48 54 0.07244435 
737 250 215 278 0.06984132 
103 141 225 304 0.064067975 
558 559 62 69 0.06111947 
44 461 167 233 0.05874174 
383 568 58 73 0.056098126 
159 351 191 278 0.053832818 
60 236 228 309 0.053832818 
796 118 51 76 0.051466707 
628 296 69 76 0.051466707 
744 138 42 59 0.051466707 
4 114 215 291 0.04931264 
682 161 35 45 0.04326818 
821 142 172 210 0.04133061 
191 446 183 266 0.04133061 
273 291 188 259 0.04133061 
956 70 52 81 0.039651502 
663 285 71 99 0.039651494 
281 310 31 42 0.039651494 
642 153 14 19 0.038923774 
325 130 15 22 0.038923774 
314 93 116 189 0.03781825 
305 131 26 31 0.036325652 
507 155 27 38 0.036325652 
521 157 34 44 0.036325645 
761 147 18 25 0.035808332 
647 147 29 40 0.033269096 
8 51 46 68 0.033269096 
520 666 19 18 0.032933712 
634 148 25 36 0.030461596 
296 639 29 34 0.027884193 
894 220 61 87 0.027884193 
271 291 57 71 0.027884185 
652 161 32 47 0.027884185 
911 252 14 19 0.027838783 
328 451 191 262 0.026434705 
770 156 25 39 0.025519116 
544 599 34 40 0.025519116 
26 60 42 69 0.025519116 
481 526 76 114 0.025519116 
822 121 43 64 0.025519116 
782 162 19 27 0.02351288 
107 617 5 6 0.02351288 
918 186 68 91 0.023349825 
956 159 47 82 0.023349825 
782 130 26 33 0.023349825 
590 93 25 28 0.023349825 
89 205 146 204 0.022069868 
580 173 188 223 0.022069868 
835 522 140 189 0.022069868 
825 72 50 69 0.021360904 
510 583 51 71 0.021360898 
641 174 47 59 0.021360893 
374 120 58 82 0.021360893 
456 451 197 255 0.020159906 
334 311 123 156 0.0201599 
