13_Interview_Interview_On_Location_13_166
27
401 78 225 434 0.99998486 
133 410 225 428 0.90196514 
50 533 293 558 0.8144974 
367 265 246 467 0.47689918 
292 61 222 440 0.3864298 
555 383 269 518 0.30317584 
505 110 183 380 0.2311026 
638 254 246 467 0.18550259 
83 231 257 474 0.14717786 
133 524 114 244 0.14717786 
581 609 269 510 0.1065206 
123 539 73 141 0.10106142 
407 605 257 488 0.09803478 
762 414 235 447 0.076092646 
322 668 239 481 0.076092646 
465 364 222 428 0.06984132 
188 164 222 391 0.053832818 
681 512 239 428 0.053832818 
221 434 269 488 0.045153886 
495 533 242 434 0.03781825 
330 432 285 549 0.03163486 
569 38 225 434 0.03163486 
-4 402 235 391 0.03163486 
538 286 225 415 0.028921604 
109 577 73 154 0.027884185 
181 684 212 428 0.02415633 
91 622 62 136 0.021360904 
