13_Interview_Interview_Sequences_13_864
99
551 98 50 63 0.9863452 
607 136 41 49 0.9439019 
465 361 76 63 0.73138905 
68 430 249 275 0.6769414 
739 352 33 38 0.6332934 
455 188 130 201 0.59142894 
530 89 45 61 0.5454055 
613 450 112 166 0.52310073 
598 396 191 255 0.52310073 
722 282 52 62 0.30585766 
455 241 235 267 0.30317584 
309 36 124 157 0.28400344 
518 86 37 56 0.2511021 
516 495 62 100 0.21842523 
611 287 51 59 0.1753677 
13 271 14 18 0.17366186 
468 83 239 314 0.17193556 
902 120 69 92 0.16258557 
156 206 206 271 0.15916686 
376 397 82 49 0.150565 
378 169 183 279 0.14717786 
553 433 35 42 0.118850335 
693 284 62 68 0.118850335 
583 113 46 65 0.118850335 
751 239 35 32 0.109639935 
515 465 203 267 0.09803478 
783 317 197 263 0.08285364 
454 391 79 73 0.07880669 
733 133 212 305 0.076092646 
109 418 15 21 0.0691498 
306 92 67 81 0.06655858 
458 419 57 65 0.06655857 
445 334 140 113 0.064067975 
619 242 101 125 0.064067975 
434 158 124 152 0.064067975 
414 412 42 34 0.06111947 
88 262 123 159 0.058741733 
890 90 106 154 0.058741733 
730 257 26 31 0.056098126 
415 386 109 154 0.053832818 
566 429 43 54 0.051466707 
523 604 26 35 0.051466707 
384 390 43 39 0.051466707 
455 265 67 103 0.047198545 
488 486 29 39 0.04326818 
984 292 41 79 0.04326818 
603 28 232 328 0.04133061 
798 428 218 287 0.04133061 
528 434 50 62 0.039651502 
959 598 80 87 0.039651502 
748 237 9 10 0.038923774 
474 319 78 92 0.036325652 
348 391 24 32 0.036325652 
510 598 51 55 0.036325652 
85 7 35 32 0.036325645 
548 92 85 110 0.034593593 
487 594 26 34 0.033269096 
363 392 32 37 0.033269096 
556 210 165 199 0.03163486 
213 -16 206 248 0.03163486 
662 369 107 157 0.03163486 
268 46 103 125 0.03163486 
685 389 200 271 0.03163486 
65 0 56 55 0.030461596 
757 241 19 20 0.030282615 
90 468 134 174 0.028921604 
773 369 25 33 0.027884193 
488 589 51 57 0.027884185 
723 344 53 64 0.027884185 
728 265 15 20 0.027838783 
2 267 13 20 0.027838778 
39 275 8 9 0.027838778 
413 274 95 148 0.026434705 
50 269 6 7 0.02558696 
33 268 7 9 0.02558696 
738 251 31 36 0.025519116 
506 459 56 80 0.025519116 
913 356 53 61 0.025519116 
912 123 42 52 0.025519116 
344 368 50 62 0.025519116 
530 334 215 230 0.024156325 
563 443 22 24 0.02351288 
17 258 53 72 0.023349825 
75 11 30 30 0.023349825 
725 254 54 65 0.023349825 
360 313 183 248 0.022069868 
267 24 246 255 0.022069868 
95 -22 246 283 0.022069868 
160 583 7 8 0.021603195 
734 232 13 19 0.021603195 
157 324 6 8 0.021603195 
475 436 30 45 0.021360904 
721 316 51 68 0.021360904 
534 629 51 50 0.021360904 
478 126 67 68 0.021360898 
745 222 59 54 0.021360898 
596 306 51 62 0.021360898 
366 379 52 62 0.021360898 
18 370 175 275 0.020159906 
