13_Interview_Interview_Sequences_13_807
46
410 113 200 253 0.99989426 
11 166 209 272 0.8745549 
261 89 265 350 0.69682413 
197 149 212 268 0.6769414 
1 378 194 228 0.6135702 
122 291 172 235 0.6135702 
79 117 225 277 0.4310897 
4 237 128 167 0.3864298 
244 476 51 64 0.2511021 
470 47 228 272 0.2311026 
744 118 265 302 0.14717786 
522 220 222 246 0.14717786 
71 402 203 257 0.09015675 
168 241 197 249 0.09015675 
403 217 225 272 0.09015675 
175 85 180 232 0.090156734 
663 255 261 261 0.08285364 
8 270 78 102 0.07244435 
540 -3 215 257 0.06984133 
22 394 70 79 0.06655857 
122 118 112 160 0.05874174 
652 -4 225 272 0.053832814 
560 100 253 289 0.04931264 
300 5 212 257 0.045153897 
7 47 197 265 0.045153886 
35 365 21 23 0.035808332 
707 82 203 257 0.034593605 
140 23 75 80 0.033269096 
193 476 67 77 0.030461596 
782 31 206 257 0.028921604 
341 256 186 239 0.028921604 
169 443 14 16 0.027838783 
126 606 16 19 0.027838783 
24 422 31 38 0.025519116 
122 106 51 61 0.025519116 
75 3 225 249 0.024156325 
752 411 222 242 0.024156325 
229 454 121 146 0.024156325 
639 617 19 15 0.02351288 
180 490 32 38 0.023349825 
170 495 62 72 0.023349825 
9 94 112 170 0.022069868 
357 449 215 253 0.022069868 
517 0 144 162 0.022069868 
922 430 19 22 0.021603195 
69 381 63 69 0.021360898 
