13_Interview_Interview_2_People_Visible_13_442
37
454 262 209 363 0.9171464 
46 136 253 391 0.8280645 
220 530 11 17 0.7858201 
602 152 144 251 0.69682413 
255 223 225 374 0.6352516 
702 145 269 403 0.56891036 
361 276 209 343 0.56891036 
177 185 218 369 0.4310897 
246 399 261 328 0.3864298 
626 98 242 369 0.24794048 
-3 32 209 369 0.2311026 
520 336 228 374 0.21508123 
672 388 222 348 0.21508123 
142 374 215 300 0.17193556 
552 197 228 309 0.17193556 
52 378 232 358 0.15916686 
583 522 123 226 0.14717786 
793 263 215 328 0.14717786 
493 12 222 369 0.115646794 
299 114 242 391 0.08285364 
335 450 265 251 0.064067975 
766 34 225 369 0.05874174 
851 364 114 207 0.053832814 
760 444 138 223 0.053832814 
-17 384 186 348 0.03781825 
5 460 114 220 0.03781825 
216 529 8 13 0.032933712 
577 439 246 333 0.03163486 
219 524 19 30 0.027884185 
186 231 62 101 0.027884185 
867 280 26 38 0.027884185 
226 532 9 15 0.02558696 
591 571 74 138 0.025519116 
6 87 70 96 0.025519116 
0 523 73 150 0.023349825 
292 -1 124 192 0.022069868 
956 431 6 9 0.021603195 
