13_Interview_Interview_Sequences_13_270
45
329 118 253 512 0.99998486 
-3 -90 307 611 0.9461671 
443 122 235 520 0.9098433 
839 23 203 455 0.88435316 
9 397 253 520 0.8144974 
707 411 200 410 0.3864298 
725 181 117 260 0.30317584 
810 518 128 260 0.28400344 
682 33 209 423 0.19988178 
817 358 188 435 0.18550259 
549 43 239 404 0.18550259 
281 360 269 490 0.17193554 
745 207 68 131 0.16258556 
856 540 65 145 0.15056497 
0 831 107 238 0.14717786 
598 253 109 248 0.12544508 
185 61 232 490 0.09015675 
115 10 209 393 0.090156734 
99 784 134 296 0.090156734 
735 130 242 404 0.05874174 
34 195 265 543 0.04931264 
362 471 232 512 0.04931264 
655 799 232 469 0.045153897 
267 99 228 365 0.045153897 
27 11 170 344 0.045153897 
651 277 215 448 0.03781825 
849 272 29 65 0.036325652 
758 501 73 133 0.033269096 
0 605 62 145 0.030461596 
757 129 64 112 0.030461596 
646 321 116 275 0.028921604 
867 222 26 48 0.027884185 
21 279 60 105 0.027884185 
610 195 188 365 0.026434705 
919 1081 6 13 0.02558696 
801 128 57 103 0.025519116 
853 240 27 56 0.025519116 
825 529 74 145 0.025519116 
837 215 49 101 0.023349825 
905 173 54 98 0.023349825 
585 569 242 455 0.022069868 
936 1082 5 11 0.021603195 
846 160 28 50 0.021360904 
671 317 59 150 0.021360898 
754 236 40 77 0.021360898 
