13_Interview_Interview_Sequences_13_3
257
210 181 281 283 0.99488646 
160 308 246 259 0.8144974 
125 16 215 233 0.8001182 
226 38 289 328 0.7520595 
133 130 257 287 0.6769414 
854 157 18 22 0.56463194 
244 0 200 227 0.47689918 
100 199 140 171 0.4310897 
101 231 235 251 0.3864298 
13 64 19 24 0.26116365 
116 382 206 259 0.2150812 
846 16 51 55 0.2032784 
856 24 31 34 0.188928 
864 402 19 20 0.17366187 
696 369 21 25 0.13928533 
791 441 21 25 0.12872264 
27 11 239 274 0.115646794 
923 391 31 32 0.109639935 
75 380 18 22 0.10279763 
906 93 20 26 0.10106142 
959 74 15 14 0.09507551 
806 429 22 26 0.09308393 
932 400 32 34 0.07880669 
830 364 21 23 0.07880669 
576 274 23 26 0.07244435 
876 308 8 9 0.0691498 
108 368 14 15 0.0691498 
668 334 24 27 0.06655858 
538 33 15 17 0.06377564 
71 352 16 16 0.06377564 
885 340 13 15 0.06377564 
619 270 11 14 0.06377564 
881 251 25 25 0.06111947 
730 97 25 24 0.06111947 
891 279 15 18 0.05879275 
61 310 222 244 0.05874174 
889 436 25 33 0.056098126 
766 142 23 24 0.056098126 
869 28 31 37 0.056098126 
832 339 8 9 0.054176662 
811 209 16 17 0.054176662 
869 170 24 28 0.051466707 
976 239 48 52 0.051466707 
872 120 24 25 0.051466707 
6 364 46 57 0.051466707 
655 432 22 24 0.051466707 
672 42 51 69 0.051466707 
798 435 23 26 0.051466707 
832 455 23 26 0.051466707 
338 195 203 214 0.04931264 
160 434 134 156 0.04931264 
88 229 73 80 0.047198545 
740 307 8 9 0.04595155 
827 349 8 10 0.045951538 
902 421 17 23 0.045951538 
916 441 27 34 0.04326818 
630 316 21 23 0.04326818 
727 260 22 22 0.04326818 
969 128 18 20 0.04229837 
646 277 12 13 0.04229837 
790 504 14 18 0.04229837 
542 99 13 13 0.04229837 
853 442 12 13 0.04229837 
734 256 8 9 0.04229837 
763 -18 188 195 0.04133061 
817 259 51 58 0.039651502 
893 426 21 25 0.039651502 
455 15 52 61 0.039651502 
79 375 24 25 0.039651494 
565 277 26 30 0.039651494 
490 38 18 17 0.038923774 
864 26 18 22 0.038923774 
832 363 12 15 0.038923774 
775 209 12 14 0.038923774 
138 12 14 14 0.038923774 
641 42 98 115 0.03781825 
716 229 18 21 0.036325652 
568 492 26 30 0.036325652 
889 31 26 31 0.036325645 
735 299 52 59 0.036325645 
823 460 23 30 0.036325645 
780 235 21 23 0.036325645 
603 322 16 15 0.035808332 
940 59 14 14 0.035808332 
1011 252 13 16 0.035808332 
829 346 9 11 0.035808332 
912 371 58 59 0.033269096 
817 500 61 71 0.033269096 
514 364 25 31 0.033269096 
536 101 22 23 0.033269096 
887 410 43 46 0.033269096 
29 426 28 37 0.033269096 
905 442 25 34 0.033269096 
946 255 21 24 0.033269096 
704 401 20 24 0.033269096 
617 409 24 27 0.033269096 
71 118 15 22 0.03293372 
740 304 7 7 0.03293372 
731 257 12 14 0.03293372 
483 449 17 19 0.03293372 
817 428 17 22 0.03293372 
795 354 13 16 0.032933712 
723 388 13 15 0.032933712 
949 410 20 22 0.032933712 
805 247 14 17 0.032933712 
284 291 228 244 0.03163486 
856 149 24 24 0.030461604 
886 264 25 26 0.030461604 
102 376 49 56 0.030461596 
859 432 20 23 0.030461596 
956 70 24 23 0.030461596 
652 319 45 46 0.030461596 
845 142 45 43 0.030461596 
15 445 45 58 0.030461596 
691 379 23 27 0.030461596 
748 147 14 17 0.030282615 
969 83 17 15 0.030282615 
891 387 14 18 0.030282615 
760 261 15 15 0.030282615 
829 357 13 16 0.030282615 
927 275 12 14 0.030282615 
811 203 15 15 0.030282615 
826 350 13 16 0.030282615 
816 42 12 12 0.030282615 
724 304 103 110 0.028921604 
725 186 19 22 0.027884193 
478 34 27 31 0.027884193 
731 299 22 26 0.027884193 
995 67 21 28 0.027884193 
849 438 23 23 0.027884193 
595 284 22 25 0.027884193 
611 250 23 26 0.027884193 
14 370 27 38 0.027884193 
742 267 23 23 0.027884193 
921 275 23 25 0.027884185 
20 407 49 52 0.027884185 
145 0 70 55 0.027884185 
697 372 9 12 0.027838783 
707 404 12 15 0.027838783 
834 222 14 17 0.027838783 
952 252 13 17 0.027838778 
757 124 13 16 0.027838778 
740 301 6 6 0.027838778 
318 18 132 145 0.026434705 
727 252 12 15 0.02558696 
774 143 14 14 0.02558696 
796 258 12 13 0.02558696 
694 244 13 17 0.02558696 
74 346 17 18 0.02558696 
748 383 13 18 0.02558696 
796 174 8 9 0.02558696 
859 382 9 10 0.02558696 
855 25 8 7 0.02558696 
585 278 23 26 0.025519116 
790 452 25 26 0.025519116 
21 157 29 31 0.025519116 
36 437 30 39 0.025519116 
643 281 22 24 0.025519116 
43 49 25 33 0.025519116 
769 23 51 58 0.025519116 
855 196 21 27 0.025519116 
752 136 22 24 0.025519116 
877 175 25 29 0.025519116 
790 174 21 27 0.025519116 
763 388 25 28 0.025519116 
746 123 23 27 0.025519116 
501 349 48 52 0.025519116 
16 416 29 30 0.025519116 
670 381 46 50 0.025519116 
667 369 21 24 0.025519116 
742 315 28 35 0.025519116 
710 387 23 26 0.025519116 
61 374 48 54 0.025519116 
782 443 44 43 0.025519116 
101 391 62 73 0.025519116 
726 131 22 26 0.025519116 
10 41 44 48 0.025519116 
813 229 86 82 0.024156325 
75 276 14 19 0.02351288 
822 365 16 19 0.02351288 
570 259 8 9 0.02351288 
832 345 9 10 0.02351288 
674 348 15 17 0.02351288 
467 35 14 17 0.02351288 
909 352 8 8 0.02351288 
723 250 7 9 0.02351288 
826 136 8 9 0.02351288 
873 303 14 15 0.02351288 
495 30 15 18 0.02351288 
907 373 25 25 0.023349825 
0 373 23 38 0.023349825 
615 259 21 24 0.023349825 
681 364 41 46 0.023349825 
677 260 46 57 0.023349825 
859 159 45 46 0.023349825 
5 163 46 58 0.023349825 
836 264 30 33 0.023349825 
797 43 25 31 0.023349825 
677 341 21 23 0.023349825 
859 339 21 22 0.023349825 
852 31 55 66 0.023349825 
23 401 27 33 0.023349825 
43 393 26 30 0.023349825 
45 407 30 39 0.023349825 
639 491 60 63 0.023349825 
654 512 31 31 0.023349825 
910 432 46 55 0.023349825 
467 28 28 31 0.023349825 
741 133 22 26 0.023349825 
715 198 106 122 0.022069868 
605 288 14 18 0.021603195 
786 445 16 20 0.021603195 
663 366 15 16 0.021603195 
704 366 15 17 0.021603195 
935 417 23 22 0.021603195 
630 243 7 7 0.021603195 
632 244 8 8 0.021603195 
736 246 12 12 0.021603195 
607 252 8 9 0.021603195 
754 207 14 14 0.021603195 
526 194 12 13 0.021603195 
760 126 8 9 0.021603195 
783 151 7 8 0.021603195 
731 180 13 15 0.021603195 
568 130 12 15 0.021603195 
808 133 12 13 0.021603195 
775 22 12 13 0.021603195 
684 371 12 14 0.021603195 
844 330 7 7 0.021603195 
865 333 6 7 0.021603195 
640 337 49 55 0.021360904 
700 371 44 47 0.021360904 
865 107 40 43 0.021360904 
803 449 42 49 0.021360904 
780 479 46 54 0.021360898 
911 381 28 28 0.021360898 
836 447 26 26 0.021360898 
30 410 26 31 0.021360898 
722 441 26 32 0.021360898 
673 403 23 22 0.021360898 
815 461 43 55 0.021360898 
32 52 25 29 0.021360898 
802 460 25 28 0.021360898 
679 273 25 30 0.021360898 
95 346 25 23 0.021360898 
122 387 29 34 0.021360898 
679 75 57 60 0.021360898 
816 190 22 26 0.021360898 
27 183 27 31 0.021360898 
856 162 28 31 0.021360898 
851 138 25 24 0.021360898 
771 27 26 33 0.021360898 
852 126 45 43 0.021360893 
936 374 32 33 0.021360893 
798 390 98 111 0.0201599 
413 -10 116 99 0.0201599 
851 431 109 129 0.0201599 
