13_Interview_Interview_On_Location_13_190
31
282 225 45 62 0.9944617 
574 318 215 311 0.1254451 
388 371 206 277 0.1065206 
315 286 79 115 0.08567618 
181 439 239 335 0.08285364 
105 0 10 12 0.08117401 
391 612 76 111 0.06111947 
280 150 222 316 0.04931264 
72 -32 203 281 0.045153886 
-2 575 73 127 0.039651494 
817 179 246 281 0.03781825 
500 36 70 107 0.036325652 
454 490 70 99 0.036325652 
745 502 249 311 0.03163486 
89 424 32 49 0.030461604 
34 536 64 86 0.030461596 
258 397 8 14 0.030282615 
415 323 132 221 0.028921604 
502 368 209 311 0.02643471 
89 33 6 8 0.02558696 
769 417 56 78 0.025519116 
238 1 51 58 0.025519116 
477 718 30 35 0.025519116 
478 317 112 155 0.024156325 
835 403 56 64 0.023349825 
78 357 101 167 0.022069868 
339 448 186 277 0.022069868 
234 272 13 20 0.021603195 
77 381 63 99 0.021360898 
422 223 206 298 0.0201599 
666 187 242 350 0.0201599 
