13_Interview_Interview_2_People_Visible_13_475
36
366 156 165 413 0.9798401 
597 70 191 478 0.8408331 
19 765 130 438 0.6769414 
277 137 228 588 0.56891036 
23 708 95 316 0.4310897 
57 683 30 77 0.36670664 
423 953 246 643 0.3647484 
431 218 160 401 0.2840034 
237 960 249 652 0.24794048 
51 673 58 158 0.1753677 
631 367 222 554 0.17193554 
-3 1 121 246 0.14717786 
310 221 126 312 0.14717786 
484 253 265 580 0.115646794 
52 841 225 571 0.09015675 
8 756 75 197 0.08567618 
295 277 91 208 0.08567618 
715 950 126 361 0.076092646 
592 650 203 606 0.076092646 
399 603 74 208 0.07244435 
579 615 123 431 0.053832818 
209 694 215 523 0.04133061 
489 585 52 133 0.039651502 
130 920 273 563 0.034593605 
-53 -129 253 571 0.034593605 
111 609 212 546 0.026434705 
282 232 75 194 0.025519116 
467 700 212 597 0.024156325 
700 1149 25 64 0.023349825 
513 318 128 351 0.022069868 
539 433 130 356 0.022069868 
715 747 109 444 0.022069868 
-6 602 172 458 0.022069868 
508 607 52 131 0.021360898 
18 -24 273 597 0.0201599 
18 563 111 316 0.0201599 
