13_Interview_Interview_On_Location_13_334
35
747 249 73 132 0.9998784 
515 255 74 123 0.99982506 
210 249 78 141 0.9991779 
59 631 209 429 0.2311026 
461 787 94 263 0.19988178 
840 701 142 359 0.19988176 
399 22 228 429 0.19988176 
380 467 71 128 0.1753677 
576 356 242 482 0.17193556 
618 690 215 448 0.17193556 
510 524 194 441 0.15916684 
594 687 74 146 0.118850335 
527 185 265 489 0.115646794 
747 468 261 584 0.076092646 
7 37 109 267 0.076092646 
659 223 239 441 0.076092646 
13 436 239 497 0.06984133 
597 72 215 441 0.06984133 
342 375 277 512 0.05874174 
730 329 253 392 0.05874174 
362 407 116 217 0.053832814 
585 613 112 259 0.04931264 
121 660 239 527 0.045153886 
436 669 163 416 0.04133062 
680 534 203 512 0.03163486 
474 10 277 482 0.028921604 
-18 -37 188 410 0.028921604 
830 221 119 271 0.028921604 
351 731 194 429 0.02643471 
152 8 239 489 0.026434705 
82 526 140 301 0.026434705 
446 404 41 55 0.025519116 
595 447 63 121 0.025519116 
52 274 212 422 0.024156325 
762 118 206 448 0.0201599 
