13_Interview_Interview_On_Location_13_537
67
239 569 257 681 0.8408331 
75 866 242 605 0.7688974 
416 375 186 450 0.59142894 
711 938 239 562 0.32305852 
51 715 222 514 0.32305852 
475 816 71 153 0.28687313 
261 338 246 538 0.26558137 
159 785 249 587 0.24794048 
238 897 239 623 0.19988176 
809 458 34 91 0.16258557 
355 490 253 614 0.14717786 
6 14 155 366 0.13594593 
89 175 228 530 0.1065206 
370 461 25 56 0.08567616 
678 912 88 141 0.07880669 
385 453 26 64 0.07880669 
508 1050 70 182 0.07880669 
124 580 257 579 0.076092646 
468 1256 58 123 0.07244435 
561 914 73 148 0.06655858 
776 455 60 131 0.06655857 
485 1024 124 325 0.064067975 
653 885 65 156 0.06111947 
191 450 249 546 0.05874174 
641 827 225 507 0.05874174 
691 888 136 289 0.05874174 
752 1058 138 325 0.053832814 
896 499 34 79 0.051466707 
444 1007 47 117 0.047198545 
83 705 126 361 0.045153886 
347 950 228 570 0.045153886 
405 -142 239 596 0.045153886 
322 355 67 159 0.039651494 
280 758 149 412 0.03781825 
0 272 225 530 0.03781825 
551 320 239 554 0.034593593 
467 863 59 143 0.033269096 
372 425 49 111 0.033269096 
769 243 235 587 0.03163486 
735 488 104 253 0.03163486 
512 857 215 471 0.03163486 
390 452 57 131 0.030461604 
925 468 71 148 0.030461596 
734 715 239 554 0.028921604 
508 827 82 164 0.027884185 
351 423 47 117 0.027884185 
500 790 63 148 0.027884185 
607 851 123 239 0.026434705 
585 874 89 161 0.025519116 
701 30 53 123 0.025519116 
395 456 31 73 0.025519116 
450 934 209 538 0.024156325 
-17 931 215 596 0.024156325 
216 236 222 485 0.024156325 
98 1015 158 350 0.024156325 
497 -65 242 623 0.024156325 
435 753 78 179 0.023349825 
324 428 51 119 0.023349825 
599 390 55 136 0.021360904 
355 30 54 131 0.021360898 
666 935 63 153 0.021360898 
506 531 85 185 0.021360898 
478 857 37 97 0.021360898 
376 499 58 131 0.021360898 
150 746 158 371 0.0201599 
412 618 155 366 0.0201599 
-10 345 126 330 0.0201599 
