13_Interview_Interview_Sequences_13_268
102
519 195 71 94 0.9996692 
82 64 225 294 0.9815879 
37 371 206 281 0.97356534 
245 383 222 289 0.95484614 
443 4 197 277 0.9461671 
176 277 232 316 0.9098433 
508 70 218 289 0.88435316 
635 280 285 340 0.8745549 
47 233 222 294 0.8001182 
349 377 242 316 0.8001182 
178 458 218 298 0.7520595 
758 25 165 250 0.7520595 
763 160 215 285 0.73441863 
701 210 197 273 0.65639776 
607 438 124 239 0.6135702 
358 44 225 277 0.6135702 
-23 271 209 298 0.59142894 
670 5 175 269 0.5 
832 257 172 257 0.5 
109 433 194 261 0.45389685 
189 125 200 277 0.4310897 
145 245 180 242 0.43108967 
784 457 188 261 0.4085711 
852 4 132 206 0.3647484 
346 76 70 97 0.34582695 
0 2 155 188 0.3436022 
215 5 209 285 0.32305852 
-5 460 191 257 0.32305852 
287 33 126 186 0.30317584 
32 134 203 281 0.2840034 
-9 234 128 188 0.26558137 
330 50 134 215 0.26558137 
412 2 134 167 0.2311026 
705 418 203 261 0.2311026 
579 -3 191 281 0.2311026 
112 4 160 228 0.2311026 
425 319 206 257 0.2150812 
91 105 136 191 0.19988178 
84 494 140 180 0.18550259 
411 183 222 289 0.18550259 
581 293 203 289 0.17193556 
401 119 119 170 0.15916684 
524 373 197 261 0.13594593 
331 477 158 235 0.1254451 
632 475 178 239 0.115646794 
561 130 128 188 0.1065206 
453 149 89 134 0.1065206 
817 42 82 115 0.10106142 
193 514 136 188 0.09803478 
68 589 75 96 0.09308393 
264 235 215 281 0.09015675 
670 283 144 212 0.09015675 
150 359 59 75 0.07880669 
846 546 121 155 0.06984133 
11 548 136 136 0.06984132 
622 514 83 128 0.06655858 
943 20 75 99 0.06111947 
397 2 76 92 0.06111947 
761 4 88 94 0.06111947 
75 344 74 96 0.056098126 
626 272 117 163 0.053832814 
707 521 123 165 0.053832814 
166 341 75 102 0.051466707 
793 121 142 203 0.04931264 
741 14 124 167 0.045153897 
862 110 144 235 0.045153897 
747 341 165 228 0.045153886 
512 0 130 167 0.04133062 
85 -1 138 132 0.04133061 
793 149 75 106 0.039651502 
99 138 85 113 0.039651494 
0 260 76 123 0.039651494 
926 70 68 86 0.036325652 
780 529 59 75 0.036325652 
729 562 65 82 0.036325645 
122 562 88 104 0.033269096 
141 539 136 144 0.03163486 
602 188 194 228 0.03163486 
806 83 80 123 0.030461604 
632 96 116 167 0.028921604 
683 37 78 110 0.027884193 
803 527 65 83 0.027884193 
516 -3 83 91 0.027884185 
327 161 183 235 0.02643471 
-2 370 109 197 0.026434705 
662 427 130 183 0.026434705 
348 117 79 101 0.025519116 
30 418 74 92 0.025519116 
197 279 76 85 0.023349825 
741 483 70 89 0.023349825 
134 121 34 38 0.023349825 
379 597 82 89 0.023349825 
314 45 70 99 0.023349825 
251 565 121 134 0.022069868 
110 119 67 80 0.021360898 
54 367 65 92 0.021360898 
287 592 68 92 0.021360898 
821 538 70 96 0.021360898 
319 524 67 86 0.021360898 
268 205 140 194 0.0201599 
563 499 123 170 0.0201599 
445 430 218 273 0.0201599 
