13_Interview_Interview_On_Location_13_478
72
454 55 119 167 0.99964833 
820 48 200 256 0.8144974 
392 440 186 245 0.6135702 
730 368 239 292 0.19988178 
718 24 228 297 0.14717786 
650 69 218 306 0.115646794 
481 181 277 280 0.115646794 
792 541 46 59 0.109639935 
248 464 197 252 0.1065206 
291 132 119 172 0.1065206 
790 139 239 310 0.09803478 
535 272 121 144 0.08285364 
87 20 30 42 0.07880669 
41 495 69 90 0.07244435 
510 307 63 74 0.07244435 
125 436 228 288 0.06984133 
658 407 225 310 0.06984133 
611 481 142 159 0.06984132 
822 387 142 193 0.064067975 
564 44 209 280 0.05874174 
614 213 246 344 0.053832818 
782 88 138 182 0.053832814 
155 370 42 61 0.051466707 
943 364 13 18 0.04990379 
220 86 218 280 0.04931264 
943 535 51 59 0.047198545 
421 503 63 95 0.047198545 
1007 528 12 16 0.045951538 
168 378 51 71 0.04326818 
37 473 31 37 0.04326818 
983 529 27 33 0.04326818 
740 115 116 169 0.04133061 
23 478 63 70 0.039651502 
635 152 69 84 0.039651494 
627 129 117 142 0.03781825 
197 257 186 268 0.034593593 
1008 545 13 20 0.032933712 
258 166 60 74 0.030461596 
69 27 45 63 0.030461596 
1011 546 7 10 0.030282615 
287 365 206 297 0.028921604 
276 256 197 284 0.028921604 
1 383 178 221 0.028921604 
282 412 56 80 0.027884193 
466 452 86 100 0.027884193 
965 540 32 37 0.027884193 
858 368 28 32 0.027884193 
163 491 59 61 0.027884185 
835 387 9 11 0.027838778 
287 439 8 9 0.02558696 
99 350 14 17 0.02558696 
862 351 17 20 0.02558696 
995 561 15 16 0.02558696 
968 364 6 7 0.02558696 
993 543 16 19 0.02558696 
201 373 49 63 0.025519116 
141 499 26 30 0.025519116 
165 503 34 39 0.025519116 
361 258 132 174 0.024156325 
348 219 277 252 0.024156325 
467 249 153 153 0.024156325 
558 348 5 5 0.02351288 
954 363 7 9 0.02351288 
65 142 212 260 0.022069868 
934 548 11 16 0.021603195 
1000 537 8 9 0.021603195 
160 258 9 10 0.021603195 
987 556 24 31 0.021360904 
66 243 48 60 0.021360904 
27 -7 58 56 0.021360898 
73 1 31 34 0.021360898 
699 356 128 193 0.0201599 
