13_Interview_Interview_On_Location_13_179
71
313 229 246 336 0.99983203 
-25 241 218 312 0.99911374 
683 290 151 203 0.99871767 
80 183 222 331 0.90196514 
219 213 194 316 0.6352516 
373 126 225 331 0.45389685 
615 250 186 285 0.4085711 
586 4 249 307 0.3436022 
174 -2 235 316 0.30317584 
579 124 206 298 0.2840034 
542 68 183 269 0.2840034 
792 -13 188 281 0.2311026 
-9 92 253 269 0.19988178 
276 174 31 41 0.1753677 
331 381 235 298 0.15916686 
834 170 215 331 0.15916684 
244 43 130 191 0.115646794 
662 403 194 277 0.115646794 
256 330 212 312 0.115646794 
278 142 51 73 0.109639935 
527 53 132 175 0.1065206 
274 16 225 303 0.1065206 
465 16 215 273 0.09015675 
12 432 186 294 0.076092646 
187 374 29 47 0.072444364 
723 511 69 86 0.06655858 
281 107 56 80 0.06655857 
271 179 51 88 0.06111947 
886 184 119 212 0.05874174 
835 310 180 289 0.053832818 
115 48 203 312 0.053832814 
273 520 69 102 0.051466707 
597 216 30 42 0.051466707 
874 105 112 186 0.04931264 
226 423 29 37 0.047198545 
91 311 140 225 0.045153897 
357 173 142 246 0.04133061 
258 440 134 191 0.04133061 
310 123 31 47 0.039651494 
962 608 68 137 0.036325652 
594 181 57 82 0.036325652 
14 85 132 209 0.034593605 
439 249 191 307 0.034593593 
578 104 73 109 0.033269096 
836 609 49 75 0.033269096 
201 422 29 41 0.030461596 
176 355 48 74 0.030461596 
206 579 55 88 0.030461596 
281 156 31 43 0.030461596 
488 123 191 307 0.028921604 
244 199 54 73 0.027884185 
902 570 58 80 0.025519116 
322 334 73 100 0.025519116 
-9 363 144 206 0.02415633 
573 310 126 212 0.024156325 
879 621 123 163 0.024156325 
-4 455 73 130 0.023349825 
120 96 82 86 0.023349825 
295 136 35 48 0.023349825 
140 375 59 92 0.023349825 
475 292 79 117 0.023349825 
675 -41 246 307 0.022069868 
222 428 18 27 0.021603195 
219 412 48 65 0.021360904 
168 197 69 88 0.021360898 
202 551 51 75 0.021360898 
143 192 64 82 0.021360898 
297 124 69 85 0.021360898 
900 583 30 44 0.021360898 
387 483 203 294 0.020159906 
341 -41 242 312 0.0201599 
