13_Interview_Interview_On_Location_13_282
24
659 80 180 213 0.9994417 
232 236 269 274 0.97584367 
96 247 261 254 0.7520595 
702 341 257 258 0.30317584 
636 466 43 50 0.23436876 
125 142 335 308 0.15916684 
144 26 222 223 0.15916684 
384 212 239 240 0.13594593 
655 257 232 219 0.1254451 
342 254 151 184 0.12544508 
10 217 249 250 0.1065206 
160 60 140 139 0.08285364 
342 69 151 178 0.064067975 
817 70 50 61 0.06111947 
154 115 242 207 0.058741733 
520 385 218 262 0.04133061 
670 33 27 29 0.039651502 
120 529 30 26 0.030461596 
775 349 149 170 0.026434705 
148 472 30 28 0.025519116 
835 334 183 226 0.024156325 
161 473 32 29 0.021360898 
233 28 228 207 0.020159906 
558 305 235 258 0.0201599 
