13_Interview_Interview_Sequences_13_111
41
290 173 26 29 0.9977647 
761 117 31 39 0.9977647 
591 36 46 50 0.9953797 
123 211 23 28 0.993937 
212 152 37 45 0.9927347 
389 220 21 24 0.98046196 
508 182 23 24 0.9388805 
510 199 172 208 0.3864298 
318 248 225 263 0.3647484 
553 378 64 95 0.28687313 
267 325 52 65 0.1753677 
503 356 90 139 0.14717786 
2 50 83 117 0.13594593 
663 241 293 305 0.08285364 
450 246 64 77 0.07880669 
241 334 52 73 0.07244435 
516 273 107 146 0.053832814 
94 432 69 67 0.047198545 
2 328 94 142 0.045153897 
219 356 200 217 0.045153886 
67 274 53 51 0.04326818 
73 272 32 33 0.04326818 
424 318 119 193 0.04133061 
859 11 119 131 0.04133061 
502 171 37 42 0.036325652 
551 355 14 13 0.035808332 
465 349 228 211 0.034593605 
644 195 183 208 0.03163486 
266 343 31 44 0.027884193 
111 281 103 142 0.026434705 
70 232 180 208 0.024156325 
446 227 59 51 0.023349825 
348 38 32 28 0.023349825 
364 35 34 29 0.023349825 
170 134 203 221 0.022069868 
218 335 16 18 0.021603195 
75 259 32 31 0.021360904 
799 290 60 82 0.021360898 
563 272 109 130 0.0201599 
494 61 209 227 0.0201599 
629 355 203 221 0.0201599 
