13_Interview_Interview_On_Location_13_247
82
360 123 222 244 0.9999199 
403 389 124 131 0.8280645 
214 347 232 248 0.65639776 
304 28 90 103 0.6352516 
303 281 257 279 0.6135702 
397 -16 114 111 0.4310897 
13 446 94 129 0.3647484 
161 461 119 110 0.3647484 
79 150 19 21 0.22912635 
417 393 186 198 0.18550259 
32 43 86 99 0.15916684 
307 50 21 22 0.13944872 
116 465 100 103 0.13594593 
653 126 194 193 0.13594593 
336 12 119 125 0.115646794 
336 487 61 80 0.109639935 
781 219 203 227 0.1065206 
794 26 106 110 0.1065206 
360 -37 191 182 0.09015675 
53 458 104 115 0.09015675 
621 48 107 129 0.076092646 
396 1 215 210 0.076092646 
941 454 83 116 0.076092646 
896 34 95 103 0.06984133 
709 141 212 230 0.05874174 
545 462 128 171 0.058741733 
150 427 215 179 0.053832818 
754 434 116 137 0.053832814 
247 24 106 120 0.053832814 
654 104 62 74 0.051466707 
767 388 183 210 0.04931264 
799 228 121 147 0.04931264 
2 403 178 204 0.04931264 
27 38 53 61 0.047198545 
191 281 203 207 0.045153897 
341 385 149 179 0.045153886 
590 31 27 28 0.04326818 
526 13 52 56 0.04326818 
494 458 128 152 0.04133062 
567 8 186 204 0.04133061 
613 56 197 210 0.04133061 
274 20 28 32 0.039651502 
318 484 32 29 0.039651494 
702 89 13 15 0.038923774 
457 459 76 88 0.036325645 
727 463 15 17 0.035808332 
828 90 215 233 0.034593593 
839 25 103 120 0.034593593 
886 304 116 131 0.034593593 
564 13 50 52 0.033269096 
536 28 31 35 0.033269096 
786 49 15 16 0.032933712 
238 417 155 137 0.03163486 
564 233 206 220 0.03163486 
853 418 49 62 0.030461596 
906 281 30 29 0.030461596 
494 13 59 59 0.030461596 
878 43 58 74 0.030461596 
618 113 31 34 0.027884185 
507 53 57 57 0.027884185 
909 79 100 131 0.026434705 
679 463 16 16 0.02558696 
778 26 67 78 0.025519116 
216 112 60 85 0.025519116 
208 33 103 129 0.024156325 
581 412 194 214 0.024156325 
566 50 107 124 0.024156325 
598 40 15 16 0.02351288 
796 347 59 62 0.023349825 
69 64 62 69 0.023349825 
635 8 54 54 0.023349825 
660 139 31 35 0.023349825 
298 46 52 63 0.023349825 
811 -14 197 201 0.022069868 
286 -13 200 204 0.022069868 
176 -1 188 198 0.022069868 
574 312 109 115 0.022069868 
702 289 232 217 0.022069868 
254 36 26 29 0.021360898 
227 329 28 28 0.021360898 
2 305 35 34 0.021360898 
-13 282 91 113 0.0201599 
