13_Interview_Interview_Sequences_13_868
192
286 88 34 43 0.9990996 
403 293 12 14 0.6856687 
580 265 9 12 0.4141967 
929 268 25 26 0.2511021 
736 549 7 9 0.18645167 
813 60 12 16 0.15017675 
688 40 13 17 0.13944872 
340 63 28 41 0.12872264 
876 242 14 21 0.111069925 
932 547 8 9 0.111069925 
773 249 15 17 0.10279763 
850 287 9 11 0.102797605 
885 49 8 10 0.102797605 
414 25 23 29 0.10106142 
894 538 19 27 0.09308393 
986 301 14 18 0.08787667 
240 235 218 293 0.076092646 
727 561 8 10 0.074940585 
498 250 183 264 0.06984133 
975 254 8 10 0.069149815 
400 522 5 6 0.0691498 
870 25 11 16 0.0691498 
779 293 8 12 0.0691498 
1013 47 6 9 0.0691498 
420 38 26 32 0.06655858 
755 272 27 37 0.06655858 
903 38 13 15 0.06377564 
930 53 5 6 0.06377564 
707 65 7 9 0.05879275 
826 294 19 23 0.05879275 
410 127 76 102 0.056098126 
983 419 13 16 0.054176662 
570 320 215 253 0.053832818 
912 269 59 49 0.051466707 
952 255 28 35 0.051466707 
853 297 21 30 0.051466707 
902 543 13 19 0.04990379 
724 56 9 11 0.04990379 
696 302 8 10 0.04990379 
475 517 7 8 0.045951538 
557 376 78 86 0.04326818 
855 499 21 25 0.04326818 
919 53 5 7 0.04229837 
574 549 7 8 0.04229837 
774 291 12 19 0.04229837 
739 547 8 10 0.04229837 
954 39 7 10 0.04229837 
432 333 225 288 0.04133061 
745 269 43 61 0.039651502 
552 265 26 36 0.039651494 
908 51 13 16 0.038923774 
359 40 13 16 0.038923774 
361 241 6 7 0.038923774 
917 275 15 17 0.038923774 
915 52 7 8 0.038923774 
416 547 7 9 0.038923774 
682 297 5 7 0.038923774 
562 275 25 35 0.036325645 
727 557 6 7 0.035808332 
577 551 7 8 0.035808332 
957 36 7 10 0.035808332 
689 37 7 9 0.035808332 
506 274 7 9 0.035808332 
999 294 11 18 0.035808332 
697 560 5 7 0.035808332 
407 236 104 136 0.034593593 
936 305 29 31 0.033269096 
335 52 28 37 0.033269096 
554 40 29 35 0.033269096 
613 50 68 80 0.033269096 
907 271 28 27 0.033269096 
388 72 12 14 0.03293372 
906 546 8 11 0.03293372 
381 555 5 7 0.032933712 
549 24 6 8 0.032933712 
933 302 7 10 0.032933712 
530 300 6 7 0.032933712 
706 48 7 10 0.032933712 
966 321 9 12 0.032933712 
736 542 7 10 0.032933712 
767 69 6 8 0.032933712 
706 158 7 9 0.032933712 
538 331 117 153 0.03163486 
544 39 25 32 0.030461604 
928 284 53 54 0.030461604 
393 51 23 28 0.030461596 
379 521 5 6 0.030282615 
388 551 5 7 0.030282615 
777 52 7 11 0.030282615 
782 52 7 10 0.030282615 
764 62 14 17 0.030282615 
606 281 6 8 0.030282615 
931 391 7 9 0.030282615 
704 184 11 14 0.030282615 
695 41 9 13 0.030282615 
943 310 14 14 0.030282615 
524 228 16 21 0.030282615 
808 300 6 7 0.030282615 
571 544 6 8 0.030282615 
664 364 212 276 0.028921604 
563 44 33 41 0.027884193 
331 64 25 35 0.027884193 
821 42 65 87 0.027884185 
647 291 7 9 0.027838783 
1012 46 4 7 0.027838783 
376 241 4 4 0.027838783 
407 68 6 8 0.027838783 
406 288 9 11 0.027838783 
731 552 11 14 0.027838783 
398 521 5 6 0.027838783 
894 527 5 6 0.027838778 
946 51 6 8 0.027838778 
968 43 6 8 0.027838778 
600 270 6 8 0.027838778 
421 49 16 20 0.027838778 
545 46 9 11 0.027838778 
596 58 7 10 0.027838778 
744 547 6 8 0.02558696 
702 46 8 11 0.02558696 
379 128 8 9 0.02558696 
549 552 5 7 0.02558696 
380 552 6 7 0.02558696 
839 64 14 14 0.02558696 
873 69 8 11 0.02558696 
404 127 15 20 0.02558696 
942 41 13 16 0.02558696 
954 551 6 9 0.02558696 
848 285 6 8 0.02558696 
727 558 13 18 0.02558696 
403 33 41 51 0.025519116 
757 260 24 31 0.025519116 
901 258 50 46 0.025519116 
570 30 98 121 0.024156325 
903 542 7 9 0.02351288 
910 49 8 10 0.02351288 
577 257 15 18 0.02351288 
950 38 6 8 0.02351288 
391 272 8 10 0.02351288 
567 296 12 16 0.02351288 
373 153 11 15 0.02351288 
420 554 6 7 0.02351288 
883 35 7 8 0.02351288 
373 558 6 8 0.02351288 
352 536 6 8 0.02351288 
349 47 19 23 0.02351288 
471 515 13 16 0.02351288 
1003 294 8 12 0.02351288 
914 515 7 9 0.02351288 
760 261 14 17 0.02351288 
370 523 5 7 0.02351288 
541 556 13 16 0.02351288 
528 53 7 10 0.02351288 
670 296 5 6 0.02351288 
737 66 6 7 0.02351288 
390 287 6 8 0.02351288 
378 64 6 8 0.02351288 
911 55 8 9 0.02351288 
405 66 7 8 0.02351288 
455 263 52 82 0.023349825 
542 31 47 59 0.023349825 
926 544 23 29 0.023349825 
333 58 47 65 0.023349825 
840 488 42 55 0.023349825 
552 244 25 27 0.023349825 
561 108 79 102 0.023349825 
723 384 73 86 0.023349825 
40 70 119 114 0.022069868 
553 57 7 8 0.021603195 
740 66 5 7 0.021603195 
493 580 7 11 0.021603195 
989 295 14 16 0.021603195 
578 557 7 8 0.021603195 
1010 292 6 8 0.021603195 
422 539 5 6 0.021603195 
618 394 13 16 0.021603195 
553 551 6 8 0.021603195 
335 70 14 21 0.021603195 
383 548 5 7 0.021603195 
786 52 6 8 0.021603195 
404 560 6 7 0.021603195 
647 259 6 7 0.021603195 
962 36 6 9 0.021603195 
585 262 7 10 0.021603195 
947 300 6 7 0.021603195 
984 305 9 11 0.021603195 
770 543 29 37 0.021360898 
435 39 29 35 0.021360898 
932 43 27 32 0.021360898 
903 40 20 25 0.021360898 
888 243 97 98 0.0201599 
18 416 112 153 0.0201599 
174 385 212 276 0.0201599 
