13_Interview_Interview_Sequences_13_867
176
393 260 197 341 0.999757 
285 401 32 51 0.98957527 
175 420 16 27 0.97216123 
217 453 18 29 0.88008106 
735 236 106 161 0.8144974 
91 51 69 121 0.71312684 
999 369 13 20 0.6856687 
879 425 20 35 0.6271395 
201 109 186 312 0.6135702 
131 631 65 136 0.5227497 
99 377 34 52 0.5 
1014 367 8 15 0.45677772 
15 450 24 37 0.32552502 
939 270 54 87 0.32552502 
242 416 16 24 0.27822798 
11 438 16 24 0.24479094 
877 317 26 41 0.21842523 
769 0 18 20 0.2141799 
980 386 10 15 0.2141799 
924 464 15 24 0.19995552 
760 571 257 390 0.19988178 
815 457 21 34 0.1864517 
944 400 14 25 0.17366187 
423 469 203 362 0.17193556 
674 120 200 351 0.17193554 
768 151 239 351 0.15916686 
583 610 200 317 0.15916686 
876 467 15 23 0.15017675 
764 370 225 378 0.14717786 
348 543 191 326 0.13594593 
983 433 11 17 0.1293704 
647 8 61 87 0.118850335 
698 678 188 299 0.115646794 
452 353 183 312 0.1065206 
228 430 14 22 0.102797605 
717 40 78 107 0.10106142 
870 409 45 71 0.10106142 
628 39 8 13 0.09507551 
831 454 29 41 0.09308395 
375 601 246 378 0.09015675 
692 184 119 226 0.08285364 
819 384 114 219 0.08285364 
717 24 12 19 0.08117401 
9 447 15 23 0.08117401 
268 411 27 42 0.07880669 
280 108 73 123 0.07880669 
996 29 21 38 0.07880669 
262 391 8 13 0.074940585 
967 382 13 19 0.074940585 
52 502 17 28 0.074940585 
247 421 17 27 0.07494057 
197 367 33 47 0.07244435 
174 595 7 11 0.069149815 
183 217 5 7 0.069149815 
626 4 49 74 0.06655857 
0 425 7 14 0.06377564 
936 430 9 17 0.06377564 
383 60 79 121 0.06111947 
599 64 8 12 0.05879275 
195 215 6 10 0.054176662 
258 389 9 15 0.054176662 
93 518 285 420 0.053832814 
257 373 22 38 0.051466707 
191 215 6 9 0.04990379 
186 216 5 8 0.04990379 
920 473 16 25 0.04990379 
836 655 153 232 0.04931264 
517 405 194 341 0.04931264 
234 419 21 31 0.047198545 
175 423 24 37 0.047198545 
321 519 26 41 0.047198545 
102 381 20 31 0.04595155 
269 416 16 26 0.04595155 
2 426 14 23 0.04595155 
761 192 126 232 0.045153897 
805 439 46 66 0.039651502 
867 309 28 43 0.039651494 
225 447 24 39 0.039651494 
943 366 16 24 0.038923774 
391 135 6 10 0.038923774 
447 127 8 14 0.038923774 
848 446 7 12 0.038923774 
923 -1 51 68 0.036325652 
773 764 71 132 0.036325652 
0 415 43 65 0.036325652 
823 35 75 121 0.036325645 
173 423 10 18 0.035808332 
131 391 13 25 0.035808332 
656 97 7 11 0.035808332 
27 460 16 26 0.035808332 
367 78 32 47 0.033269096 
1010 368 9 15 0.03293372 
830 440 8 13 0.03293372 
7 429 14 26 0.032933712 
37 437 6 13 0.032933712 
1006 372 9 16 0.032933712 
135 400 8 15 0.032933712 
575 73 8 12 0.032933712 
258 413 23 38 0.030461596 
383 848 31 43 0.030461596 
270 372 46 72 0.030461596 
802 643 56 89 0.030461596 
965 377 8 13 0.030282615 
807 466 17 24 0.030282615 
198 215 6 10 0.030282615 
957 386 8 13 0.030282615 
230 436 17 26 0.030282615 
133 617 107 203 0.028921604 
517 58 25 38 0.027884193 
264 383 26 41 0.027884193 
497 -10 64 70 0.027884185 
354 63 55 77 0.027884185 
939 405 15 26 0.027838783 
557 118 6 10 0.027838783 
529 61 14 23 0.027838783 
889 327 16 24 0.027838783 
175 599 7 12 0.027838783 
256 433 9 15 0.027838783 
201 388 18 28 0.027838783 
237 397 8 12 0.027838778 
962 385 8 14 0.027838778 
616 129 8 14 0.027838778 
651 427 218 378 0.026434705 
254 434 18 28 0.02558696 
115 381 18 28 0.02558696 
23 465 9 14 0.02558696 
18 438 16 25 0.02558696 
786 422 7 12 0.02558696 
233 392 14 20 0.02558696 
618 49 5 8 0.02558696 
394 153 7 11 0.02558696 
753 5 9 14 0.02558696 
557 71 6 9 0.02558696 
628 34 15 21 0.02558696 
710 265 18 30 0.02558696 
391 149 13 19 0.02558696 
888 236 27 38 0.025519116 
935 2 35 37 0.025519116 
649 11 37 52 0.025519116 
992 230 25 48 0.025519116 
110 63 40 66 0.025519116 
853 428 52 79 0.025519116 
886 419 51 86 0.025519116 
739 499 151 197 0.024156325 
974 376 8 14 0.02351288 
-1 484 12 25 0.02351288 
850 431 13 21 0.02351288 
651 38 6 11 0.02351288 
253 380 14 22 0.02351288 
679 20 15 22 0.02351288 
658 79 14 23 0.02351288 
182 423 11 19 0.02351288 
860 352 59 97 0.023349825 
833 404 60 87 0.023349825 
948 230 58 104 0.023349825 
250 25 206 336 0.022069868 
663 82 8 14 0.0216032 
801 468 15 25 0.021603195 
228 42 6 11 0.021603195 
249 384 5 8 0.021603195 
0 624 12 31 0.021603195 
154 622 7 11 0.021603195 
122 387 18 29 0.021603195 
20 421 16 26 0.021603195 
887 417 17 30 0.021603195 
234 435 9 15 0.021603195 
213 434 40 65 0.021360904 
396 111 29 52 0.021360898 
377 81 53 80 0.021360898 
301 386 46 74 0.021360898 
85 378 55 83 0.021360893 
137 171 119 168 0.0201599 
674 34 101 163 0.0201599 
172 560 121 222 0.0201599 
301 320 203 351 0.0201599 
234 33 124 261 0.0201599 
