13_Interview_Interview_2_People_Visible_13_420
79
387 383 160 388 0.99261475 
302 336 206 514 0.59142894 
366 38 212 444 0.47689918 
314 446 132 289 0.32305852 
530 637 142 406 0.32305852 
314 517 68 180 0.21842524 
89 -29 239 578 0.17193554 
550 -87 265 553 0.13594593 
1014 322 8 23 0.10279763 
801 65 19 39 0.10279763 
0 262 8 22 0.102797605 
90 336 8 18 0.102797605 
494 1286 17 33 0.08787667 
3 861 8 21 0.08787667 
517 684 228 545 0.08285364 
2 609 8 19 0.08117401 
307 86 8 19 0.08117401 
303 1260 24 55 0.07880669 
0 78 7 22 0.0691498 
92 865 8 18 0.06377564 
3 798 7 18 0.06377564 
992 327 8 19 0.06377564 
917 494 70 157 0.06111947 
952 -3 21 34 0.05879275 
708 -3 194 485 0.05874174 
4 1138 8 19 0.054176662 
834 80 11 27 0.054176662 
959 729 15 32 0.054176662 
302 78 14 32 0.04990379 
65 844 222 596 0.04931264 
549 693 79 199 0.047198545 
30 774 7 17 0.045951538 
218 279 212 545 0.045153897 
278 66 14 33 0.04229837 
276 93 246 578 0.04133061 
341 538 69 176 0.039651494 
464 1240 14 34 0.038923774 
2 630 12 32 0.038923774 
1014 695 8 22 0.038923774 
895 350 114 325 0.03781825 
188 4 209 471 0.03781825 
958 1255 18 41 0.03293372 
93 927 8 18 0.030282615 
811 69 10 21 0.030282615 
497 1234 9 21 0.030282615 
1017 14 6 15 0.030282615 
855 883 203 545 0.028921604 
489 27 209 485 0.028921604 
87 356 13 30 0.027838783 
269 60 19 42 0.027838783 
833 43 14 30 0.027838783 
519 80 14 31 0.027838778 
890 390 178 444 0.02643471 
499 1264 8 18 0.02558696 
2 581 6 14 0.02558696 
90 398 8 18 0.02558696 
1013 781 10 34 0.02558696 
430 1256 22 48 0.025519116 
0 330 8 23 0.02351288 
91 1005 14 29 0.02351288 
95 1013 8 17 0.02351288 
464 1256 16 34 0.02351288 
5 415 9 23 0.02351288 
728 709 16 42 0.021603195 
766 1219 6 16 0.021603195 
94 1206 9 19 0.021603195 
990 295 9 19 0.021603195 
738 79 15 37 0.021603195 
1017 634 6 19 0.021603195 
987 790 16 34 0.021603195 
1013 1072 12 44 0.021603195 
6 1169 8 22 0.021603195 
5 1107 6 16 0.021603195 
831 60 16 37 0.021603195 
307 18 6 14 0.021603195 
815 4 7 18 0.021603195 
645 751 65 146 0.021360898 
652 170 29 59 0.021360898 
-5 -11 215 578 0.020159906 
