13_Interview_Interview_2_People_Visible_13_254
46
718 223 80 68 0.9846489 
431 45 167 113 0.95484614 
423 42 109 79 0.65639776 
545 150 191 125 0.45389685 
333 80 188 108 0.4310897 
298 5 103 64 0.3647484 
342 171 186 115 0.3436022 
187 73 228 131 0.3436022 
629 17 178 115 0.32305852 
474 13 191 120 0.28400344 
495 91 116 90 0.18550259 
619 124 269 156 0.14717786 
317 32 183 116 0.14717786 
760 7 57 26 0.13928533 
202 -13 194 118 0.13594593 
535 114 117 82 0.115646794 
810 6 61 33 0.109639935 
616 88 200 118 0.1065206 
160 121 232 141 0.1065206 
238 199 212 135 0.076092646 
320 82 31 15 0.072444364 
246 103 242 147 0.06984132 
556 177 111 78 0.06984132 
753 217 111 79 0.064067975 
331 -1 170 96 0.05874174 
658 5 104 90 0.058741733 
585 104 124 80 0.053832814 
536 1 225 116 0.04931264 
297 76 126 78 0.04133062 
236 23 188 120 0.04133061 
128 172 209 123 0.04133061 
314 68 69 39 0.039651494 
809 4 111 57 0.03781825 
519 51 186 113 0.034593593 
718 112 188 120 0.034593593 
534 133 71 46 0.033269096 
441 105 200 110 0.03163486 
595 7 132 77 0.028921604 
297 52 57 35 0.027884185 
112 12 186 110 0.02643471 
408 154 203 115 0.026434705 
659 90 30 19 0.025519116 
429 184 79 40 0.023349825 
580 231 70 51 0.023349825 
711 175 197 127 0.022069868 
514 5 123 84 0.0201599 
