13_Interview_Interview_Sequences_13_973
63
823 168 75 89 0.9988171 
292 122 89 107 0.99796546 
783 1 228 217 0.90196514 
484 -2 232 223 0.52310073 
13 171 215 244 0.19988178 
786 270 18 19 0.18645167 
227 14 249 237 0.18550259 
393 15 215 187 0.18550259 
62 10 209 207 0.15916684 
115 157 206 230 0.13594593 
181 219 34 36 0.12872262 
574 14 242 240 0.1065206 
888 452 8 9 0.10279763 
787 289 25 33 0.10106142 
290 283 212 251 0.09803478 
817 397 8 9 0.074940585 
563 156 235 283 0.06984133 
392 167 59 66 0.06655857 
787 276 23 27 0.056098126 
471 100 24 29 0.056098126 
859 467 8 8 0.054176662 
671 10 265 255 0.045153897 
213 214 116 139 0.045153886 
748 303 28 28 0.04326818 
894 430 8 8 0.04229837 
824 77 123 147 0.04133062 
356 142 62 80 0.039651494 
597 387 12 18 0.038923774 
246 189 194 214 0.03781825 
185 205 55 64 0.036325645 
686 302 5 5 0.035808332 
704 300 14 13 0.035808332 
102 216 132 150 0.03163486 
874 230 206 214 0.03163486 
496 38 78 64 0.030461604 
504 88 13 15 0.030282615 
804 379 23 30 0.027884193 
822 415 8 10 0.027838783 
709 304 8 7 0.027838783 
830 161 194 217 0.02643471 
200 273 222 233 0.026434705 
524 267 249 274 0.026434705 
410 94 239 270 0.026434705 
829 431 12 15 0.02558696 
839 414 7 7 0.02558696 
680 304 7 6 0.02558696 
306 153 235 255 0.024156325 
106 43 111 139 0.024156325 
262 223 109 131 0.024156325 
761 273 12 13 0.02351288 
673 300 4 5 0.02351288 
681 293 5 6 0.02351288 
699 304 5 5 0.02351288 
100 158 78 70 0.023349825 
113 95 59 76 0.023349825 
228 125 103 124 0.022069868 
729 299 7 7 0.021603195 
677 306 6 6 0.021603195 
727 289 6 7 0.021603195 
521 76 36 25 0.021360904 
472 52 69 59 0.021360898 
423 224 222 244 0.0201599 
393 125 98 124 0.0201599 
