13_Interview_Interview_On_Location_13_401
50
639 279 48 50 0.99937433 
217 88 51 52 0.9991779 
531 158 47 52 0.9990138 
788 150 47 49 0.9985812 
342 229 51 58 0.9979589 
567 65 43 48 0.9977647 
415 116 43 49 0.9977647 
826 85 49 53 0.9977647 
480 62 41 47 0.9975521 
348 149 46 48 0.9957801 
659 91 38 45 0.99204755 
372 74 38 42 0.98859274 
820 335 121 146 0.4310897 
898 150 81 101 0.17193554 
384 47 20 19 0.09308395 
764 387 112 85 0.076092646 
940 45 74 69 0.06655858 
84 52 7 6 0.04990379 
517 67 46 41 0.047198545 
438 285 257 215 0.045153886 
161 316 60 70 0.04326818 
0 216 209 185 0.04133061 
724 422 65 46 0.036325652 
746 417 80 58 0.036325652 
439 291 6 5 0.032933712 
787 40 6 6 0.032933712 
585 284 239 194 0.03163486 
402 222 188 180 0.03163486 
793 281 186 162 0.03163486 
712 141 25 21 0.030461604 
93 92 7 6 0.027838783 
779 311 8 6 0.027838778 
87 36 7 7 0.027838778 
800 75 83 80 0.026434705 
88 134 218 206 0.026434705 
729 44 50 47 0.025519116 
77 325 30 27 0.025519116 
139 281 200 165 0.024156325 
210 22 13 11 0.02351288 
776 20 6 6 0.02351288 
229 349 52 43 0.023349825 
198 21 27 24 0.023349825 
341 407 69 47 0.023349825 
614 324 144 123 0.022069868 
99 19 111 109 0.022069868 
348 156 12 15 0.021603195 
416 365 12 13 0.021603195 
687 232 17 15 0.021603195 
783 29 25 26 0.021360898 
178 313 218 209 0.0201599 
