13_Interview_Interview_On_Location_13_554
56
324 24 228 604 0.9998159 
125 510 228 650 0.71599656 
576 505 215 622 0.59142894 
252 867 269 613 0.56891036 
392 633 206 604 0.4310897 
533 -1 215 604 0.17193556 
435 7 200 578 0.17193556 
601 772 200 537 0.17193554 
-32 589 218 484 0.13594593 
285 584 225 641 0.13594593 
21 199 107 272 0.13594593 
733 529 215 613 0.12544508 
278 206 321 753 0.09803478 
480 685 228 586 0.09015675 
772 52 206 506 0.090156734 
175 919 200 506 0.08285364 
690 1016 242 641 0.076092646 
626 1113 31 91 0.072444364 
177 250 273 669 0.06984133 
943 55 75 179 0.06111947 
51 635 203 578 0.05874174 
446 501 206 578 0.053832818 
672 54 206 561 0.053832818 
23 488 121 272 0.04931264 
155 716 136 498 0.045153897 
828 943 197 586 0.045153897 
827 110 59 154 0.04326818 
620 908 132 315 0.04133061 
241 98 197 521 0.03781825 
100 228 121 330 0.03781825 
209 77 60 179 0.033269096 
893 308 121 320 0.03163486 
30 453 191 484 0.03163486 
619 1088 25 68 0.030461596 
228 1045 76 195 0.030461596 
643 1074 28 69 0.030461596 
535 1035 253 641 0.028921604 
-40 1105 228 569 0.028921604 
78 392 128 253 0.028921604 
551 25 119 430 0.026434705 
897 35 124 311 0.026434705 
107 58 88 213 0.025519116 
728 186 209 569 0.024156325 
23 742 130 350 0.024156325 
835 643 194 578 0.024156325 
682 723 235 604 0.024156325 
640 71 128 315 0.024156325 
1 394 57 159 0.023349825 
637 72 59 144 0.023349825 
616 1098 59 157 0.023349825 
198 300 121 272 0.022069868 
926 486 69 165 0.021360898 
768 196 60 159 0.021360898 
837 176 191 537 0.020159906 
591 161 257 679 0.0201599 
-51 762 225 613 0.0201599 
