13_Interview_Interview_On_Location_13_33
31
103 80 85 110 0.99871767 
787 57 82 108 0.99814475 
399 96 76 99 0.9949414 
468 41 183 214 0.73441863 
646 202 116 169 0.69682413 
463 158 194 227 0.4085711 
547 87 128 146 0.26558137 
551 235 138 131 0.17193554 
523 74 200 245 0.115646794 
577 131 209 234 0.1065206 
592 65 68 79 0.09308395 
219 262 235 227 0.076092646 
-15 228 242 241 0.053832814 
174 122 228 208 0.053832814 
108 246 69 72 0.051466707 
462 77 109 144 0.04931264 
424 83 91 124 0.04931264 
541 86 69 91 0.04326818 
18 231 75 93 0.039651502 
607 81 39 41 0.036325652 
337 351 124 146 0.034593593 
606 84 76 97 0.033269096 
-13 140 200 196 0.03163486 
332 401 64 74 0.030461596 
787 96 212 252 0.026434705 
578 8 228 234 0.026434705 
357 6 235 248 0.026434705 
421 220 18 21 0.02558696 
36 220 86 62 0.025519116 
676 345 197 196 0.022069868 
3 6 58 67 0.021360898 
