28_Sports_Fan_Sports_Fan_28_770
31
566 224 180 241 0.7195549 
87 390 103 113 0.7107185 
110 36 413 510 0.6686143 
577 256 110 155 0.22566438 
543 295 33 38 0.18364644 
218 410 103 131 0.10961205 
590 284 58 74 0.08115512 
663 607 11 13 0.05177682 
611 617 44 61 0.051607925 
14 404 88 132 0.044438258 
226 432 176 250 0.043978937 
169 415 170 207 0.03988875 
588 262 16 20 0.038295183 
587 290 36 51 0.03791688 
65 46 276 362 0.03771923 
685 81 133 153 0.034622777 
294 546 83 106 0.034218393 
741 280 110 135 0.032120388 
514 174 329 408 0.030930676 
655 624 10 12 0.030376103 
77 306 169 222 0.030175831 
677 630 9 13 0.02932477 
928 226 92 187 0.029145021 
608 131 230 281 0.028454233 
577 291 28 42 0.027376108 
669 645 10 12 0.025710989 
549 290 44 60 0.024698896 
260 491 105 126 0.023135735 
-8 160 353 454 0.021621041 
551 280 33 45 0.021465726 
565 278 48 67 0.020008542 
