28_Sports_Fan_Sports_Fan_28_590
119
765 461 36 38 0.99667346 
597 608 37 38 0.9939248 
549 167 29 37 0.9907039 
49 38 30 37 0.9840497 
32 268 22 34 0.9812444 
195 292 26 44 0.95377904 
917 212 29 34 0.31859216 
350 474 37 40 0.24482235 
314 400 22 38 0.2336278 
118 298 37 56 0.16502571 
585 175 16 21 0.15421039 
924 222 16 20 0.15162812 
669 182 17 21 0.13904828 
900 242 12 16 0.13583861 
540 311 27 32 0.116498455 
339 456 46 47 0.108275786 
577 312 17 19 0.106128186 
927 2 16 18 0.10207645 
619 287 25 29 0.097980864 
687 13 13 17 0.09658427 
197 331 400 385 0.09446179 
660 97 16 21 0.094383694 
256 254 26 29 0.0875449 
772 334 29 33 0.08318573 
910 210 48 59 0.07348931 
910 274 13 18 0.07214711 
436 345 16 19 0.06150404 
36 54 26 35 0.05653834 
799 457 24 33 0.052584853 
327 122 456 542 0.0511313 
487 260 24 29 0.050433476 
735 48 9 11 0.048676837 
953 218 12 18 0.047658004 
699 594 15 18 0.046225738 
562 165 28 36 0.04391805 
660 185 16 20 0.042698454 
188 295 44 61 0.041581195 
719 75 16 18 0.040290073 
725 10 15 21 0.03987326 
784 459 30 36 0.038919427 
915 -1 29 31 0.03675216 
945 211 27 35 0.03647076 
485 266 14 18 0.03610812 
652 186 16 20 0.035855617 
743 348 25 29 0.035002735 
416 441 40 39 0.034305904 
557 309 26 31 0.034192722 
885 274 15 21 0.032471806 
909 240 12 16 0.03234898 
35 67 17 22 0.03232461 
709 411 11 14 0.032218225 
917 234 15 17 0.03212179 
802 381 27 31 0.032066144 
687 547 29 33 0.031957995 
435 401 108 118 0.03130308 
740 82 12 17 0.031043593 
558 387 12 15 0.030848285 
488 248 24 29 0.030423597 
213 516 11 14 0.030291067 
415 339 11 12 0.029764196 
729 47 10 13 0.02968126 
684 8 21 27 0.029623542 
493 250 14 18 0.029265996 
403 441 62 67 0.029089686 
900 265 23 30 0.029050741 
752 33 101 133 0.028524633 
718 0 11 12 0.028515512 
135 433 13 17 0.028397538 
945 222 45 72 0.027762294 
897 250 11 13 0.027435094 
732 374 14 18 0.02639561 
898 234 21 26 0.026294546 
293 514 29 43 0.025943758 
908 183 25 31 0.025715422 
750 437 41 51 0.025655983 
724 5 14 16 0.025605205 
244 536 16 22 0.025269125 
725 1 11 11 0.025112577 
717 399 23 27 0.025069803 
961 247 28 44 0.024503747 
680 11 11 16 0.024448631 
208 511 10 13 0.024432283 
994 477 27 36 0.024367876 
929 205 32 42 0.023971202 
680 140 38 45 0.023704918 
709 28 12 16 0.023663156 
328 408 17 26 0.023055363 
935 199 47 64 0.023045259 
995 277 29 44 0.022881761 
752 362 15 18 0.022843495 
336 484 34 36 0.022784611 
300 501 30 38 0.022715976 
527 278 13 17 0.0226457 
906 226 25 30 0.022214722 
330 469 33 41 0.021934418 
755 398 25 30 0.021811483 
69 46 29 34 0.021773878 
66 1 20 16 0.021738663 
711 0 12 12 0.021546654 
551 314 18 22 0.021455314 
871 340 13 16 0.021332545 
714 8 24 31 0.021252653 
0 88 57 87 0.021236634 
485 252 14 18 0.021199035 
20 10 55 66 0.021172585 
899 197 78 97 0.021011608 
903 231 47 58 0.020912424 
934 259 12 17 0.020852018 
540 215 16 21 0.02058704 
734 373 22 27 0.020582784 
497 263 27 30 0.020574762 
806 370 28 31 0.020536961 
697 597 24 31 0.020506563 
347 492 36 37 0.020241797 
661 588 26 32 0.020180617 
578 247 25 26 0.020112287 
744 384 27 33 0.020072972 
726 439 14 18 0.020065546 
204 436 49 42 0.020032847 
