28_Sports_Fan_Sports_Fan_28_751
67
524 234 59 73 0.99854964 
194 129 47 60 0.9980385 
16 154 42 54 0.9897169 
130 4 32 37 0.78697395 
938 0 29 23 0.6034707 
91 181 15 18 0.49570513 
857 467 61 75 0.40131533 
679 22 40 48 0.3631817 
172 139 25 39 0.32266542 
101 0 25 25 0.21370317 
620 65 26 33 0.15329392 
933 45 32 40 0.11868837 
922 424 22 23 0.10938083 
409 354 49 67 0.08782905 
431 358 29 40 0.08461684 
975 403 28 33 0.0805279 
444 1 29 30 0.07186119 
964 413 27 31 0.065167956 
323 477 40 48 0.063174345 
907 0 19 16 0.053846233 
212 0 16 14 0.05261938 
674 393 97 147 0.05014176 
108 92 40 48 0.048417445 
363 318 43 51 0.046326227 
406 341 32 36 0.046004042 
799 -1 18 14 0.04503897 
714 25 42 52 0.04409416 
275 385 15 19 0.041792788 
290 31 50 56 0.041627306 
21 46 15 20 0.04142326 
389 352 81 107 0.035483282 
985 367 15 18 0.03519363 
144 5 35 33 0.0342595 
391 343 50 56 0.034030262 
899 0 28 29 0.033666983 
303 360 10 12 0.033175014 
406 327 50 65 0.032493964 
170 -1 20 15 0.03188092 
92 166 21 27 0.031828653 
442 361 16 23 0.031822342 
457 0 21 21 0.030593928 
444 -6 46 52 0.030137401 
201 78 11 14 0.029956423 
697 34 31 38 0.027282393 
169 48 30 37 0.027180595 
882 16 24 31 0.026296517 
96 158 17 23 0.025351368 
596 3 31 35 0.025250563 
371 341 31 35 0.024817402 
191 61 44 52 0.024053412 
387 347 32 37 0.024019243 
466 264 50 69 0.023795955 
158 1 34 32 0.023709986 
403 345 19 22 0.023701882 
933 0 20 20 0.02306721 
980 385 29 39 0.02292216 
701 -2 33 31 0.02280507 
124 45 14 18 0.022712085 
13 50 16 21 0.022582728 
642 17 24 30 0.02225094 
203 53 12 17 0.021451948 
635 31 43 51 0.02131851 
709 -1 19 15 0.021094833 
785 391 86 113 0.02075 
380 321 49 56 0.02056919 
951 -1 31 27 0.02044396 
644 13 17 21 0.020045603 
