28_Sports_Fan_Sports_Fan_28_862
72
439 131 126 154 0.9998561 
211 494 42 51 0.9843418 
711 696 119 176 0.38705125 
297 514 33 45 0.34628588 
1 745 18 34 0.26218545 
152 731 14 16 0.22759362 
136 714 11 13 0.16555014 
42 258 15 20 0.12609704 
466 728 196 263 0.10863788 
929 581 9 12 0.07983154 
197 325 13 16 0.07750164 
189 355 17 21 0.067808755 
562 1445 56 55 0.06694716 
361 739 30 55 0.058669742 
140 733 12 17 0.054953087 
549 1398 62 65 0.047744498 
240 347 17 22 0.047012687 
134 734 13 18 0.046586365 
0 805 11 20 0.044367235 
2 740 16 21 0.041185528 
186 252 13 16 0.040144037 
223 747 12 14 0.034996133 
306 508 18 25 0.034495804 
190 700 10 12 0.0340986 
0 781 8 14 0.033313904 
355 560 24 36 0.032640766 
173 732 11 14 0.031865593 
276 1291 74 66 0.031474628 
35 715 16 21 0.03134999 
795 694 30 35 0.030885436 
198 749 12 14 0.029517937 
200 732 10 11 0.029312924 
125 732 15 21 0.029231127 
882 692 178 245 0.029183406 
530 812 135 140 0.029098678 
192 343 13 16 0.028772855 
43 301 10 13 0.028750824 
368 706 31 35 0.028551472 
169 708 11 13 0.028067866 
187 408 23 28 0.026495129 
176 516 28 34 0.026449807 
191 321 14 20 0.026027003 
134 710 19 23 0.025765477 
876 725 13 17 0.025659593 
0 131 10 18 0.025310433 
213 739 10 13 0.025130985 
176 725 11 14 0.024939582 
95 710 10 13 0.024739416 
643 661 16 22 0.024716258 
178 371 14 18 0.02465945 
667 314 29 34 0.024564145 
224 812 11 14 0.02421385 
151 717 11 13 0.023866367 
834 394 184 275 0.0231261 
190 747 13 17 0.022544488 
966 771 16 19 0.022416886 
180 731 12 13 0.022340573 
360 708 47 56 0.02213583 
151 754 13 15 0.02212706 
188 520 15 21 0.02204212 
165 732 12 16 0.021880196 
909 824 67 94 0.021864766 
581 1437 37 41 0.021613715 
211 687 17 19 0.021488614 
14 705 31 35 0.02146562 
0 703 26 39 0.021339683 
720 164 11 13 0.021158427 
49 720 27 34 0.021147676 
222 426 12 16 0.021074852 
305 716 34 49 0.021068254 
184 699 10 13 0.020856474 
321 714 17 25 0.02002686 
