28_Sports_Fan_Sports_Fan_28_557
27
405 185 92 115 0.9996557 
130 9 36 38 0.1975472 
643 74 377 540 0.05069251 
778 201 220 303 0.04714102 
271 49 97 130 0.045570448 
481 0 51 48 0.04302901 
333 -3 66 78 0.042995874 
168 -2 30 31 0.04273911 
49 108 42 50 0.039237227 
174 2 16 19 0.039036416 
0 -5 32 51 0.033964854 
483 0 33 29 0.033681933 
214 42 13 17 0.033202432 
159 4 31 35 0.030268336 
233 56 29 32 0.025948027 
462 19 27 31 0.025303189 
156 12 12 16 0.024967082 
660 558 24 28 0.024802448 
44 132 24 33 0.024241898 
501 136 51 72 0.022697674 
229 36 52 59 0.02188251 
107 2 17 19 0.021807278 
160 6 50 53 0.02084823 
497 23 57 66 0.020668108 
47 120 25 32 0.020602552 
165 11 17 20 0.020402433 
46 8 65 66 0.020052401 
