28_Sports_Fan_Sports_Fan_28_1018
35
382 172 230 305 0.99992526 
603 1370 83 124 0.8611376 
871 100 100 129 0.1603584 
960 1891 64 93 0.1464769 
452 1567 56 70 0.100422904 
442 1411 381 505 0.07324301 
543 1299 163 217 0.06062236 
870 214 169 267 0.05447847 
483 1372 105 113 0.045325886 
45 1676 184 232 0.043405954 
962 418 68 130 0.041855853 
640 757 180 263 0.03829513 
336 1295 351 451 0.0343647 
692 1573 196 277 0.032437257 
457 83 294 428 0.031603366 
692 1266 27 35 0.031235037 
325 1506 356 505 0.030911 
480 1123 347 446 0.02968643 
101 1768 102 113 0.028862951 
397 1379 25 35 0.028009987 
3 975 33 64 0.027719993 
410 1787 129 176 0.027077818 
669 856 199 314 0.026043916 
976 324 41 52 0.025333976 
37 1640 33 40 0.024727661 
732 361 105 121 0.024534056 
597 1563 195 324 0.023965172 
633 1345 88 144 0.023314355 
295 1496 118 135 0.023195338 
396 1557 32 38 0.022589715 
597 1388 29 39 0.021805335 
315 1569 88 124 0.0210135 
389 309 455 589 0.020504849 
90 393 190 297 0.02021085 
965 1466 40 48 0.020003846 
