28_Sports_Fan_Sports_Fan_28_880
33
420 81 159 237 0.9884173 
400 626 18 20 0.22245158 
389 661 12 15 0.108249195 
437 671 23 29 0.09385785 
380 635 15 21 0.08738752 
385 630 22 27 0.08470634 
861 488 30 36 0.08046501 
443 685 16 20 0.067481354 
174 457 55 63 0.051645488 
660 664 59 66 0.051205464 
400 637 24 28 0.051024403 
551 476 53 65 0.050094012 
249 473 29 39 0.04965486 
342 659 14 17 0.04452473 
688 680 31 33 0.043440618 
367 696 30 35 0.03991222 
343 679 15 17 0.037285842 
192 478 479 516 0.03687913 
724 712 17 20 0.036155917 
357 631 14 16 0.035189584 
432 654 40 50 0.033111855 
407 643 26 31 0.031694494 
382 630 13 16 0.028131012 
365 632 12 15 0.027123898 
638 677 26 28 0.02649274 
390 620 23 28 0.023171611 
453 663 45 58 0.02289801 
374 631 12 15 0.02198093 
396 641 16 18 0.021914372 
350 633 15 17 0.021725489 
326 444 13 17 0.021270707 
306 642 14 16 0.020273702 
1006 563 15 21 0.020210018 
