8_Election_Campain_Election_Campaign_8_174
717
737 484 63 71 0.999303 
266 453 31 39 0.9990433 
129 413 34 44 0.99899286 
899 509 58 73 0.99889684 
311 442 30 33 0.99881446 
608 418 24 29 0.9988122 
584 458 39 47 0.9987159 
69 470 45 54 0.99812263 
742 444 32 36 0.997741 
8 480 46 56 0.99744654 
206 432 33 41 0.99706846 
503 343 32 40 0.9962857 
817 574 86 122 0.99616665 
167 423 30 37 0.9956494 
169 529 71 78 0.99563956 
951 465 40 51 0.9947484 
623 503 42 53 0.9946414 
198 478 37 44 0.9943869 
930 420 29 39 0.99425125 
386 537 73 85 0.9939044 
166 453 37 44 0.9934424 
297 486 45 52 0.9933529 
580 415 28 32 0.99292094 
453 448 40 44 0.9920615 
850 385 18 23 0.9913728 
656 421 23 28 0.99043244 
167 609 83 89 0.9889402 
822 441 29 34 0.98848736 
420 428 28 32 0.9825618 
990 333 13 15 0.981859 
434 446 27 38 0.98013306 
91 393 22 29 0.9794063 
771 380 17 21 0.9780824 
890 391 16 24 0.97413176 
693 397 18 24 0.9706407 
876 460 41 49 0.9694996 
258 422 27 28 0.9661257 
754 372 16 21 0.9630304 
979 405 23 28 0.95508933 
49 426 24 28 0.9462176 
449 616 75 87 0.94050395 
613 359 13 17 0.93606275 
805 413 19 24 0.9339773 
247 420 24 29 0.9296924 
346 393 14 19 0.9286299 
954 419 25 32 0.92563426 
52 445 28 37 0.91978 
432 381 18 23 0.9093984 
320 473 35 46 0.9041152 
578 341 11 15 0.8872682 
428 437 26 33 0.8830593 
33 386 21 27 0.882903 
183 350 9 11 0.87021184 
936 338 19 24 0.84360945 
727 397 18 22 0.8176589 
214 402 22 28 0.80624837 
854 308 11 14 0.8053202 
306 415 23 26 0.7914985 
491 330 13 16 0.79127747 
171 373 14 17 0.78895336 
1011 362 12 19 0.78073835 
675 363 11 14 0.7712906 
667 462 25 35 0.7328303 
932 392 23 26 0.72720647 
291 422 18 23 0.7220536 
557 357 12 14 0.7198274 
721 431 19 23 0.70751756 
428 502 43 59 0.69474196 
577 376 15 19 0.68868446 
871 385 15 20 0.68571186 
402 398 15 20 0.6812602 
627 378 15 18 0.6667018 
893 338 11 14 0.6496705 
758 413 27 29 0.6430597 
228 380 14 16 0.63100135 
725 374 11 14 0.625824 
641 340 10 13 0.60422456 
475 368 14 19 0.6013584 
971 337 11 15 0.5900351 
795 398 19 22 0.58314645 
336 379 11 14 0.5761026 
656 398 19 21 0.57551277 
114 340 13 16 0.55542785 
665 336 10 13 0.5502962 
487 591 66 75 0.54238653 
129 373 11 14 0.53114665 
163 349 9 11 0.52287674 
830 373 14 18 0.51638734 
596 379 12 15 0.49364382 
281 373 10 13 0.48989028 
676 385 13 16 0.48645395 
313 379 9 12 0.4837418 
1001 439 25 39 0.46620622 
151 392 15 20 0.45616585 
999 386 18 22 0.4463054 
445 418 25 29 0.44228315 
624 344 9 11 0.44189203 
728 342 9 12 0.4348727 
706 373 9 12 0.42419487 
496 380 11 14 0.39950052 
93 377 12 15 0.39847416 
636 380 15 17 0.39842817 
176 464 40 48 0.39759156 
255 381 10 12 0.35860464 
741 366 10 13 0.3526513 
798 372 15 18 0.34138176 
665 595 74 75 0.33759883 
543 372 14 17 0.32113552 
876 374 12 15 0.3017727 
679 451 27 33 0.29926258 
239 400 15 21 0.29820144 
981 292 9 11 0.2870249 
39 362 11 13 0.28653246 
1 373 11 15 0.2760427 
409 375 9 11 0.27514008 
272 364 8 11 0.26700026 
69 392 17 19 0.26378867 
941 296 9 11 0.25513914 
376 375 12 15 0.25298005 
255 374 10 12 0.23793872 
455 381 13 16 0.23443545 
179 403 13 17 0.23373087 
319 349 8 11 0.22794273 
130 390 17 21 0.22739948 
279 368 9 11 0.22457136 
190 370 9 12 0.22025326 
821 378 15 19 0.21857728 
711 367 11 13 0.21504846 
299 374 8 11 0.21198283 
0 397 9 15 0.21005993 
38 332 8 11 0.20465858 
466 518 36 57 0.20449585 
21 342 8 10 0.20082335 
660 377 12 15 0.20039551 
917 346 11 14 0.19910309 
1014 299 9 13 0.19743446 
55 408 17 20 0.1973399 
996 296 8 10 0.19671711 
12 370 10 13 0.19398509 
95 359 9 11 0.19162601 
800 406 20 25 0.18759178 
928 399 27 36 0.18518429 
564 378 13 16 0.1824465 
398 340 9 11 0.176868 
467 345 14 18 0.17442143 
186 365 9 13 0.17409092 
206 373 11 14 0.17117755 
319 330 6 8 0.16106975 
215 371 11 14 0.15953073 
718 436 26 32 0.15869188 
263 358 8 11 0.15823278 
409 326 7 9 0.15779652 
136 388 19 25 0.15702456 
437 425 28 33 0.15640585 
255 368 10 12 0.15564136 
21 351 9 11 0.15509969 
845 175 10 13 0.15471467 
406 513 59 74 0.15132613 
231 357 9 10 0.15124412 
184 353 10 13 0.15075995 
430 366 11 14 0.14926721 
387 404 13 16 0.146673 
903 308 10 12 0.146359 
835 402 16 19 0.14104766 
920 302 8 10 0.14034393 
219 368 10 12 0.14019644 
716 365 10 12 0.13797534 
760 410 16 19 0.13721225 
902 302 9 12 0.13489152 
24 355 9 12 0.13437155 
916 394 12 19 0.13293192 
141 381 13 16 0.13204621 
684 327 8 10 0.12928139 
224 342 8 9 0.12592442 
720 377 13 18 0.12540671 
232 335 7 8 0.12275299 
61 364 13 15 0.12064104 
392 326 6 9 0.120060034 
653 377 14 17 0.11852849 
328 367 9 10 0.11780284 
409 400 15 21 0.11638941 
320 345 7 9 0.1162368 
360 381 11 14 0.113731146 
161 343 10 12 0.113487236 
192 333 7 9 0.112687126 
571 422 26 34 0.111590385 
565 356 11 14 0.110397376 
298 380 10 12 0.109761626 
685 380 11 14 0.108926274 
353 365 9 12 0.10751207 
5 418 14 22 0.10475923 
131 381 14 17 0.103661 
976 521 37 55 0.10363946 
83 447 25 30 0.10359474 
928 300 9 10 0.10229061 
918 319 8 12 0.10137639 
784 311 7 10 0.10054492 
965 299 11 12 0.10001957 
290 358 8 11 0.099566326 
7 366 13 16 0.09882787 
353 329 8 9 0.09794485 
158 335 8 10 0.09787481 
690 446 23 31 0.097310014 
392 352 8 9 0.096721224 
694 373 10 13 0.0965813 
284 401 16 20 0.095755145 
716 449 27 39 0.093603544 
199 342 7 10 0.093393534 
303 337 7 10 0.09338761 
359 375 8 12 0.09262448 
37 375 13 16 0.092140876 
201 372 9 12 0.09082727 
452 334 10 12 0.09051615 
285 408 22 28 0.09043873 
479 359 11 14 0.09042714 
452 359 11 14 0.09014746 
353 361 9 11 0.090034634 
53 346 10 13 0.08996252 
384 415 24 33 0.08914394 
629 347 10 12 0.08872514 
89 374 12 15 0.08714829 
241 410 23 30 0.087022 
8 349 9 12 0.08641448 
578 443 35 44 0.08611182 
74 340 8 12 0.08548784 
334 341 8 10 0.08541935 
688 376 11 13 0.0847458 
572 354 11 15 0.08416296 
78 336 7 10 0.08348289 
280 395 13 16 0.08340107 
760 437 26 31 0.08330838 
248 359 8 9 0.08326446 
280 390 10 13 0.082751945 
236 374 11 13 0.081761375 
832 369 10 12 0.08060624 
374 325 8 10 0.080498725 
172 309 9 11 0.08022327 
727 368 11 14 0.07938665 
415 350 8 10 0.07930926 
54 366 12 15 0.07915556 
943 392 18 20 0.079143055 
900 335 10 13 0.07901963 
448 333 10 12 0.07801682 
644 376 13 16 0.0779979 
1004 436 19 23 0.07792529 
485 359 10 13 0.07789848 
52 381 14 18 0.07779271 
927 346 11 14 0.07772222 
116 400 15 20 0.07751233 
98 350 8 11 0.07697658 
758 312 8 10 0.0748509 
936 299 9 11 0.07439379 
34 334 8 10 0.07431644 
653 406 24 29 0.074135356 
217 335 6 8 0.07394465 
358 329 7 9 0.07243845 
36 381 15 19 0.072436824 
152 335 8 11 0.072359204 
753 316 9 11 0.0720904 
787 462 27 33 0.07197568 
1003 396 16 22 0.07171312 
272 425 16 19 0.07138689 
772 364 13 16 0.07124436 
730 440 29 35 0.07081679 
152 359 9 11 0.07079038 
791 311 8 10 0.07077184 
351 370 10 13 0.07067246 
78 340 9 12 0.070501655 
31 357 10 12 0.07023809 
238 368 8 10 0.069788165 
193 432 27 34 0.068884276 
744 313 7 10 0.06854516 
613 394 14 17 0.06847922 
319 333 7 10 0.068303406 
961 300 10 11 0.06785679 
285 368 9 11 0.06638632 
753 391 16 19 0.06616652 
335 337 7 9 0.06607105 
771 359 11 13 0.06559608 
431 543 53 67 0.0652173 
444 380 13 18 0.06502569 
37 312 9 12 0.064214386 
766 312 7 9 0.0641642 
248 366 10 12 0.06378355 
591 374 13 17 0.06232215 
696 367 8 11 0.06232026 
902 296 8 11 0.062299196 
76 393 23 28 0.06202784 
389 398 12 15 0.06190652 
633 359 9 12 0.061420936 
207 388 11 14 0.06068065 
122 396 20 24 0.060537264 
636 363 12 16 0.060093492 
666 396 15 19 0.060082827 
302 368 8 10 0.059913002 
693 378 11 14 0.059695635 
620 395 15 18 0.05957294 
22 335 9 11 0.05928701 
390 400 19 24 0.05920624 
990 449 30 45 0.058906663 
452 372 16 19 0.058709603 
155 380 12 15 0.0579127 
446 349 10 12 0.057694856 
337 359 7 9 0.057366744 
315 328 7 9 0.056974348 
407 322 7 9 0.05676785 
898 301 9 11 0.05639716 
49 343 10 12 0.05615938 
263 364 8 12 0.056043234 
896 396 17 21 0.05584217 
708 376 13 17 0.05581447 
324 404 15 17 0.055265673 
909 309 8 11 0.055090982 
424 385 13 18 0.055073164 
603 379 13 15 0.054982167 
101 375 10 13 0.05490504 
74 336 8 10 0.054765683 
658 390 16 19 0.053981155 
136 351 9 10 0.053467628 
147 380 13 16 0.052693523 
399 561 88 104 0.05257543 
757 317 8 9 0.052330412 
256 352 8 10 0.05207405 
63 443 29 34 0.051988885 
358 359 10 11 0.051985886 
981 363 15 17 0.051945787 
31 374 12 15 0.051723994 
213 359 10 11 0.051660575 
369 326 8 10 0.051460505 
548 365 12 14 0.051434312 
340 376 11 14 0.05136751 
186 334 8 10 0.05106514 
223 385 15 16 0.05104394 
97 344 9 11 0.050581325 
982 299 10 12 0.05053629 
710 465 32 42 0.050449852 
382 342 8 10 0.05018775 
676 371 12 14 0.05000926 
565 438 13 19 0.04937039 
45 384 21 26 0.049111187 
206 368 10 12 0.04893292 
186 328 8 10 0.048765738 
816 384 14 18 0.048688885 
189 380 11 14 0.048672 
978 288 10 11 0.048565026 
867 463 29 41 0.048111 
393 334 8 11 0.04799887 
34 329 8 10 0.04779253 
384 398 11 14 0.047614783 
21 312 8 11 0.047421712 
408 471 26 34 0.047300488 
415 344 8 10 0.04692258 
265 435 32 39 0.046891015 
693 458 29 34 0.046780303 
238 424 22 31 0.046778712 
206 394 11 17 0.04663609 
130 367 12 15 0.046495147 
538 274 15 18 0.046312522 
992 398 20 27 0.046228074 
446 328 9 11 0.04602684 
993 299 11 13 0.045995932 
62 392 15 18 0.045746595 
910 366 11 14 0.045530062 
224 356 9 12 0.045479756 
8 343 8 12 0.045294024 
364 379 12 17 0.044591624 
443 411 21 23 0.044446044 
45 363 11 14 0.044433944 
636 391 13 18 0.044211723 
174 406 25 28 0.04403571 
368 375 9 12 0.04399142 
761 371 16 20 0.043991208 
980 459 29 37 0.043848626 
165 354 10 13 0.04380781 
896 462 30 37 0.04366027 
600 531 23 35 0.043230593 
945 309 9 12 0.043165892 
22 327 8 10 0.042999562 
175 562 49 52 0.04271909 
133 399 25 31 0.0426161 
825 425 25 34 0.042511716 
415 452 31 42 0.042452704 
671 381 13 16 0.042405047 
788 379 13 17 0.042355098 
790 372 14 18 0.04225011 
181 370 11 16 0.042239573 
181 380 11 14 0.0422173 
912 318 10 12 0.04195762 
383 336 9 10 0.041605007 
912 343 10 13 0.041369796 
380 383 13 18 0.041141883 
918 393 21 29 0.040692106 
560 419 23 33 0.040688183 
262 353 7 10 0.040674184 
286 325 8 11 0.040596753 
592 421 19 23 0.040392824 
234 366 10 11 0.04024199 
299 337 7 9 0.0402054 
385 320 7 9 0.039910868 
777 312 8 9 0.03988091 
342 358 7 10 0.039838705 
20 318 9 11 0.039819792 
225 351 8 10 0.03979841 
685 445 18 23 0.039576028 
493 373 19 26 0.03939529 
46 327 8 10 0.039330516 
16 348 10 13 0.039322592 
713 360 10 13 0.039235413 
680 332 9 12 0.039171994 
387 378 11 15 0.03915199 
291 396 14 17 0.039083146 
716 420 18 21 0.039071575 
733 349 10 11 0.039026253 
30 261 8 11 0.03900026 
713 324 11 13 0.03898865 
59 465 35 43 0.038841963 
629 391 14 20 0.038758717 
600 342 7 11 0.038459543 
987 373 15 18 0.038442742 
644 336 11 14 0.038408846 
475 349 12 17 0.03825444 
329 373 8 11 0.03810959 
25 262 9 10 0.037976656 
314 407 22 27 0.037938025 
224 337 7 9 0.03786068 
294 352 8 9 0.037674516 
334 376 18 23 0.037483416 
344 351 6 9 0.037469964 
88 365 10 13 0.03717036 
534 370 13 18 0.037123002 
8 357 11 14 0.037097517 
655 319 9 11 0.036875196 
732 371 12 15 0.03677911 
305 358 7 10 0.03668189 
991 289 9 10 0.036625843 
492 329 20 24 0.03635048 
825 414 22 28 0.036228232 
655 325 9 11 0.03613066 
238 358 9 10 0.036074042 
910 464 26 33 0.03593985 
670 351 10 12 0.035815716 
903 372 11 13 0.035702646 
668 510 14 20 0.035659295 
214 350 9 12 0.035649534 
421 404 13 17 0.03549188 
468 308 9 12 0.035439063 
620 381 17 21 0.035344794 
272 325 8 10 0.035112653 
406 342 8 10 0.034980077 
177 399 11 13 0.03490075 
150 339 9 12 0.034899496 
1012 352 11 16 0.034750875 
224 403 16 21 0.034693435 
313 351 8 11 0.034692682 
289 351 8 10 0.03467755 
198 335 7 10 0.034410015 
574 435 26 35 0.034406353 
767 431 19 24 0.034300707 
23 302 7 9 0.034034148 
257 335 8 10 0.034023818 
357 386 13 18 0.034000143 
87 389 15 20 0.0339264 
178 435 36 44 0.03390913 
657 334 9 12 0.03387648 
196 278 12 14 0.033794954 
946 351 15 19 0.033632375 
692 392 14 18 0.033569705 
965 317 11 13 0.033453874 
180 345 18 22 0.033399973 
296 367 8 10 0.03330618 
409 349 8 10 0.033256732 
713 334 9 11 0.03318304 
606 395 14 17 0.033182427 
730 303 8 11 0.03316917 
446 372 14 17 0.03303828 
682 386 13 18 0.032971136 
256 357 10 12 0.032915264 
871 340 9 13 0.03282651 
413 366 11 14 0.03274105 
85 342 8 11 0.032737594 
248 374 10 12 0.032684803 
606 386 14 16 0.032631863 
125 341 9 12 0.03254355 
442 327 8 11 0.03242059 
705 443 27 33 0.032316018 
284 391 12 14 0.03214897 
274 407 24 28 0.032065216 
329 361 8 10 0.032046765 
375 321 8 10 0.031971518 
909 482 50 63 0.031929333 
645 345 10 13 0.03191438 
471 377 12 15 0.031862024 
1013 410 12 17 0.031861484 
733 334 9 12 0.031854816 
103 344 7 10 0.03171476 
765 363 12 16 0.03163004 
173 303 9 11 0.031589642 
846 370 12 16 0.031499047 
441 332 9 11 0.031419963 
157 366 11 13 0.03131662 
234 386 13 16 0.03115594 
329 342 7 10 0.03114835 
337 328 7 8 0.031114995 
55 419 20 24 0.031018501 
661 320 8 10 0.030653093 
699 475 38 47 0.030602327 
250 380 10 13 0.030600064 
568 465 27 36 0.030375907 
1009 296 8 10 0.030359436 
334 366 8 10 0.030283757 
596 365 12 14 0.030230757 
443 440 29 37 0.030228315 
328 336 7 9 0.030210655 
442 347 9 13 0.030123789 
869 368 11 12 0.030105444 
544 358 12 15 0.03000829 
911 379 14 21 0.029988017 
498 577 48 57 0.02995154 
850 315 9 12 0.029896695 
237 335 8 9 0.029867172 
297 369 18 22 0.029691808 
448 342 10 13 0.029657321 
983 376 15 20 0.029567773 
211 377 12 15 0.029450634 
466 347 22 26 0.029407967 
311 422 28 33 0.029170625 
911 296 8 10 0.028980872 
735 327 8 10 0.028978603 
591 365 11 14 0.028785331 
476 333 11 15 0.028774817 
369 320 7 10 0.028568663 
427 371 20 25 0.028567154 
593 493 26 33 0.028522626 
361 350 9 11 0.028351197 
312 460 33 41 0.028277233 
184 431 18 24 0.028148837 
497 335 26 33 0.028128687 
424 634 60 64 0.028039126 
611 383 22 25 0.028036963 
23 365 11 14 0.02796016 
554 353 20 25 0.027864592 
605 371 14 16 0.027847243 
277 360 8 11 0.02777743 
975 396 35 46 0.027756616 
313 334 8 10 0.027749747 
183 287 9 11 0.027713547 
391 322 7 9 0.027698271 
455 360 22 26 0.027625063 
62 432 20 24 0.0275867 
401 373 9 13 0.027547445 
159 342 17 23 0.027506422 
565 534 40 59 0.027402848 
911 303 9 11 0.0273591 
669 369 14 17 0.02734308 
160 373 11 15 0.02734111 
857 448 28 35 0.027211925 
232 329 8 10 0.027017886 
214 397 14 19 0.027014023 
684 621 44 45 0.026991209 
873 315 10 14 0.02695767 
718 319 7 10 0.026939953 
200 348 9 11 0.026700497 
8 335 7 10 0.026575204 
423 371 13 15 0.026508827 
984 327 12 16 0.026494045 
158 355 11 14 0.026452057 
249 352 7 9 0.026272237 
20 395 12 17 0.026185228 
686 358 9 11 0.026115404 
789 341 8 11 0.026112959 
46 333 8 10 0.026080213 
952 119 10 11 0.025965218 
397 349 9 11 0.025899624 
285 428 19 23 0.025795016 
424 494 33 49 0.025741814 
213 390 11 14 0.025671279 
174 336 8 9 0.025660051 
424 345 8 11 0.025553599 
655 437 26 35 0.025527349 
714 487 28 38 0.02543886 
272 381 9 11 0.02534802 
791 351 9 12 0.025322553 
249 343 7 9 0.02526043 
983 279 8 11 0.025155421 
475 339 12 17 0.025154637 
523 260 10 12 0.025102498 
661 114 32 41 0.025056893 
887 474 47 58 0.024951154 
613 404 15 19 0.024874296 
192 341 8 11 0.024836812 
444 466 49 61 0.024756117 
33 315 10 12 0.024752017 
411 378 12 14 0.024629919 
457 379 23 27 0.02448362 
87 294 9 11 0.024466528 
824 378 20 25 0.024404522 
476 503 28 51 0.024396408 
418 476 15 20 0.024389138 
333 417 12 17 0.024332274 
695 320 10 12 0.024294632 
879 370 11 13 0.024164792 
419 387 21 27 0.024161592 
88 272 9 10 0.024135143 
574 417 18 22 0.024132606 
610 463 29 34 0.024128102 
38 288 8 11 0.024039486 
305 350 8 10 0.02401982 
793 498 26 41 0.024010021 
903 314 11 13 0.023969261 
399 392 12 16 0.023893267 
752 301 9 10 0.023873707 
917 352 12 17 0.023867944 
803 368 12 16 0.023800036 
608 508 40 56 0.02376227 
256 328 8 10 0.023699844 
724 386 20 26 0.023623876 
1007 286 9 11 0.023608768 
662 327 10 13 0.023505464 
142 351 8 10 0.023496408 
882 372 12 16 0.02347822 
384 350 8 11 0.023433277 
543 360 19 24 0.023357753 
190 294 9 11 0.02335643 
613 381 12 16 0.02329045 
262 336 7 10 0.02325559 
645 393 13 17 0.023239672 
779 374 14 17 0.023229701 
903 391 18 26 0.023222355 
199 396 12 18 0.023219645 
167 486 51 63 0.023200944 
71 269 9 10 0.023198064 
430 344 9 11 0.023110235 
7 317 8 11 0.023105908 
474 571 57 70 0.023069417 
737 357 11 14 0.023049565 
955 347 12 16 0.023039678 
419 479 28 39 0.023010844 
65 267 9 11 0.023003524 
464 372 22 24 0.022850115 
56 286 9 12 0.022842951 
14 357 10 13 0.022767894 
545 541 45 59 0.02274921 
706 363 18 22 0.022661546 
278 368 18 22 0.022619398 
256 342 7 8 0.02261562 
836 327 9 12 0.022527589 
416 357 9 11 0.02252365 
145 342 9 11 0.022518452 
395 419 27 35 0.022439694 
914 463 38 48 0.022436459 
736 318 8 9 0.022385214 
337 351 7 10 0.02233953 
344 327 7 9 0.022333123 
30 363 13 16 0.022293855 
425 410 15 18 0.022293838 
58 401 24 30 0.022272324 
399 367 10 12 0.022196768 
294 389 12 14 0.022176038 
702 336 9 10 0.022134524 
851 305 18 21 0.022102155 
333 393 15 19 0.022064738 
898 308 10 13 0.022011725 
1010 402 13 20 0.022009484 
933 454 28 37 0.02197881 
69 260 10 13 0.021898592 
735 67 60 88 0.021898532 
43 379 15 21 0.021883952 
32 339 10 12 0.021877173 
720 312 7 9 0.021870697 
928 518 49 62 0.02185897 
648 414 23 29 0.021848984 
728 308 9 12 0.021838637 
696 335 9 11 0.021832502 
238 352 8 10 0.021817947 
311 357 8 9 0.021813164 
45 373 12 17 0.021706682 
298 342 8 10 0.02169306 
964 308 12 13 0.021606315 
173 385 12 15 0.021482771 
167 369 12 14 0.021438641 
667 386 20 23 0.021372313 
133 355 12 13 0.021342024 
209 350 9 12 0.021325862 
862 340 11 15 0.021317655 
463 401 12 16 0.021281997 
408 368 10 14 0.021218795 
830 407 16 21 0.0212071 
162 481 36 45 0.021066366 
382 369 11 13 0.021061487 
925 318 9 12 0.02104047 
721 341 9 12 0.021003118 
217 341 7 10 0.020965295 
200 377 12 16 0.02077448 
106 395 15 22 0.020760294 
0 413 11 19 0.02074087 
376 350 9 11 0.020721331 
154 438 29 40 0.020705149 
680 467 33 37 0.020694455 
273 372 10 12 0.020677123 
343 343 7 9 0.020651024 
977 283 18 22 0.020634886 
328 388 11 13 0.020586388 
407 368 19 24 0.02054123 
185 302 9 11 0.020530248 
153 363 9 12 0.02049354 
375 369 10 12 0.020438518 
462 353 14 17 0.020408848 
229 341 9 10 0.02037191 
43 433 31 36 0.020305486 
623 375 13 17 0.020247808 
280 321 9 11 0.02022006 
189 508 57 69 0.020218235 
400 328 7 9 0.020173304 
288 345 7 9 0.020105561 
143 357 8 11 0.020078486 
38 340 9 12 0.020057002 
659 500 24 34 0.020009551 
