8_Election_Campain_Election_Campaign_8_252
443
293 441 52 67 0.9984523 
492 378 25 33 0.99621445 
412 391 29 37 0.9956012 
140 453 84 97 0.9951449 
922 309 28 36 0.9916285 
853 302 14 16 0.9602275 
897 297 15 18 0.9291008 
670 350 15 19 0.9281657 
877 311 15 19 0.9225903 
884 333 17 21 0.91029173 
365 387 26 32 0.8683473 
790 335 16 20 0.846942 
608 365 12 15 0.7374039 
651 363 14 18 0.72089756 
755 334 13 16 0.6748666 
38 423 10 13 0.66226614 
86 449 21 27 0.6259425 
823 353 15 23 0.6127583 
110 423 12 14 0.55472773 
711 298 14 15 0.54413015 
301 379 15 18 0.5326489 
846 331 18 20 0.425925 
676 377 12 15 0.38224447 
655 301 9 12 0.36062625 
712 323 12 16 0.36005718 
984 288 24 28 0.34424812 
623 359 11 13 0.3225276 
726 452 26 34 0.29328075 
952 314 15 21 0.2895447 
910 302 10 13 0.28672716 
769 316 12 14 0.27410397 
633 344 11 14 0.27270982 
737 335 10 12 0.26288682 
576 356 12 15 0.25070027 
671 403 13 16 0.24851647 
178 407 12 15 0.22420302 
79 412 11 14 0.21592647 
242 397 9 12 0.21551096 
711 384 13 18 0.21465413 
52 477 25 34 0.19842112 
683 333 11 14 0.18953198 
705 351 11 13 0.17275234 
296 404 12 16 0.17176902 
283 389 11 14 0.1701579 
33 422 11 14 0.16996238 
648 342 10 14 0.16761531 
466 377 15 18 0.16457635 
726 354 14 17 0.16349113 
97 410 11 16 0.1622074 
372 364 15 19 0.15877683 
663 304 9 11 0.15338002 
263 388 8 11 0.15332416 
475 345 11 15 0.15303499 
654 339 11 14 0.1518314 
1 426 11 16 0.15071699 
432 367 11 13 0.14601783 
239 391 9 12 0.13860515 
487 334 11 14 0.1360206 
745 301 11 12 0.13384503 
728 314 9 13 0.13210712 
542 350 11 13 0.12888306 
305 403 25 32 0.12422552 
868 292 11 14 0.12151197 
686 363 13 17 0.1213138 
773 297 14 15 0.11908533 
297 379 12 15 0.11817175 
838 275 11 15 0.117887035 
494 339 11 14 0.11580394 
78 419 13 18 0.11477946 
519 341 11 13 0.11299501 
632 410 13 19 0.112599954 
508 335 13 15 0.112320855 
766 322 13 17 0.110730365 
648 358 12 15 0.10975845 
837 243 13 17 0.099051535 
662 323 10 12 0.09772288 
269 453 45 58 0.097511016 
948 386 25 31 0.09694086 
459 358 11 14 0.095929794 
231 380 8 10 0.09588489 
732 348 13 17 0.09487915 
300 390 14 19 0.09472578 
895 305 12 15 0.09393593 
913 300 13 17 0.09292273 
306 374 14 18 0.092605926 
851 345 17 21 0.0925432 
1008 274 12 17 0.092148446 
658 334 12 14 0.09132527 
209 391 8 11 0.08769098 
477 333 12 15 0.08651807 
527 335 11 14 0.086075395 
844 243 14 18 0.084742375 
278 368 7 10 0.08318834 
306 384 14 17 0.08238564 
272 373 9 11 0.08151549 
271 398 8 11 0.07864307 
36 430 15 18 0.076788545 
715 319 12 15 0.07648107 
63 436 11 15 0.07612245 
237 382 8 10 0.075850934 
831 353 18 23 0.07544712 
105 421 11 16 0.07497811 
226 380 7 10 0.07388093 
580 361 12 15 0.073161066 
0 461 8 13 0.07303135 
823 295 10 14 0.07292732 
453 392 14 19 0.072558835 
71 426 15 19 0.07239741 
258 384 8 11 0.0714489 
763 329 13 18 0.07133842 
349 387 11 16 0.07095693 
384 325 12 15 0.07084027 
654 318 9 12 0.0705629 
541 385 25 31 0.07012793 
739 339 11 14 0.06968004 
501 340 12 15 0.06853075 
376 394 16 20 0.06839848 
684 369 13 18 0.06812284 
848 306 13 17 0.068029754 
739 368 15 18 0.0678543 
426 392 24 31 0.067327924 
668 303 8 12 0.06447326 
48 444 10 14 0.0637706 
404 350 9 13 0.06350613 
981 296 16 19 0.06302306 
614 359 12 15 0.0629793 
198 400 9 10 0.06294782 
112 404 10 11 0.06294166 
768 299 12 13 0.061867803 
771 355 12 17 0.061491992 
839 342 24 27 0.061304785 
114 428 12 14 0.0608256 
129 395 9 12 0.0602086 
281 385 8 10 0.060003553 
750 464 32 35 0.059770226 
309 367 9 12 0.059675004 
650 348 12 15 0.059559703 
891 341 16 21 0.059428036 
747 307 12 14 0.05895176 
308 405 15 19 0.05858593 
739 348 12 15 0.057934713 
961 246 8 10 0.05765281 
980 283 35 49 0.057451278 
686 359 10 13 0.057117023 
316 388 12 16 0.056925856 
407 364 12 15 0.056734204 
297 400 21 27 0.05608304 
216 375 8 10 0.05607352 
657 306 11 14 0.055780392 
295 395 14 18 0.05560074 
805 327 11 13 0.055145733 
845 311 14 19 0.054262564 
647 335 9 12 0.05286408 
193 398 9 11 0.05262088 
581 44 10 12 0.05244471 
693 359 9 13 0.051484928 
377 369 13 17 0.05057629 
117 400 9 11 0.04952777 
29 485 13 17 0.049321335 
273 369 9 11 0.048725214 
298 387 12 15 0.048511297 
445 392 13 18 0.047822718 
648 324 9 12 0.04761775 
301 386 25 32 0.047598567 
157 347 9 11 0.047504626 
164 398 10 11 0.04725897 
285 384 9 12 0.0466954 
719 362 12 16 0.046482075 
445 465 34 54 0.046402466 
422 349 10 13 0.04610426 
841 368 17 19 0.045969177 
24 421 11 15 0.045847286 
784 405 25 36 0.045774356 
650 319 9 12 0.045481674 
1008 330 13 19 0.045057837 
306 375 24 31 0.04499153 
779 294 11 14 0.044725116 
883 323 16 22 0.04456644 
404 356 12 14 0.04450054 
64 479 15 24 0.04428533 
265 395 9 12 0.04304717 
893 314 12 16 0.042968072 
52 443 13 16 0.04292275 
794 344 14 18 0.042735036 
44 433 12 17 0.042410016 
33 419 18 22 0.042329114 
245 404 9 12 0.042251807 
118 435 10 13 0.04128265 
903 241 9 12 0.041095175 
570 351 11 14 0.041007165 
920 287 9 12 0.040771168 
279 417 46 57 0.04064109 
915 304 25 32 0.040616926 
277 373 8 10 0.04040557 
360 366 9 11 0.039777305 
287 401 12 16 0.039659686 
227 411 13 15 0.03942668 
655 324 10 13 0.039388213 
687 303 9 12 0.039360385 
688 318 9 12 0.039342485 
43 486 33 39 0.039320003 
734 437 46 45 0.039187517 
898 244 8 11 0.03915575 
72 423 24 30 0.039034076 
822 571 47 60 0.03896289 
539 398 27 37 0.0388269 
772 391 22 32 0.03869781 
368 345 11 13 0.038450956 
535 362 12 16 0.03833774 
316 392 15 20 0.038323175 
705 301 9 12 0.038173918 
925 284 12 14 0.037962884 
572 348 20 26 0.03789768 
586 357 12 15 0.03787453 
673 410 14 17 0.03785142 
685 326 9 12 0.037827756 
268 390 9 11 0.03777843 
866 286 10 13 0.03765929 
600 374 10 14 0.037611533 
814 315 12 16 0.037329715 
798 327 12 15 0.037126247 
763 338 13 17 0.036945965 
910 295 12 15 0.03671846 
438 360 9 12 0.03642297 
15 428 10 14 0.03632876 
374 348 9 12 0.036264982 
716 304 13 16 0.03614742 
720 381 21 29 0.036121525 
30 484 27 30 0.036115244 
182 400 11 12 0.03604847 
280 394 13 15 0.036002353 
677 341 11 14 0.035596963 
15 487 26 32 0.035565082 
833 250 11 14 0.035302367 
696 302 9 13 0.035250425 
175 389 9 10 0.03508907 
575 400 24 32 0.035071652 
45 490 18 19 0.035068654 
841 354 18 20 0.03499813 
604 375 14 20 0.034701325 
726 301 10 13 0.034579787 
525 0 12 11 0.034556378 
789 357 12 15 0.03454826 
499 331 21 24 0.034469035 
797 353 12 15 0.03425054 
998 286 21 29 0.034165774 
670 383 15 19 0.03405585 
413 356 11 13 0.03401186 
444 371 13 17 0.033926096 
459 384 16 19 0.033896837 
291 407 22 27 0.03388213 
916 294 11 14 0.03375201 
244 492 39 57 0.033674676 
890 323 16 22 0.033324663 
716 329 12 14 0.03330247 
216 381 8 10 0.033194546 
599 344 8 12 0.032969333 
73 411 12 15 0.032943763 
753 412 45 47 0.032878816 
473 376 16 21 0.032730196 
758 355 12 16 0.0327157 
448 347 11 14 0.03255835 
232 390 9 11 0.032098472 
1011 338 11 16 0.031934157 
270 381 9 12 0.031893916 
802 331 13 17 0.03189083 
812 323 12 14 0.031845562 
845 462 22 27 0.03182362 
852 308 15 19 0.031822078 
83 426 11 16 0.031810958 
207 396 10 12 0.03155032 
161 393 9 10 0.031547055 
832 458 11 15 0.031482633 
671 356 20 24 0.031190598 
659 369 14 17 0.031174429 
204 415 10 12 0.03100302 
279 359 7 9 0.030759512 
531 337 13 16 0.03073243 
732 371 23 27 0.030652747 
709 305 14 16 0.030640403 
685 350 9 12 0.030582927 
733 461 40 33 0.030524082 
6 498 13 17 0.030479683 
921 365 24 31 0.030379932 
166 404 11 13 0.030371023 
966 306 11 14 0.030154161 
559 371 13 16 0.03012518 
579 417 18 25 0.030021492 
630 339 18 23 0.030020004 
460 363 12 16 0.02991903 
709 343 12 14 0.029861527 
960 253 8 10 0.029860402 
565 365 12 16 0.029731942 
399 352 12 17 0.029658163 
616 358 18 23 0.029657813 
54 417 46 53 0.029615084 
574 25 8 9 0.029577408 
470 341 20 24 0.029438889 
436 370 14 17 0.02932158 
729 308 14 17 0.02923951 
535 37 11 13 0.029066224 
365 466 28 46 0.028834283 
733 364 14 17 0.028752636 
820 315 12 17 0.028587274 
840 314 12 18 0.028581971 
368 360 11 15 0.028427491 
488 330 21 24 0.028420186 
454 100 11 13 0.028390659 
591 375 10 12 0.028378021 
638 353 11 16 0.028296158 
900 459 17 22 0.02819245 
444 325 16 20 0.027946228 
265 376 8 10 0.027912255 
191 405 9 12 0.027791489 
285 412 16 19 0.027620118 
664 349 14 17 0.027603116 
939 291 12 14 0.027443351 
6 416 22 26 0.02736217 
833 236 12 16 0.02721681 
312 383 28 35 0.027206348 
37 441 13 16 0.02708878 
1006 279 16 23 0.0269812 
190 412 9 11 0.026800241 
416 349 11 13 0.02662543 
492 346 14 16 0.026363168 
12 497 15 20 0.026291514 
704 346 18 23 0.026279353 
342 385 15 20 0.02615705 
378 377 15 21 0.026149206 
902 296 18 23 0.026061852 
868 329 14 19 0.025930062 
772 347 13 18 0.025737232 
706 316 10 14 0.02572294 
640 335 9 11 0.025669668 
360 393 14 18 0.025631294 
150 407 10 12 0.025616247 
452 340 13 17 0.025512852 
784 362 12 15 0.025478762 
569 24 9 12 0.02540101 
402 377 26 33 0.025365133 
822 384 14 18 0.025364166 
631 389 11 15 0.02533821 
614 445 12 16 0.025324943 
55 413 10 13 0.0252881 
387 331 11 14 0.025165638 
766 361 13 15 0.025161257 
688 308 10 13 0.025133869 
488 353 13 16 0.025089601 
280 399 41 50 0.025029121 
553 377 30 29 0.02497521 
952 394 41 45 0.02490235 
257 377 8 9 0.024901198 
716 390 16 21 0.024771135 
839 281 11 15 0.024686104 
975 299 11 16 0.024683174 
419 341 13 16 0.024662608 
730 400 29 32 0.024568042 
968 386 37 41 0.024524182 
621 405 21 31 0.024456685 
526 363 14 16 0.024417767 
950 302 14 20 0.02438823 
724 430 31 43 0.024370259 
694 307 10 13 0.024336189 
755 342 15 20 0.024174603 
729 388 27 31 0.024174139 
653 334 20 24 0.02416452 
79 402 21 25 0.02409187 
368 356 23 31 0.023911962 
909 245 9 10 0.023897069 
373 332 11 14 0.023814442 
829 229 11 13 0.02376813 
438 393 21 31 0.023726393 
149 275 15 18 0.02365111 
396 391 25 30 0.023598997 
144 412 12 15 0.023444965 
399 333 11 14 0.023354966 
144 284 11 15 0.023171827 
326 382 28 36 0.023137212 
284 394 21 27 0.023018302 
749 315 10 13 0.02293036 
461 340 13 15 0.02281104 
835 374 16 19 0.02277727 
10 452 23 31 0.0227188 
885 255 9 11 0.022481462 
120 390 8 11 0.022401359 
793 414 16 23 0.022283401 
881 231 7 10 0.022253543 
250 445 46 57 0.022125673 
222 394 12 15 0.022115404 
703 343 12 15 0.02207173 
213 390 11 13 0.022042653 
22 490 15 19 0.02196505 
279 385 20 23 0.021909494 
825 299 13 16 0.021900779 
615 369 21 30 0.021878513 
742 296 20 24 0.021837823 
157 276 16 20 0.021796888 
721 464 28 41 0.021723583 
613 436 11 15 0.021691954 
581 373 11 13 0.021671047 
66 479 26 34 0.021644281 
206 404 10 12 0.021635672 
190 390 10 11 0.021630041 
726 342 11 15 0.021595938 
0 426 18 27 0.021536266 
697 296 9 12 0.02150609 
95 449 17 23 0.021499788 
717 352 19 25 0.021483364 
101 444 12 17 0.021467742 
684 402 12 16 0.021465417 
845 272 10 13 0.021454321 
734 301 11 14 0.02143884 
200 419 11 13 0.021435175 
51 431 20 27 0.021376371 
551 393 31 34 0.021349218 
547 414 34 35 0.02134109 
387 393 14 20 0.021296058 
380 317 21 27 0.021232685 
13 490 13 18 0.021171402 
1001 212 10 13 0.020956019 
779 307 14 17 0.020907054 
653 379 12 17 0.020823492 
315 379 14 19 0.020798406 
790 301 11 15 0.020781916 
592 24 7 9 0.020775026 
957 261 9 12 0.020748155 
538 358 15 19 0.020682978 
-5 186 47 73 0.02066782 
96 484 30 41 0.020646814 
693 316 9 13 0.020552944 
369 325 24 29 0.020526549 
714 433 23 36 0.0205217 
438 328 15 18 0.020518327 
668 323 10 14 0.020347748 
451 366 20 26 0.02029696 
286 368 7 10 0.020283721 
438 387 16 22 0.020281825 
13 420 13 16 0.020256659 
521 333 19 24 0.020176753 
766 346 13 18 0.020159312 
455 351 21 25 0.020113396 
7 495 26 32 0.02003785 
111 433 11 14 0.020002259 
