8_Election_Campain_Election_Campaign_8_297
100
498 279 35 44 0.9968419 
643 260 41 53 0.99620867 
159 457 49 57 0.9912354 
786 246 46 53 0.97897905 
599 273 33 43 0.9753082 
924 301 30 39 0.93778974 
414 322 28 32 0.92019904 
710 232 24 32 0.5978216 
485 158 11 14 0.51450634 
538 270 23 29 0.44882256 
940 303 30 43 0.3628219 
581 279 30 35 0.3092944 
718 141 11 15 0.28017646 
402 296 27 31 0.16830356 
405 237 14 17 0.15652588 
199 451 33 38 0.1525667 
713 197 15 17 0.14648017 
821 184 11 12 0.12827663 
405 309 31 35 0.12563361 
507 137 24 31 0.11314206 
117 203 22 30 0.103810586 
397 233 24 27 0.088784724 
370 310 24 30 0.0802788 
691 140 14 16 0.07624239 
715 230 15 22 0.07570338 
326 313 10 13 0.075357564 
767 196 12 16 0.07154383 
584 35 12 17 0.07145567 
73 461 34 43 0.06882484 
766 305 27 36 0.06349607 
516 143 14 20 0.06311372 
451 336 19 23 0.05818153 
795 181 12 15 0.056702815 
395 282 15 17 0.055572674 
392 290 27 31 0.055328336 
460 231 16 19 0.05125407 
564 131 10 12 0.050258067 
399 300 14 17 0.05014055 
670 152 15 20 0.04839936 
484 148 21 28 0.047141623 
380 271 17 20 0.04693937 
384 259 11 14 0.046760883 
557 133 13 15 0.04664389 
325 230 10 13 0.04526042 
770 203 12 14 0.04523346 
405 164 16 19 0.04488311 
389 274 27 31 0.044087246 
443 274 15 18 0.043524545 
566 293 23 32 0.04318338 
452 273 13 17 0.04276649 
489 126 9 11 0.042108692 
439 267 12 15 0.04136775 
541 617 15 22 0.040715545 
397 248 13 17 0.03961174 
490 155 12 17 0.03786754 
178 263 324 443 0.03663186 
421 252 11 14 0.036455035 
467 229 12 16 0.03545966 
768 175 10 12 0.03434107 
245 515 48 33 0.033475507 
749 116 13 13 0.032830812 
606 67 27 31 0.032789346 
574 285 24 33 0.032480523 
438 260 12 16 0.032088757 
398 205 11 12 0.031289935 
492 139 22 31 0.030579448 
551 138 13 15 0.030348532 
480 160 14 16 0.030123306 
404 244 27 31 0.030104235 
706 244 24 34 0.029973123 
174 465 56 56 0.029358286 
433 250 24 30 0.028502239 
181 482 101 89 0.027711667 
167 196 12 16 0.027627151 
351 376 12 16 0.026401378 
381 300 14 18 0.02639245 
412 253 14 15 0.026243065 
402 309 18 24 0.025521647 
984 405 11 16 0.025315987 
870 314 16 20 0.024945352 
636 124 11 13 0.023737064 
612 301 16 21 0.023484452 
1011 233 13 18 0.023071513 
744 112 12 14 0.02300838 
380 255 26 33 0.022886842 
720 234 16 23 0.022881286 
523 145 21 30 0.022819392 
863 429 30 40 0.022731597 
523 237 20 27 0.022205003 
502 142 16 22 0.021935055 
377 296 25 31 0.021838281 
346 373 22 30 0.021521168 
388 175 12 16 0.021344658 
355 384 12 17 0.02113027 
789 183 15 18 0.020872615 
886 178 15 19 0.02076371 
631 117 14 17 0.020620357 
392 321 49 49 0.020361438 
889 302 27 39 0.020344138 
755 261 12 17 0.020028953 
