8_Election_Campain_Election_Campaign_8_412
1713
808 138 29 38 0.99830854 
251 171 24 33 0.9974368 
425 424 29 41 0.9965724 
303 561 45 67 0.9941247 
902 353 29 39 0.9939551 
372 66 18 22 0.9912998 
730 499 31 47 0.9902992 
640 424 38 48 0.9878594 
965 532 39 50 0.9848467 
168 246 25 34 0.9843433 
976 263 30 35 0.98408407 
7 262 29 38 0.9835504 
271 257 30 37 0.97925025 
548 144 28 35 0.9782177 
693 446 37 57 0.9773302 
323 132 19 22 0.9738028 
774 594 46 59 0.96702987 
511 178 23 31 0.9629267 
273 491 33 41 0.9499036 
643 306 30 37 0.9486482 
16 506 32 53 0.94852716 
620 389 31 43 0.9444044 
358 232 27 35 0.94426495 
964 207 28 34 0.94271183 
767 431 31 48 0.9391498 
616 292 23 33 0.93838286 
365 143 17 22 0.9344835 
627 142 17 21 0.9315368 
538 117 17 20 0.9273649 
105 352 32 36 0.92713654 
356 121 18 21 0.9246812 
403 70 15 19 0.9228475 
333 398 37 46 0.92121905 
732 121 15 19 0.9210799 
859 454 39 47 0.91823006 
485 257 31 41 0.91765213 
394 113 17 22 0.9131035 
275 548 51 66 0.9104371 
276 16 16 20 0.9017477 
557 113 17 21 0.8987366 
983 319 32 40 0.89481485 
911 595 39 52 0.88218564 
282 97 17 20 0.8807033 
439 287 23 30 0.8730496 
773 128 20 26 0.87070435 
846 318 24 34 0.8694055 
293 35 14 18 0.8687525 
139 303 30 41 0.8667213 
303 64 13 16 0.8544884 
161 172 17 21 0.8498286 
492 137 21 25 0.84924394 
670 239 23 29 0.84817135 
466 84 15 20 0.8464834 
554 378 32 43 0.8389279 
465 27 16 19 0.83538693 
931 319 28 36 0.83031374 
464 250 31 40 0.8302301 
624 287 26 32 0.82631516 
628 194 15 22 0.8212227 
233 69 16 19 0.8205605 
350 180 20 26 0.81904805 
365 496 33 43 0.8104698 
622 521 34 46 0.78519744 
94 328 27 32 0.7770919 
222 417 36 57 0.7732484 
811 421 29 47 0.7709282 
371 45 11 14 0.7702572 
621 258 21 27 0.7481142 
335 157 20 26 0.74631435 
243 130 18 21 0.744503 
582 85 13 16 0.7397295 
525 29 13 18 0.7340338 
865 352 28 33 0.7315646 
697 84 14 19 0.7300835 
115 153 12 16 0.71913004 
20 384 26 35 0.71814656 
559 561 38 52 0.70534444 
305 174 19 23 0.6931213 
569 215 24 30 0.6903376 
939 189 22 28 0.6890495 
947 404 29 46 0.68436253 
36 343 20 27 0.6711792 
802 356 29 38 0.6647362 
305 13 11 14 0.6640213 
718 104 15 19 0.6592994 
214 268 21 32 0.6526025 
397 370 25 32 0.65220124 
614 101 11 13 0.63675714 
116 3 11 14 0.61626756 
763 77 14 16 0.61413187 
173 382 32 37 0.6115179 
420 67 14 17 0.6112003 
560 187 19 23 0.6079531 
738 2 18 21 0.6022514 
920 519 32 44 0.5996423 
347 486 35 49 0.5918851 
602 128 15 20 0.5889759 
224 106 14 18 0.58370924 
198 542 29 41 0.580478 
662 211 16 19 0.56835324 
207 9 13 17 0.56322277 
30 462 22 31 0.5605954 
367 96 15 18 0.5602735 
486 581 29 36 0.5566114 
914 177 14 16 0.55606 
277 218 18 22 0.5540434 
792 75 13 18 0.5473729 
495 218 28 31 0.5465393 
108 100 10 12 0.5463628 
997 68 14 17 0.53877544 
654 107 12 16 0.52902615 
164 218 16 24 0.5215368 
960 419 32 52 0.5214307 
829 621 40 50 0.5190654 
717 173 16 22 0.5189764 
79 531 27 42 0.518222 
575 453 27 41 0.5156603 
1002 378 18 20 0.5120749 
867 275 13 18 0.51190674 
720 320 23 28 0.5053254 
370 585 36 56 0.5045105 
87 129 18 22 0.4993557 
780 154 22 27 0.49756387 
925 67 10 13 0.48993185 
375 404 26 33 0.4887336 
872 73 12 15 0.48506713 
155 99 12 17 0.48301 
697 30 10 13 0.47840554 
373 193 20 25 0.47645888 
101 550 28 39 0.47269034 
324 86 13 18 0.46730196 
883 99 12 17 0.46713275 
857 580 33 41 0.45881203 
253 154 24 33 0.44909874 
315 411 29 38 0.4473876 
403 262 17 21 0.445893 
546 5 13 16 0.44584027 
287 37 13 17 0.4448702 
390 46 12 15 0.44448984 
798 534 37 51 0.4424445 
453 134 17 21 0.44116998 
661 276 21 24 0.44061488 
125 133 13 16 0.44019637 
601 27 11 13 0.43601662 
67 131 12 15 0.43010175 
415 33 12 16 0.42810202 
108 23 10 12 0.42312363 
368 18 12 15 0.42167842 
672 184 18 21 0.4195531 
702 206 23 27 0.4183789 
496 476 30 37 0.41238302 
245 535 29 33 0.40973386 
31 121 14 18 0.40866715 
75 159 18 22 0.40656745 
468 93 18 24 0.4062172 
0 108 11 18 0.3997276 
341 175 20 28 0.39873418 
134 164 15 19 0.39516145 
812 241 17 20 0.39296106 
762 101 13 19 0.38847724 
588 59 11 15 0.38584855 
535 576 33 42 0.38480273 
149 20 12 15 0.38367853 
69 238 20 28 0.3811233 
167 7 12 14 0.38049468 
237 46 13 16 0.37881732 
105 221 25 31 0.37129995 
690 367 29 44 0.37079844 
181 38 11 14 0.36810502 
530 33 14 16 0.3674612 
143 101 13 15 0.36660346 
701 117 13 16 0.36170313 
245 34 15 18 0.3597217 
90 424 22 32 0.35770085 
863 45 8 11 0.3571895 
182 44 13 16 0.35630375 
153 553 30 38 0.35581723 
159 120 12 17 0.35085833 
660 133 15 23 0.347646 
577 179 15 20 0.34091273 
280 124 13 18 0.34018412 
641 75 15 17 0.33364466 
645 172 14 18 0.33274668 
80 186 22 27 0.32749856 
966 142 12 15 0.32063937 
405 159 16 22 0.31724942 
31 100 13 17 0.31393263 
408 9 12 15 0.3108793 
170 9 14 17 0.30703822 
54 103 11 15 0.30541277 
571 554 36 46 0.30392164 
27 147 16 23 0.30380896 
242 49 14 17 0.30369574 
638 117 13 16 0.30193064 
341 76 12 17 0.30188885 
206 167 15 20 0.30073932 
851 77 13 17 0.3006923 
495 4 12 15 0.2992071 
377 188 15 18 0.2945529 
856 92 13 17 0.2914163 
832 86 12 16 0.28373477 
703 368 30 43 0.27976516 
389 97 14 17 0.27825564 
950 167 12 15 0.27787343 
121 92 11 15 0.27606228 
594 130 19 26 0.27458727 
402 212 21 29 0.27261204 
428 170 15 19 0.27105543 
428 99 15 19 0.2686617 
929 35 10 13 0.2673804 
909 200 15 20 0.2649427 
339 112 15 18 0.26472494 
455 183 21 29 0.26430386 
1014 64 9 16 0.26287338 
541 139 25 32 0.2615339 
566 19 9 11 0.26105514 
391 27 10 14 0.25965822 
237 101 11 14 0.25935116 
181 131 10 13 0.25898996 
0 149 14 20 0.25710404 
405 31 13 17 0.25646073 
431 136 16 23 0.25453588 
325 31 11 14 0.252428 
446 60 14 17 0.25221166 
818 23 10 13 0.25149462 
599 85 10 13 0.25066257 
271 61 10 13 0.25022542 
11 347 17 21 0.24973173 
232 46 12 15 0.24929252 
345 23 9 12 0.24737318 
890 227 14 19 0.24633119 
854 14 10 13 0.24566627 
765 134 17 22 0.24401683 
158 200 13 18 0.2437133 
71 105 12 15 0.24237923 
197 447 25 36 0.240425 
395 168 16 20 0.24023847 
601 167 20 24 0.24012141 
119 67 9 12 0.2394607 
258 150 18 21 0.23894325 
175 155 11 14 0.23884316 
917 301 21 24 0.23827054 
461 168 20 26 0.23745267 
349 67 12 15 0.2335404 
621 44 10 13 0.23258036 
911 38 10 12 0.23079391 
123 412 18 23 0.22859704 
208 122 12 15 0.22773454 
406 202 16 20 0.2267819 
944 92 10 14 0.22616848 
83 456 28 35 0.22609663 
798 494 26 39 0.22515987 
901 46 9 13 0.22462308 
586 137 20 26 0.224312 
108 262 21 30 0.2223602 
990 168 14 17 0.2194515 
147 168 15 19 0.2181108 
43 155 15 20 0.2179356 
622 152 22 26 0.2171085 
958 41 11 15 0.21672855 
197 98 14 18 0.21589872 
517 55 11 14 0.21345042 
388 150 17 20 0.21330468 
402 1 9 11 0.21256289 
758 323 21 26 0.21110007 
2 153 25 33 0.2089176 
190 109 13 17 0.20659341 
337 276 17 21 0.20543677 
77 224 14 18 0.20525466 
726 289 16 21 0.2031615 
203 148 11 16 0.20180546 
171 148 13 16 0.2017771 
860 98 11 14 0.20156252 
861 59 11 14 0.1994978 
149 1 11 11 0.1991068 
370 50 14 17 0.19889791 
438 19 11 15 0.19887193 
108 139 12 16 0.19596002 
794 268 16 20 0.19441105 
248 110 12 15 0.19355561 
823 46 8 10 0.18882185 
58 85 9 11 0.18848859 
923 606 45 53 0.188325 
292 77 12 15 0.18816562 
342 98 15 17 0.18812965 
168 78 9 11 0.18776481 
611 77 14 18 0.18702401 
668 107 10 13 0.1854774 
1000 323 25 37 0.1854083 
0 194 18 33 0.18494718 
398 28 12 15 0.18480682 
186 299 24 34 0.18448208 
937 624 52 55 0.18317685 
134 317 25 37 0.182956 
864 282 13 17 0.18255688 
454 368 27 36 0.1815059 
492 247 31 38 0.1814654 
523 83 15 17 0.1813376 
115 230 18 24 0.18092343 
640 69 13 15 0.17961599 
384 36 11 15 0.17933767 
925 14 9 11 0.17677042 
875 185 13 16 0.17629823 
876 205 13 17 0.17519273 
859 128 16 21 0.17475107 
669 120 12 15 0.17453772 
727 114 17 23 0.17450804 
159 54 10 13 0.1738184 
846 314 17 23 0.17215134 
962 95 10 13 0.171551 
757 214 29 33 0.17037174 
980 433 32 41 0.1698761 
125 111 11 13 0.16862047 
21 7 10 11 0.16620396 
548 18 11 13 0.16558367 
923 219 14 17 0.16553418 
270 222 26 30 0.16443697 
153 55 8 11 0.16186714 
293 310 20 28 0.16182828 
756 28 10 12 0.16163081 
995 171 13 17 0.16144808 
862 39 8 10 0.160706 
34 239 24 27 0.16043591 
267 553 35 47 0.15880948 
138 187 13 18 0.15843987 
102 41 10 12 0.15819286 
893 91 10 13 0.15790375 
413 68 14 19 0.15644743 
128 44 11 14 0.15571646 
117 175 14 18 0.15541635 
200 240 21 30 0.15533724 
740 60 14 16 0.15481412 
69 153 18 21 0.15319139 
125 87 9 13 0.1525226 
845 110 15 21 0.15147065 
923 21 8 11 0.1502004 
37 14 9 10 0.14830792 
637 29 9 13 0.14776966 
510 61 11 14 0.14747168 
420 239 22 26 0.14721836 
152 315 28 34 0.14636582 
692 12 10 13 0.14597815 
142 132 13 16 0.14562978 
447 97 14 18 0.14525118 
469 4 11 13 0.14418909 
680 184 18 24 0.14377014 
446 35 14 18 0.1420659 
318 46 11 14 0.14169063 
141 64 9 12 0.14155388 
422 96 15 19 0.14092433 
53 1 9 10 0.1405441 
696 48 11 14 0.1403325 
294 82 14 17 0.1401274 
346 170 17 21 0.14006923 
464 6 12 14 0.13955864 
310 427 25 31 0.13890992 
766 68 14 17 0.13797888 
77 105 11 15 0.13752759 
981 0 10 11 0.13592766 
310 43 11 14 0.1355111 
152 96 11 14 0.13497028 
810 92 15 18 0.13490754 
904 116 11 14 0.1348083 
512 106 14 18 0.1345825 
162 624 22 28 0.13453117 
412 7 13 15 0.13405994 
202 307 25 37 0.13347532 
263 231 24 27 0.13344829 
585 54 10 14 0.13337931 
635 96 12 15 0.13332853 
618 166 21 26 0.13258481 
802 496 15 23 0.1309347 
403 186 13 17 0.13058099 
63 525 27 43 0.12964256 
194 104 15 18 0.12954767 
934 194 17 20 0.1288172 
845 42 9 13 0.12874667 
809 3 10 15 0.12861225 
157 14 10 12 0.12813774 
421 3 12 15 0.12791212 
788 333 17 21 0.12759951 
285 201 14 16 0.12688911 
152 16 11 14 0.12642586 
607 78 11 14 0.12625848 
892 69 9 13 0.12615232 
118 118 10 13 0.12552278 
956 115 14 17 0.12529019 
1005 141 11 13 0.12515119 
576 121 12 17 0.1249155 
334 184 15 21 0.12488955 
496 35 13 20 0.12470374 
581 29 9 11 0.12406158 
34 149 17 25 0.12373547 
207 435 30 45 0.123228684 
714 527 17 25 0.12299826 
637 23 10 12 0.12223509 
455 263 24 36 0.122192554 
366 187 20 26 0.121533304 
249 534 40 53 0.12139123 
263 250 28 36 0.12118707 
274 303 16 21 0.121139735 
374 39 11 15 0.11930058 
654 32 9 11 0.11818684 
338 385 28 33 0.11800576 
880 358 24 34 0.11776106 
552 59 9 13 0.11737261 
541 547 21 29 0.11684976 
719 124 14 19 0.116140634 
499 174 21 28 0.11562803 
656 310 29 37 0.11485715 
794 423 33 49 0.11457105 
807 97 15 21 0.114472374 
201 5 12 14 0.11440103 
86 539 35 49 0.11437002 
441 194 22 30 0.11396552 
292 107 13 17 0.11292364 
788 356 24 33 0.11281751 
228 102 15 18 0.11268699 
699 218 23 27 0.11260112 
351 36 12 17 0.11203966 
871 575 32 37 0.11151169 
890 421 28 33 0.11012134 
429 81 13 18 0.10946221 
459 130 17 22 0.109068304 
665 437 38 52 0.108464666 
661 107 11 16 0.108272985 
927 46 12 15 0.107742764 
575 90 13 18 0.106823824 
844 586 39 49 0.106364906 
591 202 15 20 0.10540008 
557 43 11 14 0.10490292 
269 24 14 19 0.1048367 
200 1 10 11 0.10473055 
447 355 12 17 0.10471303 
48 45 10 13 0.10457233 
976 3 9 11 0.1043153 
397 324 20 25 0.10421315 
261 9 12 16 0.10415569 
791 104 13 18 0.10397017 
476 1 11 11 0.10310152 
120 295 22 31 0.10238345 
919 236 22 29 0.102293365 
16 337 23 34 0.10222692 
831 69 11 13 0.10178162 
171 85 10 13 0.10120049 
148 131 13 17 0.10104336 
125 62 9 12 0.10088698 
704 467 38 55 0.100781895 
178 211 14 19 0.100548476 
54 65 8 10 0.099235445 
120 133 11 15 0.09915839 
181 32 10 13 0.09898845 
956 28 11 13 0.09849809 
682 149 15 18 0.09827277 
586 540 45 57 0.09812041 
997 382 17 21 0.0979806 
389 7 9 11 0.09756651 
609 240 15 19 0.09737017 
654 46 10 12 0.09720377 
224 363 25 33 0.097043626 
311 151 15 21 0.09668459 
1000 139 12 14 0.09659327 
647 13 9 11 0.096383415 
720 512 29 39 0.096286796 
161 195 14 18 0.096273296 
546 115 17 20 0.09501838 
309 53 10 13 0.094547234 
430 160 20 26 0.094387144 
116 124 11 13 0.09411912 
693 157 21 25 0.09391292 
893 119 11 13 0.09374622 
751 227 27 30 0.093686685 
199 170 13 18 0.09358631 
346 74 14 19 0.09346486 
838 2 10 13 0.09334248 
105 273 25 37 0.09298559 
598 176 16 20 0.09263125 
118 193 15 20 0.0923512 
187 50 10 13 0.09213085 
219 93 14 15 0.09154613 
713 314 23 28 0.090696886 
804 235 17 21 0.090324104 
690 186 14 20 0.09004762 
627 402 40 54 0.08992521 
579 100 12 17 0.08979328 
415 24 10 13 0.08951989 
78 47 10 11 0.089509286 
383 6 10 11 0.08908688 
630 14 9 10 0.08901455 
8 38 9 13 0.08872876 
709 323 17 21 0.08820944 
165 61 9 12 0.08784743 
61 95 9 13 0.08763572 
992 123 11 14 0.087596215 
179 291 25 33 0.08730973 
922 226 16 19 0.086732805 
117 490 30 36 0.08663675 
772 61 13 16 0.08661407 
917 4 9 11 0.08648401 
254 99 11 15 0.08619346 
986 149 15 19 0.08612211 
38 204 16 22 0.08554258 
174 161 13 18 0.085344695 
689 7 10 12 0.08504504 
582 39 9 11 0.084788255 
60 101 11 16 0.083972245 
861 32 9 11 0.083934166 
886 305 20 30 0.08361858 
552 39 9 13 0.08345489 
918 117 10 14 0.083433956 
234 369 16 22 0.083395496 
959 259 14 19 0.08307471 
189 578 13 17 0.08294299 
570 246 19 21 0.08285695 
261 509 41 52 0.082391985 
780 31 11 13 0.08223991 
125 14 10 14 0.081431985 
865 268 13 18 0.08137641 
103 225 17 21 0.08106573 
790 503 31 48 0.08103818 
902 12 8 11 0.08052314 
349 115 20 23 0.080492646 
653 82 12 15 0.08040909 
451 570 31 35 0.08012719 
47 41 9 11 0.078350045 
429 111 14 20 0.0783051 
815 71 9 12 0.07826447 
0 379 11 21 0.07822808 
229 29 12 15 0.078216255 
1014 265 10 17 0.07813904 
61 244 22 29 0.0780441 
831 37 10 12 0.07768902 
663 101 11 16 0.077671885 
446 348 22 29 0.077490956 
890 37 8 11 0.07707518 
383 259 22 27 0.07660425 
21 12 9 12 0.07656356 
248 123 16 20 0.07652305 
187 272 15 20 0.076515175 
765 604 32 45 0.076367244 
831 30 10 12 0.07602648 
4 452 30 39 0.07581758 
625 16 8 10 0.07578108 
168 141 13 18 0.075743034 
492 177 16 20 0.07562721 
539 261 12 16 0.07556015 
774 161 13 18 0.07550264 
732 74 12 18 0.075266525 
467 52 12 15 0.075063996 
167 70 10 13 0.07491611 
299 40 14 17 0.07482421 
208 131 11 15 0.0747553 
568 465 26 40 0.07425919 
73 68 9 12 0.07408356 
47 67 10 14 0.07399609 
371 321 14 21 0.07392287 
339 356 15 17 0.07356691 
503 424 24 32 0.07311994 
349 29 11 14 0.07311609 
422 49 14 17 0.07293552 
493 166 22 26 0.07281987 
682 587 23 27 0.07280391 
831 46 9 11 0.07262958 
686 407 28 35 0.07222958 
114 62 8 11 0.072065 
861 116 13 17 0.07178763 
455 349 27 32 0.07167428 
243 76 12 16 0.07143154 
576 61 11 14 0.07139165 
208 75 11 14 0.07110941 
435 151 15 21 0.07110062 
852 116 19 25 0.07109676 
813 546 35 47 0.070949845 
586 570 32 38 0.07090651 
390 177 15 21 0.0707676 
906 275 13 16 0.07071808 
814 78 10 12 0.070651114 
875 461 35 40 0.07051551 
328 11 10 15 0.07045703 
681 132 13 15 0.07007133 
652 94 12 15 0.0700687 
701 127 17 20 0.07001028 
251 349 25 35 0.06993054 
938 109 9 12 0.06974412 
114 160 16 20 0.06959421 
283 42 11 14 0.069568574 
807 39 10 11 0.06942896 
39 8 9 11 0.06919261 
618 100 12 17 0.06896173 
112 171 13 17 0.0688727 
400 32 13 17 0.06849026 
389 162 19 22 0.06827391 
157 208 20 28 0.06795172 
435 99 14 18 0.06781116 
859 14 9 11 0.0677764 
813 85 13 15 0.06767613 
38 53 9 11 0.06757539 
238 357 26 36 0.067441545 
151 60 10 12 0.06723537 
209 234 18 25 0.06723323 
850 18 9 12 0.06722107 
17 21 9 11 0.06711958 
501 11 13 17 0.066968344 
409 371 23 33 0.06657025 
1006 147 13 16 0.066413194 
498 211 20 22 0.06636569 
169 231 23 34 0.066340014 
86 67 13 15 0.066292495 
687 424 27 40 0.06619583 
638 36 10 11 0.06619317 
516 101 21 27 0.065879725 
831 22 10 12 0.06587173 
376 489 35 44 0.06572607 
115 219 17 24 0.06562839 
245 112 19 23 0.06552719 
763 43 13 14 0.06544024 
508 13 13 17 0.065250374 
357 7 11 13 0.065240495 
54 46 10 13 0.06520185 
506 486 17 23 0.06475777 
213 141 11 15 0.06470394 
323 69 12 15 0.06469713 
119 9 10 14 0.06453531 
879 21 9 12 0.0643299 
853 72 11 14 0.06418714 
610 170 21 26 0.06392847 
719 273 15 20 0.06384731 
898 14 8 11 0.06377067 
740 47 11 14 0.06371088 
663 50 10 13 0.06361615 
576 22 8 11 0.06346866 
218 501 29 39 0.063390814 
582 45 8 11 0.063129626 
473 578 26 34 0.06304984 
4 166 16 22 0.06280933 
390 14 9 12 0.06279091 
630 84 10 15 0.06276248 
560 15 10 12 0.06275972 
333 81 14 18 0.062660165 
168 210 20 27 0.062437754 
888 64 9 12 0.062218193 
437 79 13 16 0.06204549 
794 100 19 25 0.062027037 
900 418 17 23 0.06198927 
817 44 9 11 0.061948515 
647 254 14 20 0.061783493 
777 355 23 31 0.06170305 
201 192 17 25 0.061680302 
1012 289 12 21 0.061607268 
177 36 10 14 0.061573345 
1012 182 10 15 0.061499964 
549 3 10 10 0.061407153 
429 123 14 19 0.061265636 
118 97 11 13 0.0610963 
623 22 8 10 0.06103489 
18 15 8 11 0.060840245 
500 0 12 13 0.060623035 
1008 154 13 17 0.060326982 
859 85 12 15 0.060185883 
230 483 30 40 0.060133956 
321 50 13 14 0.060011804 
449 360 24 33 0.059874333 
763 95 12 16 0.059856836 
651 536 30 34 0.05935444 
978 358 18 21 0.05913987 
78 64 10 12 0.059103284 
681 329 22 28 0.059096646 
970 145 13 16 0.05897128 
913 5 9 11 0.05895924 
830 15 10 12 0.058926404 
472 372 20 30 0.058750816 
638 81 14 17 0.058738723 
155 609 22 33 0.05873128 
90 6 8 11 0.05873122 
902 95 8 11 0.058581572 
721 302 24 33 0.05831797 
96 39 8 11 0.058303047 
322 486 37 51 0.058007445 
261 0 10 10 0.05796361 
191 127 10 12 0.057932023 
605 36 9 11 0.05792989 
56 116 10 14 0.05789618 
954 169 14 18 0.057844926 
820 414 29 45 0.057801154 
73 54 10 12 0.05772007 
81 166 17 20 0.05767431 
86 201 23 31 0.057448074 
113 119 10 14 0.057431195 
1002 241 23 33 0.057399966 
224 411 26 38 0.05739166 
73 62 10 13 0.05720869 
910 110 12 15 0.05716645 
570 183 17 20 0.057147965 
24 331 25 36 0.056800105 
481 400 28 34 0.056732137 
259 239 18 21 0.05671176 
84 106 11 14 0.05669908 
48 243 24 30 0.056338884 
857 32 9 12 0.056093298 
128 50 10 14 0.056041643 
777 35 11 14 0.056033257 
69 5 9 11 0.05598058 
631 8 8 10 0.055742323 
67 136 14 18 0.055654906 
385 31 11 13 0.05563914 
999 0 11 9 0.055625167 
125 170 14 19 0.055608332 
996 234 12 17 0.055557776 
735 65 14 19 0.055503726 
467 136 15 20 0.05541669 
640 15 8 10 0.055202838 
739 352 14 19 0.05498871 
270 13 14 19 0.054962832 
648 31 9 11 0.054955937 
120 44 11 13 0.054916892 
104 95 11 14 0.05484793 
573 299 14 18 0.054623477 
898 256 13 16 0.05461557 
633 23 10 12 0.054512884 
916 110 10 13 0.054326136 
294 50 12 16 0.054218218 
116 212 13 17 0.05403595 
568 98 12 15 0.05380894 
356 255 15 20 0.053620256 
557 59 9 12 0.053489845 
25 515 37 50 0.053279273 
352 399 44 50 0.05323868 
184 69 10 13 0.05323592 
80 29 8 11 0.053169128 
33 32 9 11 0.05313429 
220 150 12 16 0.053064343 
439 2 11 15 0.053004287 
862 351 18 24 0.052970085 
760 347 13 16 0.05256242 
16 445 32 43 0.052420985 
364 104 16 20 0.05237361 
985 532 29 47 0.052297283 
518 14 11 14 0.052169878 
64 31 9 12 0.052127395 
158 0 9 10 0.052063115 
942 115 11 15 0.051993012 
841 109 13 18 0.05197743 
940 24 9 11 0.051549774 
781 118 14 17 0.05134761 
1006 185 13 18 0.051332667 
6 83 10 14 0.051289033 
68 436 41 53 0.05122067 
951 7 9 10 0.051219076 
703 113 20 23 0.05118481 
446 13 11 14 0.05117874 
760 130 15 19 0.051152725 
70 226 15 19 0.051057477 
442 241 21 28 0.05099276 
574 67 10 13 0.050985698 
140 414 21 30 0.050943542 
762 142 16 21 0.05082504 
566 601 46 57 0.050668783 
822 71 9 11 0.0506233 
64 36 9 13 0.050548136 
840 42 10 13 0.05049423 
432 35 12 15 0.05044638 
385 182 20 27 0.05040882 
356 31 10 12 0.050318897 
894 31 9 11 0.05028967 
845 272 15 17 0.050250784 
691 148 17 20 0.050069626 
997 123 12 15 0.050012153 
202 105 14 18 0.049963932 
321 568 44 68 0.049902562 
786 547 45 58 0.049776148 
271 65 12 15 0.049721107 
188 281 23 32 0.049571704 
77 51 11 13 0.049548358 
963 220 20 25 0.049437635 
670 312 22 31 0.049386144 
932 29 12 15 0.0493844 
408 222 25 29 0.049368758 
-1 22 7 12 0.049364135 
448 442 27 29 0.049085245 
920 307 23 29 0.049077507 
826 594 45 52 0.0490596 
848 331 25 37 0.04884996 
455 178 15 20 0.04872271 
5 75 11 15 0.04866936 
165 419 25 32 0.04850664 
923 63 10 13 0.048504736 
164 43 11 14 0.04850225 
861 77 12 15 0.04847129 
197 132 11 13 0.048383053 
952 111 12 14 0.048358645 
205 142 12 17 0.048352797 
909 101 12 14 0.04835075 
0 321 11 22 0.048199065 
102 0 8 8 0.048109945 
17 5 9 11 0.04810924 
229 36 14 18 0.048068628 
590 122 19 26 0.047924675 
1012 141 11 14 0.047890462 
561 363 32 43 0.047831986 
135 38 10 14 0.04771915 
262 319 15 21 0.047628 
404 194 16 21 0.047605354 
601 395 26 34 0.047588855 
861 68 12 15 0.047566593 
910 32 10 13 0.04755442 
208 52 12 16 0.047284186 
184 94 10 12 0.047092326 
94 164 12 18 0.047011264 
769 74 13 17 0.04698739 
412 197 16 23 0.046918087 
110 78 9 10 0.046622857 
590 393 24 29 0.04662006 
644 63 11 12 0.04654253 
122 187 15 20 0.046523556 
623 29 8 11 0.046332866 
192 247 23 30 0.046298828 
774 301 11 14 0.046268053 
175 109 12 15 0.046238415 
901 235 11 17 0.046231516 
143 117 11 14 0.046185263 
547 318 22 29 0.046153724 
212 147 13 18 0.04613708 
780 337 17 20 0.046116382 
520 109 22 27 0.046005264 
79 16 8 9 0.045992244 
344 35 12 16 0.04584268 
280 22 18 23 0.045577265 
444 273 24 37 0.0455538 
927 8 9 11 0.045534004 
672 323 23 32 0.045509934 
769 507 27 37 0.045412984 
937 641 30 36 0.0454029 
177 51 10 12 0.04538502 
33 37 9 11 0.04538373 
33 14 9 11 0.045342837 
438 58 14 17 0.045070745 
541 91 14 17 0.04506829 
168 38 10 13 0.045044795 
160 5 12 15 0.04494736 
37 21 9 11 0.04493285 
322 76 14 17 0.044873994 
969 0 8 9 0.044793703 
8 61 10 14 0.04476326 
872 23 9 11 0.044758726 
790 40 9 12 0.04472176 
727 219 15 21 0.044654906 
894 38 10 13 0.04462507 
916 37 9 13 0.044609174 
134 78 10 12 0.04459653 
290 492 34 40 0.04456693 
639 174 14 20 0.04456658 
991 176 15 19 0.044550933 
608 526 33 40 0.044497974 
58 227 14 18 0.044367563 
796 233 15 17 0.044222716 
796 280 15 18 0.04419917 
318 36 11 14 0.044193935 
579 478 29 34 0.04419148 
7 0 10 11 0.044182096 
96 54 8 9 0.04414466 
411 206 22 27 0.0441132 
200 142 11 15 0.044103503 
790 227 25 28 0.044048727 
70 76 9 12 0.04404392 
144 87 10 12 0.043950997 
125 126 14 17 0.043880023 
173 304 38 49 0.043816432 
723 376 17 25 0.04378232 
228 410 16 20 0.043772157 
686 288 16 19 0.04369937 
870 45 10 12 0.043660544 
697 522 24 36 0.043620374 
276 77 12 16 0.043619793 
783 336 23 33 0.04360151 
442 107 20 27 0.04358751 
454 11 12 15 0.043553814 
963 259 24 30 0.043467216 
439 137 21 27 0.043435365 
385 287 16 19 0.043432333 
294 69 13 15 0.043406963 
86 46 8 11 0.04335832 
879 15 9 10 0.043337103 
953 36 11 15 0.043233808 
798 296 23 28 0.043231856 
110 177 13 18 0.043188263 
695 23 11 15 0.043115452 
109 38 10 12 0.042980593 
74 425 26 32 0.042978942 
920 28 9 12 0.042969592 
5 272 16 21 0.042909767 
393 267 23 28 0.042787388 
237 429 28 42 0.042755615 
291 122 14 18 0.04269928 
674 448 18 26 0.042664412 
776 141 24 28 0.042650625 
630 426 29 43 0.04260906 
750 193 15 19 0.04252061 
434 203 22 29 0.04249795 
200 62 9 13 0.04242674 
474 177 14 20 0.0422869 
77 199 16 21 0.042274155 
782 253 13 16 0.042257883 
663 115 11 15 0.042226903 
161 307 33 41 0.042124446 
645 155 14 19 0.042105533 
632 78 9 13 0.042057898 
150 119 11 13 0.04203573 
244 56 14 18 0.04201253 
819 247 14 19 0.04195833 
959 74 11 14 0.04195225 
1004 0 11 9 0.041936234 
79 23 8 11 0.041921202 
781 516 29 44 0.041870072 
58 232 21 26 0.04184256 
617 39 10 12 0.041679632 
831 77 11 15 0.04165033 
952 600 47 63 0.041591715 
877 53 9 11 0.041532256 
977 331 29 36 0.041516185 
718 277 22 28 0.041501805 
888 33 8 10 0.041485377 
424 604 26 34 0.041471772 
3 124 15 19 0.041470174 
867 262 13 16 0.041451577 
982 156 21 26 0.04138627 
532 435 15 19 0.041368432 
168 399 26 36 0.04129911 
614 329 13 17 0.041285135 
575 105 14 17 0.041279573 
395 23 11 14 0.04122134 
902 121 12 15 0.041219454 
844 389 24 29 0.041179907 
343 279 18 21 0.04107632 
210 364 26 35 0.040881634 
279 114 15 19 0.040810782 
718 95 13 15 0.040796258 
605 286 23 31 0.04073774 
261 93 14 18 0.04057063 
865 122 15 20 0.040485002 
36 96 11 14 0.040353682 
39 48 9 11 0.040320393 
951 12 9 11 0.040269822 
832 52 8 11 0.040255494 
1 433 32 40 0.04025369 
814 13 9 13 0.040249046 
60 114 12 17 0.040204104 
252 269 21 34 0.040167484 
133 191 14 19 0.04014753 
61 439 29 39 0.040103044 
933 77 10 14 0.03999784 
145 53 9 11 0.0399195 
243 101 11 14 0.039886083 
451 252 23 30 0.03980031 
681 252 24 28 0.039703555 
48 134 12 16 0.039646138 
942 99 10 13 0.039628293 
877 46 8 11 0.039610196 
70 39 8 11 0.03958723 
376 6 9 11 0.039516747 
607 71 10 12 0.03947946 
585 206 21 29 0.039468363 
246 14 10 12 0.039373744 
393 92 15 20 0.039352167 
414 587 45 58 0.039322067 
858 335 31 38 0.039274868 
1 75 10 15 0.039101668 
61 44 10 13 0.03903201 
151 157 12 14 0.038951878 
71 181 23 29 0.03893184 
132 115 11 14 0.038926095 
244 136 21 26 0.038830694 
87 1 8 9 0.03873669 
76 203 23 30 0.038704347 
0 464 24 38 0.03868488 
249 51 13 16 0.03863655 
-1 54 7 13 0.038620904 
113 57 8 10 0.038538158 
931 50 12 16 0.03842449 
377 146 19 24 0.038397633 
56 78 10 13 0.038381603 
869 61 10 12 0.03838057 
602 577 28 37 0.038349237 
996 184 14 17 0.03833018 
19 254 27 33 0.03823938 
429 3 11 14 0.038113635 
453 266 16 23 0.037993256 
246 326 15 21 0.03799183 
7 15 8 11 0.03793535 
333 270 14 17 0.037901126 
437 25 13 19 0.037890095 
814 40 10 12 0.03778174 
150 124 12 16 0.037726346 
560 155 18 24 0.03772281 
534 553 16 20 0.037707567 
576 78 11 14 0.03768799 
415 363 25 32 0.037615962 
734 99 12 16 0.037570834 
64 6 8 10 0.03748887 
506 235 30 33 0.03747948 
904 39 9 13 0.037459407 
93 342 28 35 0.037397083 
683 140 15 18 0.037288707 
645 322 18 25 0.037259385 
164 183 14 19 0.037259325 
909 369 27 36 0.037247594 
766 162 14 17 0.037222266 
288 71 11 14 0.03716964 
953 24 10 12 0.0371616 
706 76 15 19 0.03711776 
870 101 12 15 0.037087403 
224 267 18 24 0.037059605 
623 68 11 13 0.03704557 
307 160 20 27 0.036990494 
611 163 16 21 0.03693929 
773 221 28 32 0.03679423 
904 99 11 14 0.03666588 
520 43 12 16 0.036565535 
634 379 17 27 0.03650225 
264 309 21 26 0.036478713 
697 94 16 19 0.03646055 
970 6 9 10 0.036439966 
993 438 30 47 0.0364097 
314 292 22 27 0.036375236 
355 446 28 32 0.036354892 
624 592 28 37 0.036314037 
151 76 10 12 0.036234457 
538 270 16 22 0.036214847 
94 64 9 12 0.03618365 
433 108 20 26 0.036178607 
588 106 12 15 0.036114786 
894 75 9 13 0.03607053 
421 80 15 19 0.036067095 
597 163 17 22 0.036029547 
739 217 16 20 0.036018535 
725 126 13 19 0.036006287 
872 40 8 10 0.036005113 
39 37 8 11 0.03596855 
844 0 9 10 0.035909194 
446 132 17 22 0.035896834 
891 361 26 34 0.03589569 
316 394 29 37 0.035866927 
287 371 25 39 0.035771754 
270 381 26 38 0.03571715 
96 45 8 11 0.035704136 
377 370 22 28 0.035700984 
289 227 16 21 0.035648268 
395 587 43 57 0.035573967 
890 122 11 16 0.035519812 
923 119 11 13 0.03551886 
133 15 10 12 0.03550912 
65 15 7 10 0.03548401 
329 89 14 19 0.035482027 
109 106 11 14 0.035481233 
72 23 8 10 0.0354344 
931 60 12 15 0.035419296 
220 224 15 24 0.03534453 
570 376 31 41 0.035330284 
532 108 21 24 0.03532212 
130 134 15 18 0.035254527 
482 372 15 21 0.03524887 
131 84 11 13 0.035109837 
548 93 11 13 0.03504207 
1013 52 10 17 0.035027176 
783 534 38 45 0.034868818 
593 490 16 18 0.034852497 
1004 30 10 11 0.0348518 
410 248 23 26 0.03484979 
102 137 14 19 0.034717955 
801 104 20 29 0.034714166 
183 109 12 15 0.034674946 
1 374 20 31 0.034614377 
39 193 14 21 0.03459283 
286 84 15 16 0.034577444 
29 238 18 22 0.034571473 
16 149 23 33 0.034484953 
143 126 11 14 0.034347333 
710 5 11 12 0.03433819 
246 21 11 13 0.034325346 
299 90 12 17 0.034321528 
876 193 15 19 0.034319397 
916 283 15 19 0.03431085 
663 96 10 13 0.034296423 
210 46 10 13 0.0342963 
628 63 10 12 0.03424825 
29 73 11 15 0.034149513 
128 80 9 12 0.034139052 
805 244 17 21 0.0341354 
907 537 38 49 0.03413226 
298 138 15 19 0.034099385 
893 107 11 15 0.033995464 
520 78 13 16 0.033964477 
672 135 19 26 0.03396276 
577 39 9 12 0.033938713 
821 76 10 13 0.03386932 
934 134 11 15 0.033794962 
292 90 14 19 0.033745024 
330 244 13 17 0.033692278 
326 280 20 25 0.03367381 
691 333 22 28 0.033664826 
807 76 11 14 0.03365049 
647 37 9 11 0.033618227 
870 53 11 13 0.033583917 
266 58 11 14 0.03354114 
718 292 22 30 0.0335162 
662 79 10 14 0.033497002 
880 28 9 11 0.033493847 
648 46 10 12 0.033462256 
934 12 9 11 0.03343942 
436 39 15 19 0.03335942 
589 534 29 33 0.03332945 
383 92 13 18 0.033241216 
516 281 15 19 0.03322952 
904 31 8 11 0.033172444 
0 548 10 18 0.033131476 
243 92 12 16 0.03308773 
916 102 10 13 0.032979805 
743 205 25 31 0.0329391 
276 233 27 35 0.03293383 
228 92 15 18 0.03289699 
880 410 24 38 0.03288143 
297 59 12 16 0.032847587 
365 242 26 35 0.032795023 
379 204 16 21 0.03279429 
92 119 12 15 0.032791194 
103 70 8 10 0.032776844 
653 61 11 13 0.032749042 
167 29 11 13 0.032648817 
499 27 14 19 0.032643132 
161 76 9 12 0.032642145 
912 202 20 27 0.03259871 
983 220 20 28 0.03249716 
404 474 18 21 0.032491434 
486 180 14 19 0.032372847 
676 124 13 17 0.03235575 
353 13 10 12 0.03234988 
576 353 16 21 0.032306835 
823 15 10 12 0.03230063 
77 126 20 26 0.03223765 
118 20 10 13 0.032193094 
533 123 18 22 0.032167222 
113 481 25 32 0.032150924 
568 68 9 12 0.03209871 
371 26 13 15 0.032077454 
699 329 16 21 0.032040406 
495 18 12 16 0.03195458 
182 100 11 14 0.031950034 
644 91 14 16 0.031907573 
63 151 15 20 0.031814076 
951 193 17 22 0.03179701 
444 3 12 15 0.031785678 
325 150 20 27 0.031783182 
985 52 8 12 0.03176938 
898 50 9 13 0.03175662 
606 283 13 18 0.031728964 
202 260 22 31 0.03171144 
663 124 13 18 0.031652894 
760 106 21 29 0.03162464 
251 323 15 19 0.031592272 
896 20 9 12 0.031542525 
354 263 15 20 0.031531338 
773 584 33 45 0.03151183 
1003 173 13 16 0.031500615 
358 43 11 15 0.031412106 
749 196 26 32 0.031400383 
632 603 25 33 0.031339806 
367 39 13 16 0.031254187 
302 53 11 15 0.031251557 
946 86 13 15 0.031217584 
144 27 10 14 0.031193925 
237 0 13 11 0.03110292 
749 55 10 14 0.031090815 
888 75 9 13 0.031088397 
76 278 16 23 0.031084033 
43 188 13 18 0.031044262 
23 346 25 34 0.0310217 
926 31 20 25 0.031014858 
957 97 19 24 0.031006733 
267 481 27 40 0.03090146 
862 650 31 34 0.03083845 
104 95 19 22 0.03083691 
526 433 14 19 0.03081531 
307 69 14 18 0.030705746 
1006 135 21 25 0.030703828 
138 99 11 14 0.030650245 
442 153 15 20 0.030617792 
770 341 21 28 0.030554913 
639 8 9 11 0.030517759 
790 88 13 17 0.030406049 
764 125 14 19 0.030403417 
436 90 14 20 0.030351253 
201 151 18 25 0.030336412 
326 366 12 15 0.030280285 
971 437 20 28 0.03026348 
124 5 9 12 0.030246278 
524 39 13 18 0.030244725 
992 60 13 16 0.030243965 
937 114 10 14 0.03021206 
238 37 13 18 0.030188693 
24 405 19 26 0.030155255 
932 206 15 20 0.030109873 
329 374 26 32 0.030105406 
768 669 16 18 0.030094802 
857 591 48 60 0.030016623 
21 472 30 39 0.030005695 
286 49 13 17 0.029887376 
765 352 12 16 0.029876258 
183 409 25 35 0.02987313 
255 494 38 50 0.029855406 
382 1 10 11 0.02978612 
782 235 26 28 0.029759852 
237 124 16 21 0.02972253 
416 93 13 17 0.029683787 
167 90 10 13 0.029651761 
1004 60 13 19 0.029615803 
175 62 9 12 0.029577982 
717 67 14 16 0.029551703 
871 208 14 18 0.029518163 
230 139 10 14 0.02949824 
22 54 9 11 0.029488282 
218 311 16 23 0.029452095 
159 47 11 13 0.029448222 
755 35 15 18 0.02944363 
764 153 15 19 0.029435059 
465 182 17 23 0.029419653 
0 580 22 32 0.029417247 
93 12 10 11 0.029404283 
315 158 15 21 0.029262884 
992 5 11 11 0.029255504 
104 16 9 11 0.029246548 
216 98 13 17 0.029195275 
230 21 12 15 0.029140793 
747 1 12 14 0.029084157 
990 666 27 27 0.029034544 
532 258 21 27 0.029033504 
242 38 19 25 0.029023772 
367 8 9 12 0.029011277 
221 238 14 21 0.028949875 
399 11 11 13 0.028919544 
585 178 15 20 0.028894512 
537 551 47 55 0.02887872 
619 187 21 24 0.028813798 
3 354 23 34 0.028808584 
801 38 9 12 0.028774597 
268 209 23 28 0.028763862 
308 299 23 29 0.028763724 
564 345 16 21 0.02866285 
891 97 12 16 0.028637864 
173 90 11 14 0.028617188 
88 40 7 11 0.028608847 
786 160 22 30 0.028587434 
203 277 26 36 0.028558642 
868 314 15 20 0.028548641 
146 566 27 40 0.028535068 
520 496 24 31 0.028528977 
615 572 27 38 0.02852402 
716 84 12 15 0.028514823 
318 59 12 15 0.028497223 
54 123 11 14 0.02847802 
949 101 11 14 0.028433418 
859 108 14 18 0.028395353 
34 47 8 10 0.028385147 
497 266 30 34 0.02838391 
1004 122 13 16 0.028379772 
43 201 23 30 0.028367598 
245 0 11 11 0.028351815 
907 569 43 57 0.028314244 
540 98 15 18 0.028312769 
256 352 38 47 0.028296448 
238 15 11 13 0.028282633 
651 154 14 19 0.028259976 
652 140 19 26 0.028240139 
774 367 15 18 0.028229037 
135 424 25 35 0.028185176 
728 290 23 31 0.028132603 
522 97 16 20 0.028107595 
464 576 19 23 0.028083727 
500 189 18 23 0.028075418 
275 60 12 16 0.028016303 
577 54 11 14 0.02797746 
695 24 18 23 0.027966509 
236 487 17 24 0.02796421 
851 634 32 44 0.0279562 
861 620 43 55 0.027945666 
519 93 13 17 0.027945356 
148 412 24 31 0.027927123 
355 76 12 16 0.027801782 
728 5 13 14 0.027791204 
733 110 13 18 0.02775698 
136 32 9 12 0.027726967 
612 457 25 36 0.027712831 
205 58 13 16 0.027700476 
30 7 11 12 0.027698284 
859 40 19 24 0.02766294 
341 42 12 17 0.027600104 
119 54 10 12 0.027584732 
204 1 12 13 0.027579904 
121 110 19 23 0.027579745 
126 291 34 48 0.027555775 
183 571 23 28 0.027472323 
637 289 21 23 0.02746714 
34 251 19 26 0.027447404 
764 204 29 34 0.027396923 
222 141 10 14 0.027395083 
344 60 11 15 0.027386775 
855 9 10 12 0.027377186 
749 228 16 20 0.027363693 
94 31 9 10 0.027359352 
386 501 37 40 0.027313918 
582 66 13 15 0.027293282 
942 110 20 26 0.027292028 
22 29 8 11 0.02720966 
7 32 9 12 0.027190255 
648 321 29 34 0.02717179 
954 176 15 20 0.027142407 
991 130 11 14 0.027126603 
609 134 15 19 0.027095253 
925 281 14 18 0.027071966 
0 27 7 13 0.027058097 
616 14 9 11 0.027023679 
869 217 12 16 0.0270135 
848 562 28 47 0.026975444 
211 70 12 16 0.026935667 
915 292 17 19 0.026927043 
256 10 11 15 0.026887758 
961 458 33 50 0.026885038 
622 49 11 14 0.026858186 
737 192 22 26 0.026854085 
431 562 44 55 0.026851002 
121 398 35 47 0.0268459 
661 31 10 12 0.026783634 
997 52 14 17 0.02678146 
772 159 24 28 0.026765112 
107 181 22 27 0.026729966 
805 638 56 54 0.02671614 
990 150 21 26 0.026690448 
664 543 18 22 0.026664466 
639 45 10 13 0.026619311 
683 320 15 21 0.026567588 
670 531 26 33 0.026499318 
430 11 13 19 0.026493823 
648 101 12 14 0.026492301 
188 258 22 30 0.026478026 
587 168 20 27 0.026476208 
33 52 9 12 0.026453182 
906 412 26 32 0.026451997 
13 45 8 10 0.026449783 
682 526 24 36 0.026439594 
79 40 9 10 0.026430916 
114 69 8 11 0.026420746 
510 0 10 10 0.026377374 
49 5 9 11 0.026374683 
100 211 14 20 0.026357722 
174 206 13 18 0.026332531 
513 432 14 21 0.026305739 
108 246 23 33 0.026295342 
321 450 27 34 0.026263025 
21 1 10 10 0.026261458 
836 21 9 12 0.026257401 
375 364 13 17 0.026254606 
382 367 10 15 0.026250558 
942 57 12 15 0.026216151 
229 229 22 32 0.026205363 
171 414 17 22 0.026192596 
528 93 21 24 0.026189659 
696 68 10 14 0.026189575 
22 68 13 18 0.026083844 
378 389 27 36 0.02607674 
862 201 13 17 0.026065843 
519 20 12 16 0.026025208 
698 416 16 22 0.026019663 
137 378 15 17 0.025995288 
486 219 24 30 0.025991196 
477 378 23 31 0.02597432 
762 316 16 21 0.02596836 
647 22 8 11 0.025968244 
70 30 8 11 0.025958326 
645 405 33 40 0.025926456 
923 58 18 23 0.025903836 
668 192 23 30 0.02590204 
923 197 21 28 0.0259008 
485 404 36 45 0.025894925 
385 201 16 21 0.025861645 
1013 134 12 16 0.025829809 
974 270 19 25 0.025790038 
909 68 9 13 0.025784863 
118 357 28 35 0.025768794 
856 325 27 31 0.025748476 
141 46 9 11 0.0257358 
589 45 10 12 0.025724486 
279 505 39 49 0.025709843 
995 135 22 26 0.025702039 
235 78 16 19 0.025658192 
196 113 13 16 0.025656005 
487 143 17 20 0.025630819 
81 334 26 35 0.025603283 
792 162 14 18 0.025587821 
611 228 16 21 0.025579257 
140 38 10 13 0.025573589 
928 408 30 38 0.025560344 
486 469 28 38 0.025541067 
-2 171 20 34 0.025520455 
365 513 38 46 0.02540335 
507 5 13 16 0.025357336 
429 44 13 17 0.025328448 
171 220 21 30 0.025188519 
115 113 17 23 0.025171962 
180 239 28 35 0.025161216 
541 224 23 31 0.025137786 
74 45 9 12 0.025133757 
910 186 16 20 0.025103975 
853 283 15 17 0.02509414 
-1 473 13 24 0.025072543 
110 87 10 12 0.025051907 
390 106 16 22 0.025046028 
193 368 38 47 0.02502103 
656 319 18 23 0.025006346 
613 413 16 24 0.02499873 
699 230 19 23 0.024988197 
944 14 8 10 0.02496348 
870 81 12 15 0.024923744 
995 218 13 18 0.024915636 
26 329 16 21 0.02491439 
908 121 12 15 0.024859656 
916 330 36 49 0.024858125 
676 368 29 42 0.024856286 
631 530 46 54 0.024834974 
1 141 17 21 0.024834061 
739 203 14 17 0.02476922 
575 534 29 40 0.024761679 
111 13 10 11 0.024740912 
872 281 15 18 0.024711752 
155 27 11 14 0.024710553 
184 76 9 11 0.024709914 
111 491 14 18 0.024686838 
894 302 21 31 0.024621353 
765 389 16 23 0.024617868 
630 186 18 25 0.02460587 
759 335 15 20 0.024573809 
-1 187 12 21 0.024566427 
892 63 10 13 0.024510453 
168 152 13 17 0.024502255 
106 199 23 31 0.02450025 
377 1 9 10 0.02447784 
371 505 20 27 0.024445606 
123 68 10 12 0.02444318 
558 70 9 12 0.024436405 
484 41 15 19 0.02440611 
598 62 10 14 0.024388202 
822 50 10 12 0.024383163 
243 163 16 23 0.024297772 
439 248 14 19 0.02423003 
785 84 13 15 0.024229955 
1006 37 10 13 0.024177046 
222 85 13 16 0.024169255 
752 610 30 38 0.024068892 
604 231 18 24 0.02405306 
944 324 26 33 0.024026636 
991 187 14 18 0.02400817 
14 1 10 10 0.023990568 
129 494 28 42 0.023922222 
202 93 13 16 0.023911277 
775 57 11 14 0.0238998 
20 83 13 15 0.023880001 
229 402 48 59 0.023868067 
555 219 25 32 0.023857327 
910 149 12 17 0.023846181 
217 211 23 33 0.023845946 
11 65 12 18 0.023829669 
430 211 14 20 0.023827346 
518 0 10 9 0.023796178 
791 243 25 28 0.023784965 
103 87 10 12 0.023756737 
619 81 15 19 0.023688456 
237 29 13 16 0.02366641 
507 324 16 22 0.023627065 
947 500 13 18 0.023616869 
336 45 10 13 0.023601014 
420 21 11 16 0.023561241 
108 236 17 22 0.023554847 
452 89 20 26 0.02354864 
336 355 25 29 0.023542022 
532 555 25 30 0.023516413 
605 548 45 59 0.023495924 
724 68 13 19 0.023469923 
256 374 30 38 0.023441471 
153 47 8 12 0.023437066 
986 138 23 29 0.02342855 
754 431 30 43 0.023401733 
89 179 16 21 0.023389012 
757 341 20 27 0.023364807 
226 155 13 18 0.023333682 
104 16 18 23 0.023322534 
784 261 23 27 0.023305096 
144 -6 20 22 0.023303462 
876 311 17 22 0.023303023 
534 541 12 18 0.023281569 
921 397 26 32 0.023270076 
1008 255 15 21 0.023214944 
889 89 10 13 0.02318012 
722 424 29 35 0.023146747 
871 28 9 11 0.023130978 
730 356 23 34 0.023125488 
115 539 40 53 0.02310535 
629 68 11 14 0.023037769 
86 30 8 10 0.023036556 
276 375 16 23 0.023016801 
188 548 27 36 0.023007458 
633 35 11 12 0.02300428 
893 141 14 17 0.022970513 
512 318 20 31 0.022917924 
625 254 16 20 0.02290696 
907 524 29 43 0.022898352 
659 285 18 22 0.02286625 
790 373 17 21 0.022863612 
182 61 11 13 0.022862235 
446 557 33 35 0.022857226 
822 38 8 12 0.0228274 
577 443 20 25 0.02282547 
148 102 14 18 0.022809735 
834 0 10 12 0.022797376 
79 572 25 38 0.022794625 
179 379 19 25 0.022757152 
241 373 17 24 0.022756485 
981 141 13 16 0.022731561 
729 383 14 21 0.022730969 
206 278 16 22 0.02271252 
311 484 32 46 0.022692908 
166 2 11 13 0.022660613 
51 348 12 17 0.022651408 
254 257 24 33 0.02264763 
827 307 14 19 0.02264425 
80 412 29 35 0.02262088 
0 571 41 52 0.022600964 
249 415 43 53 0.022585081 
295 144 20 25 0.022574527 
198 54 11 14 0.022561345 
632 377 31 42 0.022557123 
168 168 16 21 0.022518149 
636 110 14 16 0.022506133 
959 0 9 9 0.022504356 
322 432 28 37 0.022501519 
971 164 15 18 0.022500688 
619 231 14 19 0.022483552 
352 125 15 20 0.022483068 
885 274 12 15 0.022447571 
544 60 10 13 0.022436086 
224 45 12 16 0.02241908 
388 24 18 22 0.022414343 
93 225 23 32 0.022412421 
632 87 18 24 0.022374038 
181 371 15 19 0.022373764 
190 166 13 16 0.022353258 
35 141 13 15 0.02231928 
832 545 37 53 0.022316702 
756 0 11 11 0.022313528 
487 5 11 14 0.02224292 
457 196 17 23 0.02223239 
190 391 20 24 0.022230126 
386 374 26 34 0.02222837 
239 517 30 39 0.022209791 
104 412 25 34 0.022207296 
637 562 26 36 0.022183897 
798 63 10 13 0.022180866 
757 576 31 37 0.022170173 
861 20 10 12 0.022144413 
628 500 46 57 0.022124644 
131 175 19 25 0.022098934 
525 511 16 20 0.022095075 
88 12 9 11 0.022074388 
691 166 18 24 0.022046141 
325 162 21 28 0.022036374 
924 131 13 16 0.022020942 
119 553 19 27 0.022019025 
702 434 29 43 0.022007877 
299 300 16 20 0.021991719 
452 579 48 53 0.02198906 
695 43 19 23 0.021982223 
788 281 14 18 0.021960624 
524 152 16 21 0.021947933 
203 205 17 24 0.02192645 
953 36 19 25 0.021913633 
694 199 22 29 0.021898776 
173 69 9 12 0.021886304 
709 169 17 25 0.021847952 
95 102 10 13 0.021813586 
936 0 8 7 0.021811223 
650 162 15 21 0.021799324 
710 315 16 19 0.021795947 
876 82 12 15 0.021786345 
362 426 30 36 0.021772964 
390 253 12 17 0.021751272 
926 72 11 15 0.021736829 
588 153 20 28 0.021736108 
513 119 16 21 0.021723172 
13 84 10 13 0.021716556 
648 52 10 12 0.02170742 
258 140 16 19 0.021706268 
883 187 12 17 0.021691661 
387 72 13 18 0.02166189 
98 420 14 22 0.02164714 
908 132 12 16 0.021643728 
17 428 28 40 0.021617092 
9 68 19 27 0.021612898 
229 80 13 17 0.021612238 
71 14 8 10 0.021610381 
390 218 15 21 0.021607783 
175 102 12 14 0.0216028 
391 477 28 32 0.02156823 
990 225 20 29 0.021564867 
542 231 14 19 0.021559397 
242 299 16 20 0.021555664 
616 22 9 12 0.021551633 
576 618 28 36 0.021550203 
394 461 28 34 0.021538202 
883 210 14 18 0.021528175 
422 222 26 33 0.021509204 
200 87 10 13 0.021488456 
920 74 12 15 0.021428535 
592 21 9 12 0.021425407 
483 215 16 22 0.021419782 
334 97 14 18 0.021415116 
526 528 86 100 0.021412602 
431 573 87 100 0.021380732 
920 53 9 11 0.021368627 
518 65 13 16 0.021352042 
918 46 9 12 0.021336813 
794 283 24 29 0.021332977 
815 18 17 22 0.021319529 
738 70 16 20 0.021257503 
668 95 10 13 0.021252023 
236 405 28 38 0.021251181 
61 70 10 13 0.021231076 
805 61 11 14 0.021223493 
315 140 20 25 0.021209447 
323 288 15 21 0.021177145 
301 70 14 19 0.02111897 
966 195 13 17 0.021118177 
733 210 16 21 0.021112919 
191 -1 11 11 0.021109436 
817 479 39 49 0.021073304 
452 31 12 15 0.021063548 
1004 44 12 17 0.02105688 
46 124 12 15 0.021036044 
897 8 9 12 0.021034488 
67 282 22 32 0.021023879 
173 125 13 16 0.02099914 
888 585 17 22 0.02098092 
192 604 24 36 0.02096472 
313 382 27 34 0.020939099 
744 441 38 53 0.020917065 
512 54 19 23 0.020910412 
852 79 19 25 0.020908155 
511 35 11 17 0.020905599 
191 458 16 23 0.020884952 
354 61 13 16 0.02087969 
150 69 10 13 0.020873288 
692 140 14 18 0.020852298 
659 610 14 21 0.020836916 
659 173 13 17 0.020817107 
877 39 9 11 0.020813398 
877 232 16 20 0.020811921 
392 281 18 23 0.020811921 
51 128 19 25 0.020799274 
626 174 16 22 0.020752605 
358 20 11 13 0.020752419 
613 8 10 11 0.020739183 
915 148 13 16 0.02072926 
836 30 10 12 0.020709641 
623 505 29 40 0.020708637 
233 501 31 39 0.020705402 
568 576 50 60 0.020696972 
1006 310 24 38 0.02068882 
164 109 10 13 0.020653693 
639 574 29 39 0.020645602 
813 101 21 27 0.020639524 
474 140 13 17 0.020629097 
91 269 24 35 0.020620415 
412 137 15 20 0.020601744 
564 624 27 35 0.020590305 
493 453 15 17 0.020580485 
789 234 16 18 0.020528842 
241 280 22 30 0.020522224 
22 62 10 13 0.020514166 
157 428 30 35 0.020502646 
663 177 13 18 0.020499425 
523 311 22 33 0.020496564 
117 503 33 42 0.020472128 
7 506 28 42 0.020471834 
266 248 19 23 0.020461773 
803 534 19 31 0.020453073 
505 64 11 16 0.02044379 
465 41 16 19 0.020434305 
144 15 11 13 0.020425057 
352 0 11 11 0.02040946 
845 5 10 12 0.020368848 
709 45 9 12 0.020362241 
91 442 27 39 0.020341715 
7 55 10 14 0.02033774 
123 98 12 15 0.020323515 
250 58 12 15 0.020293778 
532 584 17 27 0.020287305 
188 93 12 15 0.020255817 
999 46 11 13 0.02025302 
685 345 26 39 0.020207826 
726 21 10 14 0.020177703 
18 357 17 22 0.020163454 
649 175 15 18 0.020157306 
95 207 25 35 0.020143094 
415 0 12 13 0.02012734 
908 281 15 18 0.020053629 
694 171 21 30 0.020052278 
715 309 14 19 0.02002166 
513 489 16 22 0.020012928 
