25_Soldier_Patrol_Soldier_Patrol_25_9
87
726 145 114 188 0.8144974 
715 191 71 112 0.6744751 
251 351 13 19 0.5432222 
600 452 132 179 0.4310897 
771 173 121 193 0.30317584 
248 343 14 20 0.22912638 
702 637 111 70 0.118850335 
88 415 5 7 0.111069925 
801 236 82 110 0.109639935 
531 371 81 104 0.09803478 
211 343 14 17 0.09507551 
256 353 8 11 0.09507551 
383 350 8 10 0.08787667 
723 381 212 284 0.08285364 
551 399 242 284 0.076092646 
470 714 18 17 0.07494057 
763 399 111 126 0.06984133 
705 97 222 272 0.064067975 
782 440 117 188 0.064067975 
352 336 15 20 0.05879275 
776 155 79 81 0.056098126 
771 178 203 284 0.053832818 
588 479 30 31 0.051466707 
272 286 6 8 0.04990379 
679 647 177 91 0.04931264 
341 361 12 19 0.045951538 
398 352 8 10 0.04229837 
798 259 132 159 0.04133061 
311 308 5 7 0.038923774 
568 161 121 109 0.03781825 
64 353 27 41 0.036325652 
743 143 63 61 0.036325645 
236 281 6 8 0.035808332 
280 355 4 6 0.035808332 
272 284 5 6 0.035808332 
558 419 61 77 0.033269096 
780 182 71 104 0.033269096 
152 303 26 34 0.033269096 
154 413 62 60 0.033269096 
742 188 83 101 0.033269096 
543 409 15 20 0.032933712 
928 296 91 115 0.03163486 
95 339 55 85 0.030461604 
719 213 41 66 0.030461596 
808 279 51 81 0.030461596 
186 307 7 9 0.030282615 
251 290 5 6 0.030282615 
217 345 10 12 0.030282615 
266 365 12 18 0.030282615 
700 185 28 37 0.027884193 
184 92 28 34 0.027884193 
889 48 54 69 0.027884193 
252 341 9 12 0.027838783 
234 284 7 9 0.027838783 
380 349 13 17 0.027838783 
256 344 8 12 0.027838783 
246 344 9 12 0.02558696 
154 307 16 20 0.02558696 
268 359 7 8 0.02558696 
230 282 4 6 0.02558696 
339 360 9 13 0.02558696 
570 395 9 12 0.02558696 
173 428 36 32 0.025519116 
772 443 65 92 0.025519116 
600 56 27 35 0.025519116 
891 170 54 54 0.025519116 
68 341 44 68 0.025519116 
696 386 22 38 0.025519116 
981 275 46 78 0.025519116 
19 487 239 272 0.024156325 
716 94 4 6 0.02351288 
323 333 7 9 0.02351288 
285 286 5 6 0.02351288 
645 402 32 41 0.023349825 
297 326 24 30 0.023349825 
290 362 23 30 0.023349825 
142 300 246 227 0.022069868 
294 372 5 7 0.021603195 
114 233 4 6 0.021603195 
346 366 7 11 0.021603195 
259 407 5 6 0.021603195 
407 357 6 8 0.021603195 
188 315 11 17 0.021603195 
300 374 7 8 0.021603195 
157 373 25 34 0.021360898 
572 451 55 61 0.021360898 
756 161 69 58 0.021360898 
