25_Soldier_Patrol_Soldier_Patrol_25_59
218
464 87 73 94 0.99678564 
914 456 106 181 0.9239074 
440 209 46 59 0.8989386 
782 559 101 134 0.8001182 
410 477 46 61 0.5900683 
229 527 112 168 0.56891036 
477 29 63 66 0.47725022 
132 76 26 37 0.43212515 
579 182 37 44 0.4099317 
284 160 24 29 0.34582692 
598 445 61 76 0.28687313 
691 505 165 232 0.26558137 
268 533 76 104 0.2511021 
677 565 104 123 0.2311026 
607 599 18 21 0.22912635 
404 531 130 158 0.2150812 
588 117 42 63 0.2032784 
344 149 30 43 0.2032784 
476 169 101 132 0.19988178 
95 496 239 232 0.19988178 
627 446 106 178 0.19988178 
20 53 30 42 0.1753677 
751 146 12 16 0.17366186 
361 644 55 52 0.16258557 
849 522 67 113 0.13928533 
88 83 21 26 0.109639935 
433 126 24 34 0.10106142 
603 449 93 127 0.09803478 
827 361 14 19 0.09507551 
167 446 14 18 0.09507551 
409 210 50 68 0.09308395 
353 353 30 35 0.08567618 
382 230 55 66 0.08567618 
867 506 109 181 0.08285364 
648 231 11 16 0.08117401 
654 338 20 23 0.08117401 
395 421 32 48 0.07880669 
627 336 67 92 0.07880669 
6 481 43 63 0.07880669 
629 422 194 273 0.076092646 
116 451 16 20 0.07494057 
867 52 12 16 0.07494057 
659 671 17 24 0.07494057 
591 477 64 81 0.07244435 
352 335 71 79 0.07244435 
163 537 51 73 0.07244435 
681 173 18 22 0.0691498 
733 189 23 26 0.06111947 
858 346 13 17 0.05879275 
379 429 200 265 0.05874174 
602 113 23 32 0.056098126 
763 534 61 88 0.056098126 
412 215 31 39 0.056098126 
19 132 7 10 0.054176662 
381 257 39 44 0.051466707 
578 649 33 39 0.051466707 
929 146 13 17 0.04990379 
652 139 14 17 0.04990379 
762 403 13 16 0.04990379 
414 457 94 147 0.04931264 
226 562 86 88 0.047198545 
136 543 60 79 0.047198545 
931 444 82 97 0.047198545 
455 217 59 79 0.047198545 
401 447 50 67 0.047198545 
316 538 61 94 0.047198545 
715 44 30 38 0.04326818 
578 139 48 63 0.04326818 
421 489 62 85 0.04326818 
858 521 30 44 0.04326818 
588 468 30 40 0.04326818 
458 271 18 28 0.04229837 
222 448 13 18 0.04229837 
88 370 9 11 0.04229837 
725 -6 232 303 0.04133062 
388 395 59 79 0.039651494 
893 459 25 30 0.039651494 
632 150 14 17 0.038923774 
812 56 12 15 0.038923774 
203 390 15 19 0.038923774 
0 414 13 25 0.038923774 
838 470 13 19 0.038923774 
848 510 56 68 0.036325652 
625 592 59 85 0.036325652 
79 436 25 32 0.036325645 
755 394 15 19 0.035808332 
844 383 11 15 0.035808332 
487 400 123 175 0.034593605 
469 106 100 132 0.034593593 
658 625 58 68 0.033269096 
651 472 70 104 0.033269096 
66 462 22 29 0.033269096 
448 274 26 38 0.033269096 
863 101 26 35 0.033269096 
320 113 25 35 0.033269096 
105 481 14 18 0.03293372 
601 108 17 22 0.032933712 
719 398 12 17 0.032933712 
1000 384 11 15 0.032933712 
462 435 206 286 0.03163486 
111 456 22 26 0.030461604 
274 503 64 71 0.030461604 
852 321 21 26 0.030461604 
982 181 22 27 0.030461604 
470 44 41 44 0.030461596 
705 36 49 62 0.030461596 
552 169 57 75 0.030461596 
679 150 24 29 0.030461596 
345 556 25 41 0.030461596 
271 304 7 11 0.030282615 
172 410 14 20 0.030282615 
965 69 9 12 0.030282615 
112 303 12 14 0.030282615 
590 341 94 129 0.028921604 
608 511 34 43 0.027884193 
314 102 44 59 0.027884185 
428 107 44 68 0.027884185 
440 230 49 76 0.027884185 
919 451 7 10 0.027838783 
42 368 15 18 0.027838783 
314 245 6 8 0.027838783 
839 405 14 18 0.027838783 
838 143 17 21 0.027838783 
155 465 9 12 0.027838783 
815 360 8 11 0.027838783 
739 486 15 20 0.027838783 
267 40 18 23 0.027838783 
739 171 16 20 0.027838778 
157 465 13 17 0.027838778 
68 549 132 149 0.026434705 
355 198 87 111 0.026434705 
770 307 104 119 0.026434705 
902 432 15 19 0.02558696 
723 402 7 10 0.02558696 
268 305 7 10 0.02558696 
301 236 6 9 0.02558696 
114 345 7 8 0.02558696 
806 362 12 17 0.02558696 
916 677 9 12 0.02558696 
52 133 14 19 0.02558696 
84 335 13 17 0.02558696 
656 349 16 20 0.02558696 
174 124 8 9 0.02558696 
198 575 80 89 0.025519116 
-8 520 50 79 0.025519116 
426 35 22 28 0.025519116 
752 262 98 129 0.024156325 
579 394 103 141 0.024156325 
74 323 7 9 0.02351288 
164 450 10 12 0.02351288 
109 334 6 8 0.02351288 
607 277 20 24 0.02351288 
763 120 13 17 0.02351288 
22 339 15 20 0.02351288 
44 410 13 18 0.02351288 
825 474 8 11 0.02351288 
167 78 12 16 0.02351288 
246 46 17 20 0.02351288 
578 451 53 73 0.023349825 
328 39 24 30 0.023349825 
553 463 58 76 0.023349825 
852 46 47 63 0.023349825 
640 187 24 27 0.023349825 
64 548 85 82 0.023349825 
858 64 29 38 0.023349825 
417 641 30 41 0.023349825 
68 410 27 40 0.023349825 
952 160 24 33 0.023349825 
82 517 29 30 0.023349825 
758 446 24 32 0.023349825 
796 18 24 29 0.023349825 
344 108 24 32 0.023349825 
692 610 28 44 0.023349825 
213 398 22 26 0.023349825 
625 143 24 32 0.023349825 
265 589 68 83 0.023349825 
718 397 24 28 0.023349825 
206 392 23 26 0.023349825 
660 618 26 38 0.023349825 
121 21 239 282 0.022069868 
143 406 100 125 0.022069868 
161 503 5 7 0.021603195 
881 456 15 21 0.021603195 
172 445 9 11 0.021603195 
608 604 9 11 0.021603195 
796 440 8 10 0.021603195 
594 4 17 23 0.021603195 
295 640 8 11 0.021603195 
970 351 8 10 0.021603195 
895 676 18 20 0.021603195 
825 364 9 12 0.021603195 
887 382 17 20 0.021603195 
833 364 13 18 0.021603195 
940 226 17 22 0.021603195 
849 346 13 17 0.021603195 
272 300 11 16 0.021603195 
173 118 15 17 0.021603195 
504 190 22 25 0.021603195 
169 389 14 16 0.021603195 
275 217 8 10 0.021603195 
619 199 16 21 0.021603195 
957 324 9 12 0.021603195 
927 485 68 96 0.021360904 
662 654 26 35 0.021360898 
1000 126 22 39 0.021360898 
414 614 56 79 0.021360898 
72 40 24 31 0.021360898 
609 602 24 31 0.021360898 
597 356 29 46 0.021360898 
408 434 36 44 0.021360898 
623 194 23 28 0.021360898 
247 60 24 29 0.021360898 
502 168 63 76 0.021360898 
561 630 47 63 0.021360893 
471 44 87 106 0.0201599 
373 456 90 123 0.0201599 
557 428 93 136 0.0201599 
434 134 175 226 0.0201599 
