25_Soldier_Patrol_Soldier_Patrol_25_1046
82
746 390 29 51 0.83741444 
863 342 32 61 0.76563126 
826 593 19 38 0.4141967 
254 394 24 43 0.4141967 
777 585 25 55 0.188928 
533 93 67 79 0.12872264 
854 331 59 94 0.09308393 
510 84 8 15 0.074940585 
859 291 51 94 0.06655857 
879 281 34 58 0.06655857 
846 305 95 191 0.064067975 
517 473 6 12 0.05879275 
639 378 48 89 0.056098126 
439 385 5 10 0.054176662 
770 391 15 28 0.04990379 
838 535 24 45 0.047198545 
231 351 91 197 0.045153897 
223 653 25 47 0.039651494 
944 504 25 54 0.039651494 
464 376 5 10 0.038923774 
463 383 5 11 0.038923774 
465 399 5 9 0.038923774 
467 371 5 10 0.038923774 
595 533 6 12 0.038923774 
789 389 14 28 0.038923774 
467 597 53 96 0.036325645 
441 402 6 13 0.035808332 
81 496 4 9 0.035808332 
703 526 28 54 0.033269096 
238 421 46 106 0.033269096 
362 307 111 242 0.03163486 
219 408 29 56 0.030461604 
731 392 47 81 0.030461596 
498 390 6 12 0.030282615 
482 391 5 9 0.030282615 
448 333 6 11 0.030282615 
169 16 6 12 0.030282615 
481 332 5 9 0.030282615 
7 623 6 12 0.030282615 
446 109 5 10 0.030282615 
472 384 5 10 0.030282615 
467 399 5 10 0.030282615 
812 600 31 55 0.027884193 
739 403 28 51 0.027884193 
516 464 6 12 0.027838783 
12 632 6 12 0.027838783 
514 384 6 12 0.027838783 
473 365 4 8 0.027838778 
229 416 15 27 0.027838778 
338 321 183 383 0.026434705 
32 453 225 431 0.026434705 
788 448 15 35 0.02558696 
440 389 6 11 0.02558696 
458 402 6 11 0.02558696 
443 109 5 10 0.02558696 
442 378 5 9 0.02558696 
473 311 7 14 0.02558696 
509 68 6 12 0.02558696 
506 404 5 10 0.02558696 
747 361 46 83 0.025519116 
758 385 26 48 0.025519116 
518 34 212 372 0.024156325 
536 308 197 394 0.024156325 
456 389 5 10 0.02351288 
687 456 15 29 0.02351288 
482 325 5 10 0.02351288 
864 345 18 40 0.02351288 
448 384 5 11 0.02351288 
254 406 51 128 0.023349825 
991 213 23 51 0.023349825 
764 716 136 206 0.022069868 
886 340 19 36 0.021603195 
443 121 5 9 0.021603195 
70 515 6 12 0.021603195 
228 420 9 16 0.021603195 
460 344 5 11 0.021603195 
81 491 4 8 0.021603195 
835 313 6 12 0.021603195 
816 753 73 128 0.021360904 
839 363 58 132 0.021360898 
971 295 26 57 0.021360898 
853 356 30 61 0.021360898 
