25_Soldier_Patrol_Soldier_Patrol_25_882
60
-8 1 138 222 0.8001182 
800 426 197 232 0.4310897 
800 504 63 78 0.188928 
267 453 212 277 0.14717786 
188 103 235 321 0.1254451 
156 365 114 158 0.115646794 
794 501 107 119 0.1065206 
831 463 111 149 0.08285364 
538 500 65 77 0.07880669 
204 410 200 269 0.076092646 
691 496 28 34 0.06655858 
124 224 24 29 0.06111947 
856 478 67 85 0.056098126 
120 338 232 261 0.04931264 
568 136 225 261 0.04931264 
576 370 22 29 0.047198545 
45 5 134 175 0.04133062 
615 475 71 87 0.039651502 
636 451 9 10 0.038923774 
614 411 6 7 0.038923774 
532 112 111 149 0.03781825 
365 408 17 22 0.035808332 
673 481 48 57 0.033269096 
632 454 12 15 0.03293372 
728 124 239 254 0.03163486 
81 -35 218 254 0.03163486 
882 508 56 62 0.030461596 
805 520 41 45 0.030461596 
528 97 19 25 0.030282615 
904 520 7 8 0.030282615 
778 517 50 68 0.027884193 
893 524 31 34 0.027884193 
513 440 35 39 0.027884193 
937 483 6 8 0.027838783 
218 210 14 20 0.027838783 
942 495 7 8 0.027838783 
454 134 209 254 0.02643471 
760 472 100 134 0.026434705 
934 510 16 20 0.02558696 
647 478 57 73 0.025519116 
818 150 69 82 0.025519116 
711 369 215 285 0.024156325 
474 -35 200 250 0.024156325 
608 423 13 17 0.02351288 
928 499 12 15 0.02351288 
634 458 7 9 0.02351288 
928 444 56 64 0.023349825 
783 534 68 75 0.023349825 
523 522 64 73 0.023349825 
506 430 58 61 0.023349825 
168 443 71 94 0.023349825 
577 -2 257 298 0.022069868 
723 503 18 21 0.021603195 
337 532 50 68 0.021360904 
96 602 85 72 0.021360898 
612 417 23 26 0.021360898 
275 618 25 36 0.021360898 
509 165 56 68 0.021360898 
469 454 209 257 0.0201599 
533 482 107 138 0.0201599 
