25_Soldier_Patrol_Soldier_Patrol_25_993
66
188 52 104 159 0.99845755 
575 215 128 208 0.9815879 
838 352 191 221 0.9798401 
751 418 69 83 0.7815748 
143 64 203 260 0.6563978 
415 248 79 100 0.5227497 
433 302 228 268 0.4310897 
64 33 45 69 0.4099317 
-48 468 209 234 0.3864298 
344 344 232 264 0.28400344 
492 234 186 234 0.24794048 
651 -30 134 164 0.2311026 
834 410 61 76 0.188928 
683 302 134 188 0.18550259 
401 463 126 157 0.17193554 
374 254 106 164 0.17193554 
209 13 232 264 0.15916686 
641 268 124 169 0.13594593 
282 254 218 276 0.13594593 
469 208 106 159 0.1065206 
42 98 242 292 0.09803478 
631 233 79 113 0.07880669 
147 60 69 89 0.07880669 
55 421 261 297 0.076092646 
251 41 132 172 0.076092646 
826 248 65 89 0.07244435 
451 244 69 107 0.07244435 
432 414 142 159 0.064067975 
123 63 62 74 0.056098126 
256 69 78 86 0.056098126 
-8 292 188 234 0.053832818 
828 384 123 140 0.04931264 
29 156 75 95 0.047198545 
713 237 209 284 0.045153897 
273 54 242 306 0.045153897 
73 51 63 74 0.039651502 
824 272 30 41 0.039651494 
9 413 132 214 0.03781825 
331 277 123 185 0.03781825 
746 606 29 39 0.033269096 
232 238 58 58 0.033269096 
612 185 71 89 0.033269096 
715 345 82 86 0.033269096 
646 295 18 22 0.032933712 
89 273 212 284 0.03163486 
237 328 194 276 0.03163486 
832 224 123 144 0.03163486 
715 383 93 104 0.03163486 
291 441 197 231 0.03163486 
38 155 30 29 0.030461604 
824 437 54 72 0.030461596 
410 221 194 268 0.028921604 
232 114 62 104 0.027884193 
171 414 242 284 0.026434705 
103 40 104 140 0.026434705 
533 -3 71 92 0.025519116 
814 256 50 66 0.025519116 
759 540 52 86 0.025519116 
251 423 53 90 0.025519116 
795 216 106 142 0.024156325 
232 196 209 264 0.022069868 
663 13 30 33 0.021360904 
662 237 67 83 0.021360898 
488 320 123 172 0.0201599 
29 517 158 155 0.0201599 
800 377 93 122 0.0201599 
