25_Soldier_Patrol_Soldier_Patrol_25_469
176
267 100 70 96 0.9996031 
912 163 65 81 0.99891996 
603 177 53 78 0.9944617 
397 329 30 41 0.82463235 
1 31 134 188 0.73441863 
441 536 57 67 0.5 
598 398 56 71 0.47725022 
764 676 23 27 0.4099317 
142 504 52 60 0.32552502 
720 679 27 29 0.32552502 
177 44 25 36 0.268611 
845 566 59 66 0.21842523 
162 282 61 101 0.188928 
952 586 57 87 0.1753677 
341 446 69 98 0.16258557 
742 638 25 32 0.16258556 
527 300 16 22 0.13944872 
388 596 25 34 0.13928533 
933 364 68 93 0.109639935 
377 536 56 72 0.109639935 
340 626 8 11 0.09507551 
480 160 58 91 0.09308395 
475 257 123 174 0.090156734 
792 523 53 67 0.08567618 
293 187 109 138 0.08285364 
0 12 16 30 0.08117401 
621 235 57 71 0.07880669 
218 525 58 66 0.07880669 
384 212 203 297 0.076092646 
104 204 116 193 0.064067975 
259 624 52 62 0.06111947 
615 184 73 98 0.06111947 
390 557 30 38 0.06111947 
735 684 24 26 0.05879275 
190 355 109 144 0.05874174 
244 647 28 36 0.051466707 
873 456 36 41 0.051466707 
199 617 33 36 0.051466707 
402 673 14 16 0.04990379 
535 123 80 144 0.04931264 
758 607 57 53 0.047198545 
895 288 30 39 0.047198545 
571 312 33 36 0.047198545 
578 624 50 63 0.047198545 
778 349 28 37 0.04326818 
730 630 27 33 0.04326818 
868 455 58 65 0.04326818 
640 346 57 56 0.04326818 
765 527 60 69 0.04326818 
773 549 29 37 0.04326818 
740 560 58 67 0.04326818 
302 473 61 69 0.04326818 
692 674 14 19 0.04229837 
703 77 15 19 0.04229837 
725 6 7 8 0.04229837 
403 321 20 22 0.04229837 
567 144 81 120 0.04133061 
625 366 59 63 0.039651502 
325 472 24 37 0.039651502 
276 605 62 76 0.039651502 
364 653 9 11 0.038923774 
782 22 11 15 0.038923774 
480 114 98 140 0.03781825 
723 599 54 63 0.036325652 
45 519 49 66 0.036325652 
258 639 32 40 0.036325652 
733 668 28 31 0.036325652 
644 601 68 76 0.036325652 
327 455 51 71 0.036325645 
799 3 8 10 0.035808332 
748 654 18 22 0.035808332 
380 574 45 56 0.033269096 
648 244 35 45 0.033269096 
682 668 27 31 0.033269096 
348 485 74 90 0.033269096 
650 652 8 11 0.03293372 
379 642 7 9 0.032933712 
761 685 19 23 0.032933712 
420 668 7 10 0.032933712 
313 59 170 276 0.03163486 
644 17 215 297 0.03163486 
2 548 18 40 0.030461604 
486 186 33 58 0.030461604 
140 407 34 42 0.030461604 
595 516 59 72 0.030461596 
618 603 55 68 0.030461596 
765 664 28 32 0.030461596 
561 300 54 58 0.030461596 
353 637 7 9 0.030282615 
754 203 13 19 0.030282615 
2 94 8 13 0.030282615 
715 570 126 114 0.028921604 
728 508 29 36 0.027884193 
817 518 57 67 0.027884193 
786 336 49 71 0.027884193 
421 628 27 38 0.027884193 
64 539 26 41 0.027884193 
981 592 43 84 0.027884193 
721 586 33 36 0.027884193 
989 304 38 74 0.027884185 
238 627 46 56 0.027884185 
931 564 61 81 0.027884185 
679 221 63 85 0.027884185 
857 298 51 82 0.027884185 
670 80 12 18 0.027838783 
379 694 17 17 0.027838778 
360 652 8 10 0.027838778 
64 549 16 21 0.027838778 
748 593 17 20 0.027838778 
452 153 97 142 0.026434705 
42 15 103 126 0.026434705 
426 547 95 124 0.026434705 
378 672 14 18 0.02558696 
792 27 8 10 0.02558696 
351 654 7 9 0.02558696 
738 56 14 18 0.02558696 
121 616 8 10 0.02558696 
403 568 17 23 0.02558696 
439 659 18 25 0.02558696 
750 307 16 20 0.02558696 
282 340 75 73 0.025519116 
769 611 36 32 0.025519116 
785 329 26 33 0.025519116 
721 673 48 45 0.025519116 
354 466 41 54 0.025519116 
752 655 50 54 0.025519116 
91 557 25 32 0.025519116 
736 -19 206 280 0.024156325 
364 634 7 9 0.02351288 
114 576 7 9 0.02351288 
28 323 17 23 0.02351288 
402 637 13 16 0.02351288 
267 647 18 25 0.02351288 
435 580 62 69 0.023349825 
403 534 58 76 0.023349825 
373 99 51 94 0.023349825 
991 340 29 49 0.023349825 
786 356 28 42 0.023349825 
609 378 58 69 0.023349825 
741 594 31 36 0.023349825 
24 528 57 74 0.023349825 
637 621 31 38 0.023349825 
432 487 65 93 0.023349825 
414 686 27 23 0.023349825 
732 627 44 55 0.023349825 
672 629 55 62 0.023349825 
686 113 31 43 0.023349825 
926 319 25 32 0.023349825 
514 287 70 80 0.023349825 
1 204 51 77 0.023349825 
820 306 56 85 0.023349825 
545 19 29 33 0.023349825 
586 319 35 41 0.023349825 
413 618 54 65 0.023349825 
754 45 25 31 0.023349825 
363 76 103 169 0.022069868 
331 485 14 17 0.021603195 
106 559 15 20 0.021603195 
733 563 19 21 0.021603195 
394 625 8 10 0.021603195 
773 645 15 17 0.021603195 
369 677 6 9 0.021603195 
173 18 43 58 0.021360904 
334 202 73 85 0.021360904 
136 501 37 43 0.021360898 
439 645 28 35 0.021360898 
535 4 30 33 0.021360898 
804 539 55 72 0.021360898 
233 636 31 36 0.021360898 
43 317 25 33 0.021360898 
276 106 94 162 0.020159906 
321 419 112 159 0.0201599 
822 533 94 117 0.0201599 
856 528 109 159 0.0201599 
290 442 100 119 0.0201599 
380 491 104 120 0.0201599 
