25_Soldier_Patrol_Soldier_Patrol_25_271
81
522 338 19 21 0.97839683 
143 53 17 20 0.88893 
889 228 121 216 0.30317584 
505 374 15 20 0.278228 
173 83 209 282 0.26558137 
134 52 14 20 0.19995552 
544 375 14 19 0.16157512 
265 69 225 282 0.15916686 
542 195 218 294 0.1065206 
120 29 203 266 0.1065206 
474 386 14 15 0.08787667 
570 398 7 9 0.08787667 
834 382 103 161 0.076092646 
794 337 180 254 0.076092646 
114 73 17 21 0.074940585 
47 154 228 266 0.06984133 
834 238 209 299 0.06984133 
625 23 60 78 0.06655857 
732 366 119 139 0.064067975 
901 37 46 59 0.06111947 
765 392 73 82 0.056098126 
337 7 228 290 0.053832818 
167 567 8 9 0.04990379 
607 532 111 143 0.04931264 
727 128 212 254 0.04931264 
528 395 16 20 0.04595155 
518 368 13 18 0.04595155 
151 52 9 13 0.045951538 
511 371 15 21 0.045951538 
645 281 209 233 0.045153897 
830 143 170 258 0.045153897 
631 245 112 173 0.03781825 
538 373 13 18 0.035808332 
567 226 11 16 0.035808332 
151 38 123 173 0.034593605 
64 208 119 163 0.034593593 
531 370 13 19 0.032933712 
909 169 109 178 0.03163486 
150 26 54 67 0.030461596 
847 184 69 77 0.030461596 
569 284 25 33 0.030461596 
267 435 28 36 0.030461596 
257 407 50 68 0.030461596 
0 140 5 8 0.030282615 
457 417 13 18 0.030282615 
409 -52 249 286 0.028921604 
548 484 222 226 0.028921604 
260 472 22 29 0.027884193 
517 343 21 26 0.027884193 
560 421 9 10 0.027838783 
218 225 19 21 0.027838783 
523 368 13 18 0.027838778 
135 51 8 13 0.027838778 
180 588 6 7 0.027838778 
254 390 228 269 0.02643471 
875 511 126 145 0.02643471 
189 -43 222 262 0.02643471 
419 333 106 123 0.026434705 
266 141 138 168 0.026434705 
330 416 9 12 0.02558696 
584 220 13 21 0.02558696 
171 567 7 8 0.02558696 
110 86 25 34 0.025519116 
455 409 21 29 0.025519116 
276 396 51 75 0.025519116 
155 574 16 19 0.02351288 
467 391 13 16 0.02351288 
482 417 13 19 0.02351288 
102 107 4 5 0.02351288 
219 436 44 60 0.023349825 
137 254 85 82 0.023349825 
329 64 65 74 0.023349825 
818 437 228 236 0.022069868 
117 227 124 154 0.022069868 
539 378 7 10 0.021603195 
557 413 12 15 0.021603195 
126 57 13 17 0.021603195 
830 33 67 69 0.021360904 
699 52 52 68 0.021360898 
152 48 26 36 0.021360898 
217 223 218 250 0.020159906 
