5_Car_Accident_Accident_5_234
662
423 509 14 20 0.9697174 
658 486 20 27 0.9458233 
344 411 35 38 0.89036 
887 291 11 14 0.8263381 
866 353 16 19 0.7858201 
454 338 13 17 0.77087367 
802 259 9 12 0.77087367 
787 297 11 16 0.6856687 
808 236 9 12 0.66669756 
354 465 15 19 0.64717066 
356 375 19 24 0.5858033 
776 232 9 11 0.56463194 
414 315 10 13 0.56463194 
473 332 11 15 0.47834834 
72 564 19 20 0.43536806 
603 570 12 21 0.4141967 
727 121 6 8 0.4141967 
416 401 19 23 0.3728605 
775 195 6 8 0.3728605 
808 316 16 20 0.35282937 
273 388 18 22 0.33330244 
811 277 12 15 0.33330244 
320 438 17 22 0.33330244 
874 260 12 17 0.33330244 
750 121 6 8 0.33330244 
561 148 6 8 0.31433135 
32 569 18 23 0.31433135 
164 422 19 30 0.30585766 
13 569 14 20 0.29596066 
618 127 8 9 0.27822798 
428 585 24 35 0.268611 
418 434 14 17 0.26116365 
274 557 12 22 0.26116365 
788 341 25 35 0.2511021 
581 538 13 18 0.24479094 
592 128 6 7 0.22912638 
583 127 6 8 0.22912635 
433 171 5 7 0.22912635 
771 170 7 9 0.2141799 
498 171 6 8 0.2141799 
587 141 6 7 0.2141799 
792 105 7 9 0.2141799 
868 291 8 11 0.19995552 
773 137 6 8 0.1864517 
422 270 13 18 0.18645167 
673 117 6 8 0.17366187 
782 290 14 20 0.17366187 
610 167 6 9 0.17366186 
130 475 20 31 0.16258556 
782 208 8 9 0.16157512 
337 346 11 20 0.16157512 
775 277 17 23 0.15017675 
809 282 9 10 0.15017675 
449 186 7 8 0.15017675 
485 168 6 8 0.13944872 
579 127 6 7 0.13944872 
535 160 5 6 0.1293704 
23 570 20 24 0.12872264 
667 123 5 6 0.11991897 
579 159 6 8 0.11991897 
451 172 5 7 0.11991897 
238 483 14 18 0.11991897 
682 114 5 6 0.11991897 
65 487 29 42 0.118850335 
456 347 10 13 0.111069925 
890 347 12 20 0.111069925 
546 146 5 7 0.111069925 
817 522 26 33 0.109639935 
651 110 4 6 0.10279763 
586 128 6 8 0.10279763 
643 126 6 8 0.10279763 
898 272 8 10 0.10279763 
488 168 8 10 0.102797605 
39 521 12 17 0.102797605 
208 402 11 16 0.102797605 
284 248 74 93 0.10106142 
411 349 10 12 0.09507551 
501 163 5 7 0.09507551 
467 183 10 15 0.09507551 
755 332 12 16 0.09507551 
818 236 6 10 0.09507551 
732 89 4 5 0.09507551 
799 320 22 27 0.09308395 
572 146 5 7 0.08787667 
184 425 15 21 0.08787667 
215 491 7 11 0.08787667 
661 631 24 29 0.08567616 
227 412 14 16 0.08117401 
787 140 6 7 0.08117401 
869 255 7 10 0.08117401 
699 114 5 7 0.08117401 
308 482 16 21 0.08117401 
752 211 8 11 0.08117401 
775 109 5 6 0.08117401 
28 546 23 29 0.07880669 
825 524 30 39 0.07880669 
670 114 6 8 0.074940585 
600 163 7 9 0.074940585 
540 148 6 8 0.074940585 
799 391 8 11 0.074940585 
519 185 7 9 0.074940585 
537 489 15 20 0.07494057 
694 114 5 6 0.07494057 
676 115 5 7 0.07494057 
856 189 218 277 0.06984133 
404 348 14 17 0.069149815 
492 170 8 9 0.069149815 
636 576 20 25 0.0691498 
751 105 5 7 0.0691498 
804 282 8 11 0.0691498 
657 111 4 6 0.0691498 
669 119 5 7 0.0691498 
334 314 9 11 0.0691498 
785 110 5 6 0.0691498 
575 534 23 30 0.06655857 
682 127 6 7 0.06377564 
761 331 8 13 0.06377564 
662 468 14 19 0.06377564 
447 171 6 8 0.06377564 
519 157 4 5 0.06377564 
639 128 6 7 0.06377564 
466 180 8 10 0.06377564 
692 115 4 6 0.06377564 
754 511 24 28 0.06111947 
893 270 9 11 0.05879275 
644 637 18 21 0.05879275 
499 185 6 8 0.05879275 
747 83 4 5 0.05879275 
424 427 15 23 0.05879275 
400 352 14 18 0.05879275 
450 340 10 13 0.05879275 
738 85 4 5 0.05879275 
257 557 16 26 0.05879275 
420 175 6 8 0.05879275 
382 321 9 12 0.05879275 
272 398 17 21 0.05879275 
593 541 23 29 0.056098126 
537 557 58 77 0.056098126 
432 175 6 9 0.054176662 
121 571 20 25 0.054176662 
868 269 13 16 0.054176662 
264 558 16 25 0.054176662 
815 273 14 20 0.054176662 
461 340 8 13 0.054176662 
773 339 8 10 0.054176662 
506 164 5 7 0.054176662 
309 401 13 17 0.054176662 
286 588 23 39 0.051466707 
267 482 19 25 0.051466707 
669 433 54 66 0.051466707 
639 645 29 38 0.051466707 
651 106 4 5 0.04990379 
768 150 5 6 0.04990379 
763 117 6 8 0.04990379 
668 133 5 6 0.04990379 
771 264 15 18 0.04990379 
621 109 5 7 0.04990379 
689 84 5 7 0.04990379 
259 449 19 21 0.04990379 
765 167 7 9 0.04990379 
732 108 5 7 0.04990379 
553 141 6 8 0.04990379 
751 670 13 25 0.04990379 
760 83 4 6 0.04990379 
490 164 6 9 0.049903784 
788 327 14 20 0.049903784 
694 403 35 41 0.047198545 
834 261 12 17 0.04595155 
730 106 5 6 0.04595155 
665 134 5 7 0.04595155 
656 124 4 6 0.04595155 
733 91 4 6 0.04595155 
653 123 4 6 0.04595155 
533 162 5 7 0.04595155 
199 484 12 18 0.04595155 
546 164 5 6 0.04595155 
498 162 7 9 0.04595155 
656 161 5 6 0.04595155 
66 558 14 18 0.045951538 
695 112 4 5 0.045951538 
724 325 15 20 0.045951538 
564 146 5 6 0.045951538 
554 136 5 6 0.045951538 
664 470 8 10 0.045951538 
360 275 15 19 0.045951538 
887 283 14 17 0.045951538 
575 523 14 24 0.045951538 
493 164 6 8 0.045951538 
649 160 4 6 0.045951538 
485 193 7 9 0.045951538 
18 525 25 35 0.04326818 
667 430 36 43 0.04326818 
788 222 6 9 0.04229837 
652 120 4 5 0.04229837 
538 146 5 7 0.04229837 
764 97 5 7 0.04229837 
587 546 18 21 0.04229837 
75 519 8 11 0.04229837 
813 233 10 14 0.04229837 
870 251 9 11 0.04229837 
652 127 5 7 0.04229837 
734 129 5 6 0.04229837 
528 602 12 19 0.04229837 
599 171 6 9 0.04229837 
765 110 6 7 0.04229837 
749 335 14 16 0.04229837 
345 425 18 22 0.04229837 
636 115 4 6 0.04229837 
443 171 6 9 0.04229837 
788 107 7 9 0.04229837 
218 493 7 10 0.04229837 
214 402 9 13 0.04229837 
501 167 6 8 0.04229837 
604 176 6 7 0.04229837 
339 347 20 27 0.039651502 
790 325 23 28 0.039651502 
267 518 17 26 0.039651502 
869 200 56 70 0.039651494 
582 126 11 13 0.038923774 
763 101 6 7 0.038923774 
12 572 7 13 0.038923774 
267 391 9 13 0.038923774 
595 130 6 8 0.038923774 
763 189 7 9 0.038923774 
752 220 8 12 0.038923774 
127 266 7 8 0.038923774 
588 126 11 14 0.038923774 
772 194 6 8 0.038923774 
438 187 5 6 0.038923774 
686 473 18 18 0.038923774 
432 405 9 12 0.038923774 
698 111 4 6 0.038923774 
204 421 11 19 0.038923774 
870 277 9 11 0.038923774 
741 105 5 6 0.038923774 
742 92 4 5 0.038923774 
36 580 27 36 0.036325652 
94 483 28 39 0.036325652 
776 630 38 31 0.036325652 
711 401 32 43 0.036325645 
635 618 22 28 0.036325645 
195 378 23 31 0.036325645 
755 288 10 17 0.035808332 
584 140 11 13 0.035808332 
750 89 4 5 0.035808332 
763 206 8 10 0.035808332 
344 331 11 15 0.035808332 
862 237 7 10 0.035808332 
660 124 5 6 0.035808332 
480 184 6 9 0.035808332 
784 155 4 6 0.035808332 
738 87 4 5 0.035808332 
760 102 5 6 0.035808332 
742 122 6 8 0.035808332 
730 91 5 6 0.035808332 
546 160 6 7 0.035808332 
453 185 6 9 0.035808332 
425 181 5 7 0.035808332 
898 266 7 9 0.035808332 
584 137 6 8 0.035808332 
765 106 5 6 0.035808332 
536 171 11 16 0.035808332 
378 315 11 16 0.035808332 
741 101 5 6 0.035808332 
204 410 13 20 0.035808332 
721 135 6 8 0.035808332 
282 391 10 15 0.035808332 
721 352 14 19 0.035808332 
454 172 5 7 0.035808332 
674 449 30 34 0.033269096 
685 463 29 38 0.033269096 
292 525 20 28 0.033269096 
624 680 26 30 0.033269096 
225 520 24 29 0.033269096 
763 199 6 8 0.03293372 
785 138 6 7 0.03293372 
595 557 17 22 0.03293372 
575 141 6 7 0.03293372 
897 124 7 10 0.03293372 
772 109 5 6 0.03293372 
733 85 4 5 0.03293372 
515 164 5 7 0.03293372 
646 174 6 8 0.03293372 
603 172 6 9 0.03293372 
691 118 5 6 0.03293372 
648 120 4 5 0.03293372 
776 149 5 7 0.03293372 
742 88 4 5 0.032933712 
674 102 4 6 0.032933712 
787 119 5 7 0.032933712 
519 192 7 9 0.032933712 
706 58 6 8 0.032933712 
552 169 7 9 0.032933712 
679 127 5 6 0.032933712 
885 351 12 19 0.032933712 
746 87 4 5 0.032933712 
656 120 4 6 0.032933712 
612 164 6 7 0.032933712 
665 126 5 7 0.032933712 
737 106 5 7 0.032933712 
758 118 5 8 0.032933712 
806 153 6 9 0.032933712 
626 110 5 7 0.032933712 
45 548 14 23 0.032933712 
724 95 5 6 0.032933712 
580 540 8 11 0.032933712 
432 574 45 62 0.030461596 
175 424 21 29 0.030461596 
868 249 21 28 0.030461596 
856 428 51 71 0.030461596 
56 493 44 59 0.030461596 
759 105 5 7 0.030282615 
742 76 4 5 0.030282615 
240 378 15 20 0.030282615 
266 385 15 22 0.030282615 
638 610 18 24 0.030282615 
636 629 17 26 0.030282615 
687 499 17 22 0.030282615 
629 111 5 6 0.030282615 
218 402 8 12 0.030282615 
537 179 8 11 0.030282615 
801 104 5 7 0.030282615 
591 199 6 7 0.030282615 
196 424 16 20 0.030282615 
707 84 4 5 0.030282615 
653 634 19 23 0.030282615 
141 414 20 22 0.030282615 
626 127 5 8 0.030282615 
631 573 18 23 0.030282615 
655 127 5 7 0.030282615 
328 409 14 18 0.030282615 
590 137 6 8 0.030282615 
636 128 4 6 0.030282615 
453 351 10 11 0.030282615 
786 82 6 8 0.030282615 
532 149 5 6 0.030282615 
753 102 5 7 0.030282615 
708 87 4 6 0.030282615 
745 122 5 8 0.030282615 
630 123 6 8 0.030282615 
224 495 7 10 0.030282615 
213 492 11 17 0.030282615 
867 280 13 17 0.030282615 
730 44 9 11 0.030282615 
787 211 6 8 0.030282615 
719 42 5 7 0.030282615 
837 523 18 25 0.030282615 
791 141 5 7 0.030282615 
638 115 5 6 0.030282615 
631 120 5 7 0.030282615 
524 150 5 6 0.030282615 
765 100 6 7 0.030282615 
664 466 28 31 0.027884193 
738 532 25 33 0.027884193 
794 558 22 31 0.027884193 
282 520 19 28 0.027884193 
652 404 57 64 0.027884193 
432 572 25 36 0.027884193 
54 553 21 27 0.027884193 
808 506 52 55 0.027884193 
835 538 29 38 0.027884193 
20 502 47 63 0.027884185 
160 411 36 52 0.027884185 
876 258 8 11 0.027838783 
337 360 14 18 0.027838783 
589 541 9 13 0.027838783 
503 155 4 6 0.027838783 
765 130 7 8 0.027838783 
597 164 11 15 0.027838783 
685 124 5 7 0.027838783 
514 189 7 9 0.027838783 
874 332 8 10 0.027838783 
704 127 5 6 0.027838783 
868 255 13 17 0.027838783 
442 190 5 7 0.027838783 
701 114 6 8 0.027838783 
731 114 5 7 0.027838783 
690 81 4 6 0.027838783 
673 112 5 7 0.027838783 
371 313 12 16 0.027838783 
784 80 6 8 0.027838783 
676 101 5 7 0.027838783 
651 102 5 6 0.027838783 
250 557 14 23 0.027838783 
808 316 10 12 0.027838783 
771 133 6 9 0.027838783 
694 137 5 6 0.027838783 
586 159 6 9 0.027838783 
770 145 5 7 0.027838783 
298 430 14 21 0.027838783 
787 87 5 7 0.027838783 
314 437 16 20 0.027838783 
844 434 10 16 0.027838783 
594 532 18 24 0.027838783 
732 103 5 6 0.027838778 
243 482 16 22 0.027838778 
768 153 5 7 0.027838778 
745 113 5 7 0.027838778 
890 261 7 10 0.027838778 
595 557 9 12 0.027838778 
550 141 6 8 0.027838778 
809 192 8 10 0.027838778 
491 163 11 14 0.027838778 
749 527 13 23 0.027838778 
809 109 5 6 0.027838778 
497 187 8 11 0.02558696 
434 191 6 8 0.02558696 
433 342 8 12 0.02558696 
339 339 12 19 0.02558696 
867 350 11 13 0.02558696 
510 190 7 9 0.02558696 
400 354 8 10 0.02558696 
875 351 13 19 0.02558696 
485 360 13 18 0.02558696 
758 188 7 9 0.02558696 
356 367 16 20 0.02558696 
356 371 9 11 0.02558696 
356 375 10 13 0.02558696 
784 106 5 7 0.02558696 
649 107 4 5 0.02558696 
375 311 11 15 0.02558696 
427 501 15 22 0.02558696 
755 97 4 5 0.02558696 
224 409 13 16 0.02558696 
272 381 15 17 0.02558696 
509 346 7 10 0.02558696 
515 185 7 9 0.02558696 
707 92 5 6 0.02558696 
553 153 6 8 0.02558696 
772 196 11 15 0.02558696 
651 160 5 7 0.02558696 
789 91 5 6 0.02558696 
544 166 6 8 0.02558696 
749 109 5 7 0.02558696 
413 213 4 6 0.02558696 
523 155 5 6 0.02558696 
125 477 16 26 0.02558696 
357 292 7 10 0.02558696 
649 114 4 6 0.02558696 
668 163 6 8 0.02558696 
674 161 4 5 0.02558696 
642 160 5 7 0.02558696 
645 124 6 8 0.02558696 
754 126 5 8 0.02558696 
620 695 18 20 0.02558696 
613 122 11 14 0.02558696 
758 198 6 8 0.02558696 
817 241 7 11 0.02558696 
718 123 7 8 0.02558696 
674 121 5 7 0.02558696 
628 124 5 7 0.02558696 
749 80 5 6 0.02558696 
354 275 14 18 0.02558696 
185 519 17 21 0.02558696 
647 506 8 10 0.02558696 
564 149 5 7 0.02558696 
577 144 7 9 0.02558696 
749 115 6 8 0.02558696 
661 133 5 6 0.02558696 
779 150 6 7 0.02558696 
804 318 9 11 0.02558696 
801 174 7 8 0.02558696 
771 233 8 11 0.02558696 
757 194 7 9 0.02558696 
810 105 6 8 0.02558696 
79 541 8 11 0.02558696 
543 145 9 13 0.02558696 
777 136 6 8 0.02558696 
556 141 6 8 0.02558696 
614 641 46 62 0.025519116 
72 571 26 32 0.025519116 
332 396 22 29 0.025519116 
358 418 29 38 0.025519116 
413 411 21 29 0.025519116 
553 570 35 48 0.025519116 
799 516 40 58 0.025519116 
732 614 29 37 0.025519116 
381 437 20 29 0.025519116 
781 297 22 26 0.025519116 
656 446 101 121 0.024156325 
39 571 10 15 0.02351288 
81 568 10 11 0.02351288 
44 573 15 21 0.02351288 
605 133 5 7 0.02351288 
599 132 6 7 0.02351288 
550 137 5 6 0.02351288 
682 137 5 7 0.02351288 
691 137 4 6 0.02351288 
711 39 5 6 0.02351288 
406 339 15 19 0.02351288 
70 567 10 12 0.02351288 
562 143 6 8 0.02351288 
745 106 5 6 0.02351288 
779 106 5 7 0.02351288 
764 127 6 8 0.02351288 
911 123 9 11 0.02351288 
638 547 17 24 0.02351288 
278 555 9 15 0.02351288 
790 274 13 19 0.02351288 
566 141 5 6 0.02351288 
585 546 10 14 0.02351288 
760 141 6 7 0.02351288 
595 525 15 20 0.02351288 
440 339 12 17 0.02351288 
766 186 7 9 0.02351288 
789 291 14 19 0.02351288 
880 359 12 17 0.02351288 
845 255 7 10 0.02351288 
240 381 9 11 0.02351288 
786 331 10 14 0.02351288 
870 346 15 19 0.02351288 
817 262 8 12 0.02351288 
382 264 14 20 0.02351288 
360 291 7 10 0.02351288 
339 256 14 18 0.02351288 
546 194 7 8 0.02351288 
780 102 5 7 0.02351288 
755 198 5 7 0.02351288 
351 304 12 16 0.02351288 
755 219 10 16 0.02351288 
711 105 6 9 0.02351288 
574 147 6 8 0.02351288 
506 159 5 7 0.02351288 
558 152 7 9 0.02351288 
763 155 5 7 0.02351288 
528 150 5 7 0.02351288 
547 149 7 10 0.02351288 
576 159 5 7 0.02351288 
603 161 5 7 0.02351288 
796 158 6 8 0.02351288 
541 164 5 7 0.02351288 
697 470 15 18 0.02351288 
578 480 17 23 0.02351288 
501 174 6 9 0.02351288 
792 112 6 7 0.02351288 
638 118 5 7 0.02351288 
677 122 5 6 0.02351288 
652 642 11 12 0.02351288 
658 113 6 7 0.02351288 
506 177 7 9 0.02351288 
753 108 5 7 0.02351288 
712 96 4 6 0.02351288 
707 70 5 7 0.02351288 
783 70 5 6 0.02351288 
814 78 6 8 0.02351288 
675 89 4 5 0.02351288 
653 92 5 6 0.02351288 
750 93 4 5 0.02351288 
729 96 5 6 0.02351288 
753 116 6 8 0.02351288 
621 112 6 8 0.02351288 
630 114 5 7 0.02351288 
329 444 10 13 0.02351288 
788 143 6 8 0.02351288 
295 416 17 24 0.02351288 
40 619 30 36 0.023349825 
295 533 23 30 0.023349825 
574 532 43 51 0.023349825 
630 626 46 51 0.023349825 
75 492 32 46 0.023349825 
194 571 50 76 0.023349825 
79 436 25 30 0.023349825 
855 164 50 66 0.023349825 
879 187 35 52 0.023349825 
326 319 22 29 0.023349825 
797 309 21 28 0.023349825 
878 242 58 67 0.023349825 
350 469 24 29 0.023349825 
435 22 232 269 0.022069868 
431 169 9 13 0.021603195 
798 166 6 8 0.021603195 
459 170 6 8 0.021603195 
603 166 7 10 0.021603195 
471 172 7 8 0.021603195 
481 169 6 9 0.021603195 
754 181 6 8 0.021603195 
43 531 9 11 0.021603195 
24 510 14 22 0.021603195 
517 159 5 7 0.021603195 
576 163 5 7 0.021603195 
548 169 12 17 0.021603195 
304 398 12 18 0.021603195 
41 531 14 19 0.021603195 
468 544 18 25 0.021603195 
437 563 19 25 0.021603195 
685 137 5 7 0.021603195 
809 185 11 15 0.021603195 
903 283 8 11 0.021603195 
355 286 13 18 0.021603195 
507 192 7 9 0.021603195 
581 156 7 9 0.021603195 
780 154 5 7 0.021603195 
387 320 12 16 0.021603195 
571 140 5 7 0.021603195 
855 200 8 12 0.021603195 
573 534 15 21 0.021603195 
778 141 6 7 0.021603195 
820 314 7 10 0.021603195 
808 148 7 11 0.021603195 
771 197 8 9 0.021603195 
698 558 14 18 0.021603195 
423 341 9 12 0.021603195 
750 97 4 6 0.021603195 
640 101 5 6 0.021603195 
627 106 5 7 0.021603195 
643 106 5 6 0.021603195 
742 110 5 6 0.021603195 
621 177 5 7 0.021603195 
5 574 12 23 0.021603195 
677 98 5 7 0.021603195 
685 93 5 6 0.021603195 
711 88 4 6 0.021603195 
759 73 5 6 0.021603195 
859 235 13 17 0.021603195 
420 269 9 13 0.021603195 
820 277 8 11 0.021603195 
800 220 6 9 0.021603195 
728 126 6 7 0.021603195 
741 126 5 7 0.021603195 
511 166 6 8 0.021603195 
415 346 11 15 0.021603195 
751 185 5 7 0.021603195 
428 344 9 11 0.021603195 
757 329 9 13 0.021603195 
543 485 16 23 0.021603195 
206 489 8 11 0.021603195 
766 158 6 8 0.021603195 
571 137 5 6 0.021603195 
440 167 12 15 0.021603195 
661 471 7 9 0.021603195 
643 120 5 7 0.021603195 
742 114 5 7 0.021603195 
791 223 8 10 0.021603195 
777 264 18 23 0.021603195 
731 119 5 7 0.021603195 
613 123 6 8 0.021603195 
123 274 4 6 0.021603195 
731 123 5 7 0.021603195 
774 226 9 11 0.021603195 
651 113 5 6 0.021603195 
765 114 6 8 0.021603195 
398 345 13 18 0.021603195 
764 164 5 8 0.021603195 
606 163 11 14 0.021603195 
780 230 8 10 0.021603195 
954 199 55 72 0.021360904 
20 532 42 51 0.021360904 
817 56 67 75 0.021360898 
470 44 57 66 0.021360898 
159 575 24 36 0.021360898 
811 529 52 67 0.021360898 
59 574 26 33 0.021360898 
69 505 27 37 0.021360898 
684 463 52 65 0.021360898 
200 590 27 43 0.021360898 
717 491 31 34 0.021360898 
765 279 24 30 0.021360898 
582 471 25 32 0.021360898 
191 371 46 58 0.021360898 
347 378 23 27 0.021360898 
831 441 24 36 0.021360898 
772 331 45 59 0.021360893 
