5_Car_Accident_Car_Crash_5_773
62
396 429 14 18 0.9801546 
630 444 13 16 0.97839683 
551 429 14 17 0.9458233 
326 410 14 18 0.94120723 
685 438 15 18 0.9121234 
466 436 14 18 0.84982324 
721 476 13 19 0.3933377 
9 457 16 20 0.35282937 
131 1 246 297 0.30317584 
740 260 87 126 0.2311026 
853 471 19 23 0.1293704 
583 555 31 37 0.109639935 
713 301 225 268 0.09803478 
271 487 7 8 0.069149815 
289 509 26 35 0.06655858 
342 188 178 260 0.064067975 
441 506 7 9 0.06377564 
556 307 35 45 0.051466707 
876 545 13 18 0.04990379 
660 299 8 11 0.045951538 
187 194 200 256 0.045153886 
31 11 242 292 0.04133061 
542 15 242 268 0.04133061 
2 463 16 22 0.038923774 
828 193 30 33 0.036325652 
346 509 16 19 0.035808332 
687 447 10 13 0.035808332 
958 509 17 20 0.035808332 
855 473 28 34 0.033269096 
298 455 12 19 0.03293372 
342 406 228 256 0.03163486 
61 220 212 297 0.03163486 
705 236 180 234 0.03163486 
835 203 52 70 0.030461596 
840 225 28 36 0.030461596 
928 511 18 21 0.030282615 
594 497 22 28 0.027884193 
836 211 28 34 0.027884185 
836 422 29 38 0.027884185 
515 286 8 10 0.027838783 
320 393 6 8 0.027838783 
905 506 9 11 0.027838778 
84 448 9 10 0.027838778 
0 470 9 13 0.02558696 
973 527 5 6 0.02558696 
296 458 7 9 0.02558696 
370 257 61 90 0.025519116 
785 466 55 70 0.025519116 
504 4 51 53 0.025519116 
544 2 47 31 0.025519116 
630 427 5 7 0.02351288 
874 539 25 30 0.023349825 
520 -2 57 47 0.023349825 
919 388 101 119 0.022069868 
605 428 14 16 0.021603195 
423 444 16 20 0.021603195 
554 410 5 7 0.021603195 
694 233 15 21 0.021603195 
1005 184 17 22 0.021603195 
274 483 7 8 0.021603195 
281 495 43 59 0.021360898 
367 88 191 271 0.0201599 
