5_Car_Accident_Car_Crash_5_365
113
278 159 32 37 0.98859274 
917 154 45 61 0.38809907 
838 527 24 30 0.3728605 
514 342 63 85 0.34582695 
265 303 73 99 0.34582692 
926 146 26 35 0.28687313 
366 342 17 25 0.17366187 
40 592 98 138 0.17193554 
917 143 25 34 0.15056497 
257 482 225 294 0.14717786 
823 199 20 23 0.1293704 
766 255 59 82 0.118850335 
397 -41 249 316 0.115646794 
155 534 119 183 0.09015675 
294 21 112 168 0.090156734 
928 143 18 20 0.08117401 
286 537 31 62 0.07880669 
206 376 28 37 0.07880669 
703 16 13 17 0.074940585 
441 505 31 41 0.07244435 
745 275 51 63 0.07244435 
314 8 228 294 0.06984133 
934 148 30 42 0.06655858 
815 397 59 67 0.06111947 
691 36 5 8 0.05879275 
673 0 6 7 0.05879275 
824 286 17 24 0.05879275 
509 328 107 153 0.05874174 
774 273 33 47 0.056098126 
468 346 34 54 0.056098126 
653 273 34 34 0.056098126 
181 491 183 261 0.053832814 
3 30 119 178 0.045153886 
498 486 32 48 0.04326818 
838 613 21 32 0.039651494 
297 75 69 91 0.039651494 
207 143 27 41 0.039651494 
622 0 19 21 0.038923774 
845 610 12 22 0.038923774 
779 513 103 149 0.03781825 
650 -7 106 151 0.03781825 
657 424 194 273 0.03781825 
292 469 23 32 0.036325652 
825 349 54 85 0.036325652 
462 485 52 65 0.036325652 
371 320 59 85 0.036325652 
268 137 52 61 0.036325652 
396 124 68 73 0.036325652 
779 234 91 151 0.034593605 
388 349 91 116 0.034593593 
840 262 43 60 0.033269096 
848 615 15 24 0.03293372 
622 43 21 33 0.03293372 
14 -68 225 298 0.03163486 
840 535 31 42 0.030461604 
324 394 28 44 0.030461596 
613 26 43 70 0.030461596 
690 590 69 92 0.030461596 
656 23 12 16 0.030282615 
703 3 5 7 0.030282615 
434 485 58 69 0.027884193 
438 336 51 78 0.027884185 
938 331 33 53 0.027884185 
322 470 15 25 0.027838783 
667 46 7 10 0.027838783 
621 1 10 11 0.027838783 
914 163 21 30 0.027838783 
42 10 146 180 0.026434705 
365 492 232 289 0.026434705 
712 0 6 7 0.02558696 
566 0 18 16 0.02558696 
742 263 20 24 0.02558696 
719 21 6 10 0.02558696 
856 557 18 29 0.02558696 
616 21 14 18 0.02558696 
716 282 55 60 0.025519116 
828 408 34 42 0.025519116 
812 245 56 74 0.025519116 
239 321 52 80 0.025519116 
548 0 7 8 0.02351288 
689 34 12 17 0.02351288 
295 137 14 22 0.02351288 
369 347 9 12 0.02351288 
702 6 6 8 0.02351288 
930 556 18 24 0.02351288 
261 149 12 22 0.02351288 
301 185 27 37 0.023349825 
311 220 26 39 0.023349825 
612 0 26 32 0.023349825 
913 132 43 59 0.023349825 
846 253 30 41 0.023349825 
583 404 50 71 0.023349825 
711 671 25 35 0.023349825 
832 583 18 26 0.021603195 
836 414 16 21 0.021603195 
676 60 6 9 0.021603195 
837 610 12 21 0.021603195 
916 141 5 8 0.021603195 
706 2 5 7 0.021603195 
539 0 9 8 0.021603195 
661 17 5 7 0.021603195 
588 402 28 44 0.021360904 
868 582 49 67 0.021360904 
368 339 25 39 0.021360904 
881 558 53 70 0.021360898 
803 301 58 67 0.021360898 
634 280 37 32 0.021360898 
617 267 62 50 0.021360898 
759 268 31 44 0.021360898 
746 264 26 36 0.021360898 
825 276 29 37 0.021360898 
616 405 31 41 0.021360893 
99 458 186 312 0.020159906 
