5_Car_Accident_Car_Crash_5_868
37
307 206 50 64 0.9992494 
442 287 37 48 0.73138905 
530 205 242 294 0.3436022 
658 78 203 250 0.32305852 
219 218 62 54 0.28687313 
318 80 242 225 0.2311026 
304 422 228 285 0.115646794 
411 314 134 138 0.090156734 
424 221 209 239 0.090156734 
790 25 225 273 0.076092646 
238 142 14 16 0.074940585 
72 56 25 28 0.07244435 
573 286 149 158 0.06984132 
233 274 289 326 0.04931264 
366 144 215 261 0.04931264 
229 209 40 39 0.047198545 
232 146 17 16 0.04229837 
752 370 253 277 0.04133061 
593 287 76 80 0.036325652 
659 280 78 79 0.036325645 
60 303 253 298 0.034593593 
225 239 41 39 0.033269096 
223 146 32 27 0.033269096 
426 52 203 232 0.03163486 
244 140 9 13 0.030282615 
602 153 232 257 0.028921604 
843 146 117 128 0.028921604 
-16 356 249 298 0.028921604 
480 357 8 11 0.02558696 
949 305 36 34 0.025519116 
298 397 73 64 0.025519116 
802 455 68 59 0.025519116 
-12 21 112 186 0.024156325 
337 314 261 200 0.024156325 
216 151 22 19 0.02351288 
-30 -27 222 219 0.020159906 
408 96 142 149 0.0201599 
