5_Car_Accident_Accident_5_937
106
649 43 19 23 0.5432222 
603 288 265 284 0.4085711 
661 207 12 16 0.3728605 
733 131 34 40 0.34582692 
270 113 209 249 0.3436022 
409 6 18 20 0.33330244 
152 3 25 31 0.23436876 
494 136 23 27 0.23436876 
118 367 261 238 0.18550259 
309 272 249 280 0.17193554 
412 236 225 252 0.13594593 
903 132 130 160 0.13594593 
652 532 14 15 0.12937039 
884 4 29 35 0.12872264 
711 277 285 256 0.1065206 
252 155 142 157 0.09015675 
702 143 30 33 0.08567618 
737 387 54 58 0.072444364 
390 224 21 24 0.07244435 
711 126 47 51 0.07244435 
587 400 6 6 0.0691498 
669 67 12 13 0.0691498 
632 25 225 284 0.064067975 
348 -15 200 249 0.064067975 
544 0 18 18 0.06377564 
439 110 17 20 0.06377564 
606 534 30 31 0.056098126 
174 18 27 32 0.056098126 
499 350 7 8 0.054176662 
18 454 239 249 0.053832818 
525 344 225 252 0.053832814 
155 4 41 49 0.051466707 
152 3 7 10 0.049903784 
244 433 123 160 0.04931264 
605 560 32 32 0.04326818 
895 457 22 26 0.04326818 
668 396 23 25 0.04326818 
135 79 23 25 0.04326818 
377 101 215 245 0.04133061 
747 139 35 40 0.039651502 
711 489 56 54 0.039651502 
135 159 28 42 0.039651502 
646 3 21 25 0.039651494 
172 293 285 256 0.03781825 
826 331 232 252 0.03781825 
550 388 21 25 0.036325652 
648 598 28 24 0.036325652 
799 415 51 60 0.036325652 
144 505 53 50 0.036325652 
126 70 14 21 0.035808332 
949 572 70 42 0.033269096 
895 38 16 17 0.03293372 
149 115 15 19 0.032933712 
277 401 228 241 0.03163486 
443 -29 222 256 0.03163486 
749 412 34 38 0.030461604 
249 566 26 32 0.030461604 
709 13 35 30 0.030461596 
355 17 8 10 0.030282615 
668 86 6 8 0.030282615 
378 23 9 10 0.030282615 
646 526 24 24 0.027884193 
629 457 23 26 0.027884185 
136 -2 40 51 0.027884185 
434 93 27 35 0.027884185 
124 25 23 29 0.027884185 
152 2 13 17 0.027838783 
801 0 212 288 0.026434705 
669 29 7 8 0.02558696 
360 61 45 71 0.025519116 
684 103 23 31 0.025519116 
492 107 22 26 0.025519116 
694 162 52 61 0.025519116 
181 482 65 65 0.025519116 
261 520 26 31 0.025519116 
756 401 56 60 0.025519116 
583 510 46 57 0.025519116 
494 144 104 122 0.024156325 
45 18 222 256 0.024156325 
600 199 7 10 0.02351288 
799 440 9 10 0.02351288 
669 152 5 7 0.02351288 
356 13 8 9 0.02351288 
471 136 15 18 0.02351288 
478 132 15 19 0.02351288 
574 104 14 18 0.02351288 
371 500 29 32 0.023349825 
791 477 54 55 0.023349825 
730 146 51 54 0.023349825 
860 2 53 61 0.023349825 
938 6 28 35 0.023349825 
588 567 46 53 0.023349825 
513 464 56 64 0.023349825 
599 583 29 31 0.023349825 
595 531 49 54 0.023349825 
698 184 31 38 0.023349825 
79 154 121 119 0.022069868 
644 6 13 17 0.021603195 
118 76 49 55 0.021360904 
743 516 47 52 0.021360898 
199 521 64 76 0.021360898 
795 424 30 34 0.021360898 
792 490 31 30 0.021360898 
131 72 21 24 0.021360898 
5 69 22 30 0.021360898 
428 473 130 130 0.0201599 
