5_Car_Accident_Car_Crash_5_544
80
68 223 50 80 0.99844605 
500 2 200 332 0.9957462 
255 169 155 236 0.9902766 
707 130 75 146 0.96034855 
157 531 261 420 0.93593204 
644 611 228 368 0.9239074 
-15 506 203 352 0.8408331 
39 273 18 32 0.8263381 
284 535 140 216 0.78491884 
543 373 246 390 0.73441863 
177 120 215 362 0.6769414 
853 4 222 408 0.5 
73 488 249 379 0.45389685 
441 178 34 66 0.36670664 
477 234 197 402 0.32305852 
359 26 9 19 0.278228 
51 237 49 83 0.268611 
558 530 246 408 0.24794048 
215 381 194 327 0.19988178 
476 429 203 384 0.13594593 
946 420 45 94 0.109639935 
856 825 138 204 0.1065206 
111 177 215 384 0.1065206 
424 167 59 102 0.10106142 
852 883 86 94 0.09308395 
758 615 218 426 0.08285364 
-6 753 142 216 0.076092646 
316 479 191 322 0.06984133 
595 86 114 207 0.064067975 
92 220 49 91 0.06111947 
455 166 28 47 0.056098126 
12 24 56 113 0.056098126 
534 309 123 247 0.053832818 
-52 625 242 396 0.053832814 
123 216 51 99 0.051466707 
47 270 20 37 0.04229837 
838 732 209 384 0.04133061 
876 386 183 379 0.04133061 
950 764 85 189 0.039651494 
122 236 31 64 0.039651494 
405 556 218 402 0.03781825 
291 602 228 420 0.03781825 
28 0 107 198 0.03781825 
942 412 33 67 0.036325652 
385 441 70 102 0.036325652 
67 23 22 47 0.033269096 
0 53 48 115 0.033269096 
611 871 100 99 0.033269096 
608 277 215 368 0.03163486 
378 609 116 207 0.03163486 
939 562 89 213 0.03163486 
693 461 218 414 0.03163486 
461 156 27 41 0.030461596 
232 472 80 137 0.030461596 
243 7 253 445 0.028921604 
402 509 119 236 0.028921604 
497 100 88 154 0.027884193 
351 201 70 106 0.027884185 
413 0 209 396 0.026434705 
64 475 151 282 0.026434705 
542 713 17 30 0.02558696 
26 301 12 21 0.02558696 
468 291 51 100 0.025519116 
464 633 73 141 0.025519116 
488 615 26 52 0.025519116 
424 511 78 121 0.025519116 
519 233 31 55 0.025519116 
399 473 63 109 0.025519116 
543 642 136 239 0.024156325 
473 159 17 29 0.02351288 
492 665 60 121 0.023349825 
3 462 23 46 0.023349825 
685 140 61 128 0.023349825 
21 145 212 420 0.022069868 
151 212 130 250 0.022069868 
513 698 16 28 0.021603195 
35 249 41 70 0.021360898 
701 200 62 115 0.021360898 
932 404 100 273 0.0201599 
920 672 112 226 0.0201599 
