5_Car_Accident_Accident_5_982
96
320 239 45 63 0.99844605 
733 203 45 56 0.99678564 
476 227 40 54 0.9953797 
413 31 203 280 0.78491884 
199 387 257 302 0.71599656 
715 523 80 132 0.6135702 
425 388 22 33 0.56787485 
192 16 228 311 0.5461031 
-3 -11 194 225 0.5 
694 330 28 39 0.36670664 
781 485 58 89 0.28687313 
668 302 40 59 0.268611 
97 4 130 160 0.24794048 
829 333 28 28 0.1753677 
110 95 257 293 0.17193554 
183 218 239 264 0.15916684 
571 502 15 18 0.13944872 
106 279 61 75 0.13928533 
322 392 206 268 0.1065206 
-1 37 249 311 0.1065206 
819 349 30 31 0.10106142 
661 309 31 43 0.08567618 
533 10 200 306 0.08285364 
392 15 53 59 0.07880669 
264 304 203 257 0.076092646 
628 496 8 10 0.07494057 
12 10 106 151 0.06984133 
429 348 30 33 0.06655858 
22 421 281 293 0.064067975 
673 320 49 61 0.06111947 
811 424 31 39 0.06111947 
679 490 11 12 0.05879275 
121 3 206 264 0.05874174 
760 502 56 94 0.056098126 
477 323 59 79 0.056098126 
902 366 51 58 0.056098126 
834 208 9 11 0.054176662 
696 382 80 79 0.051466707 
650 521 18 22 0.04990379 
390 166 14 16 0.04990379 
479 137 203 242 0.04931264 
683 517 32 38 0.047198545 
197 308 25 30 0.047198545 
987 95 13 17 0.04595155 
804 481 93 142 0.045153897 
56 199 242 245 0.04133061 
672 241 49 62 0.039651502 
378 371 25 34 0.039651494 
656 255 80 119 0.03781825 
554 526 60 79 0.036325652 
644 -20 188 245 0.034593605 
525 479 100 136 0.034593605 
826 296 257 320 0.034593605 
362 233 26 34 0.033269096 
568 506 21 27 0.033269096 
814 136 12 14 0.03293372 
818 107 18 20 0.032933712 
804 112 47 58 0.030461596 
762 42 53 63 0.030461596 
274 270 48 67 0.030461596 
614 285 203 228 0.028921604 
831 193 194 260 0.028921604 
825 124 28 34 0.027884193 
44 343 50 55 0.027884185 
685 3 32 34 0.027884185 
612 212 13 18 0.027838783 
-21 35 126 209 0.02643471 
587 26 136 165 0.026434705 
406 376 36 50 0.025519116 
681 491 51 66 0.025519116 
747 485 48 65 0.025519116 
962 494 57 103 0.025519116 
465 328 90 132 0.024156325 
415 406 183 238 0.024156325 
768 381 212 280 0.024156325 
378 237 8 9 0.02351288 
624 498 12 15 0.02351288 
817 75 13 16 0.02351288 
569 325 24 27 0.023349825 
981 85 22 29 0.023349825 
904 90 28 34 0.023349825 
811 123 28 36 0.023349825 
781 500 32 59 0.023349825 
807 341 49 59 0.023349825 
474 340 37 49 0.023349825 
606 502 21 24 0.023349825 
324 -2 225 280 0.022069868 
376 235 13 16 0.021603195 
1013 0 9 11 0.021603195 
981 270 12 18 0.021603195 
893 78 48 59 0.021360904 
739 18 53 67 0.021360898 
803 351 35 32 0.021360898 
684 217 25 27 0.021360898 
71 265 140 151 0.0201599 
690 334 119 138 0.0201599 
