5_Car_Accident_Car_Crash_5_610
25
679 143 68 82 0.9994287 
337 31 51 74 0.9973194 
318 409 194 265 0.7688974 
141 372 104 121 0.30317584 
-35 44 209 222 0.18550259 
590 367 203 311 0.15916684 
546 97 107 167 0.115646794 
777 152 235 273 0.08285364 
13 75 239 257 0.076092646 
848 394 253 273 0.076092646 
946 454 85 92 0.056098126 
-15 413 218 311 0.053832818 
593 397 119 188 0.053832818 
55 308 62 91 0.051466707 
231 380 212 273 0.03781825 
188 17 123 112 0.03163486 
845 200 128 160 0.03163486 
208 225 273 356 0.028921604 
1001 208 6 7 0.027838778 
762 375 232 273 0.026434705 
904 441 114 136 0.026434705 
782 80 112 149 0.026434705 
488 172 52 66 0.025519116 
774 128 23 36 0.025519116 
381 229 29 48 0.023349825 
