5_Car_Accident_Accident_5_796
67
402 156 70 90 0.9997482 
225 118 63 88 0.9996979 
56 112 78 100 0.99813616 
689 316 112 129 0.9961204 
432 71 218 305 0.8745549 
730 296 212 267 0.73441863 
480 339 83 95 0.5454055 
501 253 235 271 0.52310073 
716 427 242 309 0.5 
125 281 186 248 0.3436022 
390 361 269 287 0.32305852 
264 269 222 275 0.30317584 
506 477 209 275 0.30317584 
632 291 138 169 0.26558137 
760 75 232 328 0.24794048 
841 447 232 296 0.21508123 
645 348 246 305 0.2150812 
310 394 151 182 0.17193556 
23 266 97 127 0.14717786 
568 325 239 248 0.14717786 
88 162 215 291 0.13594593 
91 313 9 11 0.1293704 
457 336 70 87 0.118850335 
191 225 167 244 0.1065206 
-65 251 265 314 0.09015675 
706 88 54 82 0.08567618 
679 267 76 73 0.07880669 
71 348 269 291 0.076092646 
380 156 203 259 0.076092646 
244 368 253 323 0.076092646 
211 329 197 259 0.06984133 
477 131 128 204 0.06984132 
308 582 79 65 0.06111947 
315 429 76 91 0.06111947 
291 307 123 164 0.05874174 
808 -7 249 287 0.05874174 
3 71 222 300 0.053832814 
687 58 209 305 0.045153897 
751 303 126 152 0.04133061 
984 183 13 21 0.038923774 
196 476 15 19 0.038923774 
444 273 121 145 0.03781825 
124 312 25 28 0.036325652 
682 286 82 110 0.036325652 
957 43 28 34 0.036325652 
983 136 6 7 0.035808332 
508 25 246 318 0.034593593 
170 468 134 152 0.034593593 
281 122 215 279 0.034593593 
157 63 261 318 0.028921604 
735 575 35 40 0.027884193 
675 349 80 87 0.027884193 
942 240 50 71 0.027884185 
564 413 246 314 0.02643471 
289 483 25 28 0.025519116 
955 26 53 66 0.025519116 
987 182 8 12 0.02351288 
709 106 35 49 0.023349825 
806 307 69 82 0.023349825 
263 244 116 179 0.022069868 
526 151 146 198 0.022069868 
438 324 107 152 0.022069868 
374 0 218 305 0.022069868 
296 322 80 96 0.021360898 
749 -39 200 283 0.020159906 
795 475 153 190 0.0201599 
709 6 116 174 0.0201599 
