5_Car_Accident_Car_Crash_5_38
139
69 269 13 16 0.9362244 
831 233 12 13 0.84982324 
777 262 19 21 0.60666233 
776 239 12 14 0.43536806 
892 244 9 9 0.3728605 
367 123 32 27 0.34582692 
513 177 71 74 0.268611 
562 141 242 276 0.24794048 
915 238 10 10 0.22912635 
110 186 5 6 0.22912635 
819 388 71 91 0.2032784 
940 250 9 9 0.15017675 
313 64 51 55 0.12872264 
190 128 74 81 0.12872264 
87 266 52 59 0.12872264 
871 128 46 51 0.118850335 
1007 149 12 15 0.111069925 
362 232 46 50 0.109639935 
963 281 23 25 0.10106142 
167 86 191 215 0.09803478 
442 125 25 26 0.09308395 
433 229 116 151 0.09015675 
778 238 8 9 0.08117401 
464 280 98 132 0.076092646 
410 205 25 31 0.06655858 
55 434 123 122 0.064067975 
328 4 246 235 0.064067975 
331 72 49 54 0.06111947 
337 171 24 28 0.056098126 
309 63 37 30 0.056098126 
107 185 5 6 0.054176662 
586 425 17 19 0.054176662 
172 275 69 70 0.051466707 
347 90 53 55 0.051466707 
422 421 29 34 0.051466707 
18 351 200 197 0.04931264 
66 268 24 25 0.047198545 
125 250 51 59 0.047198545 
491 432 11 17 0.045951538 
835 238 9 10 0.045951538 
77 275 212 225 0.045153897 
135 288 109 132 0.045153886 
371 110 46 47 0.04326818 
346 278 30 30 0.04326818 
137 279 18 20 0.04229837 
85 179 4 4 0.04229837 
276 34 98 109 0.04133062 
229 120 116 134 0.04133061 
479 116 22 22 0.039651502 
137 273 28 34 0.039651494 
818 297 197 228 0.03781825 
376 196 49 57 0.036325652 
96 336 63 88 0.036325652 
527 454 50 55 0.036325652 
388 293 64 59 0.036325645 
102 192 4 5 0.035808332 
61 268 7 9 0.035808332 
62 131 103 110 0.034593605 
99 474 114 128 0.034593605 
188 157 53 61 0.033269096 
106 270 56 66 0.033269096 
313 68 18 16 0.032933712 
310 393 228 212 0.03163486 
766 406 100 112 0.03163486 
883 462 104 128 0.03163486 
91 169 52 54 0.030461604 
397 119 27 30 0.030461604 
926 200 27 29 0.030461604 
383 121 28 30 0.030461596 
134 229 55 56 0.030461596 
312 446 51 61 0.030461596 
335 249 54 59 0.030461596 
497 124 9 11 0.030282615 
881 115 8 10 0.030282615 
443 128 15 16 0.030282615 
663 413 197 206 0.028921604 
379 450 119 140 0.028921604 
431 126 25 28 0.027884193 
110 198 25 25 0.027884193 
493 432 21 26 0.027884193 
153 380 64 70 0.027884193 
109 194 14 16 0.027838783 
881 111 6 7 0.027838778 
105 182 5 6 0.027838778 
915 234 8 8 0.027838778 
856 286 13 15 0.027838778 
855 287 9 11 0.027838778 
144 119 114 121 0.026434705 
108 183 9 10 0.02558696 
778 256 14 17 0.02558696 
431 139 16 18 0.02558696 
65 266 8 9 0.02558696 
393 362 27 30 0.025519116 
784 109 61 73 0.025519116 
422 132 26 29 0.025519116 
444 132 27 29 0.025519116 
130 286 30 37 0.025519116 
411 367 29 35 0.025519116 
889 509 23 26 0.025519116 
424 406 28 33 0.025519116 
829 91 101 95 0.024156325 
524 434 98 112 0.024156325 
672 159 124 142 0.024156325 
883 111 12 14 0.02351288 
397 101 16 16 0.02351288 
897 221 9 9 0.02351288 
87 488 70 78 0.023349825 
580 414 24 26 0.023349825 
764 282 23 30 0.023349825 
328 161 43 48 0.023349825 
884 133 56 56 0.023349825 
113 286 29 35 0.023349825 
291 275 32 40 0.023349825 
38 180 97 110 0.022069868 
328 143 100 104 0.022069868 
454 143 16 16 0.021603195 
106 188 5 6 0.021603195 
309 362 22 23 0.021603195 
487 428 12 18 0.021603195 
86 186 4 4 0.021603195 
421 111 13 16 0.021603195 
422 120 48 52 0.021360904 
740 446 70 70 0.021360904 
856 321 25 29 0.021360904 
671 403 49 51 0.021360904 
521 435 23 26 0.021360904 
405 376 51 59 0.021360904 
124 367 54 67 0.021360898 
107 144 62 61 0.021360898 
100 187 26 29 0.021360898 
587 265 54 61 0.021360898 
135 270 60 65 0.021360898 
398 184 43 56 0.021360898 
1 229 25 29 0.021360898 
797 310 21 28 0.021360898 
83 271 37 39 0.021360898 
240 474 62 68 0.021360898 
895 105 107 121 0.0201599 
715 423 116 136 0.0201599 
