5_Car_Accident_Accident_5_243
84
391 113 10 11 0.5432222 
453 100 11 15 0.47834834 
477 107 9 11 0.24479094 
695 99 191 225 0.15916684 
925 182 91 151 0.15916684 
598 170 98 112 0.15916684 
485 73 21 32 0.13928533 
114 449 228 243 0.115646794 
788 322 23 26 0.109639935 
323 561 31 38 0.09308395 
576 70 228 257 0.090156734 
471 107 11 14 0.074940585 
2 132 114 153 0.06984132 
505 76 11 16 0.06377564 
409 423 6 8 0.06377564 
923 213 50 84 0.06111947 
359 168 61 78 0.06111947 
537 320 57 68 0.056098126 
927 256 11 16 0.049903784 
426 442 7 8 0.04595155 
581 310 203 229 0.045153897 
311 511 29 33 0.04326818 
401 182 123 145 0.04133061 
266 83 7 10 0.038923774 
485 83 13 16 0.035808332 
304 109 206 254 0.034593605 
16 14 225 257 0.034593593 
847 360 26 30 0.033269096 
239 76 54 64 0.033269096 
420 127 8 8 0.03293372 
397 115 7 10 0.03293372 
485 87 7 9 0.032933712 
416 123 14 15 0.032933712 
608 14 75 76 0.030461596 
844 550 12 15 0.030282615 
468 110 9 12 0.030282615 
337 567 21 23 0.030282615 
284 67 15 19 0.030282615 
287 527 13 18 0.030282615 
162 140 27 30 0.027884193 
477 60 39 54 0.027884193 
855 332 25 29 0.027884185 
461 102 11 16 0.027838783 
490 103 7 9 0.027838778 
444 263 191 222 0.02643471 
0 267 249 269 0.02643471 
663 368 128 145 0.026434705 
805 396 5 6 0.02558696 
502 77 7 11 0.02558696 
809 516 16 18 0.02558696 
226 7 4 5 0.02558696 
499 77 13 18 0.02558696 
475 88 5 6 0.02558696 
288 69 9 10 0.02558696 
475 91 6 7 0.02558696 
808 406 23 29 0.025519116 
266 366 54 66 0.025519116 
304 558 52 60 0.025519116 
301 495 52 57 0.025519116 
346 285 51 67 0.025519116 
832 341 48 59 0.025519116 
615 114 132 163 0.024156325 
665 328 218 246 0.024156325 
348 190 126 158 0.024156325 
467 91 6 7 0.02351288 
504 70 8 10 0.02351288 
921 389 8 10 0.02351288 
472 91 7 8 0.02351288 
438 214 37 40 0.023349825 
233 68 29 35 0.023349825 
180 123 21 24 0.023349825 
310 91 5 6 0.021603195 
387 130 6 7 0.021603195 
296 353 14 17 0.021603195 
869 465 8 9 0.021603195 
447 468 16 21 0.021603195 
309 367 26 33 0.021360898 
835 351 27 36 0.021360898 
550 339 32 39 0.021360898 
482 11 27 33 0.021360898 
467 100 21 26 0.021360898 
503 454 239 290 0.020159906 
511 303 95 136 0.0201599 
886 175 87 136 0.0201599 
