14_Traffic_Traffic_14_840
516
145 279 31 36 0.99894136 
704 277 29 34 0.998885 
92 257 27 29 0.9979236 
923 272 31 35 0.99789053 
53 253 31 34 0.9973519 
19 284 35 38 0.99733365 
607 287 31 35 0.9970457 
808 284 29 32 0.9951645 
276 274 33 37 0.99327457 
489 271 35 40 0.9929899 
578 258 26 31 0.98961496 
186 256 33 40 0.9853548 
315 254 21 27 0.9817426 
133 238 26 29 0.9813415 
960 257 28 33 0.98073304 
259 238 26 29 0.97616845 
773 266 25 29 0.97508436 
627 211 14 16 0.96344805 
52 199 14 19 0.9602572 
861 265 26 29 0.95998245 
382 297 29 33 0.95243335 
667 263 31 34 0.9230577 
610 241 17 20 0.92289776 
630 242 22 25 0.9193494 
517 211 14 18 0.91701317 
706 240 27 31 0.9023005 
708 213 13 16 0.888502 
209 252 28 35 0.8826327 
574 207 15 17 0.8816562 
755 147 12 15 0.88044125 
743 224 17 22 0.8715169 
749 256 24 29 0.86218905 
27 209 16 19 0.8437819 
863 196 10 14 0.83476543 
413 228 22 26 0.82168126 
935 167 12 16 0.80831164 
891 172 12 18 0.77260894 
791 216 16 18 0.7664876 
633 191 12 15 0.75524235 
598 225 15 19 0.7237338 
343 233 24 30 0.7174311 
531 224 15 19 0.7100955 
885 240 19 21 0.6706106 
323 200 14 17 0.6663829 
0 195 14 19 0.6547971 
494 185 12 15 0.6475161 
264 196 17 19 0.63033366 
836 193 13 17 0.61780816 
650 217 17 20 0.6151882 
978 189 9 11 0.6044783 
102 166 13 17 0.59731543 
226 204 14 18 0.5959511 
559 239 24 29 0.5730707 
391 267 28 30 0.55420315 
662 184 14 16 0.50729555 
306 201 12 16 0.48799378 
695 195 12 15 0.45516983 
878 198 11 14 0.45197472 
199 228 27 29 0.37461257 
468 242 25 31 0.34757382 
728 489 15 20 0.34705347 
192 182 10 13 0.33667627 
535 173 12 15 0.331685 
867 196 12 15 0.32678786 
611 159 9 11 0.3154293 
604 233 18 23 0.3134848 
980 231 23 27 0.29908967 
838 263 20 25 0.29049104 
900 175 12 16 0.280813 
745 205 22 27 0.27819428 
993 199 11 15 0.26206046 
594 152 9 11 0.26081395 
287 211 15 18 0.25598755 
1011 220 11 19 0.25068817 
536 151 9 11 0.23534116 
629 150 8 12 0.22549683 
367 211 12 15 0.21334244 
525 156 10 12 0.2133424 
799 183 12 15 0.21172407 
224 500 29 34 0.21124156 
772 187 11 14 0.20810786 
831 188 14 19 0.2080184 
706 258 33 40 0.20332566 
432 158 10 14 0.1800318 
978 213 15 19 0.17880338 
502 156 10 12 0.17807557 
613 200 13 17 0.17643377 
773 234 22 27 0.17585908 
561 182 12 15 0.17491873 
978 386 17 20 0.17452925 
615 241 24 27 0.17286927 
890 168 10 13 0.17141818 
661 240 21 25 0.16996446 
401 230 27 31 0.16648085 
526 151 9 12 0.1651266 
445 249 22 27 0.16063565 
542 151 8 10 0.16035976 
964 242 28 37 0.15902635 
797 206 15 17 0.15895918 
839 210 13 17 0.14478336 
651 516 15 23 0.14349717 
562 248 26 33 0.14298463 
53 157 9 12 0.13988613 
736 174 12 17 0.13543777 
409 187 11 13 0.13276865 
389 237 23 27 0.13249137 
456 190 10 13 0.12769775 
494 225 17 20 0.12638219 
569 150 8 10 0.12580526 
107 419 26 33 0.1236058 
863 229 15 17 0.1212979 
676 217 16 18 0.11803186 
614 180 11 13 0.11331511 
223 197 15 19 0.11092377 
1005 205 14 16 0.10939047 
197 390 24 27 0.10369131 
988 277 25 27 0.102375284 
592 226 14 19 0.10073067 
523 215 18 24 0.09893436 
137 198 22 26 0.09756647 
214 208 22 24 0.09748353 
474 254 27 32 0.09742483 
584 188 13 15 0.09669744 
346 149 8 10 0.095034234 
76 469 22 29 0.0944415 
574 157 9 12 0.093934834 
599 172 11 13 0.09264163 
732 462 10 13 0.09027775 
384 203 9 13 0.08972541 
95 166 12 15 0.08940584 
832 185 11 13 0.08915209 
389 278 31 38 0.08575634 
384 199 10 11 0.084480286 
507 347 30 45 0.08420245 
121 220 16 21 0.08416802 
132 463 26 30 0.0834526 
327 178 9 12 0.083115876 
542 188 13 15 0.0828312 
411 222 18 21 0.082432315 
135 195 14 18 0.08212266 
873 244 26 30 0.0815355 
383 242 14 17 0.080488086 
550 151 7 10 0.080306806 
455 248 22 29 0.07885691 
381 375 23 33 0.078541175 
205 215 26 30 0.07801774 
498 151 8 11 0.07675882 
813 184 11 12 0.0767393 
695 219 12 14 0.07672871 
720 198 12 14 0.076628216 
122 414 25 30 0.07584317 
442 330 25 35 0.07443443 
545 196 12 15 0.07272216 
562 144 8 10 0.07196839 
465 218 16 18 0.07182523 
353 243 19 24 0.07161449 
881 211 12 14 0.07070121 
609 164 10 12 0.0703016 
659 494 17 19 0.07019902 
506 270 27 34 0.06988002 
634 221 22 27 0.069472 
291 206 15 18 0.068568185 
621 181 9 12 0.06764261 
559 226 24 29 0.06761269 
836 201 15 19 0.06741278 
573 151 8 11 0.06624443 
908 174 10 13 0.06595183 
470 156 7 10 0.0659033 
768 183 12 15 0.06508665 
234 203 13 17 0.06429633 
486 210 12 15 0.06390134 
718 241 17 20 0.06221999 
939 444 33 38 0.062134527 
527 280 14 19 0.062112793 
310 186 13 15 0.06199969 
409 148 8 10 0.061509553 
446 214 11 13 0.061259452 
479 232 26 30 0.061247792 
416 145 9 10 0.061196987 
74 203 27 32 0.060888495 
165 249 16 20 0.06030487 
391 206 9 12 0.060267255 
599 167 10 12 0.059887357 
256 240 17 22 0.05953875 
125 226 26 32 0.059301957 
170 455 26 32 0.058759633 
825 268 24 30 0.05855138 
651 237 22 26 0.058298487 
432 152 8 10 0.05810629 
670 203 12 14 0.057983804 
422 143 8 11 0.057953868 
668 466 15 19 0.05790856 
1003 283 15 20 0.05643608 
676 203 15 17 0.055325653 
501 163 12 15 0.054700896 
317 182 11 12 0.054448444 
358 209 14 17 0.054363124 
934 253 40 51 0.054218605 
422 149 8 9 0.05367116 
452 298 26 35 0.05341008 
279 503 18 22 0.05281279 
848 256 26 31 0.05259148 
445 243 17 21 0.05251975 
462 166 10 14 0.05244487 
485 158 8 9 0.052437805 
271 234 20 22 0.05241888 
515 226 23 30 0.051544223 
258 290 25 33 0.05137677 
71 246 37 42 0.051268965 
699 513 18 22 0.05074579 
90 166 9 13 0.050715137 
283 458 18 21 0.050646465 
700 205 16 17 0.050438594 
724 203 14 17 0.050097257 
566 145 8 10 0.04974469 
550 157 9 11 0.049208567 
389 190 9 14 0.04908368 
196 226 18 21 0.04820144 
755 198 13 16 0.04817501 
903 259 13 18 0.0477076 
656 134 8 11 0.047656156 
333 222 24 28 0.047523685 
993 201 20 24 0.047034554 
431 210 13 17 0.04656149 
683 202 14 17 0.04605139 
838 481 13 18 0.045810778 
363 246 15 21 0.045653082 
911 167 9 11 0.04526494 
707 226 21 25 0.0450153 
918 172 9 11 0.04481441 
992 224 23 29 0.0447531 
452 302 43 50 0.04448798 
626 221 17 21 0.044174753 
587 195 12 16 0.04412114 
916 166 10 12 0.04393122 
509 234 13 19 0.04350357 
14 196 12 16 0.043377254 
539 180 12 15 0.043339074 
657 142 8 11 0.043074474 
396 212 10 12 0.043011222 
609 153 8 9 0.042971034 
1002 210 18 26 0.042549226 
462 198 12 14 0.04214028 
709 179 12 14 0.041934695 
989 210 13 17 0.041693714 
59 384 28 34 0.041547775 
842 252 16 21 0.041460473 
462 210 15 19 0.04137871 
588 183 12 14 0.041271158 
635 217 15 18 0.041191958 
349 209 14 16 0.04093175 
222 256 18 23 0.04059413 
580 196 15 19 0.040526953 
718 202 14 17 0.040234253 
594 350 29 40 0.039555144 
636 233 22 28 0.03953876 
353 276 23 32 0.039491832 
868 221 13 15 0.039437264 
29 191 13 16 0.039315194 
540 166 10 13 0.03930585 
464 203 16 19 0.03927664 
688 197 12 15 0.039132904 
420 219 21 26 0.03905045 
667 196 13 16 0.03855759 
936 205 11 14 0.038117595 
683 214 13 17 0.03773116 
613 187 14 16 0.037686806 
525 162 12 14 0.037407465 
849 268 30 34 0.03738572 
280 221 22 27 0.037316557 
362 432 14 17 0.03712248 
658 213 14 18 0.036987346 
613 150 9 11 0.036858805 
724 358 23 30 0.036816917 
415 399 24 29 0.036700994 
623 145 9 11 0.03640763 
167 250 24 31 0.036384504 
735 225 16 21 0.036011633 
34 195 14 17 0.03597267 
465 158 9 11 0.035961047 
615 144 9 12 0.035913687 
671 210 15 19 0.035845656 
546 456 35 48 0.035740934 
475 323 45 58 0.035452254 
952 419 11 15 0.035443798 
145 196 17 19 0.035270628 
407 213 13 15 0.035183575 
7 191 18 26 0.03504091 
310 236 14 17 0.03502695 
481 157 8 10 0.03472953 
34 203 17 22 0.034575313 
384 192 10 13 0.03457477 
625 153 11 15 0.034501065 
589 204 10 13 0.034273125 
23 190 10 15 0.034249127 
780 228 17 21 0.03411959 
606 248 456 532 0.034105606 
569 155 10 12 0.03404171 
438 249 16 21 0.033859134 
437 208 9 12 0.033848263 
229 249 23 31 0.03377467 
46 229 24 28 0.033452775 
896 212 10 13 0.033389736 
850 209 13 15 0.033327222 
507 148 11 14 0.033288483 
246 521 15 20 0.033263206 
525 228 17 21 0.033255666 
753 199 21 29 0.032936897 
607 172 10 13 0.032912426 
334 144 10 13 0.032400753 
496 165 11 14 0.03226472 
275 201 13 17 0.032185473 
376 197 11 13 0.031815484 
661 202 13 15 0.031732656 
219 466 17 21 0.031642795 
272 255 31 39 0.031633254 
474 237 19 22 0.031590186 
775 173 10 14 0.031463925 
919 183 10 12 0.031462643 
373 204 13 16 0.03146025 
148 452 36 44 0.03135496 
561 213 12 15 0.0313222 
757 382 16 19 0.031308662 
669 482 14 18 0.031119002 
333 236 24 30 0.03091683 
455 163 12 15 0.030845843 
126 239 16 21 0.030817576 
494 214 11 15 0.03078 
194 147 16 20 0.030775324 
824 188 10 14 0.030740378 
534 186 13 15 0.030388175 
703 243 18 19 0.030384881 
452 212 12 15 0.030376732 
612 207 17 20 0.030277632 
732 210 13 18 0.030198341 
979 217 23 27 0.030196259 
315 234 15 17 0.03018676 
661 148 9 11 0.03016222 
147 242 27 30 0.030158652 
648 205 23 27 0.030101199 
45 202 19 24 0.030092096 
387 266 20 23 0.030024601 
583 225 13 18 0.02980937 
657 187 13 15 0.02976415 
640 143 9 12 0.029700024 
573 161 12 15 0.029666955 
797 196 16 17 0.029580094 
438 189 11 14 0.029558836 
434 162 13 17 0.02939467 
1012 476 10 18 0.029361099 
1000 218 12 16 0.029348237 
99 385 25 29 0.02922446 
844 204 13 18 0.029223006 
419 302 26 34 0.028991198 
568 163 11 13 0.028956257 
565 212 21 24 0.02884772 
598 177 12 15 0.02884273 
44 228 15 20 0.028727213 
784 216 15 19 0.028718185 
494 347 31 41 0.028639255 
464 150 8 11 0.028448587 
376 190 9 12 0.028438877 
1003 225 20 30 0.028437901 
840 269 24 32 0.02840607 
495 232 24 29 0.028304815 
276 165 10 14 0.028138718 
565 263 18 22 0.028071027 
991 192 12 14 0.028057422 
712 215 17 20 0.02801592 
331 220 14 18 0.027995937 
559 219 14 18 0.027776765 
145 205 19 22 0.027647438 
667 225 22 27 0.027365431 
900 213 12 14 0.027347036 
406 220 16 19 0.027287828 
477 171 10 13 0.027236337 
902 168 10 11 0.027152041 
190 237 43 51 0.027099077 
486 218 14 18 0.026997413 
409 298 25 33 0.026971195 
389 172 12 18 0.02695509 
15 503 16 23 0.026702076 
881 203 12 16 0.026639583 
543 157 9 10 0.026630867 
416 410 27 32 0.026524043 
294 202 21 24 0.02637553 
3 286 22 35 0.02634468 
381 210 10 14 0.026324255 
916 203 14 18 0.02624488 
469 224 25 29 0.026203334 
272 170 12 15 0.02617727 
456 149 8 10 0.026125986 
439 172 11 15 0.02610816 
421 204 13 15 0.02607307 
976 191 12 17 0.025996882 
624 499 13 16 0.025992842 
26 194 20 26 0.025978751 
132 211 27 33 0.025930358 
370 247 15 20 0.02584767 
612 369 26 38 0.025735477 
752 224 15 19 0.025675049 
757 173 11 14 0.02550595 
379 271 30 37 0.02545331 
622 145 19 24 0.025359828 
794 182 12 15 0.025275627 
649 503 24 29 0.025149012 
752 257 35 45 0.02514705 
304 262 24 33 0.025139382 
830 259 18 21 0.025108011 
872 258 25 32 0.02504745 
117 459 39 51 0.025026537 
499 155 8 11 0.024986189 
399 149 7 10 0.024946237 
859 240 17 19 0.02471425 
699 192 11 13 0.02453735 
1 308 11 18 0.024331512 
821 183 10 13 0.02428005 
798 183 20 23 0.024124628 
1005 480 14 21 0.024053015 
679 134 8 11 0.024000641 
894 194 13 16 0.023988381 
716 227 22 27 0.023920566 
767 165 10 12 0.02387699 
343 444 10 14 0.023862265 
494 172 12 15 0.02385031 
542 293 29 33 0.023807561 
924 204 11 15 0.023719514 
774 192 12 16 0.023711827 
49 152 10 13 0.023704296 
346 210 23 28 0.023591956 
116 226 23 28 0.023457268 
0 426 19 29 0.023397846 
321 174 11 13 0.023393616 
980 205 13 17 0.023321932 
758 177 13 17 0.023297781 
459 287 30 37 0.023205511 
662 476 25 30 0.023199765 
364 206 20 25 0.023157602 
445 259 27 35 0.023105692 
848 244 24 29 0.023085644 
559 175 12 14 0.0227695 
309 245 35 43 0.0227418 
521 152 19 23 0.022574058 
13 469 26 32 0.022558322 
773 167 9 12 0.022541149 
477 212 13 16 0.02248513 
611 251 18 22 0.022457771 
894 247 22 25 0.022435676 
998 193 11 13 0.022402987 
656 224 17 19 0.022393482 
447 158 9 12 0.022199932 
340 465 14 17 0.022179492 
901 254 22 29 0.022173364 
574 144 8 10 0.022162145 
606 152 18 23 0.022152396 
694 520 19 22 0.022133049 
956 445 13 16 0.022131082 
507 226 15 19 0.022104135 
549 245 23 30 0.022055024 
253 217 15 17 0.02196128 
547 488 51 61 0.021894446 
654 520 19 26 0.02184494 
453 220 11 15 0.021828515 
190 176 17 23 0.021776982 
683 408 17 21 0.02176349 
1008 239 15 22 0.02168845 
550 484 32 41 0.0216601 
623 187 11 15 0.02165512 
814 232 24 29 0.021624511 
447 149 8 11 0.021608798 
865 238 25 29 0.021601783 
381 242 23 27 0.021589566 
686 141 9 12 0.021562533 
504 143 10 14 0.021552205 
465 289 45 49 0.021529714 
394 172 19 27 0.021522975 
197 375 27 31 0.021407932 
447 189 9 13 0.021406114 
414 357 12 16 0.021386245 
306 185 21 24 0.021329563 
412 195 11 13 0.021259492 
253 226 16 20 0.02125228 
774 459 13 16 0.021223605 
683 393 17 22 0.021208502 
65 376 26 29 0.021057265 
592 246 25 31 0.021034518 
896 240 16 20 0.021016909 
521 165 11 13 0.021008698 
496 158 20 24 0.02098732 
690 501 27 31 0.020934118 
710 155 12 16 0.020909611 
438 149 9 12 0.020814098 
1004 200 13 14 0.02079537 
824 281 26 35 0.02076256 
551 145 8 10 0.020729344 
421 151 22 25 0.020682784 
761 148 12 15 0.020655759 
441 302 28 36 0.020578438 
243 200 12 17 0.020575078 
145 401 29 31 0.020561637 
458 408 23 32 0.020519717 
389 468 10 12 0.020514097 
86 323 28 37 0.020513842 
423 157 11 14 0.020504849 
356 290 21 32 0.02041662 
870 215 12 15 0.020395413 
734 179 22 27 0.020338554 
766 95 11 13 0.020312706 
425 253 25 29 0.020277565 
645 142 10 13 0.020253146 
673 462 13 15 0.020224186 
95 412 28 35 0.020110771 
761 96 10 12 0.020086998 
774 96 10 13 0.020068878 
724 216 15 20 0.020061614 
50 509 48 49 0.020039504 
