14_Traffic_Traffic_14_675
34
577 326 121 164 0.9855972 
269 508 380 407 0.38203633 
688 280 443 574 0.21391618 
577 165 29 34 0.11514739 
54 -4 405 446 0.11245466 
98 444 464 573 0.08789992 
319 -5 213 238 0.061042134 
717 177 106 156 0.05702299 
500 470 411 509 0.05600776 
511 181 25 32 0.053396903 
985 199 8 10 0.050456036 
348 4 118 138 0.04776326 
1005 235 15 16 0.04670758 
694 826 15 17 0.04228448 
681 162 35 48 0.0421113 
488 230 10 14 0.04076402 
270 70 398 448 0.03935271 
702 414 260 359 0.03876443 
923 274 14 18 0.035859838 
-3 549 72 134 0.03565494 
1014 266 9 15 0.03547605 
322 631 287 210 0.033894837 
989 198 8 11 0.030486511 
535 225 197 270 0.02487599 
-7 665 352 500 0.024760252 
585 -8 93 107 0.024090754 
984 222 11 13 0.023896419 
582 -75 361 476 0.022435497 
998 235 14 16 0.021987922 
1001 181 9 14 0.021496447 
516 245 10 13 0.020752322 
1009 260 11 16 0.020675898 
985 193 9 12 0.020561712 
558 471 42 51 0.020111103 
