48_Parachutist_Paratrooper_Parachutist_Paratrooper_48_321
42
120 21 44 50 0.9979589 
348 27 31 49 0.9695384 
892 25 37 51 0.9667309 
385 400 47 59 0.56787485 
830 99 89 115 0.5461031 
545 115 186 208 0.24794048 
77 97 94 105 0.15916686 
376 222 97 114 0.14717786 
345 89 101 128 0.14717786 
633 231 111 130 0.115646794 
148 270 94 119 0.09015675 
378 278 98 142 0.08285364 
914 18 62 68 0.07880669 
375 360 86 107 0.05874174 
132 314 100 124 0.05874174 
839 367 89 114 0.053832818 
171 41 117 167 0.045153897 
595 210 111 120 0.04133061 
122 391 91 109 0.04133061 
100 434 76 77 0.036325652 
863 451 69 58 0.036325652 
642 304 104 132 0.034593605 
298 161 170 188 0.034593605 
622 16 103 122 0.034593593 
605 31 50 51 0.033269096 
658 236 67 78 0.033269096 
62 198 206 211 0.03163486 
609 29 30 31 0.030461596 
102 359 75 73 0.030461596 
356 41 86 105 0.028921604 
54 69 180 191 0.028921604 
189 132 89 115 0.026434705 
52 113 80 99 0.026434705 
492 68 180 191 0.024156325 
878 377 85 110 0.024156325 
866 404 56 60 0.023349825 
37 132 53 77 0.023349825 
806 116 78 90 0.023349825 
324 58 90 130 0.022069868 
374 30 34 39 0.021360898 
373 30 218 199 0.020159906 
277 30 165 199 0.0201599 
