48_Parachutist_Paratrooper_Parachutist_Paratrooper_48_892
47
21 482 132 468 0.95866936 
190 148 109 296 0.6968242 
633 287 188 611 0.59142894 
662 97 111 283 0.3864298 
503 108 83 190 0.36670664 
344 380 130 489 0.3436022 
82 697 79 276 0.21842523 
346 364 235 729 0.21508123 
321 440 91 359 0.14717786 
40 706 228 667 0.13594593 
693 102 253 697 0.13594593 
-13 839 222 751 0.13594593 
603 700 235 785 0.115646794 
425 468 253 785 0.115646794 
454 32 136 301 0.09803478 
241 753 228 751 0.09015675 
600 24 194 576 0.09015675 
5 292 246 677 0.08285364 
258 820 126 410 0.06984133 
109 14 222 697 0.06984133 
743 845 212 677 0.06984132 
902 841 86 386 0.05874174 
-16 1143 249 729 0.04931264 
217 949 149 475 0.045153886 
523 161 218 620 0.04133061 
659 479 70 291 0.039651502 
608 412 136 441 0.03781825 
500 1089 130 375 0.03781825 
25 964 136 454 0.03781825 
226 1137 75 245 0.036325652 
290 408 78 354 0.034593593 
412 641 70 225 0.033269096 
487 1174 71 237 0.033269096 
493 777 203 677 0.03163486 
212 484 228 576 0.03163486 
452 94 76 203 0.027884193 
174 212 82 218 0.027884193 
798 1137 126 381 0.026434705 
231 1337 68 249 0.025519116 
562 1383 64 210 0.025519116 
532 935 123 416 0.024156325 
146 608 225 620 0.024156325 
5 58 78 233 0.023349825 
722 150 74 207 0.023349825 
307 170 225 648 0.022069868 
347 1209 232 708 0.022069868 
521 1193 215 638 0.022069868 
