48_Parachutist_Paratrooper_Parachutist_Paratrooper_48_814
63
470 174 136 325 0.9831867 
679 314 140 417 0.9621817 
375 71 235 561 0.9098432 
748 306 235 430 0.5461031 
656 221 257 612 0.52310073 
613 198 42 129 0.28687313 
636 20 246 569 0.2311026 
291 35 200 484 0.21508123 
478 45 212 536 0.17193556 
688 385 91 247 0.16258557 
301 69 121 315 0.13594593 
249 400 23 52 0.12872264 
278 1132 56 122 0.118850335 
332 207 64 148 0.08567618 
214 407 16 33 0.08117401 
575 69 134 339 0.06984133 
627 422 49 114 0.047198545 
688 281 21 59 0.047198545 
626 367 48 118 0.04326818 
521 126 123 306 0.04133062 
395 440 200 463 0.04133061 
124 69 212 528 0.04133061 
139 1026 101 260 0.04133061 
673 632 31 80 0.039651502 
686 212 46 112 0.039651502 
254 1078 90 208 0.03781825 
364 205 142 360 0.034593593 
594 407 27 65 0.033269096 
235 297 65 148 0.033269096 
550 200 70 169 0.033269096 
492 1069 58 140 0.033269096 
603 241 46 138 0.033269096 
684 293 15 43 0.03293372 
183 547 200 477 0.03163486 
631 362 30 72 0.030461604 
340 263 37 78 0.030461596 
701 205 51 138 0.030461596 
584 167 56 156 0.030461596 
188 150 130 334 0.028921604 
695 262 26 82 0.027884193 
490 519 70 143 0.027884185 
612 465 55 127 0.027884185 
663 614 50 131 0.027884185 
232 354 48 112 0.027884185 
575 257 58 140 0.027884185 
702 241 25 74 0.025519116 
537 963 57 103 0.025519116 
672 539 54 140 0.025519116 
693 182 144 382 0.024156325 
636 360 16 46 0.02351288 
156 405 25 51 0.023349825 
236 410 29 64 0.023349825 
616 529 36 78 0.023349825 
661 614 32 82 0.023349825 
22 116 109 365 0.022069868 
246 404 13 36 0.021603195 
255 385 21 48 0.021603195 
677 434 68 161 0.021360904 
798 438 115 185 0.021360898 
375 457 74 127 0.021360898 
352 175 76 198 0.021360898 
683 598 27 75 0.021360898 
884 286 134 399 0.0201599 
