48_Parachutist_Paratrooper_Parachutist_Paratrooper_48_785
45
235 18 104 142 0.9943938 
293 32 93 125 0.88435316 
258 275 239 191 0.6769414 
173 90 191 186 0.59142894 
343 300 253 246 0.52310073 
271 23 76 88 0.2511021 
163 313 253 215 0.19988178 
125 47 107 121 0.17193554 
299 202 239 206 0.15916684 
556 281 232 222 0.14717786 
97 132 281 228 0.1254451 
206 59 109 138 0.115646794 
733 4 197 200 0.09015675 
720 209 218 239 0.08285364 
157 -1 194 206 0.076092646 
289 4 178 183 0.07609263 
388 148 218 239 0.064067975 
714 78 225 222 0.05874174 
313 295 67 76 0.051466707 
452 97 200 232 0.04931264 
485 14 183 194 0.045153886 
70 -1 197 203 0.045153886 
639 24 58 73 0.04326818 
358 251 142 130 0.04133062 
754 63 27 32 0.039651502 
736 41 61 66 0.036325652 
518 461 6 5 0.035808332 
618 31 95 103 0.034593605 
459 296 222 219 0.034593605 
379 369 175 140 0.03163486 
551 82 186 209 0.03163486 
259 90 197 197 0.028921604 
752 38 116 125 0.028921604 
141 68 68 71 0.027884193 
597 15 68 84 0.027884193 
184 117 20 19 0.027838783 
168 461 6 6 0.02351288 
503 77 5 5 0.02351288 
561 220 69 74 0.023349825 
303 270 134 138 0.022069868 
24 193 261 239 0.022069868 
538 20 94 121 0.022069868 
626 284 58 66 0.021360904 
607 292 117 163 0.0201599 
656 302 298 215 0.0201599 
