48_Parachutist_Paratrooper_Parachutist_Paratrooper_48_75
104
386 95 37 46 0.9944617 
851 151 43 64 0.56787485 
485 287 8 10 0.29596066 
24 11 87 111 0.19988178 
842 153 29 38 0.12872264 
747 357 73 71 0.12872264 
433 185 215 261 0.1254451 
692 30 91 117 0.12544508 
120 38 56 73 0.10106142 
20 165 17 22 0.09507551 
771 324 74 53 0.09308395 
745 404 235 281 0.09015675 
1 391 46 61 0.08567618 
313 409 188 257 0.08285364 
495 375 116 165 0.08285364 
342 420 8 11 0.074940585 
804 300 54 69 0.072444364 
415 651 32 26 0.07244435 
396 101 209 265 0.05874174 
477 116 58 73 0.056098126 
814 148 57 74 0.056098126 
715 33 107 160 0.053832818 
762 81 132 178 0.053832814 
740 200 61 78 0.051466707 
641 287 56 60 0.051466707 
255 0 17 12 0.049903784 
664 288 106 117 0.04931264 
529 419 126 136 0.045153897 
86 235 15 20 0.04229837 
461 71 94 132 0.04133061 
793 171 60 63 0.039651502 
634 226 59 70 0.039651502 
340 283 64 80 0.039651494 
826 155 35 40 0.039651494 
67 136 9 12 0.038923774 
0 364 6 10 0.038923774 
478 284 13 17 0.038923774 
566 -21 209 257 0.03781825 
695 315 107 114 0.03781825 
3 9 29 39 0.036325652 
371 324 37 43 0.036325645 
45 124 25 34 0.036325645 
675 303 191 239 0.034593593 
631 -7 109 170 0.034593593 
854 349 30 50 0.033269096 
25 408 104 155 0.03163486 
828 267 73 103 0.03163486 
490 123 27 44 0.030461604 
139 51 31 49 0.030461604 
825 299 32 41 0.030461596 
340 331 28 39 0.030461596 
-4 14 51 63 0.030461596 
919 244 62 99 0.030461596 
321 436 14 19 0.030282615 
258 260 6 7 0.030282615 
847 329 56 79 0.027884193 
952 353 24 37 0.027884193 
84 152 29 41 0.027884193 
38 50 39 45 0.027884185 
492 133 15 20 0.027838783 
836 155 24 22 0.027838778 
717 144 14 16 0.027838778 
109 0 90 116 0.026434705 
456 246 132 158 0.026434705 
394 388 117 194 0.026434705 
282 278 6 8 0.02558696 
300 347 6 8 0.02558696 
289 254 6 7 0.02558696 
978 352 24 43 0.025519116 
779 287 28 27 0.025519116 
535 291 54 71 0.025519116 
804 313 37 37 0.025519116 
211 11 109 149 0.024156325 
433 447 186 250 0.024156325 
479 284 8 10 0.02351288 
486 281 5 6 0.02351288 
322 438 8 11 0.02351288 
953 342 13 18 0.02351288 
69 134 12 16 0.02351288 
286 379 15 21 0.02351288 
79 266 16 19 0.02351288 
258 -1 27 24 0.023349825 
334 247 61 69 0.023349825 
333 417 21 25 0.023349825 
644 256 60 64 0.023349825 
432 6 167 250 0.022069868 
119 162 194 273 0.022069868 
790 150 98 151 0.022069868 
736 146 107 123 0.022069868 
776 284 94 106 0.022069868 
340 343 16 24 0.021603195 
501 120 8 13 0.021603195 
53 398 7 9 0.021603195 
51 135 14 21 0.021603195 
40 355 51 68 0.021360904 
862 242 55 74 0.021360898 
36 61 67 83 0.021360898 
950 342 42 55 0.021360898 
783 288 269 239 0.0201599 
-22 392 183 250 0.0201599 
130 461 186 265 0.0201599 
239 188 209 277 0.0201599 
656 418 109 123 0.0201599 
607 195 89 119 0.0201599 
