48_Parachutist_Paratrooper_Parachutist_Paratrooper_48_439
87
628 141 142 191 0.9983083 
146 49 53 64 0.9982981 
69 250 67 74 0.6541731 
498 311 178 197 0.47689918 
374 192 22 26 0.4099317 
355 252 212 222 0.3647484 
540 236 218 246 0.3647484 
434 177 28 34 0.2511021 
124 149 203 232 0.2311026 
-2 352 85 130 0.2150812 
330 206 26 26 0.16258557 
240 257 35 39 0.16258557 
51 150 58 68 0.15056497 
447 491 136 104 0.115646794 
818 82 51 62 0.109639935 
203 125 178 206 0.1065206 
944 263 71 86 0.08567618 
567 507 111 93 0.08285364 
442 62 14 18 0.08117401 
287 0 30 27 0.07244435 
430 190 24 29 0.06111947 
0 235 16 23 0.054176662 
398 42 16 20 0.054176662 
540 132 191 239 0.053832814 
428 160 46 56 0.051466707 
760 443 200 191 0.04931264 
499 422 23 25 0.047198545 
188 385 203 261 0.045153886 
5 46 25 31 0.04326818 
183 323 49 52 0.04326818 
839 86 53 67 0.04326818 
240 480 101 130 0.04133061 
880 88 53 58 0.039651502 
340 2 19 21 0.038923774 
234 15 85 116 0.03781825 
199 224 30 35 0.036325652 
899 370 13 15 0.035808332 
558 83 8 9 0.035808332 
858 250 203 215 0.034593593 
234 267 49 56 0.033269096 
409 574 29 27 0.033269096 
135 192 51 58 0.033269096 
441 52 56 68 0.033269096 
949 240 14 16 0.03293372 
834 499 132 112 0.03163486 
203 226 209 228 0.03163486 
32 164 53 66 0.030461604 
899 237 24 27 0.030461604 
953 243 7 8 0.030282615 
659 479 16 19 0.030282615 
245 53 101 132 0.028921604 
414 148 101 149 0.028921604 
359 222 23 26 0.027884193 
758 18 54 61 0.027884185 
416 183 40 47 0.027884185 
437 151 32 41 0.027884185 
856 151 14 17 0.027838783 
893 310 14 16 0.027838778 
40 24 7 8 0.02558696 
899 33 6 6 0.02558696 
170 272 58 81 0.025519116 
939 232 25 27 0.025519116 
317 25 37 38 0.025519116 
783 381 59 66 0.025519116 
271 478 59 67 0.025519116 
248 124 64 79 0.025519116 
397 441 246 189 0.024156325 
867 322 9 9 0.02351288 
204 1 21 22 0.02351288 
144 194 30 35 0.023349825 
780 21 55 68 0.023349825 
892 117 31 37 0.023349825 
428 166 25 34 0.023349825 
454 85 106 116 0.022069868 
649 335 119 125 0.022069868 
80 110 183 194 0.022069868 
125 152 101 130 0.022069868 
956 243 14 15 0.021603195 
632 459 14 15 0.021603195 
887 357 12 14 0.021603195 
381 201 9 10 0.021603195 
503 424 14 15 0.021603195 
143 215 29 34 0.021360898 
856 225 26 30 0.021360898 
650 83 58 55 0.021360898 
481 296 24 26 0.021360898 
870 74 24 28 0.021360893 
