24_Soldier_Firing_Soldier_Firing_24_133
93
492 312 37 40 0.7488979 
39 153 242 296 0.65639776 
466 311 58 54 0.268611 
557 269 242 292 0.18550259 
402 457 30 33 0.1753677 
403 376 15 18 0.13944872 
215 116 188 214 0.13594593 
476 284 57 66 0.12872264 
28 151 146 202 0.115646794 
856 14 59 70 0.10106142 
417 323 20 29 0.10106142 
254 146 111 144 0.09015675 
260 163 63 93 0.07880669 
94 436 12 15 0.074940585 
377 487 30 26 0.06655857 
392 393 9 10 0.05879275 
455 25 25 32 0.056098126 
353 452 11 14 0.054176662 
806 225 19 20 0.054176662 
408 326 17 25 0.054176662 
125 78 186 248 0.053832814 
109 189 132 146 0.04931264 
395 444 48 56 0.047198545 
66 106 23 29 0.04326818 
103 46 34 36 0.04326818 
200 125 116 164 0.04133061 
538 387 200 255 0.04133061 
454 291 53 60 0.039651494 
588 300 11 14 0.038923774 
340 401 17 19 0.038923774 
407 431 49 53 0.036325652 
701 361 65 75 0.036325652 
473 258 57 50 0.036325645 
155 56 34 34 0.036325645 
309 393 28 34 0.036325645 
91 444 14 17 0.035808332 
448 417 209 267 0.034593605 
638 223 265 237 0.034593593 
106 312 70 85 0.033269096 
349 67 30 32 0.033269096 
694 213 68 70 0.033269096 
533 407 14 19 0.03293372 
586 451 15 15 0.032933712 
428 293 104 133 0.03163486 
313 415 26 35 0.030461604 
450 302 8 11 0.030282615 
625 386 138 196 0.028921604 
86 435 22 23 0.027884193 
189 392 69 68 0.027884185 
451 322 62 67 0.027884185 
364 467 57 53 0.027884185 
721 372 7 8 0.027838783 
637 487 261 248 0.02643471 
819 151 186 248 0.026434705 
836 176 18 19 0.02558696 
-1 207 41 63 0.025519116 
319 402 45 56 0.025519116 
339 423 49 57 0.025519116 
477 469 76 81 0.025519116 
351 164 28 37 0.025519116 
386 476 31 31 0.025519116 
147 156 126 129 0.024156325 
533 399 14 17 0.02351288 
544 412 6 8 0.02351288 
382 374 61 73 0.023349825 
349 418 26 32 0.023349825 
167 407 64 60 0.023349825 
403 439 31 33 0.023349825 
102 430 54 61 0.023349825 
445 299 31 39 0.023349825 
268 189 33 49 0.023349825 
336 150 46 59 0.023349825 
811 354 209 237 0.022069868 
717 370 261 310 0.022069868 
398 467 19 19 0.021603195 
84 446 14 17 0.021603195 
83 441 8 10 0.021603195 
93 444 8 9 0.021603195 
88 438 7 8 0.021603195 
390 110 9 10 0.021603195 
468 384 13 14 0.021603195 
694 262 70 91 0.021360904 
183 360 57 68 0.021360898 
431 447 27 30 0.021360898 
303 389 44 56 0.021360898 
839 178 24 27 0.021360898 
872 77 29 35 0.021360898 
467 6 49 58 0.021360898 
51 89 49 53 0.021360898 
784 150 21 26 0.021360898 
359 75 28 30 0.021360898 
414 28 29 36 0.021360898 
482 20 53 65 0.021360898 
