24_Soldier_Firing_Soldier_Firing_24_264
65
517 219 14 17 0.98462796 
272 58 71 80 0.98046196 
332 82 106 113 0.90196514 
871 220 47 45 0.79672164 
742 140 68 80 0.6332934 
585 223 17 18 0.3728605 
582 97 144 159 0.3436022 
796 251 51 62 0.30585766 
313 66 183 166 0.17193556 
704 56 209 220 0.115646794 
723 387 73 79 0.10106142 
393 174 123 146 0.09803478 
341 104 200 202 0.08285364 
684 389 111 127 0.08285364 
345 197 29 32 0.07880669 
773 493 49 42 0.07880669 
184 263 28 30 0.07244435 
858 159 95 113 0.06984133 
757 9 32 28 0.056098126 
863 185 59 70 0.051466707 
297 66 82 92 0.04931264 
745 120 106 124 0.04931264 
447 378 104 118 0.04931264 
689 214 24 26 0.04326818 
710 42 28 24 0.039651502 
702 224 32 34 0.036325652 
818 464 54 50 0.036325652 
868 303 23 22 0.036325652 
894 184 17 16 0.035808332 
226 192 14 15 0.035808332 
796 3 51 46 0.033269096 
882 174 50 51 0.033269096 
868 329 26 28 0.033269096 
188 247 46 51 0.033269096 
897 186 24 25 0.033269096 
900 416 61 59 0.030461596 
328 190 52 54 0.030461596 
865 230 33 33 0.030461596 
209 63 97 102 0.028921604 
493 362 100 107 0.028921604 
171 319 20 21 0.027884193 
864 318 46 50 0.027884185 
985 292 40 52 0.027884185 
750 2 53 46 0.027884185 
152 55 106 127 0.026434705 
582 415 106 124 0.026434705 
342 334 93 93 0.026434705 
761 46 15 15 0.02558696 
748 154 37 52 0.025519116 
818 441 25 25 0.025519116 
208 325 25 26 0.025519116 
810 109 172 177 0.024156325 
220 165 25 25 0.023349825 
806 512 27 25 0.023349825 
647 267 63 74 0.023349825 
469 79 203 182 0.022069868 
207 441 109 108 0.022069868 
924 397 68 69 0.021360904 
222 325 25 27 0.021360898 
946 516 27 18 0.021360898 
753 39 28 25 0.021360898 
291 178 186 182 0.020159906 
805 232 104 98 0.0201599 
305 176 97 102 0.0201599 
203 200 197 190 0.0201599 
