24_Soldier_Firing_Soldier_Firing_24_644
165
209 155 19 31 0.9362244 
285 170 19 33 0.88008106 
48 102 25 40 0.73138905 
541 274 26 40 0.47725022 
309 175 30 46 0.268611 
402 191 16 24 0.1864517 
442 209 6 10 0.17366187 
341 311 12 27 0.15017675 
78 92 15 33 0.13944872 
582 278 19 31 0.13944872 
119 147 14 22 0.1293704 
344 180 17 30 0.12937039 
132 103 27 38 0.118850335 
708 -21 239 363 0.1065206 
460 213 17 24 0.10279763 
458 293 26 43 0.10106142 
335 217 7 14 0.09507551 
441 334 32 46 0.09308395 
304 291 22 36 0.09308393 
21 75 14 24 0.08787667 
40 370 7 13 0.08787667 
281 165 44 67 0.08567618 
389 177 25 36 0.08567616 
19 90 14 28 0.08117401 
145 418 24 37 0.07880669 
346 321 218 342 0.076092646 
310 65 116 204 0.06984133 
29 219 6 10 0.0691498 
470 202 10 16 0.0691498 
22 386 13 23 0.0691498 
114 157 28 43 0.06655858 
93 137 25 40 0.06655858 
554 273 20 32 0.06377564 
380 241 24 39 0.06111947 
331 179 24 40 0.06111947 
175 331 48 87 0.056098126 
11 270 13 24 0.054176662 
465 204 14 21 0.054176662 
64 395 31 53 0.051466707 
301 255 22 35 0.051466707 
103 82 51 64 0.051466707 
42 100 18 29 0.049903784 
126 103 19 29 0.04595155 
391 192 18 28 0.045951538 
538 -5 242 391 0.045153897 
536 278 21 27 0.04229837 
329 245 11 22 0.04229837 
472 193 13 21 0.04229837 
116 145 45 70 0.039651502 
469 329 26 48 0.039651494 
152 151 32 52 0.039651494 
294 244 23 38 0.039651494 
455 199 5 8 0.038923774 
305 266 7 13 0.038923774 
452 208 6 11 0.038923774 
444 206 6 10 0.038923774 
436 278 14 23 0.038923774 
13 87 11 20 0.038923774 
351 181 8 15 0.038923774 
261 539 206 332 0.03781825 
238 382 203 309 0.03781825 
75 205 28 49 0.036325652 
20 93 21 36 0.036325652 
323 489 26 47 0.036325652 
316 166 45 66 0.036325652 
318 261 7 12 0.035808332 
321 185 18 29 0.035808332 
94 218 222 358 0.034593593 
298 233 24 37 0.033269096 
102 148 26 38 0.033269096 
383 164 25 36 0.033269096 
81 98 23 35 0.033269096 
418 293 24 48 0.033269096 
98 87 18 31 0.03293372 
79 98 8 18 0.03293372 
72 96 15 33 0.03293372 
22 86 9 17 0.032933712 
305 276 7 13 0.032933712 
35 102 32 57 0.030461604 
267 149 31 46 0.030461604 
60 376 50 87 0.030461596 
281 130 48 75 0.030461596 
66 95 14 29 0.030282615 
382 195 16 24 0.030282615 
440 209 11 19 0.030282615 
462 209 11 14 0.030282615 
438 201 6 10 0.030282615 
8 279 14 23 0.030282615 
18 328 261 379 0.028921604 
248 242 22 34 0.027884193 
417 255 23 40 0.027884193 
37 238 27 46 0.027884193 
353 256 27 43 0.027884185 
86 128 46 67 0.027884185 
293 164 25 40 0.027884185 
454 204 7 12 0.027838783 
459 216 9 14 0.027838783 
297 294 7 14 0.027838783 
311 308 19 35 0.027838783 
469 289 19 29 0.027838778 
74 284 18 34 0.027838778 
57 95 15 28 0.027838778 
453 199 5 9 0.027838778 
30 67 16 26 0.027838778 
416 176 14 27 0.027838778 
481 247 15 26 0.027838778 
516 314 94 147 0.026434705 
314 261 8 13 0.02558696 
311 258 14 22 0.02558696 
116 451 20 31 0.02558696 
308 262 8 13 0.02558696 
298 222 20 32 0.02558696 
347 179 8 17 0.02558696 
480 198 5 10 0.02558696 
485 326 26 46 0.025519116 
172 345 33 55 0.025519116 
382 191 32 46 0.025519116 
45 66 47 65 0.025519116 
89 119 28 39 0.025519116 
268 71 106 184 0.024156325 
543 767 116 173 0.024156325 
470 213 8 12 0.02351288 
97 100 7 13 0.02351288 
438 200 12 20 0.02351288 
12 196 5 11 0.02351288 
307 294 12 23 0.02351288 
19 92 8 17 0.02351288 
263 244 13 26 0.02351288 
93 95 14 25 0.02351288 
272 174 19 28 0.02351288 
304 162 13 23 0.02351288 
296 290 12 23 0.02351288 
305 275 24 36 0.023349825 
198 135 28 43 0.023349825 
51 115 30 50 0.023349825 
144 134 51 87 0.023349825 
361 263 62 100 0.023349825 
12 376 26 46 0.023349825 
499 329 30 46 0.023349825 
573 461 35 55 0.023349825 
453 299 38 69 0.023349825 
756 63 138 216 0.022069868 
570 728 212 323 0.022069868 
620 180 239 374 0.022069868 
-1 222 8 17 0.021603195 
305 270 16 27 0.021603195 
461 287 18 28 0.021603195 
10 89 9 14 0.021603195 
331 308 18 30 0.021603195 
320 256 8 15 0.021603195 
457 199 7 12 0.021603195 
99 95 8 13 0.021603195 
345 316 7 17 0.021603195 
162 330 34 46 0.021360898 
38 364 23 43 0.021360898 
554 337 62 73 0.021360898 
0 180 18 44 0.021360898 
269 173 34 46 0.021360898 
114 110 33 43 0.021360898 
426 288 25 42 0.021360898 
127 108 52 70 0.021360898 
105 117 51 77 0.021360898 
533 256 45 62 0.021360898 
455 272 43 70 0.021360898 
372 468 235 363 0.0201599 
