24_Soldier_Firing_Soldier_Firing_24_763
51
398 161 51 57 0.99813616 
548 317 44 56 0.9975521 
808 106 48 50 0.9957801 
118 110 45 55 0.9949414 
728 226 180 217 0.89347935 
70 321 261 295 0.6769414 
795 68 246 248 0.18550259 
39 205 212 251 0.17193554 
382 253 188 193 0.1254451 
62 185 58 82 0.109639935 
820 269 116 161 0.1065206 
239 348 218 244 0.09803478 
357 309 126 137 0.08285364 
416 245 85 58 0.06655857 
427 260 104 137 0.064067975 
-9 322 218 259 0.05874174 
479 2 114 116 0.053832818 
84 88 225 255 0.053832818 
233 27 91 131 0.053832814 
314 333 109 133 0.04931264 
127 253 183 214 0.04931264 
442 203 70 67 0.047198545 
517 31 63 79 0.047198545 
88 198 111 141 0.045153886 
905 372 101 122 0.04133062 
555 7 112 124 0.04133062 
373 245 114 99 0.04133062 
48 250 111 166 0.04133061 
458 212 34 39 0.036325645 
947 207 70 80 0.033269096 
669 134 242 244 0.03163486 
441 -37 180 190 0.03163486 
419 515 91 60 0.030461604 
233 490 59 69 0.030461604 
532 158 232 237 0.028921604 
390 385 186 204 0.028921604 
758 -1 58 54 0.027884193 
116 215 78 76 0.027884185 
368 277 60 47 0.027884185 
775 394 94 129 0.026434705 
609 153 29 39 0.025519116 
376 285 32 26 0.023349825 
377 226 85 61 0.023349825 
568 412 73 89 0.023349825 
-1 26 63 88 0.023349825 
662 231 30 28 0.023349825 
779 471 9 8 0.021603195 
556 -8 206 195 0.020159906 
666 -31 225 255 0.0201599 
448 86 117 152 0.0201599 
191 290 106 137 0.0201599 
