24_Soldier_Firing_Soldier_Firing_24_254
56
476 164 257 199 0.28400344 
822 268 209 172 0.2840034 
589 136 242 214 0.19988178 
480 105 194 174 0.14717786 
337 52 261 185 0.14717786 
180 226 36 35 0.10106142 
307 236 242 179 0.09803478 
379 271 253 174 0.09015675 
17 171 206 182 0.08285364 
150 41 87 72 0.076092646 
888 321 128 104 0.076092646 
286 178 30 23 0.06111947 
687 0 257 224 0.05874174 
233 272 249 202 0.058741733 
907 64 25 23 0.051466707 
282 211 53 49 0.051466707 
479 19 30 23 0.051466707 
343 116 218 214 0.04931264 
886 93 111 108 0.04931264 
807 76 121 112 0.045153886 
557 183 23 21 0.04326818 
181 130 60 58 0.04326818 
565 87 232 159 0.04133061 
550 246 46 39 0.039651502 
287 164 31 25 0.039651494 
516 263 235 177 0.034593593 
92 68 212 152 0.034593593 
276 152 51 40 0.033269096 
545 176 23 21 0.033269096 
229 212 90 75 0.03163486 
190 54 67 54 0.030461604 
429 127 21 20 0.030461604 
97 18 23 20 0.027884193 
382 159 24 22 0.027884185 
271 72 9 7 0.02558696 
641 101 31 21 0.025519116 
302 220 28 32 0.025519116 
513 246 25 18 0.025519116 
575 38 35 24 0.025519116 
67 247 119 102 0.024156325 
46 260 183 164 0.024156325 
531 123 121 110 0.024156325 
25 116 209 155 0.024156325 
140 62 67 62 0.023349825 
202 223 51 50 0.023349825 
474 259 25 20 0.023349825 
177 260 197 174 0.022069868 
670 232 273 169 0.022069868 
443 125 8 6 0.021603195 
302 209 27 26 0.021360904 
181 223 26 22 0.021360904 
239 27 25 21 0.021360898 
263 135 25 24 0.021360898 
332 22 28 20 0.021360898 
123 51 59 49 0.021360898 
758 298 209 177 0.0201599 
