24_Soldier_Firing_Soldier_Firing_24_523
66
323 171 162 103 0.99261475 
-2 28 209 230 0.9815879 
354 289 60 46 0.7488979 
787 85 232 259 0.5461031 
577 167 228 244 0.3864298 
244 132 228 201 0.36474833 
476 165 215 244 0.3436022 
681 11 225 237 0.32305852 
364 428 206 217 0.24794048 
390 140 172 116 0.24794048 
326 204 68 68 0.2032784 
435 117 203 214 0.18550259 
656 93 235 259 0.17193554 
221 380 253 244 0.15916686 
658 425 218 214 0.13594593 
9 11 117 171 0.13594593 
61 64 215 237 0.115646794 
435 400 215 207 0.09015675 
180 328 235 195 0.09015675 
312 198 116 135 0.08285364 
609 340 235 227 0.08285364 
619 531 85 47 0.07880669 
313 430 29 29 0.07880669 
247 3 218 244 0.064067975 
9 194 97 127 0.064067975 
794 69 160 161 0.05874174 
56 265 242 237 0.053832818 
3 19 67 111 0.047198545 
445 305 235 214 0.04133061 
721 145 235 274 0.04133061 
395 19 232 240 0.04133061 
254 448 50 51 0.039651502 
377 155 78 102 0.039651502 
229 269 55 71 0.039651494 
337 249 124 102 0.03781825 
424 192 97 68 0.036325652 
539 288 239 237 0.034593605 
289 211 212 164 0.034593605 
-44 142 206 193 0.034593593 
735 442 235 233 0.034593593 
111 46 149 152 0.03163486 
508 286 54 57 0.030461604 
656 528 83 43 0.030461604 
147 100 200 207 0.028921604 
252 267 249 220 0.028921604 
260 214 112 131 0.028921604 
87 273 73 57 0.027884193 
303 47 62 61 0.027884193 
243 420 26 28 0.027884193 
448 136 82 66 0.027884185 
192 218 103 120 0.026434705 
142 12 239 220 0.026434705 
270 459 29 29 0.025519116 
312 217 56 63 0.025519116 
701 344 69 45 0.025519116 
449 456 128 135 0.024156325 
117 187 42 45 0.023349825 
243 202 55 79 0.023349825 
328 73 215 210 0.022069868 
171 215 54 53 0.021360904 
299 423 56 53 0.021360904 
238 356 69 60 0.021360898 
234 435 52 50 0.021360898 
729 491 60 49 0.021360898 
806 -19 215 210 0.0201599 
563 484 117 99 0.0201599 
