24_Soldier_Firing_Soldier_Firing_24_129
55
406 792 30 83 0.56787485 
551 556 130 412 0.19988176 
274 632 30 71 0.12872264 
385 293 54 159 0.12872262 
946 1202 7 20 0.09507551 
274 185 225 571 0.05874174 
284 223 89 208 0.056098126 
281 363 69 173 0.051466707 
411 1236 6 21 0.04990379 
293 749 78 176 0.047198545 
409 777 51 134 0.047198545 
74 1495 6 15 0.04595155 
419 731 14 39 0.045951538 
267 336 58 148 0.04326818 
891 1213 111 298 0.04133061 
704 242 29 65 0.039651494 
406 362 33 99 0.039651494 
936 131 6 18 0.035808332 
970 1210 6 16 0.035808332 
818 1109 101 294 0.034593605 
766 885 200 538 0.034593593 
566 427 33 82 0.033269096 
868 1288 7 24 0.032933712 
948 1212 12 33 0.032933712 
732 261 257 624 0.03163486 
359 505 32 88 0.030461596 
623 1121 8 21 0.030282615 
532 543 215 633 0.028921604 
399 796 23 60 0.027838783 
418 442 18 49 0.027838783 
0 377 116 400 0.026434705 
872 1290 6 21 0.02558696 
929 1036 5 15 0.02558696 
314 1229 4 13 0.02558696 
474 489 13 41 0.02558696 
473 474 30 85 0.025519116 
416 408 23 75 0.025519116 
354 469 56 151 0.025519116 
458 911 28 73 0.025519116 
272 220 59 164 0.025519116 
290 135 124 378 0.024156325 
286 652 18 42 0.02351288 
243 1346 4 12 0.02351288 
624 240 23 67 0.023349825 
498 244 59 151 0.023349825 
268 599 48 117 0.023349825 
408 303 30 99 0.023349825 
437 3 242 615 0.022069868 
555 4 206 563 0.022069868 
423 747 10 27 0.0216032 
277 1172 5 13 0.021603195 
674 1403 6 17 0.021603195 
439 489 26 73 0.021360898 
308 392 123 298 0.0201599 
685 1242 126 250 0.0201599 
