24_Soldier_Firing_Soldier_Firing_24_329
58
675 343 188 208 0.96540636 
606 326 172 199 0.6968242 
891 369 124 155 0.2311026 
270 235 225 234 0.21508123 
386 360 222 224 0.15916686 
811 117 242 264 0.09803478 
393 396 116 104 0.09015675 
2 71 103 126 0.06984133 
76 28 106 126 0.06984133 
278 26 65 75 0.06655858 
905 467 59 63 0.06655857 
942 223 55 50 0.06655857 
743 181 93 105 0.053832814 
184 188 32 31 0.051466707 
772 323 209 202 0.04931264 
133 161 239 264 0.04931264 
485 23 28 33 0.047198545 
891 241 27 27 0.047198545 
896 222 119 140 0.045153897 
14 332 106 128 0.045153886 
757 386 69 86 0.04326818 
591 234 281 268 0.04133061 
478 38 46 55 0.039651502 
408 44 26 26 0.039651494 
0 0 16 21 0.038923774 
384 416 71 77 0.036325652 
738 370 55 54 0.036325652 
214 -5 178 199 0.034593605 
889 361 73 72 0.033269096 
761 353 124 136 0.03163486 
72 151 107 138 0.03163486 
934 238 67 66 0.030461596 
532 192 59 73 0.030461596 
693 159 242 221 0.028921604 
91 261 206 196 0.028921604 
535 343 165 180 0.028921604 
250 238 30 30 0.027884193 
197 26 29 30 0.027884193 
75 183 17 17 0.027838783 
872 355 64 59 0.025519116 
416 37 27 28 0.025519116 
418 167 203 215 0.024156325 
909 53 121 160 0.024156325 
274 -11 212 224 0.024156325 
527 155 104 134 0.024156325 
146 50 29 29 0.023349825 
428 34 27 28 0.023349825 
922 253 28 30 0.023349825 
233 94 53 63 0.023349825 
36 6 104 140 0.022069868 
281 17 98 132 0.022069868 
693 167 107 122 0.022069868 
902 236 29 30 0.021360898 
945 273 64 61 0.021360898 
730 371 35 32 0.021360898 
200 121 25 25 0.021360898 
70 35 64 81 0.021360898 
260 288 121 138 0.020159906 
