24_Soldier_Firing_Soldier_Firing_24_812
59
-1 400 191 232 0.71599656 
775 77 58 63 0.54540557 
98 325 228 273 0.26558137 
210 465 191 236 0.14717786 
853 566 20 23 0.12872262 
356 458 218 254 0.115646794 
804 185 54 61 0.109639935 
0 129 265 299 0.09803478 
94 79 249 250 0.09015675 
769 81 39 43 0.08567618 
766 97 52 65 0.07880669 
244 578 26 27 0.07880669 
281 222 203 219 0.076092646 
241 526 111 118 0.06984132 
143 70 117 131 0.064067975 
730 354 265 303 0.04931264 
411 34 59 66 0.047198545 
774 -27 200 239 0.04133061 
271 89 212 236 0.04133061 
275 8 53 75 0.039651502 
227 401 128 178 0.03781825 
384 603 31 26 0.036325652 
803 213 50 52 0.036325652 
0 103 116 163 0.034593605 
769 95 206 226 0.034593593 
211 521 52 57 0.033269096 
842 565 22 25 0.033269096 
912 378 67 90 0.033269096 
314 233 71 60 0.033269096 
829 223 200 236 0.028921604 
775 171 56 64 0.027884193 
760 118 32 47 0.027884193 
407 606 27 25 0.027884193 
230 532 52 57 0.027884185 
384 188 20 23 0.02558696 
763 272 13 17 0.02558696 
237 529 28 30 0.025519116 
230 239 69 66 0.025519116 
330 191 65 69 0.025519116 
660 232 24 32 0.025519116 
770 26 109 127 0.024156325 
288 485 197 216 0.024156325 
282 413 60 64 0.023349825 
327 479 32 37 0.023349825 
227 446 58 66 0.023349825 
860 121 32 39 0.023349825 
862 118 52 63 0.023349825 
241 439 35 35 0.023349825 
464 165 64 62 0.023349825 
-41 80 203 262 0.022069868 
93 456 209 222 0.022069868 
307 409 17 18 0.021603195 
365 51 54 69 0.021360904 
295 458 50 57 0.021360904 
287 190 74 69 0.021360898 
617 199 75 65 0.021360898 
732 428 79 102 0.021360898 
156 397 39 32 0.021360898 
482 64 228 262 0.0201599 
