41_Swimming_Swimmer_41_449
89
899 312 114 164 0.5 
779 356 239 287 0.2840034 
952 336 68 127 0.268611 
761 250 64 80 0.16258557 
776 126 16 19 0.13944872 
830 237 64 66 0.12872262 
906 247 15 17 0.09507551 
948 297 29 36 0.09308393 
744 233 109 133 0.09015675 
786 394 134 187 0.090156734 
629 277 56 62 0.07880669 
960 320 28 31 0.07244435 
856 179 178 241 0.06984133 
530 251 134 164 0.06984133 
397 88 239 241 0.06984133 
848 401 246 314 0.06984132 
817 15 7 9 0.0691498 
874 262 188 259 0.064067975 
691 167 194 227 0.064067975 
792 430 65 81 0.06111947 
458 387 249 296 0.05874174 
705 576 54 61 0.056098126 
687 366 225 279 0.053832818 
282 439 246 275 0.053832814 
737 425 74 64 0.051466707 
62 343 33 38 0.051466707 
643 291 36 37 0.051466707 
155 58 215 279 0.04931264 
1005 292 19 31 0.047198545 
854 633 25 30 0.047198545 
773 265 39 51 0.047198545 
0 10 11 17 0.04229837 
55 172 218 248 0.04133061 
805 97 47 58 0.039651502 
938 286 50 62 0.039651502 
680 108 24 29 0.039651494 
769 156 28 35 0.039651494 
6 23 7 8 0.038923774 
944 172 54 73 0.036325652 
761 439 61 75 0.036325652 
602 277 67 79 0.036325652 
891 542 78 103 0.036325652 
963 255 17 21 0.035808332 
976 13 8 9 0.035808332 
816 107 17 22 0.035808332 
852 13 7 8 0.035808332 
775 49 203 275 0.034593593 
823 621 28 35 0.033269096 
815 103 27 39 0.033269096 
666 574 54 71 0.033269096 
819 4 6 8 0.03293372 
836 0 11 10 0.032933712 
660 118 16 19 0.032933712 
767 124 27 30 0.030461596 
703 116 7 9 0.030282615 
915 0 11 9 0.030282615 
473 218 222 251 0.028921604 
793 230 107 113 0.028921604 
530 51 222 244 0.028921604 
841 127 25 31 0.027884193 
953 208 54 68 0.027884193 
670 282 30 28 0.027884185 
666 119 9 12 0.027838783 
677 107 16 20 0.027838783 
954 17 13 17 0.027838778 
-21 313 242 287 0.026434705 
986 22 15 16 0.02558696 
2 18 12 15 0.02558696 
810 21 26 31 0.025519116 
313 506 36 40 0.025519116 
689 135 28 38 0.025519116 
32 135 51 66 0.025519116 
585 406 228 267 0.024156325 
224 6 194 248 0.024156325 
-13 467 261 305 0.024156325 
35 4 14 16 0.02351288 
492 289 8 10 0.02351288 
500 275 15 16 0.02351288 
672 111 17 25 0.02351288 
246 515 31 35 0.023349825 
658 118 10 13 0.021603195 
706 134 7 9 0.021603195 
996 154 25 48 0.021360904 
146 122 26 37 0.021360898 
682 120 29 37 0.021360898 
850 556 57 75 0.021360898 
968 428 58 111 0.021360898 
298 32 53 70 0.021360893 
313 49 218 255 0.0201599 
