41_Swimming_Swimmer_41_976
29
471 272 112 228 0.93593204 
153 376 225 554 0.19988176 
255 873 158 464 0.1254451 
415 260 218 485 0.09015675 
258 679 253 588 0.09015675 
384 462 273 691 0.076092646 
187 318 142 400 0.064067975 
664 346 23 54 0.04326818 
79 889 34 71 0.039651494 
676 740 69 159 0.036325652 
662 351 14 34 0.03293372 
973 1228 6 14 0.03293372 
963 1243 6 15 0.032933712 
837 693 65 141 0.027884185 
671 683 47 111 0.027884185 
218 1081 5 12 0.027838778 
84 191 126 265 0.026434705 
811 683 64 141 0.025519116 
520 301 79 159 0.025519116 
458 964 136 294 0.024156325 
255 1160 75 202 0.023349825 
202 1110 100 235 0.022069868 
448 308 83 182 0.021360904 
195 130 28 60 0.021360898 
723 766 51 125 0.021360898 
909 140 30 66 0.021360898 
255 677 78 205 0.021360898 
543 760 23 66 0.021360898 
689 682 52 115 0.021360898 
