41_Swimming_Swimming_41_161
20
382 213 289 372 0.89347935 
736 49 132 186 0.24794048 
387 539 106 183 0.06984133 
876 5 35 39 0.06111947 
739 309 50 76 0.056098126 
350 44 128 186 0.053832814 
599 343 56 61 0.04326818 
397 320 67 117 0.039651502 
909 36 28 32 0.036325645 
-2 336 123 165 0.034593593 
365 70 76 113 0.033269096 
864 27 188 246 0.03163486 
722 197 55 91 0.030461596 
704 561 47 68 0.030461596 
322 28 215 316 0.028921604 
779 555 32 47 0.025519116 
883 539 62 97 0.025519116 
625 12 235 281 0.024156325 
336 499 175 285 0.022069868 
383 255 116 209 0.0201599 
