41_Swimming_Swimmer_41_755
53
887 312 49 67 0.83741444 
533 256 239 290 0.19988178 
499 294 52 86 0.188928 
918 229 14 21 0.17366187 
-8 50 225 336 0.15916684 
879 201 15 21 0.13944872 
305 317 215 294 0.09803478 
600 39 200 326 0.09803478 
874 274 25 35 0.07880669 
873 218 31 46 0.07880669 
855 245 89 147 0.076092646 
877 203 25 36 0.07244435 
992 630 12 20 0.06377564 
528 441 114 189 0.05874174 
584 278 126 189 0.05874174 
874 288 31 46 0.056098126 
988 269 9 14 0.054176662 
871 278 17 22 0.04990379 
940 397 17 24 0.049903784 
684 69 128 209 0.04931264 
870 242 31 51 0.047198545 
872 266 16 24 0.04229837 
361 362 123 170 0.04133061 
983 264 11 21 0.038923774 
541 254 111 178 0.03781825 
873 347 57 98 0.036325652 
593 328 71 98 0.036325652 
512 363 265 351 0.034593593 
476 304 101 170 0.034593593 
878 306 35 51 0.033269096 
934 385 28 33 0.033269096 
861 221 49 86 0.033269096 
801 -7 228 367 0.03163486 
416 92 261 341 0.028921604 
146 90 257 336 0.028921604 
71 2 232 326 0.028921604 
531 302 63 109 0.027884193 
317 386 68 92 0.027884185 
572 369 9 13 0.027838778 
965 639 11 17 0.027838778 
993 259 7 10 0.02558696 
865 267 58 84 0.025519116 
648 93 239 351 0.024156325 
873 266 9 13 0.02351288 
991 263 8 12 0.02351288 
587 363 7 12 0.02351288 
867 50 123 197 0.022069868 
876 260 15 21 0.021603195 
976 271 14 26 0.021603195 
850 361 52 80 0.021360893 
280 504 253 303 0.020159906 
-9 452 249 378 0.0201599 
820 280 180 273 0.0201599 
