41_Swimming_Swimmer_41_488
37
465 249 117 154 0.99977845 
567 223 89 123 0.8001182 
388 465 225 304 0.2150812 
397 557 65 93 0.10106142 
679 193 144 161 0.076092646 
394 506 51 73 0.06111947 
410 531 67 88 0.06111947 
648 451 138 171 0.053832818 
655 126 239 251 0.04931264 
597 444 222 295 0.04931264 
137 101 225 300 0.04931264 
24 466 86 74 0.039651502 
344 44 52 66 0.039651502 
930 495 59 57 0.039651494 
849 511 13 19 0.038923774 
517 422 222 244 0.03781825 
318 423 212 295 0.03781825 
458 128 197 274 0.034593605 
382 528 126 204 0.034593593 
328 423 69 61 0.033269096 
63 391 200 230 0.03163486 
309 29 98 115 0.028921604 
139 437 124 125 0.028921604 
540 471 70 68 0.027884193 
847 515 25 39 0.027884185 
863 527 7 10 0.02558696 
-1 456 40 68 0.025519116 
150 393 235 240 0.024156325 
837 493 12 16 0.02351288 
446 581 63 82 0.023349825 
646 183 82 84 0.023349825 
439 545 63 78 0.023349825 
161 8 228 262 0.022069868 
601 174 116 141 0.022069868 
583 505 60 84 0.021360904 
11 463 53 68 0.021360898 
364 216 69 64 0.021360898 
