41_Swimming_Swimmer_41_26
36
507 176 253 269 0.97356534 
608 153 212 242 0.90196526 
113 210 228 294 0.8408331 
386 266 232 285 0.52310073 
684 231 130 140 0.30317584 
398 396 153 180 0.13594593 
573 158 128 170 0.13594593 
-17 161 257 316 0.1065206 
547 292 235 253 0.09803478 
191 276 285 277 0.08285364 
602 260 111 102 0.07880669 
148 373 235 228 0.076092646 
456 116 203 273 0.06984133 
791 180 79 101 0.056098126 
923 230 31 37 0.056098126 
933 379 25 29 0.051466707 
-25 313 249 294 0.04931264 
629 159 89 97 0.04326818 
155 283 151 172 0.04133061 
506 284 183 200 0.04133061 
633 35 232 289 0.04133061 
755 138 209 273 0.03781825 
831 248 63 75 0.036325645 
732 279 78 86 0.036325645 
251 164 15 18 0.032933712 
183 142 265 265 0.03163486 
455 473 6 6 0.02558696 
917 309 59 78 0.025519116 
70 379 206 253 0.024156325 
706 166 126 151 0.024156325 
777 22 203 265 0.024156325 
541 171 52 71 0.023349825 
881 73 114 142 0.022069868 
206 378 14 20 0.021603195 
652 572 71 74 0.021360898 
654 229 235 222 0.0201599 
