41_Swimming_Swimmer_41_943
39
217 375 261 636 0.9992632 
304 322 307 726 0.9621817 
497 317 222 608 0.9461671 
408 191 246 591 0.89347935 
321 880 246 694 0.85282207 
436 488 242 591 0.59142894 
649 766 218 608 0.5461031 
597 373 203 557 0.47689918 
351 654 242 617 0.3864298 
137 345 228 617 0.32305852 
802 489 95 220 0.24794048 
122 777 123 368 0.17193554 
-2 675 206 541 0.15916684 
546 873 239 636 0.13594593 
764 875 222 525 0.1254451 
432 914 209 557 0.090156734 
-5 878 71 266 0.07880669 
146 813 79 209 0.072444364 
578 569 242 608 0.06984133 
298 616 172 473 0.064067975 
112 973 222 582 0.064067975 
416 232 31 67 0.047198545 
373 1190 85 189 0.047198545 
472 680 269 591 0.045153897 
382 1073 158 420 0.04133061 
855 974 128 347 0.04133061 
597 956 142 408 0.03781825 
118 611 215 541 0.03163486 
209 718 253 608 0.03163486 
289 193 232 599 0.03163486 
697 314 197 591 0.028921604 
790 310 194 582 0.02643471 
-11 743 119 374 0.024156325 
577 201 186 517 0.022069868 
401 1301 23 65 0.021603195 
-3 1152 63 202 0.021360904 
1 163 62 170 0.021360898 
-4 592 63 156 0.021360898 
36 199 249 557 0.0201599 
