41_Swimming_Swimming_41_822
68
300 697 28 44 0.99706453 
191 734 34 36 0.98046196 
326 339 242 325 0.95484614 
643 434 13 20 0.94120723 
530 387 8 15 0.60666233 
207 403 209 298 0.30317584 
50 416 197 298 0.28400344 
584 460 11 13 0.26116365 
731 525 13 19 0.26116365 
683 320 246 340 0.2150812 
159 176 289 400 0.17193554 
130 487 128 188 0.13594593 
101 0 218 316 0.115646794 
883 743 18 25 0.09507551 
627 588 10 17 0.08787667 
523 389 9 13 0.08117401 
876 566 12 19 0.07494057 
510 478 239 209 0.064067975 
133 423 194 307 0.064067975 
346 280 136 165 0.064067975 
721 449 14 19 0.06377564 
534 385 7 14 0.06377564 
612 589 8 13 0.054176662 
253 276 257 249 0.053832814 
-4 454 170 273 0.04931264 
723 452 8 11 0.04595155 
58 461 6 9 0.04595155 
374 316 78 94 0.036325652 
732 522 7 10 0.035808332 
736 511 6 8 0.035808332 
660 435 119 160 0.034593605 
439 360 222 330 0.03163486 
615 601 8 11 0.030282615 
720 454 21 24 0.027884185 
652 440 10 14 0.027838783 
631 608 14 16 0.027838778 
18 205 203 285 0.02643471 
610 454 5 7 0.02558696 
625 611 16 19 0.02558696 
689 507 6 8 0.02558696 
648 443 10 15 0.02558696 
582 461 17 20 0.02558696 
617 592 14 17 0.02558696 
730 452 9 12 0.02558696 
589 482 6 7 0.02558696 
880 575 7 11 0.02558696 
517 370 46 75 0.025519116 
339 340 59 65 0.025519116 
386 438 153 203 0.024156325 
-8 27 104 146 0.024156325 
221 74 285 366 0.024156325 
216 8 212 285 0.024156325 
609 462 7 10 0.02351288 
647 602 5 6 0.02351288 
601 508 4 6 0.02351288 
612 597 14 18 0.02351288 
600 598 5 7 0.02351288 
742 459 257 246 0.022069868 
-58 548 289 242 0.022069868 
825 554 257 273 0.022069868 
536 331 200 265 0.022069868 
737 529 10 12 0.021603195 
608 592 12 18 0.021603195 
1014 209 8 11 0.021603195 
619 477 8 10 0.021603195 
717 462 26 34 0.021360898 
723 530 26 30 0.021360898 
686 586 246 253 0.0201599 
