41_Swimming_Swimmer_41_401
36
485 123 111 273 0.99731666 
865 893 111 281 0.95484614 
239 438 140 419 0.9171464 
409 134 142 362 0.7520595 
239 277 235 692 0.30317584 
634 708 134 351 0.30317584 
232 957 215 643 0.28400344 
285 688 246 486 0.26558137 
589 725 123 362 0.17193556 
344 40 186 563 0.115646794 
248 508 78 280 0.109639935 
880 1214 134 312 0.09015675 
823 798 183 493 0.09015675 
815 1018 222 606 0.08285364 
371 181 88 134 0.07244435 
330 747 140 336 0.05874174 
470 357 130 290 0.03781825 
561 565 194 634 0.03163486 
297 753 60 192 0.030461596 
293 548 146 493 0.028921604 
221 126 63 165 0.027884193 
190 84 67 176 0.027884185 
437 919 249 624 0.02643471 
786 870 124 281 0.026434705 
896 1441 23 58 0.02558696 
641 1282 73 156 0.025519116 
443 502 76 182 0.025519116 
642 493 200 572 0.024156325 
329 397 134 438 0.024156325 
823 1276 126 277 0.022069868 
627 131 32 77 0.021360898 
850 911 75 209 0.021360898 
521 708 64 154 0.021360898 
89 998 33 89 0.021360898 
614 490 85 121 0.021360893 
420 192 225 486 0.0201599 
