41_Swimming_Swimmer_41_399
56
385 203 209 273 0.9999393 
96 420 249 298 0.95484614 
123 120 257 316 0.7688974 
514 342 257 302 0.73441863 
299 212 183 261 0.6352516 
128 269 253 335 0.59142894 
649 129 225 285 0.3436022 
675 239 232 265 0.3436022 
766 58 69 88 0.30585763 
900 75 140 194 0.28400344 
510 -30 239 277 0.26558137 
222 254 200 250 0.26558137 
32 470 235 330 0.24794048 
102 213 53 63 0.15056497 
254 504 228 298 0.14717786 
757 335 228 307 0.13594593 
74 -12 225 277 0.09803478 
85 159 194 228 0.090156734 
-2 8 49 75 0.07880669 
165 467 149 183 0.076092646 
257 82 194 265 0.06984133 
443 174 138 186 0.064067975 
120 216 69 83 0.06111947 
1 19 64 119 0.056098126 
-27 17 265 316 0.053832818 
105 210 114 144 0.053832814 
577 49 67 71 0.051466707 
57 240 121 186 0.04931264 
769 477 269 302 0.04931264 
70 214 52 67 0.047198545 
210 512 83 99 0.04326818 
723 31 121 149 0.04133062 
496 190 167 269 0.04133061 
601 351 285 356 0.04133061 
568 195 232 281 0.04133061 
934 76 76 86 0.036325652 
159 -3 134 178 0.034593593 
246 553 126 160 0.03163486 
345 552 140 151 0.03163486 
357 622 86 55 0.030461596 
144 235 71 88 0.030461596 
169 -7 242 316 0.028921604 
302 437 228 269 0.028921604 
411 129 70 73 0.027884193 
671 -4 200 235 0.02643471 
444 58 232 265 0.02643471 
405 446 228 265 0.026434705 
39 260 51 68 0.025519116 
384 164 134 180 0.024156325 
516 22 130 167 0.022069868 
293 280 281 277 0.022069868 
54 12 70 96 0.021360898 
56 346 218 281 0.020159906 
-10 381 191 246 0.020159906 
19 255 232 228 0.0201599 
60 179 126 140 0.0201599 
