41_Swimming_Swimming_41_243
77
118 720 55 110 0.99047405 
741 219 55 100 0.811072 
692 781 200 422 0.73441863 
414 717 53 116 0.45459446 
902 231 65 107 0.36670664 
464 724 60 101 0.32552502 
731 842 119 252 0.30317584 
735 98 215 489 0.26558137 
87 18 212 422 0.15916686 
253 639 19 40 0.11991897 
613 649 222 441 0.115646794 
632 876 30 67 0.109639935 
199 539 109 208 0.1065206 
215 570 62 131 0.08567618 
581 501 14 36 0.08117401 
109 646 57 148 0.072444364 
246 617 31 67 0.07244435 
482 755 63 107 0.07244435 
777 742 215 461 0.06984133 
393 657 90 187 0.06984133 
751 75 23 49 0.06655858 
59 674 24 47 0.06655858 
744 904 34 69 0.06655857 
54 395 253 489 0.064067975 
719 316 225 429 0.064067975 
653 164 228 527 0.05874174 
425 697 90 169 0.05874174 
532 770 67 124 0.056098126 
414 887 62 108 0.056098126 
760 893 74 148 0.056098126 
940 98 23 52 0.051466707 
505 779 33 62 0.051466707 
235 598 10 19 0.04990379 
94 714 52 101 0.047198545 
635 850 18 35 0.04595155 
723 484 121 220 0.045153886 
116 749 73 138 0.04326818 
98 605 54 131 0.04326818 
456 867 63 112 0.04326818 
235 593 16 32 0.04229837 
653 880 34 66 0.039651494 
553 613 31 70 0.039651494 
117 94 134 259 0.03781825 
501 687 107 224 0.03781825 
434 783 78 133 0.036325652 
233 591 33 67 0.036325645 
907 251 41 67 0.033269096 
257 602 16 33 0.032933712 
245 596 54 110 0.030461604 
-12 628 206 441 0.028921604 
438 751 124 220 0.028921604 
259 629 31 66 0.027884193 
763 69 19 42 0.027838783 
760 404 132 271 0.02643471 
476 671 60 131 0.025519116 
751 883 57 112 0.025519116 
130 845 68 118 0.025519116 
529 641 22 52 0.025519116 
550 542 25 57 0.025519116 
-45 309 228 461 0.02415633 
919 424 93 310 0.024156325 
322 773 265 441 0.024156325 
586 495 6 14 0.02351288 
696 941 36 70 0.023349825 
658 877 63 127 0.023349825 
723 899 51 100 0.023349825 
421 909 35 72 0.023349825 
117 608 33 77 0.023349825 
529 618 43 101 0.023349825 
927 96 25 51 0.023349825 
56 582 112 256 0.022069868 
582 499 8 20 0.0216032 
75 670 19 39 0.021603195 
481 755 25 49 0.021603195 
487 628 55 127 0.021360904 
909 704 32 67 0.021360898 
773 165 132 310 0.0201599 
