41_Swimming_Swimming_41_580
59
474 148 134 188 0.9993284 
343 210 246 289 0.56891036 
691 385 235 285 0.36474833 
264 376 15 21 0.35282937 
701 235 228 294 0.15916686 
476 302 197 261 0.14717786 
203 363 11 15 0.13944872 
289 379 15 22 0.111069925 
227 389 100 165 0.09015675 
539 443 27 39 0.08567618 
334 264 71 62 0.07880669 
613 300 191 281 0.064067975 
816 476 63 71 0.06111947 
165 371 13 16 0.05879275 
777 554 8 10 0.05879275 
518 447 24 36 0.056098126 
791 294 232 277 0.053832814 
566 469 30 37 0.051466707 
581 456 12 13 0.049903784 
835 544 119 153 0.04931264 
817 579 8 10 0.045951538 
233 259 281 302 0.045153886 
826 490 38 46 0.04326818 
168 350 8 10 0.04229837 
98 264 206 257 0.04133061 
312 417 257 246 0.04133061 
522 418 146 167 0.04133061 
132 441 26 32 0.039651502 
778 503 49 58 0.039651502 
531 432 46 60 0.039651502 
726 538 31 37 0.039651502 
626 323 60 89 0.039651494 
132 362 16 19 0.038923774 
163 341 194 239 0.03163486 
439 424 67 78 0.030461596 
74 291 12 14 0.030282615 
170 346 13 16 0.030282615 
569 437 13 18 0.030282615 
101 377 8 9 0.030282615 
560 324 104 155 0.028921604 
332 34 89 112 0.028921604 
628 515 29 33 0.027884193 
98 379 13 17 0.02558696 
523 438 7 9 0.02558696 
11 502 7 9 0.02558696 
797 494 54 64 0.025519116 
728 370 151 180 0.024156325 
301 285 75 60 0.023349825 
112 457 26 35 0.023349825 
803 368 74 80 0.023349825 
642 534 31 37 0.023349825 
424 380 215 269 0.022069868 
190 379 9 11 0.021603195 
615 474 11 15 0.021603195 
578 461 8 10 0.021603195 
544 423 16 20 0.021603195 
547 450 16 23 0.021603195 
297 308 69 63 0.021360898 
346 73 55 68 0.021360893 
