41_Swimming_Swimmer_41_610
36
451 111 203 213 0.99964833 
706 231 203 217 0.78491884 
302 305 269 233 0.69682413 
880 23 65 65 0.5227497 
185 158 239 226 0.5 
124 218 209 217 0.4310897 
432 324 246 220 0.28400344 
3 375 106 137 0.2311026 
744 294 242 217 0.19988176 
277 184 136 150 0.18550259 
797 273 144 168 0.17193554 
921 447 35 34 0.16258557 
6 282 215 226 0.15916686 
577 172 222 192 0.14717786 
184 243 140 127 0.1065206 
87 57 58 76 0.10106142 
19 51 94 115 0.09803478 
380 131 183 195 0.09803478 
104 90 58 75 0.09308395 
101 274 128 154 0.076092646 
933 411 82 127 0.06984132 
46 381 218 198 0.064067975 
54 68 90 105 0.045153897 
45 19 85 113 0.045153897 
279 257 200 213 0.04133061 
277 13 65 64 0.039651494 
596 284 218 213 0.034593593 
907 443 55 54 0.033269096 
506 269 206 213 0.03163486 
689 215 136 137 0.028921604 
94 36 91 110 0.026434705 
148 125 100 105 0.026434705 
641 122 203 184 0.02415633 
119 84 93 108 0.022069868 
822 225 86 63 0.021360893 
174 25 101 115 0.0201599 
