41_Swimming_Swimmer_41_704
98
328 239 144 201 0.9506874 
24 349 215 279 0.9506874 
545 126 74 98 0.9388805 
649 107 81 127 0.93593204 
483 233 87 113 0.93593204 
520 255 64 86 0.88114965 
152 404 123 154 0.7520595 
283 206 239 314 0.5 
258 300 31 35 0.38809907 
806 237 51 73 0.34582695 
746 51 62 97 0.32552502 
383 300 88 113 0.30585766 
786 98 49 72 0.268611 
735 121 67 89 0.2511021 
489 94 53 77 0.23436876 
480 39 57 65 0.23436876 
250 -46 225 287 0.19988178 
400 284 55 76 0.188928 
176 258 222 275 0.18550259 
490 92 30 44 0.1753677 
497 114 69 86 0.1753677 
403 177 51 64 0.16258557 
688 97 91 120 0.12544508 
198 427 75 98 0.118850335 
360 521 74 109 0.118850335 
367 151 65 72 0.109639935 
425 233 112 157 0.1065206 
301 321 153 176 0.1065206 
235 290 52 57 0.10106142 
136 497 117 150 0.09803478 
-21 101 228 267 0.09803478 
150 390 49 69 0.09308395 
613 122 80 118 0.08285364 
90 289 206 287 0.08285364 
605 162 29 37 0.07880669 
756 100 69 97 0.07880669 
504 140 33 43 0.07244435 
233 297 37 35 0.06655858 
721 62 62 79 0.06655858 
574 144 54 67 0.06655857 
37 9 212 223 0.064067975 
593 588 23 26 0.056098126 
772 139 18 26 0.04990379 
767 -21 209 248 0.04931264 
186 352 132 193 0.04931264 
619 165 24 32 0.047198545 
513 95 85 121 0.04326818 
629 161 19 23 0.04229837 
505 151 20 24 0.04229837 
20 333 138 195 0.04133061 
247 313 55 65 0.039651494 
183 530 67 93 0.036325652 
41 390 69 87 0.036325652 
620 143 51 63 0.036325652 
761 57 41 55 0.033269096 
328 168 68 76 0.033269096 
144 417 78 111 0.033269096 
263 346 33 38 0.033269096 
630 256 18 24 0.03293372 
799 34 107 159 0.03163486 
70 464 149 187 0.03163486 
94 530 52 77 0.030461596 
655 238 21 29 0.030461596 
468 254 14 17 0.030282615 
550 408 13 19 0.030282615 
352 131 58 64 0.027884193 
708 415 76 70 0.027884193 
485 578 18 20 0.027838778 
722 330 21 25 0.027838778 
134 -30 228 251 0.026434705 
466 529 27 35 0.025519116 
307 178 62 75 0.025519116 
713 50 54 62 0.025519116 
223 316 47 61 0.025519116 
474 102 170 227 0.024156325 
8 198 86 157 0.024156325 
552 95 62 87 0.023349825 
695 82 63 80 0.023349825 
671 119 34 49 0.023349825 
642 139 60 73 0.023349825 
807 114 31 47 0.023349825 
294 -1 136 182 0.022069868 
796 77 18 25 0.021603195 
687 125 18 27 0.021603195 
513 534 15 20 0.021603195 
147 359 56 71 0.021360904 
585 26 32 31 0.021360904 
609 159 43 59 0.021360904 
321 313 78 100 0.021360904 
520 145 38 49 0.021360898 
424 187 51 63 0.021360898 
748 503 31 34 0.021360898 
109 361 73 77 0.021360898 
746 137 40 53 0.021360893 
448 516 48 62 0.021360893 
716 7 153 227 0.020159906 
233 7 144 182 0.0201599 
194 430 194 251 0.0201599 
