41_Swimming_Swimmer_41_688
29
533 83 225 285 0.9999682 
897 361 123 167 0.99705744 
754 197 132 191 0.56891036 
651 136 167 235 0.52310073 
740 79 235 311 0.4085711 
196 368 180 268 0.2311026 
815 315 200 253 0.17193554 
762 378 50 67 0.13928533 
597 444 206 257 0.115646794 
145 460 191 215 0.09015675 
472 228 281 285 0.076092646 
697 340 249 325 0.06984133 
748 379 40 45 0.06655857 
994 522 23 40 0.06655857 
250 137 265 316 0.064067975 
390 578 13 15 0.05879275 
226 439 116 155 0.05874174 
494 111 158 242 0.053832814 
3 184 239 261 0.04931264 
990 508 23 40 0.036325652 
394 582 13 15 0.030282615 
980 512 39 64 0.027884185 
841 102 158 231 0.024156325 
511 358 340 253 0.024156325 
190 570 108 100 0.023349825 
962 476 49 76 0.023349825 
374 435 51 55 0.021360898 
941 427 73 97 0.021360898 
283 417 57 62 0.021360898 
