41_Swimming_Swimmer_41_19
32
449 247 151 238 0.99705744 
533 220 197 273 0.5 
2 280 183 281 0.14717786 
612 257 142 177 0.12544508 
566 456 218 307 0.1065206 
606 210 261 293 0.08285364 
153 198 232 293 0.076092646 
546 296 57 106 0.07244435 
14 309 74 80 0.056098126 
19 344 67 78 0.047198545 
675 297 68 107 0.047198545 
246 65 34 42 0.047198545 
287 216 32 41 0.047198545 
760 78 215 289 0.045153897 
542 -2 186 265 0.04133062 
734 260 293 321 0.034593593 
443 264 78 115 0.033269096 
390 122 225 302 0.03163486 
472 326 83 149 0.030461596 
454 187 14 21 0.030282615 
243 254 153 191 0.028921604 
591 51 117 158 0.028921604 
488 313 261 302 0.026434705 
463 172 8 11 0.02558696 
500 301 100 137 0.025519116 
624 529 134 197 0.022069868 
35 524 64 85 0.021360904 
246 90 30 42 0.021360898 
462 567 27 37 0.021360898 
-25 90 249 293 0.0201599 
133 525 228 249 0.0201599 
205 454 253 311 0.0201599 
