41_Swimming_Swimmer_41_701
41
273 378 298 705 0.991905 
160 510 311 716 0.94616723 
582 568 246 655 0.9098432 
712 436 246 675 0.7520595 
649 367 222 609 0.6135702 
467 181 261 646 0.6135702 
251 198 232 655 0.59142894 
46 371 228 627 0.52310073 
400 421 302 705 0.3647484 
123 273 257 685 0.36474833 
364 136 212 557 0.3436022 
612 1011 249 627 0.24794048 
415 1036 212 582 0.24794045 
578 176 253 582 0.18550259 
49 538 151 347 0.13594593 
845 581 128 342 0.1065206 
114 745 285 675 0.1065206 
778 710 235 582 0.09803478 
197 1108 222 510 0.09015675 
154 1272 35 80 0.07244435 
746 208 206 557 0.053832818 
490 146 158 446 0.053832814 
785 425 130 414 0.04931264 
145 1237 59 129 0.047198545 
36 596 45 150 0.047198545 
66 721 62 140 0.039651502 
508 707 200 408 0.03781825 
865 765 114 342 0.03781825 
649 1121 140 391 0.03781825 
177 1096 29 84 0.036325645 
206 1330 27 76 0.033269096 
456 1216 74 143 0.030461604 
673 1273 91 204 0.030461596 
428 743 253 675 0.028921604 
-3 830 203 582 0.028921604 
189 1299 50 122 0.027884185 
895 630 82 184 0.025519116 
950 1075 24 66 0.023349825 
368 458 172 453 0.022069868 
19 912 117 327 0.022069868 
718 888 239 574 0.020159906 
