4_Dancing_Dancing_4_1026
103
798 114 109 142 0.99964833 
106 116 109 145 0.9992632 
473 140 103 134 0.99911374 
606 94 95 136 0.99814475 
300 149 93 145 0.99776876 
907 141 60 110 0.95280147 
822 441 111 200 0.5461031 
356 383 203 316 0.45389685 
540 646 9 12 0.3933377 
862 130 82 130 0.3864298 
685 624 51 81 0.268611 
-46 473 239 336 0.26558137 
1009 644 12 26 0.22912635 
343 340 40 67 0.13928533 
825 666 51 73 0.118850335 
663 615 55 81 0.109639935 
239 407 209 356 0.1065206 
806 528 15 18 0.10279763 
560 75 21 31 0.10106142 
799 1 13 17 0.08117401 
280 396 71 110 0.07880669 
922 256 65 61 0.07880669 
1010 140 7 10 0.074940585 
968 101 22 32 0.07244435 
286 98 27 36 0.07244435 
919 351 112 180 0.06984132 
568 669 9 13 0.0691498 
460 670 6 8 0.0691498 
930 158 53 88 0.06111947 
796 403 206 290 0.058741733 
473 688 6 9 0.054176662 
552 671 6 8 0.054176662 
376 226 194 265 0.053832814 
37 405 63 86 0.051466707 
749 122 21 31 0.051466707 
941 91 9 12 0.04990379 
536 114 100 142 0.04931264 
-3 332 215 277 0.04931264 
464 664 6 9 0.04595155 
642 471 178 277 0.045153886 
913 363 5 7 0.04229837 
462 669 7 9 0.04229837 
404 -12 212 307 0.04133061 
506 25 175 261 0.04133061 
874 374 7 10 0.038923774 
146 482 218 321 0.03781825 
388 557 50 85 0.036325652 
1001 635 23 41 0.036325652 
468 18 32 51 0.036325645 
815 9 36 49 0.036325645 
579 694 8 12 0.035808332 
1009 87 7 11 0.035808332 
454 664 7 9 0.035808332 
1010 84 13 19 0.035808332 
467 661 6 8 0.035808332 
903 368 4 5 0.035808332 
186 246 194 290 0.034593605 
25 391 116 191 0.034593593 
741 200 203 269 0.034593593 
210 705 15 21 0.03293372 
904 382 5 8 0.032933712 
542 643 7 10 0.032933712 
624 518 94 138 0.03163486 
2 561 155 200 0.03163486 
245 500 123 232 0.03163486 
400 576 31 53 0.030461604 
800 677 7 9 0.030282615 
352 454 109 212 0.028921604 
357 -2 109 191 0.028921604 
632 177 215 294 0.028921604 
245 328 100 175 0.028921604 
980 101 23 34 0.027884193 
990 49 22 33 0.027884185 
363 525 63 110 0.027884185 
361 64 16 26 0.027838783 
1006 138 12 17 0.027838778 
565 674 9 13 0.027838778 
536 648 8 11 0.027838778 
1014 525 8 14 0.02558696 
481 689 6 8 0.02558696 
903 702 37 41 0.025519116 
846 472 73 112 0.025519116 
473 24 54 72 0.025519116 
498 698 5 7 0.02351288 
795 6 13 19 0.02351288 
408 663 7 11 0.02351288 
823 685 31 44 0.023349825 
782 708 38 38 0.023349825 
544 48 50 63 0.023349825 
273 105 49 68 0.023349825 
994 103 22 34 0.023349825 
708 406 215 257 0.022069868 
540 640 6 8 0.0216032 
74 231 8 13 0.021603195 
629 621 16 19 0.021603195 
595 693 7 9 0.021603195 
629 624 9 12 0.021603195 
970 80 15 20 0.021603195 
972 116 17 23 0.021603195 
484 63 48 58 0.021360898 
579 75 30 40 0.021360898 
461 324 107 180 0.0201599 
118 133 246 281 0.0201599 
