4_Dancing_Dancing_4_960
29
405 53 186 332 0.9943938 
375 250 235 420 0.8745549 
739 515 121 286 0.8144974 
242 303 265 439 0.73441863 
547 324 212 414 0.6769414 
577 455 228 446 0.6769414 
427 539 261 446 0.59142894 
313 633 246 426 0.3864298 
268 482 253 439 0.2311026 
693 539 117 286 0.19988178 
781 568 232 390 0.15916684 
438 122 225 452 0.1065206 
0 328 261 509 0.09015675 
-67 559 289 494 0.090156734 
520 110 149 295 0.08285364 
209 599 215 459 0.076092646 
344 203 69 146 0.06655858 
196 25 9 16 0.05879275 
967 21 11 21 0.054176662 
37 -2 222 368 0.04931264 
97 549 215 426 0.045153897 
665 549 235 390 0.03781825 
920 25 6 11 0.030282615 
376 122 128 243 0.028921604 
857 785 138 223 0.028921604 
749 581 78 176 0.027884193 
957 854 82 159 0.023349825 
547 509 32 58 0.023349825 
642 107 261 446 0.020159906 
