4_Dancing_Dancing_4_514
105
519 31 76 119 0.9997242 
382 108 71 109 0.9996692 
407 227 209 337 0.4768992 
432 446 218 337 0.3436022 
637 364 194 332 0.30317584 
572 -6 253 358 0.2840034 
941 450 26 37 0.23436876 
438 366 146 240 0.17193556 
330 234 69 70 0.16258557 
161 516 249 385 0.13594593 
247 567 249 385 0.13594593 
141 685 34 55 0.109639935 
503 353 257 415 0.09803478 
351 523 225 369 0.09803478 
289 176 218 304 0.09803478 
586 31 146 244 0.09015675 
906 793 7 11 0.08787667 
679 -36 218 337 0.08285364 
473 169 235 332 0.08285364 
852 801 7 12 0.08117401 
75 639 31 46 0.07880669 
94 213 191 313 0.076092646 
495 562 225 342 0.076092646 
386 70 281 337 0.06984132 
879 773 6 8 0.069149815 
79 417 30 43 0.06655858 
748 17 123 195 0.064067975 
1008 577 17 32 0.06377564 
830 480 60 90 0.06111947 
914 802 16 16 0.05879275 
-7 511 218 347 0.05874174 
887 801 7 10 0.054176662 
885 786 7 11 0.054176662 
898 740 7 12 0.054176662 
800 75 228 295 0.053832818 
76 452 51 75 0.051466707 
325 235 44 41 0.047198545 
891 337 32 49 0.047198545 
369 73 32 45 0.047198545 
964 658 18 23 0.04595155 
1014 514 9 24 0.045951538 
88 -46 225 337 0.045153897 
938 645 21 28 0.039651502 
764 772 23 33 0.039651494 
990 659 13 23 0.038923774 
-48 369 218 318 0.03781825 
94 593 22 29 0.036325645 
921 652 8 12 0.035808332 
793 791 6 10 0.035808332 
414 501 9 14 0.035808332 
-21 219 218 318 0.034593593 
244 208 53 74 0.033269096 
772 412 37 50 0.033269096 
23 637 36 51 0.033269096 
883 188 25 35 0.033269096 
249 243 34 46 0.033269096 
984 648 14 22 0.03293372 
713 433 119 195 0.03163486 
770 598 34 46 0.030461596 
884 801 13 18 0.030282615 
839 775 12 22 0.030282615 
696 514 203 358 0.028921604 
854 509 36 59 0.027884193 
265 604 28 38 0.027884193 
934 429 30 45 0.027884193 
1002 666 21 42 0.027884185 
125 417 59 72 0.027884185 
1011 661 12 23 0.027838783 
993 364 18 31 0.027838783 
822 798 5 8 0.027838783 
917 654 13 19 0.027838778 
185 222 246 304 0.02643471 
866 671 9 12 0.02558696 
804 790 6 9 0.02558696 
297 38 55 84 0.025519116 
140 666 31 47 0.025519116 
932 412 30 40 0.025519116 
306 143 50 67 0.025519116 
896 153 26 37 0.025519116 
157 285 142 192 0.024156325 
881 711 7 10 0.02351288 
915 663 15 22 0.02351288 
787 787 6 9 0.02351288 
870 782 8 10 0.02351288 
840 630 8 11 0.02351288 
816 317 52 87 0.023349825 
63 630 48 79 0.023349825 
883 612 27 41 0.023349825 
178 480 119 244 0.022069868 
516 250 136 216 0.022069868 
147 586 130 198 0.022069868 
906 696 8 12 0.021603195 
901 690 13 20 0.021603195 
877 710 12 19 0.021603195 
1011 627 14 25 0.021603195 
812 633 16 25 0.021603195 
907 747 6 9 0.021603195 
925 747 8 11 0.021603195 
972 433 46 69 0.021360904 
129 260 52 86 0.021360904 
120 172 62 56 0.021360904 
317 225 40 37 0.021360898 
183 274 55 97 0.021360898 
271 18 114 184 0.0201599 
842 111 123 216 0.0201599 
