4_Dancing_Dancing_4_769
55
461 235 41 55 0.9933628 
402 122 43 64 0.99204755 
35 342 228 294 0.7520596 
25 21 257 298 0.73441863 
472 85 228 269 0.3864298 
909 153 22 31 0.32552502 
800 183 21 27 0.28687313 
843 302 30 37 0.21842524 
122 67 17 21 0.13944872 
713 84 215 316 0.1065206 
806 512 132 178 0.09803478 
379 10 212 289 0.06984133 
0 445 203 261 0.06984132 
57 45 22 26 0.06655858 
66 467 56 70 0.06655857 
851 307 34 42 0.051466707 
153 64 8 10 0.04990379 
-29 181 281 335 0.04931264 
855 58 215 285 0.04931264 
544 256 242 298 0.04931264 
204 482 215 285 0.045153897 
394 312 222 277 0.045153886 
147 41 242 326 0.045153886 
795 513 88 94 0.04326818 
88 56 14 20 0.04229837 
931 283 97 151 0.04133061 
845 300 19 24 0.038923774 
546 -19 265 326 0.03781825 
505 232 29 37 0.036325645 
145 62 5 7 0.035808332 
255 112 194 277 0.034593605 
212 250 218 289 0.034593593 
755 533 55 63 0.033269096 
679 171 180 281 0.03163486 
156 370 246 277 0.03163486 
902 493 71 94 0.030461596 
266 485 59 66 0.030461596 
125 69 10 12 0.030282615 
26 646 8 10 0.027838778 
843 294 53 71 0.025519116 
963 449 29 40 0.025519116 
548 455 88 99 0.025519116 
47 474 116 167 0.024156325 
147 61 11 14 0.02351288 
179 63 23 28 0.023349825 
504 175 151 155 0.022069868 
765 457 130 163 0.022069868 
801 437 56 66 0.021360904 
282 491 36 40 0.021360898 
50 114 23 34 0.021360898 
504 224 54 59 0.021360898 
11 617 70 69 0.021360898 
659 346 25 37 0.021360898 
410 476 228 281 0.020159906 
6 563 98 130 0.0201599 
