4_Dancing_Dancing_4_384
37
471 133 124 183 0.99776876 
619 -33 246 269 0.6769414 
359 120 191 269 0.6135702 
483 319 225 294 0.5 
262 321 242 303 0.28400344 
-8 1 104 151 0.2840034 
418 384 261 356 0.21508123 
713 2 222 265 0.19988178 
270 140 209 312 0.14717786 
245 2 209 277 0.13594593 
329 369 144 186 0.12544508 
-9 558 106 153 0.115646794 
164 111 194 277 0.09015675 
670 305 209 273 0.090156734 
4 444 200 269 0.08285364 
34 292 200 265 0.064067975 
171 223 197 277 0.064067975 
383 521 209 265 0.05874174 
162 1 183 254 0.053832814 
731 247 194 261 0.04931264 
-33 334 206 281 0.045153897 
422 563 121 175 0.045153897 
513 546 134 165 0.04133062 
775 403 215 294 0.04133061 
641 173 215 290 0.04133061 
483 243 178 246 0.03781825 
813 6 132 178 0.034593593 
720 573 123 130 0.028921604 
491 334 94 99 0.027884193 
104 187 200 269 0.02643471 
372 305 253 294 0.024156325 
545 618 78 67 0.023349825 
-42 -39 186 246 0.022069868 
37 426 123 194 0.022069868 
1 375 103 156 0.022069868 
-2 164 188 236 0.020159906 
127 314 225 294 0.0201599 
