4_Dancing_Dancing_4_517
38
424 203 222 251 0.9943938 
95 21 316 291 0.9098432 
534 137 307 283 0.89347935 
107 330 242 263 0.89347935 
409 31 239 240 0.8745549 
490 40 289 259 0.8144974 
499 244 239 237 0.5461031 
193 107 261 283 0.5 
310 -30 249 270 0.47689918 
10 88 293 291 0.45389685 
-33 203 302 309 0.4310897 
352 351 257 248 0.36474833 
613 9 242 266 0.32305852 
120 181 273 295 0.30317584 
576 311 239 259 0.19988178 
670 345 265 274 0.18550259 
426 31 71 76 0.1753677 
21 -6 253 240 0.14717786 
745 170 261 287 0.14717786 
449 12 109 154 0.14717786 
-23 359 206 266 0.1254451 
441 308 277 279 0.1065206 
345 86 249 263 0.09015675 
466 221 74 76 0.08567618 
433 144 26 27 0.08567616 
385 4 104 131 0.06984132 
691 12 138 161 0.064067975 
213 210 307 300 0.05874174 
562 43 146 179 0.058741733 
752 61 265 263 0.04931264 
-16 256 126 217 0.045153886 
528 38 24 30 0.04326818 
-59 56 242 255 0.03163486 
628 240 242 259 0.03163486 
449 136 18 17 0.027838783 
696 31 83 99 0.023349825 
403 3 54 49 0.023349825 
420 116 52 52 0.023349825 
