4_Dancing_Dancing_4_240
59
108 153 59 75 0.99986684 
529 162 61 77 0.9998542 
837 98 58 73 0.99979013 
682 119 56 73 0.9997242 
255 190 55 73 0.9996376 
398 216 54 67 0.9996376 
788 252 209 283 0.30317584 
541 319 123 174 0.26558137 
151 452 172 252 0.2150812 
772 378 232 288 0.19988178 
432 82 98 124 0.18550259 
829 195 58 93 0.1753677 
220 491 126 159 0.17193554 
60 376 218 275 0.15916686 
124 28 25 32 0.13928533 
350 -2 165 214 0.13594593 
343 590 31 38 0.12872262 
504 298 218 279 0.12544508 
773 177 191 248 0.09803478 
990 580 27 36 0.08567618 
414 506 61 81 0.08567618 
748 9 52 62 0.07880669 
343 158 15 17 0.074940585 
179 87 29 34 0.06655858 
959 437 46 58 0.06655857 
818 190 109 169 0.05874174 
167 95 31 35 0.056098126 
464 129 59 70 0.056098126 
825 16 51 60 0.051466707 
185 96 18 18 0.04990379 
92 16 209 271 0.04931264 
435 497 75 112 0.04326818 
412 189 215 255 0.04133061 
654 258 239 292 0.04133061 
515 -15 257 310 0.03781825 
809 209 51 74 0.036325652 
485 128 83 101 0.034593593 
994 499 26 39 0.033269096 
172 92 8 10 0.032933712 
704 381 175 234 0.03163486 
276 213 55 59 0.030461596 
414 -16 212 244 0.028921604 
439 376 206 267 0.028921604 
103 89 30 39 0.027884185 
541 -1 7 7 0.027838778 
734 434 97 148 0.026434705 
59 419 144 164 0.024156325 
216 -20 206 259 0.024156325 
831 360 138 202 0.024156325 
375 477 103 152 0.024156325 
653 272 14 18 0.02351288 
162 68 47 59 0.023349825 
979 557 45 59 0.023349825 
291 128 9 10 0.021603195 
554 0 5 5 0.021603195 
849 188 71 91 0.021360904 
726 1 57 64 0.021360904 
176 71 27 34 0.021360898 
278 161 27 29 0.021360898 
