4_Dancing_Dancing_4_189
30
423 33 62 105 0.9992494 
592 38 59 75 0.993937 
756 340 191 255 0.45389685 
686 128 203 308 0.2311026 
649 336 261 342 0.19988178 
112 179 26 37 0.10106142 
322 347 228 300 0.05874174 
780 155 51 72 0.039651502 
752 342 35 43 0.039651494 
724 219 222 287 0.03781825 
403 267 25 38 0.036325652 
343 357 128 168 0.034593593 
836 414 126 173 0.034593593 
509 162 60 95 0.033269096 
571 141 26 35 0.030461604 
394 29 51 81 0.030461596 
865 460 78 110 0.027884193 
890 160 50 73 0.027884185 
916 463 51 78 0.027884185 
667 251 65 96 0.025519116 
423 247 59 77 0.025519116 
762 138 114 210 0.024156325 
596 491 101 133 0.024156325 
447 133 67 51 0.023349825 
825 396 79 124 0.023349825 
517 360 76 107 0.023349825 
706 245 82 80 0.023349825 
854 432 197 262 0.022069868 
507 213 57 91 0.021360904 
495 145 277 278 0.0201599 
