18_Concerts_Concerts_18_1038
20
91 681 101 131 0.99989235 
284 635 108 147 0.9998832 
468 607 93 122 0.9994778 
275 167 87 108 0.99920064 
538 95 70 83 0.99767846 
453 161 80 106 0.99510807 
629 142 81 104 0.9950664 
632 572 86 101 0.9903458 
806 306 12 15 0.12474408 
763 616 21 31 0.0694999 
462 553 38 34 0.06039266 
839 308 10 11 0.034581974 
488 352 27 39 0.032324627 
886 279 10 13 0.031407632 
478 135 79 104 0.02959135 
315 886 62 65 0.02594776 
506 101 53 65 0.025609892 
581 822 12 15 0.023436 
375 76 27 31 0.023055052 
519 116 59 71 0.021363243 
