18_Concerts_Concerts_18_133
78
151 1013 32 43 0.9973671 
321 415 67 69 0.99694806 
659 352 64 79 0.9959991 
640 916 38 47 0.9942374 
457 961 39 44 0.94713897 
375 1020 42 54 0.17713694 
551 610 16 19 0.11099235 
622 982 13 17 0.09148842 
281 1254 8 10 0.081029356 
576 1204 10 13 0.06271551 
978 1067 11 15 0.061709844 
816 1006 34 38 0.0614026 
999 1038 8 10 0.060325544 
111 540 46 55 0.056470506 
169 875 406 413 0.054453924 
312 1208 8 10 0.052510746 
256 377 9 10 0.051531635 
462 635 13 18 0.050393276 
534 1074 10 13 0.047206316 
345 1021 45 52 0.043148503 
196 1126 16 20 0.04248164 
270 1276 10 13 0.038709395 
574 1071 12 13 0.038045265 
207 1146 11 16 0.036884617 
252 1229 12 15 0.036491986 
945 1077 9 13 0.033668533 
61 650 139 162 0.03319665 
319 1020 49 54 0.032951497 
130 576 34 42 0.03267503 
298 987 51 60 0.030932348 
545 665 14 17 0.030318098 
553 1079 11 12 0.030086048 
951 1071 10 13 0.029696671 
957 1073 13 15 0.02959364 
910 1087 11 12 0.029093755 
261 380 9 12 0.028641297 
179 356 116 143 0.028517308 
524 1069 13 16 0.028066905 
14 446 358 424 0.027888376 
189 1129 18 21 0.027361825 
305 1038 49 56 0.026697453 
559 1018 10 12 0.02646844 
964 1071 16 18 0.02608541 
571 644 96 140 0.025744863 
286 1223 8 12 0.025664218 
280 946 27 30 0.025238613 
131 424 15 17 0.02521557 
392 950 9 10 0.025179286 
391 952 45 54 0.025048696 
603 620 23 29 0.024420936 
269 1037 40 47 0.024343928 
557 596 11 13 0.024335502 
295 1019 46 57 0.024105461 
536 615 9 12 0.023598613 
56 333 9 11 0.023204947 
40 350 12 14 0.023191733 
357 995 53 68 0.023013135 
969 1063 21 26 0.022924995 
573 989 8 12 0.022813551 
569 1072 8 11 0.022733036 
99 598 162 169 0.022558764 
593 1110 9 12 0.021915503 
249 1232 17 22 0.021841459 
413 953 41 54 0.021461373 
113 25 457 523 0.021454006 
397 410 48 63 0.02115671 
1005 1053 10 14 0.02106436 
498 940 27 39 0.020950865 
541 613 11 14 0.020918146 
816 1013 47 63 0.020816756 
436 1031 14 18 0.020737346 
616 978 21 27 0.02065186 
945 1071 10 14 0.020649035 
99 461 31 44 0.020636408 
203 1130 12 17 0.020589296 
629 975 12 17 0.020556541 
627 983 14 19 0.020225726 
371 408 56 61 0.02014088 
