18_Concerts_Concerts_18_706
20
458 183 214 274 0.9999386 
324 663 23 27 0.12369084 
72 810 339 523 0.09873535 
135 651 29 32 0.09030171 
132 543 187 224 0.080441974 
213 638 71 77 0.06682357 
853 949 175 222 0.0567618 
772 427 90 149 0.05451876 
67 574 192 248 0.048198488 
139 653 58 64 0.047250357 
165 613 106 115 0.044205166 
136 661 34 39 0.0403779 
886 997 113 124 0.032712966 
787 682 198 249 0.032495137 
100 278 469 469 0.03163931 
238 662 42 38 0.030546658 
160 644 65 66 0.030281052 
69 431 321 432 0.026825065 
265 664 17 20 0.02457199 
189 43 241 249 0.023049062 
