18_Concerts_Concerts_18_784
17
248 229 368 477 0.9993761 
326 939 351 455 0.15917072 
409 867 494 486 0.10620114 
911 256 47 68 0.06781665 
452 61 133 155 0.061968062 
964 355 61 84 0.061701033 
-5 658 493 513 0.05760669 
278 144 70 79 0.044765055 
704 574 122 211 0.044647094 
424 675 383 517 0.042540718 
302 103 147 128 0.039002996 
243 17 372 449 0.034264382 
238 933 213 272 0.03423024 
329 70 231 260 0.029329114 
979 288 43 72 0.026748393 
534 504 307 479 0.022919388 
906 243 83 98 0.022301307 
