18_Concerts_Concerts_18_27
28
400 173 405 539 0.9999579 
262 977 423 439 0.97131515 
92 901 375 437 0.7357257 
509 699 85 129 0.3977124 
445 883 322 494 0.29530346 
275 59 438 461 0.25221673 
85 696 460 422 0.16916421 
430 1117 301 339 0.12138551 
476 13 456 566 0.10787079 
356 272 265 374 0.08228181 
785 28 189 268 0.08068519 
788 1042 243 334 0.07413387 
643 807 451 519 0.05288934 
131 950 210 309 0.052390248 
488 380 392 481 0.050476857 
487 883 32 48 0.04502277 
-121 242 494 464 0.042477 
5 559 441 445 0.030980725 
487 945 47 70 0.027317436 
522 920 36 37 0.025785286 
139 742 238 251 0.025252 
526 998 445 455 0.0242865 
523 777 358 460 0.024242632 
673 2 340 454 0.02382702 
408 694 187 259 0.023160564 
879 509 100 129 0.022577263 
202 196 331 465 0.022004664 
520 878 44 57 0.02058943 
