18_Concerts_Concerts_18_528
47
466 124 69 93 0.9955841 
912 359 8 12 0.074263655 
252 479 25 27 0.06084649 
961 374 10 12 0.05881944 
940 328 14 18 0.05453022 
921 373 11 14 0.05218224 
846 390 10 12 0.050789043 
855 334 11 13 0.047652513 
677 587 13 16 0.046276703 
959 368 9 11 0.034911197 
699 612 11 13 0.03461421 
885 401 13 17 0.03412152 
887 382 9 11 0.03273067 
849 354 11 15 0.032334678 
853 362 13 16 0.029843312 
838 413 13 17 0.029583912 
920 366 10 13 0.028724525 
922 378 14 18 0.028546458 
702 566 11 13 0.028150758 
878 362 11 14 0.02785935 
845 340 11 15 0.02777142 
845 348 13 15 0.026948908 
917 358 9 12 0.026534058 
882 382 9 11 0.026351247 
828 381 10 12 0.026330536 
951 375 10 13 0.026166782 
844 394 12 16 0.025685102 
844 402 12 15 0.024649788 
992 366 12 14 0.024187274 
919 397 12 15 0.023708371 
886 410 13 17 0.023619097 
695 608 11 13 0.023300657 
924 366 12 15 0.022631204 
992 391 12 16 0.022486094 
888 376 9 11 0.022252982 
871 341 11 14 0.02175438 
162 74 405 516 0.021306686 
860 339 11 15 0.021201596 
812 347 11 15 0.021144103 
841 390 11 14 0.020625992 
992 350 11 13 0.020553205 
992 324 9 12 0.02052148 
893 375 9 11 0.020444162 
909 372 12 15 0.020294068 
862 414 10 12 0.020118687 
847 336 10 12 0.020086931 
759 75 13 17 0.020081302 
