18_Concerts_Concerts_18_38
471
68 415 31 45 0.99883074 
759 393 30 43 0.99428314 
529 266 26 34 0.97923297 
294 535 39 75 0.97797763 
95 393 27 38 0.9762648 
805 275 22 30 0.9692096 
641 185 23 30 0.955416 
279 215 30 43 0.9539232 
420 501 64 100 0.91507924 
594 301 21 30 0.85997 
537 487 67 84 0.8537347 
561 343 23 37 0.8423373 
508 213 12 15 0.8138383 
145 324 23 32 0.77007025 
726 317 15 18 0.75170547 
876 237 11 13 0.71201247 
278 188 16 20 0.6967163 
514 414 24 35 0.6745412 
568 353 25 37 0.6464563 
364 184 14 16 0.638147 
131 328 27 31 0.6045545 
405 441 54 66 0.59519136 
540 409 23 42 0.5148152 
455 236 12 15 0.50896406 
898 343 37 55 0.48535186 
218 288 18 23 0.43515542 
364 299 15 20 0.43192467 
532 215 10 12 0.41711822 
569 198 8 11 0.39518148 
525 415 29 39 0.36900145 
397 504 54 65 0.3650167 
733 287 12 15 0.35697183 
689 260 9 12 0.34288585 
679 270 12 15 0.33787748 
637 279 18 21 0.32129738 
410 476 62 89 0.31397042 
1012 226 12 21 0.26312432 
894 278 13 15 0.25002444 
528 218 12 15 0.23523997 
860 278 12 16 0.23412989 
431 228 11 14 0.23219626 
712 261 10 13 0.21131456 
771 211 12 14 0.19216901 
845 247 8 10 0.17344438 
768 278 11 13 0.17294766 
431 199 11 14 0.17170964 
730 216 8 10 0.16916722 
186 333 13 17 0.16588451 
745 242 9 13 0.15588754 
486 301 12 17 0.1496625 
798 235 9 12 0.14609115 
769 207 10 13 0.1433079 
968 229 9 12 0.14124781 
21 403 16 24 0.14098406 
9 396 19 30 0.13949768 
531 228 13 16 0.13777812 
824 252 9 11 0.13503927 
877 243 10 12 0.13105102 
734 215 8 10 0.13080166 
189 377 24 41 0.1300952 
927 256 8 9 0.1263189 
511 195 11 14 0.12389905 
903 254 8 10 0.121680155 
808 271 12 18 0.12073175 
556 346 18 27 0.120328076 
309 451 42 47 0.119003505 
4 603 51 88 0.11867066 
737 291 13 16 0.11834614 
126 371 15 20 0.11243944 
353 494 32 47 0.10805737 
372 507 48 56 0.10547091 
665 236 10 13 0.10499373 
487 174 7 9 0.10479047 
341 269 14 18 0.10469157 
550 226 13 17 0.1037754 
308 206 13 15 0.10162836 
349 269 13 18 0.09920225 
572 198 10 13 0.092859946 
446 237 12 15 0.08946894 
814 231 8 11 0.08929246 
262 197 14 17 0.08913465 
983 268 38 54 0.08817341 
895 272 10 13 0.08808667 
961 224 8 12 0.08805679 
82 406 29 45 0.087454446 
296 209 24 33 0.0853778 
920 256 8 10 0.085141286 
867 303 13 20 0.08487076 
903 247 8 10 0.08484878 
453 220 11 14 0.07898431 
569 255 10 13 0.077676564 
650 181 13 21 0.07495092 
424 230 11 14 0.07381344 
529 208 9 12 0.07268611 
714 230 8 11 0.072199 
855 199 7 9 0.07065364 
847 200 7 9 0.07049401 
727 245 10 12 0.06984379 
735 271 10 12 0.06954279 
743 223 7 10 0.069011204 
870 193 8 9 0.06895453 
75 381 12 16 0.068690695 
745 229 9 11 0.067722656 
747 238 10 12 0.06768395 
460 242 11 13 0.067368925 
190 325 13 15 0.066590786 
913 261 10 12 0.06628443 
728 240 10 11 0.06601693 
908 339 52 72 0.06428318 
420 529 39 65 0.063593864 
862 270 10 14 0.06356539 
984 264 27 31 0.06314742 
502 421 39 50 0.06300152 
454 193 9 11 0.06266472 
692 256 10 12 0.06243189 
823 213 7 9 0.06206175 
918 260 10 12 0.061921388 
898 280 13 17 0.061893016 
879 278 9 11 0.061410815 
541 226 12 17 0.060969744 
735 278 11 15 0.060919616 
238 563 56 73 0.06031145 
688 190 8 10 0.060081724 
418 430 36 50 0.059904434 
444 242 11 15 0.059593823 
555 221 10 13 0.059074797 
784 275 10 13 0.05802726 
629 349 23 37 0.057686932 
911 293 12 16 0.057685584 
584 238 10 16 0.057306033 
704 263 10 12 0.057118744 
573 365 29 32 0.05683688 
869 268 11 15 0.056069244 
736 209 7 9 0.0558934 
635 373 14 22 0.05575348 
949 181 8 10 0.055731196 
452 213 11 14 0.055567004 
814 223 7 10 0.05540975 
121 373 23 32 0.055141594 
504 206 12 15 0.054971464 
694 239 9 11 0.05463687 
714 175 8 10 0.054574594 
353 274 16 19 0.054470208 
905 224 7 9 0.0533708 
682 368 14 20 0.05241981 
971 233 12 14 0.05211648 
942 224 8 9 0.05204188 
889 190 7 8 0.051750176 
768 283 12 15 0.051632594 
990 175 8 11 0.05157624 
729 290 13 16 0.051501058 
716 284 10 13 0.051355567 
887 293 9 12 0.050857335 
808 235 9 12 0.050767705 
728 219 8 11 0.050681267 
712 191 8 10 0.050567698 
694 359 23 29 0.05014825 
601 296 24 32 0.049827598 
3 352 13 19 0.04939626 
536 519 62 89 0.04906336 
813 264 11 14 0.04885567 
317 271 17 23 0.04883042 
783 322 11 15 0.048751567 
553 217 10 12 0.048268646 
840 217 7 9 0.04806101 
900 271 10 13 0.047924746 
112 385 24 36 0.047007166 
788 273 11 16 0.046789438 
942 271 23 26 0.046361208 
790 330 14 18 0.04587961 
440 277 12 16 0.045681562 
729 175 6 9 0.04548038 
831 240 7 9 0.045207933 
197 338 12 16 0.0449983 
684 273 11 17 0.04495262 
670 275 12 15 0.044405427 
685 323 12 17 0.044337668 
438 236 13 16 0.04366215 
720 223 8 10 0.043155994 
556 406 24 42 0.04308953 
912 256 9 11 0.04181185 
534 210 9 12 0.04167672 
591 229 11 17 0.041450653 
476 379 14 15 0.041337866 
693 286 9 13 0.04110733 
359 515 32 46 0.04078855 
485 380 11 13 0.040746056 
761 260 12 14 0.040481836 
302 208 15 19 0.03967841 
965 224 10 13 0.039369386 
269 191 20 24 0.039055806 
389 223 9 13 0.038947538 
478 283 10 13 0.038893104 
843 200 7 10 0.038655296 
815 207 8 10 0.03862669 
524 271 21 24 0.03839064 
356 291 22 25 0.038372256 
943 192 8 10 0.038289547 
501 282 12 17 0.0380911 
736 221 8 10 0.03789613 
769 206 18 23 0.03782102 
879 286 10 13 0.037808307 
693 266 11 14 0.037727922 
475 275 12 17 0.03772646 
711 255 11 14 0.037704438 
766 251 14 17 0.03756269 
878 250 10 12 0.037542 
897 253 10 12 0.03750231 
41 398 23 27 0.037369713 
493 222 11 14 0.036526058 
753 331 9 13 0.03647768 
567 193 9 12 0.036197655 
504 400 28 38 0.036034483 
864 216 7 9 0.03560341 
716 330 12 16 0.03550877 
802 184 7 9 0.03547466 
543 335 35 46 0.035198 
801 188 7 10 0.034892928 
911 266 11 13 0.03481545 
731 312 12 15 0.03475411 
732 245 9 12 0.034405343 
848 205 8 10 0.03398716 
881 323 70 102 0.033939175 
484 298 21 27 0.03391866 
721 246 9 11 0.033917956 
864 198 7 9 0.033593707 
983 167 8 10 0.03344645 
528 233 15 20 0.03290552 
406 184 10 13 0.032890342 
515 192 10 11 0.032838516 
2 393 17 29 0.03281732 
581 196 12 16 0.032737322 
350 279 15 20 0.032723423 
367 439 59 68 0.03253634 
986 182 8 11 0.032475892 
334 268 13 18 0.03237264 
723 320 21 28 0.032192357 
855 222 7 9 0.03206924 
137 225 8 10 0.031980906 
761 244 10 12 0.03189609 
988 261 17 22 0.031793326 
58 393 16 21 0.03162064 
829 245 8 11 0.031594336 
436 197 11 15 0.031555112 
705 191 8 10 0.03153358 
350 262 12 16 0.031522576 
889 186 7 8 0.03150972 
664 277 10 13 0.03107197 
114 640 28 33 0.031037763 
841 250 10 12 0.03097619 
319 150 9 11 0.030825498 
701 293 10 12 0.03065685 
771 217 13 14 0.03059271 
417 483 35 60 0.030353343 
327 450 50 64 0.030334705 
236 250 14 21 0.030329317 
391 245 12 16 0.03026763 
766 246 11 14 0.030104276 
711 332 11 15 0.030056518 
728 250 10 13 0.030034268 
428 222 21 23 0.02991834 
687 339 25 31 0.029918272 
458 229 12 17 0.029915532 
879 292 10 14 0.029884633 
726 340 13 19 0.029850893 
865 193 8 9 0.029793872 
727 268 10 13 0.029743414 
138 338 29 35 0.029520039 
695 292 11 13 0.029507566 
878 271 10 13 0.029505556 
641 359 15 24 0.029488957 
32 404 21 28 0.029393774 
889 276 10 14 0.029288307 
913 191 7 9 0.029253976 
533 461 55 76 0.029209085 
941 197 8 10 0.029147465 
588 243 22 29 0.029033557 
903 259 10 13 0.029012892 
43 410 22 29 0.029005082 
260 209 15 18 0.028822199 
946 176 9 10 0.028800065 
588 234 14 21 0.028770925 
149 298 12 15 0.028736088 
977 151 8 9 0.028535374 
399 198 9 13 0.028345523 
697 331 16 18 0.028278938 
687 244 10 12 0.028273355 
440 370 11 15 0.028149571 
627 266 29 33 0.028082768 
719 321 14 19 0.028028654 
43 388 13 16 0.027943864 
422 213 10 12 0.027932988 
335 523 47 72 0.02773103 
793 175 7 8 0.027585156 
338 490 30 43 0.027528826 
348 231 13 18 0.02750859 
857 269 9 13 0.027487984 
888 271 9 12 0.027445719 
232 256 13 18 0.027383918 
467 375 26 27 0.027290953 
761 191 8 10 0.027245106 
197 318 11 15 0.02718061 
933 254 8 10 0.027038407 
370 292 14 20 0.026986051 
688 185 8 11 0.026955182 
823 190 7 9 0.026920654 
448 195 10 13 0.026868742 
967 266 34 43 0.02678464 
356 399 18 24 0.026773164 
941 228 9 11 0.026768535 
864 207 8 9 0.026739907 
968 193 8 9 0.02672115 
767 200 8 10 0.026716981 
864 264 9 11 0.02670793 
868 262 11 13 0.026648598 
308 200 12 13 0.026548017 
688 283 11 15 0.02653625 
887 285 12 15 0.026451789 
833 320 14 20 0.026246062 
907 284 13 17 0.026228908 
18 395 16 24 0.026122466 
824 278 22 28 0.0261223 
772 247 14 17 0.026088972 
974 207 10 13 0.025999496 
567 381 25 35 0.025998572 
499 382 23 33 0.025889112 
680 192 7 9 0.025867581 
615 303 17 23 0.025840536 
928 248 8 11 0.02583157 
476 288 22 30 0.025683993 
848 216 7 9 0.025641741 
509 337 38 45 0.025620185 
85 398 17 25 0.02556164 
692 335 16 19 0.025558501 
686 365 24 31 0.025553515 
488 204 10 13 0.025517356 
505 200 9 12 0.02548829 
999 205 12 15 0.02536176 
597 295 15 19 0.025337586 
892 290 11 15 0.025330782 
493 393 27 39 0.0252445 
693 298 13 15 0.025209138 
275 193 24 29 0.02504707 
429 396 13 15 0.025018895 
760 222 8 11 0.024972254 
680 246 10 12 0.024942027 
480 300 12 17 0.024755972 
610 458 14 19 0.024746541 
901 279 20 28 0.02474076 
926 239 9 11 0.024715971 
514 212 12 16 0.024702352 
903 241 8 10 0.02458724 
659 188 11 16 0.024519237 
1007 211 15 20 0.02445652 
855 192 7 9 0.024420317 
727 262 10 13 0.024380267 
469 269 14 19 0.024373934 
806 183 6 9 0.02436455 
722 216 8 10 0.024357844 
873 232 18 22 0.024336183 
765 270 13 16 0.02425161 
446 229 14 17 0.024221355 
599 413 24 37 0.024126247 
766 289 13 15 0.024112351 
863 220 8 10 0.024110248 
690 315 15 20 0.024077414 
575 173 7 9 0.024004148 
454 206 11 13 0.024001021 
849 191 8 9 0.023994585 
733 252 9 12 0.023933757 
392 421 48 66 0.023910744 
109 359 11 14 0.023892587 
316 206 10 13 0.023884147 
25 411 17 23 0.02387619 
76 392 16 22 0.023783056 
711 248 10 12 0.023750054 
352 452 52 67 0.023724025 
679 352 22 31 0.023584729 
563 197 8 11 0.0235769 
351 290 14 19 0.02355975 
685 347 12 16 0.023550054 
814 199 7 8 0.02354832 
835 276 21 29 0.023526682 
187 342 17 19 0.02351015 
855 185 7 8 0.023497418 
404 409 30 45 0.023439767 
1001 156 9 11 0.023424076 
678 375 14 20 0.023336377 
69 383 20 25 0.02329265 
481 398 27 39 0.023246838 
292 429 83 100 0.023241997 
336 275 21 26 0.02316339 
459 364 13 17 0.023158945 
849 221 7 9 0.023125354 
435 221 13 16 0.023115689 
713 225 9 11 0.02310958 
582 205 9 12 0.023096073 
779 343 15 19 0.023059012 
926 223 9 10 0.023047034 
952 216 8 10 0.023024851 
760 382 26 34 0.02294857 
894 189 7 9 0.02292536 
708 339 15 19 0.022908425 
864 245 8 10 0.022868855 
374 253 13 16 0.022810224 
739 324 11 14 0.022809764 
768 176 7 9 0.02280312 
713 181 8 10 0.02274017 
854 206 8 10 0.022730203 
566 192 17 24 0.022635201 
669 284 11 14 0.022631895 
720 238 9 12 0.02259096 
585 231 10 15 0.022570342 
868 274 12 16 0.022495136 
816 192 8 9 0.022436107 
557 232 12 15 0.02230106 
121 457 30 44 0.022276513 
711 334 21 28 0.022242773 
132 479 14 20 0.022226727 
719 197 9 11 0.022226624 
775 176 7 8 0.022216173 
117 650 14 20 0.022043312 
489 384 23 35 0.021936823 
775 314 12 14 0.021927556 
357 217 15 19 0.021907054 
330 586 28 49 0.02181151 
874 233 10 12 0.021810278 
717 279 10 13 0.021788538 
119 149 10 11 0.021752361 
902 182 8 9 0.021737263 
471 390 29 35 0.02172066 
424 196 13 17 0.021674082 
576 168 7 10 0.021628404 
245 234 14 18 0.021622432 
796 335 17 18 0.021576826 
592 376 26 29 0.021567494 
171 379 35 47 0.021555636 
127 329 15 22 0.02154407 
504 375 30 34 0.021448262 
784 168 7 8 0.021389894 
327 197 13 14 0.0213608 
427 443 58 73 0.02133711 
868 295 14 17 0.021243514 
603 451 22 33 0.021223545 
324 268 15 21 0.021189744 
500 393 14 20 0.02118948 
612 354 23 33 0.021069149 
431 507 96 131 0.021063223 
497 329 28 36 0.021047749 
953 222 7 10 0.021007976 
334 166 9 11 0.020996759 
492 434 33 42 0.020918606 
742 182 7 10 0.020878006 
502 225 13 16 0.020868246 
98 481 44 66 0.020730523 
81 380 15 19 0.020711644 
468 372 17 18 0.020672867 
36 394 17 21 0.020606766 
261 202 23 29 0.020593397 
552 413 17 31 0.020572523 
731 337 17 22 0.020508343 
765 248 24 29 0.020408748 
310 272 15 20 0.020298092 
739 340 12 17 0.020295495 
741 215 8 11 0.020278985 
671 190 8 11 0.020262366 
380 251 13 16 0.020260988 
509 192 18 23 0.020127272 
589 228 22 33 0.02012434 
406 195 12 15 0.02007799 
801 279 16 22 0.020074228 
