18_Concerts_Concerts_18_522
58
628 661 64 82 0.99849045 
494 650 82 107 0.9948885 
83 637 69 95 0.99356294 
374 586 65 99 0.982777 
892 602 66 101 0.96960044 
516 218 57 87 0.38130698 
937 1340 26 34 0.32493484 
950 26 13 17 0.27741134 
614 271 40 46 0.24875998 
996 27 14 17 0.2186547 
343 1330 20 23 0.120794296 
732 296 64 80 0.1094147 
920 31 10 13 0.10030255 
906 87 17 22 0.09826864 
897 35 14 17 0.08511497 
334 568 15 21 0.04805087 
296 1340 21 25 0.046133928 
56 758 184 245 0.039766077 
913 20 9 11 0.036293734 
956 51 14 18 0.03598963 
667 134 12 15 0.03350474 
608 289 38 41 0.03248619 
338 574 16 20 0.032314498 
922 248 13 16 0.031637963 
602 270 32 36 0.030950787 
940 36 12 16 0.030355336 
1009 964 10 13 0.029615099 
22 196 12 14 0.029599166 
335 1362 14 19 0.029443506 
918 23 9 11 0.02746685 
426 241 46 57 0.027258312 
929 11 11 14 0.027095962 
379 1335 14 17 0.02591169 
540 239 54 70 0.025810964 
696 35 409 480 0.02578551 
162 1360 15 21 0.025103508 
366 1322 12 15 0.025027767 
954 23 12 15 0.024312673 
431 582 12 15 0.024137951 
575 253 44 54 0.02401881 
154 1336 16 19 0.024016261 
809 1319 27 33 0.023965852 
991 22 14 17 0.023619542 
783 46 11 14 0.023261487 
949 55 15 18 0.02309986 
933 43 13 17 0.02280214 
1003 33 16 19 0.022688849 
3 420 23 34 0.02251463 
935 31 10 13 0.021938516 
388 1337 14 18 0.021518761 
480 185 90 133 0.021416109 
1 152 25 37 0.02123476 
966 47 11 14 0.02107644 
973 25 13 16 0.02058771 
674 1337 25 30 0.020497488 
454 256 53 69 0.020303328 
783 511 11 13 0.020141728 
48 1300 8 11 0.02003706 
