18_Concerts_Concerts_18_815
33
307 23 166 224 0.97259426 
40 555 12 18 0.2529645 
809 668 28 35 0.14983866 
946 560 16 23 0.13239257 
6 634 11 18 0.082888275 
713 92 52 77 0.06477623 
674 301 29 36 0.0485037 
24 606 10 13 0.041924402 
530 611 28 35 0.04006949 
512 642 18 23 0.038928036 
488 617 17 20 0.038585816 
308 255 345 481 0.037894424 
945 558 12 15 0.036731638 
640 468 31 41 0.035549086 
1001 596 10 15 0.033425406 
42 562 12 17 0.03337577 
1001 590 9 11 0.0330719 
941 559 27 36 0.030552212 
34 546 21 29 0.02913937 
40 588 11 15 0.028602296 
503 126 11 13 0.027896216 
269 25 112 149 0.027728066 
794 570 16 19 0.027684031 
973 528 17 20 0.027545856 
339 525 12 13 0.027270023 
264 654 42 53 0.025861053 
10 588 11 14 0.024603501 
248 640 46 59 0.022513596 
5 611 13 17 0.022364918 
201 334 43 60 0.022253416 
108 652 10 13 0.021724034 
4 581 14 18 0.020109667 
999 527 13 17 0.020089282 
