18_Concerts_Concerts_18_402
26
255 251 437 566 0.9998778 
837 772 66 69 0.5276315 
286 141 322 408 0.43391612 
531 546 454 638 0.33516875 
414 362 456 552 0.2951736 
37 1191 55 70 0.11051333 
857 515 28 34 0.091334365 
820 730 99 120 0.08942183 
321 521 161 196 0.06915996 
817 1157 47 64 0.055436358 
691 656 238 339 0.052346874 
313 386 13 17 0.04988258 
836 594 16 19 0.046007924 
844 788 38 40 0.038456555 
786 709 34 46 0.034847874 
465 744 364 472 0.033802975 
201 471 362 396 0.031279042 
856 779 40 41 0.031026863 
755 552 229 341 0.028626682 
299 441 16 21 0.026768785 
300 425 29 34 0.025358373 
172 766 26 34 0.02534695 
845 503 47 59 0.023078967 
738 334 198 261 0.022357294 
834 791 30 36 0.021398937 
286 510 481 571 0.021123013 
