18_Concerts_Concerts_18_1015
27
397 630 51 65 0.9985475 
151 625 55 65 0.99731976 
824 595 47 56 0.99609876 
622 624 44 53 0.95706165 
302 635 25 29 0.7173934 
783 638 24 30 0.24773341 
798 586 24 35 0.118134126 
45 623 17 22 0.0833784 
51 5 438 489 0.07539696 
957 629 13 16 0.052292407 
556 657 434 501 0.049606014 
385 873 29 33 0.04421397 
470 1132 13 17 0.04317083 
786 647 27 34 0.041428506 
472 1149 12 15 0.035789266 
504 1111 57 81 0.031755906 
469 1125 12 14 0.029295968 
89 1027 354 436 0.028681416 
622 1129 16 21 0.028493948 
315 700 360 533 0.028387843 
40 610 21 28 0.02723026 
793 635 19 26 0.024468191 
75 143 156 150 0.023478068 
925 1100 11 13 0.02281237 
966 749 24 31 0.021216964 
770 649 41 49 0.020791253 
261 632 26 30 0.02062607 
