53_Raid_policeraid_53_858
93
111 216 52 76 0.99891996 
293 224 24 32 0.9944617 
829 124 45 65 0.98957527 
49 215 21 29 0.9695384 
410 247 21 25 0.94853324 
243 31 200 280 0.6135702 
487 140 46 60 0.5900683 
812 338 98 172 0.52310073 
158 229 130 175 0.4085711 
176 214 48 69 0.30585763 
731 139 24 39 0.23436876 
469 -6 218 264 0.2311026 
37 416 17 18 0.2141799 
197 502 104 151 0.18550259 
176 239 58 91 0.16258557 
192 57 62 82 0.16258556 
464 338 197 264 0.15916684 
738 119 218 289 0.15916684 
289 318 167 235 0.115646794 
192 520 12 16 0.111069925 
734 151 29 44 0.109639935 
483 374 13 21 0.10279763 
458 222 48 65 0.09308393 
774 313 180 257 0.09015675 
53 543 23 25 0.08787667 
59 430 15 24 0.08787667 
237 519 74 95 0.08567618 
75 217 14 20 0.08117401 
699 264 175 228 0.076092646 
222 72 106 175 0.076092646 
838 328 62 104 0.07244435 
17 446 25 32 0.06655858 
847 130 39 50 0.06655858 
177 203 35 51 0.06655858 
15 15 103 140 0.064067975 
46 418 10 12 0.06377564 
57 421 9 12 0.05879275 
51 417 13 17 0.05879275 
194 52 107 132 0.04931264 
440 376 109 151 0.04931264 
44 424 26 34 0.047198545 
35 419 26 28 0.047198545 
55 422 14 19 0.045951538 
819 -33 242 311 0.045153897 
860 328 35 46 0.04326818 
69 223 16 22 0.04229837 
510 70 140 151 0.04133061 
171 418 194 276 0.04133061 
22 428 27 34 0.039651502 
183 243 36 55 0.039651502 
73 419 52 85 0.039651502 
13 433 26 34 0.039651494 
54 429 178 261 0.03781825 
56 428 48 68 0.036325652 
284 26 8 12 0.035808332 
826 7 109 175 0.034593605 
144 473 101 177 0.034593605 
908 21 97 165 0.034593605 
489 457 218 306 0.034593605 
794 395 225 276 0.034593605 
629 89 212 272 0.034593593 
54 217 25 37 0.033269096 
62 229 26 39 0.033269096 
51 434 23 35 0.033269096 
508 146 39 45 0.030461604 
236 267 69 63 0.030461596 
36 420 9 12 0.030282615 
21 62 7 9 0.030282615 
-5 -14 167 228 0.028921604 
72 215 24 33 0.027884193 
160 104 23 34 0.027884193 
285 516 57 75 0.027884185 
868 138 18 27 0.027838783 
98 247 16 22 0.02558696 
19 430 14 18 0.02558696 
170 197 28 39 0.025519116 
30 408 47 52 0.025519116 
43 526 46 54 0.023349825 
27 427 41 49 0.023349825 
177 7 60 76 0.023349825 
139 210 82 138 0.022069868 
176 206 215 238 0.022069868 
65 513 100 153 0.022069868 
61 434 9 14 0.021603195 
923 207 70 85 0.021360898 
171 236 30 44 0.021360898 
162 82 48 63 0.021360898 
16 419 25 27 0.021360898 
194 76 37 47 0.021360898 
3 443 23 32 0.021360898 
63 428 25 37 0.021360898 
568 343 188 272 0.020159906 
336 343 97 158 0.020159906 
