53_Raid_policeraid_53_597
88
478 141 175 364 0.99488646 
826 674 197 392 0.98598576 
785 731 134 255 0.59142894 
667 724 222 428 0.5461031 
47 132 59 116 0.5227497 
677 390 29 57 0.34582692 
-22 705 186 403 0.3436022 
511 818 215 415 0.2311026 
452 635 123 333 0.2150812 
676 39 225 447 0.19988178 
516 621 126 309 0.15916684 
421 468 134 248 0.13594593 
501 660 70 152 0.12872264 
757 230 239 461 0.1254451 
13 778 119 248 0.1254451 
685 693 64 137 0.118850335 
113 372 225 447 0.115646794 
204 591 235 454 0.09803478 
455 849 67 149 0.09308393 
617 629 109 263 0.09015675 
436 329 218 447 0.090156734 
43 160 39 72 0.08567618 
23 205 261 496 0.08285364 
111 612 228 534 0.08285364 
567 677 121 275 0.05874174 
560 909 134 263 0.05874174 
34 61 94 190 0.05874174 
443 579 112 233 0.05874174 
766 608 26 53 0.051466707 
530 717 70 142 0.051466707 
119 885 57 120 0.051466707 
360 629 51 133 0.051466707 
20 879 12 27 0.045951538 
311 666 103 248 0.045153897 
673 351 242 428 0.045153886 
199 192 26 56 0.04326818 
572 620 63 118 0.04326818 
692 134 79 144 0.039651502 
171 947 59 120 0.039651494 
680 640 98 248 0.03781825 
151 901 74 130 0.036325652 
421 890 62 108 0.036325652 
210 104 21 39 0.036325645 
146 125 24 55 0.036325645 
267 117 98 259 0.034593605 
715 720 111 251 0.034593605 
288 748 209 375 0.034593605 
-50 184 222 447 0.034593593 
877 731 83 155 0.033269096 
575 795 58 110 0.033269096 
225 340 12 26 0.03293372 
-51 453 206 467 0.03163486 
295 753 107 263 0.03163486 
260 830 73 120 0.030461596 
32 490 246 518 0.028921604 
394 96 302 534 0.028921604 
408 165 170 375 0.028921604 
145 201 197 422 0.028921604 
177 983 35 67 0.027884193 
443 909 35 66 0.027884193 
692 914 33 60 0.027884193 
678 889 56 101 0.027884185 
751 590 51 110 0.027884185 
382 547 57 133 0.027884185 
527 117 37 60 0.027884185 
630 544 13 27 0.027838783 
270 529 8 17 0.027838783 
8 -29 188 333 0.026434705 
227 33 249 489 0.026434705 
672 847 20 30 0.02558696 
531 87 52 99 0.025519116 
637 876 54 106 0.023349825 
928 727 70 130 0.023349825 
442 696 209 422 0.022069868 
179 287 107 244 0.022069868 
260 287 16 33 0.021603195 
569 822 21 46 0.021603195 
369 341 58 124 0.021360904 
197 146 44 104 0.021360904 
389 632 50 126 0.021360904 
878 53 64 104 0.021360904 
173 550 34 67 0.021360898 
704 729 37 84 0.021360898 
452 414 27 48 0.021360898 
588 832 65 96 0.021360898 
457 898 31 69 0.021360898 
455 882 25 52 0.021360898 
419 737 111 255 0.0201599 
