53_Raid_policeraid_53_6
74
383 245 23 25 0.96367437 
941 228 27 37 0.9388805 
780 283 27 32 0.88114965 
841 360 15 26 0.6856687 
480 30 218 217 0.52310073 
548 275 23 24 0.43212515 
632 43 232 227 0.3864298 
273 4 273 255 0.30317584 
969 245 17 23 0.19995552 
707 269 22 25 0.188928 
1006 248 18 26 0.16157512 
221 15 134 148 0.15916684 
955 235 29 35 0.15056497 
564 224 29 19 0.12872264 
583 235 14 19 0.11991897 
554 294 12 15 0.111069925 
570 372 21 17 0.111069925 
1010 236 12 20 0.08787667 
267 326 203 217 0.076092646 
155 -5 225 237 0.076092646 
736 282 14 20 0.07494057 
772 275 28 28 0.07244435 
353 524 13 15 0.0691498 
370 85 239 263 0.064067975 
520 147 212 230 0.05874174 
548 286 17 17 0.054176662 
763 283 27 30 0.051466707 
555 270 17 18 0.04990379 
849 357 25 28 0.047198545 
874 101 17 15 0.04595155 
836 350 24 30 0.04326818 
544 282 16 16 0.04229837 
638 375 212 267 0.03781825 
482 220 215 241 0.03781825 
156 534 33 25 0.036325645 
976 242 18 24 0.035808332 
762 283 15 22 0.032933712 
828 342 41 48 0.030461604 
992 245 23 28 0.030461604 
861 359 22 26 0.030461596 
393 251 20 20 0.030282615 
573 240 27 24 0.027884193 
764 263 26 27 0.027884193 
768 391 5 6 0.027838783 
716 279 14 18 0.027838783 
553 297 9 10 0.027838783 
809 410 16 20 0.027838783 
702 274 17 24 0.027838783 
592 240 225 214 0.026434705 
930 22 103 99 0.026434705 
464 359 16 21 0.02558696 
547 342 27 30 0.025519116 
915 327 34 38 0.025519116 
696 265 26 26 0.025519116 
802 85 212 205 0.024156325 
-1 398 235 275 0.024156325 
784 276 20 21 0.02351288 
974 233 15 21 0.02351288 
575 229 20 21 0.02351288 
794 386 9 9 0.02351288 
742 402 5 6 0.02351288 
427 442 51 50 0.023349825 
348 521 23 24 0.023349825 
650 35 130 171 0.022069868 
423 310 186 202 0.022069868 
353 527 8 9 0.021603195 
359 524 7 8 0.021603195 
982 250 21 21 0.021603195 
732 476 73 81 0.021360904 
783 381 22 27 0.021360898 
721 265 30 23 0.021360898 
699 261 43 35 0.021360898 
789 63 114 118 0.0201599 
168 170 249 271 0.0201599 
