53_Raid_policeraid_53_47
28
532 214 30 38 0.9994287 
252 100 17 20 0.9945117 
434 279 12 11 0.5 
643 -9 200 241 0.2311026 
550 294 37 35 0.188928 
814 289 261 224 0.17193554 
538 18 228 234 0.13594593 
860 1 114 154 0.115646794 
281 38 212 263 0.076092646 
453 22 206 234 0.06984133 
821 -25 200 224 0.06984133 
695 29 123 150 0.06984132 
23 180 232 244 0.05874174 
257 286 8 8 0.045951538 
236 276 48 69 0.04326818 
721 -1 212 217 0.04133061 
268 360 232 224 0.034593593 
193 -3 225 248 0.03163486 
197 219 183 217 0.03163486 
535 303 31 28 0.027884193 
470 284 197 237 0.02643471 
554 357 235 252 0.026434705 
557 268 194 230 0.026434705 
355 12 215 241 0.026434705 
533 54 117 157 0.024156325 
167 313 17 18 0.02351288 
536 42 25 30 0.023349825 
-16 59 186 237 0.0201599 
