53_Raid_policeraid_53_43
98
470 119 36 47 0.99891996 
654 34 29 42 0.9977647 
88 89 37 45 0.9949414 
770 89 40 57 0.98366195 
616 124 35 63 0.96034855 
939 302 54 91 0.7815748 
843 -7 218 317 0.7688974 
142 182 57 91 0.6744751 
13 212 9 14 0.5216516 
262 120 36 48 0.5 
43 465 212 342 0.2840034 
30 553 114 195 0.24794048 
165 188 57 91 0.13928533 
269 602 32 37 0.13928533 
240 611 123 173 0.13594593 
487 272 51 69 0.109639935 
175 546 180 290 0.1065206 
455 263 18 24 0.08787667 
339 126 13 24 0.08117401 
895 302 25 37 0.07880669 
517 197 11 14 0.074940585 
345 129 19 29 0.072444364 
516 261 209 313 0.06984133 
884 115 142 198 0.06984133 
771 489 228 295 0.06984133 
321 138 16 27 0.06377564 
631 126 39 54 0.06111947 
119 629 112 154 0.05874174 
484 543 209 299 0.05874174 
252 643 76 99 0.056098126 
260 601 60 74 0.056098126 
36 463 132 223 0.053832814 
541 628 14 19 0.04990379 
285 641 78 96 0.047198545 
612 489 218 308 0.04133061 
230 717 21 31 0.039651494 
548 249 31 44 0.039651494 
200 255 56 73 0.039651494 
101 33 29 38 0.039651494 
794 189 15 21 0.038923774 
631 139 56 81 0.036325652 
265 126 50 67 0.036325652 
808 104 32 48 0.036325645 
661 131 46 60 0.033269096 
607 313 32 40 0.033269096 
902 320 25 45 0.033269096 
103 6 30 41 0.033269096 
940 323 33 57 0.033269096 
353 130 20 30 0.030461604 
23 605 79 121 0.030461604 
720 620 51 67 0.030461604 
385 515 56 69 0.030461596 
913 317 46 81 0.030461596 
728 642 30 38 0.030461596 
732 374 7 11 0.030282615 
511 593 8 10 0.030282615 
35 190 222 317 0.028921604 
468 350 197 327 0.028921604 
786 90 47 64 0.027884193 
334 132 20 30 0.027884193 
723 219 28 51 0.027884193 
774 312 32 45 0.027884193 
188 207 59 88 0.027884193 
368 638 25 35 0.027884193 
39 387 119 201 0.026434705 
377 503 235 308 0.026434705 
104 92 23 29 0.02558696 
481 650 20 26 0.02558696 
556 609 8 10 0.02558696 
821 637 9 13 0.02558696 
208 273 65 85 0.025519116 
984 427 40 85 0.025519116 
387 533 31 41 0.025519116 
811 79 27 44 0.025519116 
341 411 111 156 0.024156325 
920 301 94 139 0.024156325 
10 623 19 24 0.02351288 
229 34 27 35 0.023349825 
869 297 45 70 0.023349825 
83 19 29 39 0.023349825 
313 191 43 75 0.023349825 
575 640 27 32 0.023349825 
164 662 82 99 0.023349825 
858 712 23 37 0.023349825 
153 158 59 83 0.023349825 
678 259 212 308 0.022069868 
737 288 107 135 0.022069868 
546 614 14 18 0.021603195 
792 305 13 21 0.021603195 
1012 764 12 23 0.021603195 
496 285 16 21 0.021603195 
549 607 13 17 0.021603195 
617 137 21 31 0.021603195 
321 201 26 45 0.021360904 
820 86 50 75 0.021360904 
627 180 53 74 0.021360898 
647 128 35 47 0.021360898 
605 290 116 166 0.0201599 
