53_Raid_policeraid_53_14
44
363 225 59 75 0.9994287 
501 1 42 40 0.99870443 
544 263 53 75 0.9927347 
767 1 47 33 0.9439019 
451 340 197 266 0.65639776 
172 306 67 96 0.5227497 
512 423 104 181 0.3864298 
604 330 212 282 0.3436022 
726 564 27 41 0.1753677 
247 510 132 141 0.14717786 
355 590 83 70 0.118850335 
699 278 232 317 0.1065206 
327 569 132 129 0.09015675 
345 155 215 313 0.08285364 
793 212 228 313 0.08285364 
140 421 257 243 0.076092646 
564 237 54 83 0.06655858 
777 326 228 337 0.064067975 
176 0 75 88 0.06111947 
356 306 225 313 0.05874174 
521 258 53 83 0.051466707 
758 -27 269 322 0.04931264 
273 510 222 216 0.04931264 
689 136 25 36 0.047198545 
142 -54 200 258 0.045153897 
332 3 8 10 0.038923774 
417 89 206 270 0.034593605 
170 496 130 149 0.034593593 
216 535 82 92 0.033269096 
407 338 60 78 0.033269096 
687 68 61 88 0.033269096 
531 268 222 282 0.03163486 
-20 377 232 262 0.03163486 
557 249 37 60 0.030461604 
-9 238 180 266 0.028921604 
160 98 178 258 0.028921604 
572 270 74 70 0.027884193 
422 192 23 33 0.027884185 
639 56 89 133 0.026434705 
343 13 9 11 0.021603195 
464 41 7 9 0.021603195 
544 475 80 108 0.021360898 
438 195 25 33 0.021360898 
476 -22 183 254 0.0201599 
