53_Raid_policeraid_53_340
56
459 43 39 48 0.99813616 
551 112 51 68 0.9975521 
514 293 242 354 0.95484614 
64 332 257 334 0.90196514 
207 457 293 365 0.7688974 
630 136 91 130 0.69682413 
455 430 261 329 0.6769414 
159 294 242 306 0.56891036 
750 527 222 276 0.47689918 
272 375 273 315 0.36474833 
-95 390 311 344 0.26558137 
570 506 209 272 0.26558137 
609 311 257 301 0.26558137 
517 196 212 292 0.21508123 
413 159 91 157 0.21508123 
827 -11 200 284 0.19988176 
786 78 235 329 0.18550259 
145 319 138 208 0.13594593 
700 169 81 142 0.12544508 
677 408 246 324 0.1065206 
663 163 86 126 0.09803478 
903 52 25 32 0.09308395 
622 207 206 276 0.09015675 
569 261 51 67 0.08567618 
489 324 14 23 0.08117401 
140 389 78 74 0.07880669 
404 337 253 280 0.06984133 
347 451 261 339 0.064067975 
25 459 321 315 0.05874174 
445 217 194 256 0.045153886 
426 227 48 90 0.04326818 
345 -3 222 324 0.04133061 
325 516 177 211 0.04133061 
371 145 97 174 0.03781825 
5 234 222 310 0.034593605 
504 538 153 182 0.034593593 
695 0 232 301 0.034593593 
382 169 21 31 0.033269096 
439 286 13 21 0.03293372 
879 27 111 182 0.03163486 
595 306 30 39 0.027884193 
569 291 59 68 0.027884193 
745 227 232 260 0.02643471 
196 302 138 193 0.026434705 
643 505 33 37 0.025519116 
506 86 52 73 0.025519116 
40 339 119 182 0.024156325 
393 338 30 34 0.023349825 
897 36 47 58 0.021360904 
544 102 27 41 0.021360904 
527 96 29 43 0.021360898 
542 87 51 71 0.021360898 
474 289 54 63 0.021360898 
292 284 232 241 0.020159906 
639 98 165 241 0.0201599 
825 572 132 159 0.0201599 
