53_Raid_policeraid_53_736
118
380 187 32 47 0.8607147 
819 325 53 85 0.79672164 
491 183 39 56 0.76563126 
275 208 27 38 0.5454055 
109 224 27 35 0.4099317 
637 323 47 69 0.2511021 
691 188 8 12 0.22912635 
613 310 49 63 0.21842524 
-21 27 225 321 0.19988178 
603 304 34 50 0.188928 
700 472 257 293 0.14717786 
752 411 52 64 0.12872262 
794 285 215 285 0.1254451 
309 324 16 24 0.111069925 
412 452 52 79 0.109639935 
268 207 43 62 0.109639935 
78 31 235 330 0.09803478 
256 441 18 23 0.09507551 
470 215 27 41 0.09308395 
202 9 232 330 0.076092646 
190 212 15 20 0.074940585 
153 349 18 27 0.06377564 
444 248 30 40 0.06111947 
102 222 17 25 0.05879275 
574 381 206 261 0.05874174 
174 322 212 330 0.053832818 
809 311 86 138 0.053832814 
337 238 17 24 0.049903784 
13 386 194 277 0.04931264 
195 250 23 32 0.047198545 
251 223 46 64 0.047198545 
679 201 12 18 0.045951538 
596 264 95 138 0.045153897 
324 362 49 70 0.04326818 
570 499 37 52 0.04326818 
669 429 64 102 0.039651502 
273 207 16 25 0.038923774 
270 644 8 9 0.038923774 
447 434 253 302 0.03781825 
759 427 65 83 0.036325645 
33 498 7 9 0.035808332 
309 494 26 38 0.033269096 
235 470 25 43 0.033269096 
355 187 26 40 0.033269096 
253 242 25 35 0.033269096 
187 233 24 34 0.033269096 
258 325 12 18 0.03293372 
232 246 14 20 0.032933712 
275 607 5 7 0.032933712 
703 240 11 13 0.032933712 
368 172 28 43 0.030461596 
121 228 22 29 0.030282615 
487 632 4 6 0.030282615 
584 590 4 6 0.030282615 
337 396 32 42 0.027884193 
554 472 23 34 0.027884193 
412 257 26 40 0.027884185 
635 315 34 48 0.027884185 
215 222 9 12 0.027838783 
357 319 14 22 0.027838783 
664 562 7 11 0.027838783 
419 382 16 22 0.027838778 
191 216 8 11 0.02558696 
187 233 14 22 0.02558696 
78 389 7 11 0.02558696 
424 241 14 22 0.02558696 
119 656 5 7 0.02558696 
105 233 18 29 0.02558696 
714 568 13 17 0.02558696 
620 592 6 9 0.02558696 
237 406 53 75 0.025519116 
597 298 27 42 0.025519116 
495 140 228 285 0.024156325 
-22 513 265 293 0.024156325 
694 246 12 15 0.02351288 
284 341 14 20 0.02351288 
567 646 5 7 0.02351288 
231 556 7 11 0.02351288 
693 546 14 19 0.02351288 
362 173 21 33 0.02351288 
80 269 4 6 0.02351288 
310 491 6 10 0.02351288 
190 257 17 26 0.02351288 
32 495 12 15 0.02351288 
298 353 51 70 0.023349825 
415 372 25 39 0.023349825 
473 176 31 49 0.023349825 
305 458 51 78 0.023349825 
467 188 42 65 0.023349825 
675 384 31 40 0.023349825 
99 211 47 54 0.023349825 
338 272 58 75 0.023349825 
383 541 29 40 0.023349825 
426 599 130 136 0.022069868 
617 414 104 167 0.022069868 
268 360 194 293 0.022069868 
553 456 7 10 0.021603195 
689 390 15 21 0.021603195 
612 314 21 31 0.021603195 
76 318 6 8 0.021603195 
227 288 16 23 0.021603195 
563 460 6 8 0.021603195 
189 225 16 24 0.021603195 
214 225 13 18 0.021603195 
380 178 20 29 0.021603195 
428 237 13 20 0.021603195 
297 666 5 6 0.021603195 
346 656 4 6 0.021603195 
282 258 49 75 0.021360904 
429 247 24 35 0.021360898 
283 284 28 39 0.021360898 
239 454 32 44 0.021360898 
252 434 29 39 0.021360898 
349 510 30 39 0.021360898 
272 231 51 74 0.021360893 
362 515 235 246 0.0201599 
648 400 232 298 0.0201599 
810 122 246 366 0.0201599 
