53_Raid_policeraid_53_829
46
671 66 49 44 0.89036 
78 216 225 197 0.71599656 
648 -19 206 178 0.32305852 
428 194 239 194 0.26558137 
48 56 222 175 0.21508123 
616 321 104 104 0.2150812 
119 292 194 178 0.19988178 
656 125 197 170 0.17193554 
128 132 188 181 0.13594593 
143 29 111 121 0.13594593 
481 279 209 194 0.12544508 
677 28 112 108 0.115646794 
471 227 130 123 0.1065206 
155 62 132 140 0.1065206 
713 83 307 236 0.09803478 
694 213 281 229 0.09015675 
687 28 222 200 0.09015675 
108 -9 200 178 0.07609263 
469 216 32 19 0.06111947 
744 -31 257 212 0.05874174 
155 197 124 160 0.05874174 
647 294 206 178 0.053832818 
16 -16 209 175 0.045153886 
558 292 114 138 0.045153886 
147 126 126 114 0.04133061 
476 239 76 69 0.036325652 
140 103 14 13 0.035808332 
167 336 123 109 0.034593593 
663 53 79 74 0.034593593 
636 180 235 209 0.03163486 
12 236 183 163 0.03163486 
308 273 222 206 0.028921604 
708 333 119 100 0.028921604 
494 -2 253 200 0.028921604 
674 56 39 35 0.027884185 
736 -1 140 127 0.026434705 
487 285 16 13 0.02558696 
676 78 19 16 0.02558696 
460 201 52 35 0.025519116 
394 139 200 173 0.024156325 
594 88 191 186 0.024156325 
477 269 57 55 0.023349825 
483 284 28 25 0.021360898 
50 112 128 118 0.020159906 
750 279 126 168 0.0201599 
224 -17 235 203 0.0201599 
