10_People_Marching_People_Marching_2_191
173
746 324 20 27 0.9725654 
515 315 16 28 0.9687396 
844 316 26 29 0.963111 
656 317 25 28 0.96194845 
315 300 16 21 0.95542854 
336 308 17 24 0.9358126 
329 237 14 18 0.9288582 
384 320 19 21 0.90828776 
243 309 18 25 0.85796493 
82 294 16 20 0.84950495 
454 322 15 22 0.841045 
189 314 18 21 0.83421063 
967 346 23 27 0.8310129 
93 315 17 21 0.8197943 
823 321 23 27 0.79106975 
379 240 12 15 0.74486166 
18 297 22 26 0.6930961 
484 328 16 20 0.59983826 
988 458 21 31 0.5150201 
137 309 12 16 0.4536663 
147 299 13 18 0.3633563 
1010 473 15 30 0.30413705 
365 312 12 17 0.29491952 
644 305 29 36 0.2636298 
254 291 17 20 0.25314236 
497 330 14 18 0.252976 
300 315 16 18 0.20613661 
137 340 11 13 0.18583648 
975 349 23 29 0.1853396 
939 455 16 23 0.15283193 
833 315 25 30 0.1371588 
459 317 15 20 0.13567515 
183 315 16 20 0.13532683 
997 462 22 35 0.13160302 
170 297 15 19 0.13110319 
734 313 16 21 0.10075931 
239 318 14 20 0.0898077 
511 309 14 20 0.08826972 
89 297 14 17 0.08325681 
57 393 13 15 0.08028328 
176 322 12 16 0.073893756 
232 308 11 16 0.06622005 
125 301 10 13 0.065848365 
463 452 39 47 0.0638111 
333 301 16 22 0.06199674 
64 291 13 19 0.06191237 
1006 310 9 12 0.057954077 
462 311 14 16 0.05758717 
633 301 27 36 0.05751447 
366 283 10 13 0.057305433 
218 356 12 15 0.05685457 
936 451 14 20 0.05629798 
566 343 12 14 0.050449375 
68 288 19 26 0.050320562 
917 408 12 17 0.04908946 
458 324 20 25 0.047325138 
16 341 9 11 0.04685739 
404 476 20 30 0.04609576 
145 296 10 15 0.044972382 
372 278 11 13 0.04471369 
362 285 9 12 0.044370737 
777 312 22 28 0.04404134 
697 371 15 18 0.043898992 
259 347 23 27 0.043160416 
13 387 10 13 0.04290992 
364 305 21 27 0.042769674 
522 478 28 39 0.04254706 
249 316 17 20 0.042426717 
19 310 16 19 0.04222883 
792 470 27 36 0.04219762 
99 311 13 18 0.041406177 
1012 205 9 15 0.041132495 
275 318 13 15 0.040821053 
34 296 13 19 0.04015216 
5 309 12 16 0.0387267 
960 478 18 28 0.03838909 
65 287 10 14 0.037424456 
1007 203 10 14 0.036895815 
161 485 12 15 0.036071327 
10 290 21 30 0.03538113 
482 455 23 34 0.035014644 
394 327 13 19 0.034610927 
899 451 15 19 0.0345041 
363 301 15 19 0.034469604 
134 298 19 26 0.03446567 
385 242 12 15 0.033802602 
41 396 11 14 0.033657912 
201 314 13 18 0.033211336 
25 292 18 22 0.033042986 
174 341 11 13 0.03278941 
500 322 19 25 0.03191136 
955 423 11 13 0.031808298 
178 297 15 19 0.031773902 
114 421 9 13 0.031462308 
491 327 15 20 0.030942427 
288 285 12 15 0.030821592 
681 30 9 11 0.030151134 
522 309 17 23 0.030102966 
237 302 14 18 0.029966563 
38 285 10 14 0.029669609 
625 295 10 13 0.029534867 
175 332 11 14 0.029515501 
231 330 11 16 0.029340804 
153 298 15 19 0.0291351 
726 372 13 17 0.029101493 
232 312 13 21 0.029070351 
480 325 14 19 0.028929159 
364 294 13 16 0.028720392 
175 286 12 15 0.028671186 
109 334 9 12 0.028479328 
80 338 11 14 0.028393302 
255 347 14 17 0.02825151 
559 341 13 16 0.028216869 
108 339 11 13 0.02814555 
361 279 10 12 0.028123986 
622 295 23 30 0.027959174 
0 332 9 15 0.027467377 
321 303 16 20 0.027319662 
832 302 41 51 0.02723317 
812 313 27 32 0.027186392 
250 300 22 26 0.027125532 
103 340 11 14 0.02710655 
139 344 12 15 0.027084729 
485 321 10 13 0.026892288 
79 305 13 18 0.026805967 
721 28 9 11 0.026393605 
80 315 12 17 0.026017483 
344 300 17 21 0.025765778 
332 292 16 22 0.025632866 
373 311 19 25 0.025628628 
126 306 12 16 0.025221152 
182 330 11 14 0.024909971 
168 324 9 14 0.024856808 
220 445 14 16 0.02472688 
514 302 16 20 0.02446842 
458 460 24 34 0.024424072 
325 305 20 27 0.024376608 
531 301 14 16 0.024248915 
387 311 15 19 0.024246195 
854 323 22 26 0.023993092 
590 369 16 19 0.02386539 
939 445 14 20 0.023561362 
308 319 12 17 0.023456376 
431 423 28 39 0.023321675 
930 518 13 16 0.023268769 
44 390 11 16 0.023262566 
5 300 22 31 0.023112658 
588 379 17 21 0.022945447 
960 341 39 47 0.022926731 
269 369 14 18 0.022806156 
180 298 22 27 0.022339666 
799 347 14 17 0.022137452 
393 317 15 20 0.022067418 
248 286 11 14 0.021992939 
14 311 14 20 0.021913575 
80 349 10 14 0.02157318 
50 355 14 18 0.021414436 
248 292 12 17 0.02128436 
5 374 16 22 0.021057896 
7 296 14 20 0.021048103 
476 309 9 13 0.021030262 
800 301 12 15 0.020927805 
1004 369 13 16 0.020799138 
985 348 26 34 0.020567475 
180 339 11 14 0.02055067 
246 493 10 12 0.020499146 
665 176 8 11 0.020237325 
819 332 18 22 0.020193972 
122 295 22 26 0.020130662 
86 356 9 12 0.020120932 
440 364 10 13 0.020077594 
518 35 11 15 0.020043999 
528 306 18 21 0.020040853 
