10_People_Marching_People_Marching_2_514
19
394 156 160 247 0.9991033 
139 214 161 235 0.99856585 
806 243 170 247 0.99442405 
548 40 129 181 0.9299279 
91 39 68 95 0.84871805 
911 86 97 150 0.15211318 
481 72 169 230 0.07239815 
160 61 56 72 0.04800068 
138 29 102 123 0.047396347 
908 474 35 41 0.035808984 
42 128 42 62 0.035751104 
741 520 25 28 0.031434286 
842 564 26 31 0.030884298 
127 50 58 77 0.026344508 
939 621 27 36 0.025529884 
171 78 61 81 0.021655016 
33 421 29 48 0.021489048 
831 548 30 35 0.020307446 
994 482 17 21 0.020001587 
