10_People_Marching_People_Marching_2_591
1695
851 182 29 38 0.99935657 
755 193 27 34 0.9967463 
894 159 46 52 0.98936546 
596 185 21 27 0.9877471 
507 1122 15 18 0.98734844 
529 1275 18 24 0.9852498 
671 192 23 28 0.9850884 
155 185 19 22 0.97899127 
459 185 18 24 0.969395 
40 176 20 26 0.96834487 
538 1224 20 24 0.96136934 
611 1280 19 24 0.96117735 
277 188 16 24 0.960863 
513 1181 20 26 0.9575007 
426 1220 18 23 0.9544617 
212 186 20 26 0.9494547 
47 1107 13 17 0.94865316 
106 1170 15 19 0.93223596 
86 177 17 24 0.92705345 
414 1132 14 19 0.9020385 
844 1243 20 28 0.9008068 
621 1226 18 21 0.89506984 
875 1340 17 26 0.8824064 
694 1269 15 21 0.8424887 
338 1178 13 16 0.8320739 
292 1174 15 19 0.81712824 
668 1240 15 19 0.816483 
910 1258 27 35 0.8115448 
163 1062 15 19 0.80437994 
363 1216 17 23 0.7871255 
458 1199 18 24 0.7705026 
805 1299 20 27 0.7667313 
322 1137 15 18 0.7627963 
568 1303 19 24 0.74840623 
555 1354 20 23 0.7438387 
773 1267 17 23 0.7147064 
360 1140 14 19 0.7133891 
163 1162 15 22 0.7133022 
285 1090 14 19 0.7009142 
149 1128 16 19 0.6986644 
370 201 16 22 0.67823416 
74 1155 15 20 0.6708929 
815 1161 15 19 0.66513205 
414 1281 25 39 0.66116387 
586 1191 15 20 0.65321213 
207 1152 16 21 0.6530124 
416 183 19 24 0.64868385 
78 1126 13 16 0.6455495 
131 1156 14 18 0.64050215 
420 1265 20 31 0.62682945 
640 1345 22 24 0.6035718 
219 1245 16 23 0.5995126 
668 953 45 58 0.5939944 
450 1273 16 22 0.55175257 
914 1133 15 21 0.5398626 
117 1132 16 20 0.52905214 
155 1373 23 36 0.50888014 
499 1227 16 21 0.5029133 
650 1285 14 19 0.50260437 
39 1186 18 22 0.5003861 
335 194 16 22 0.49582 
244 1165 14 17 0.49333635 
550 504 15 18 0.4677002 
484 1267 20 27 0.44619074 
218 1187 15 19 0.4452333 
574 1252 19 25 0.4451742 
355 1258 17 21 0.44454014 
279 1167 14 18 0.44366622 
507 1271 15 21 0.43378314 
249 1222 23 27 0.43153813 
837 1101 12 16 0.4221504 
303 1151 15 21 0.41554853 
939 1088 13 18 0.41407487 
695 1327 20 28 0.39765835 
737 1268 13 19 0.39725238 
609 1367 15 19 0.39615056 
283 1170 15 19 0.38620198 
762 1242 16 25 0.37629095 
740 1162 15 19 0.37458465 
524 1328 21 26 0.36428657 
745 1192 16 20 0.3627685 
464 1315 23 31 0.35878015 
655 1212 13 18 0.34419164 
611 1139 15 19 0.33735183 
183 1073 14 17 0.33138093 
503 1232 21 26 0.33006054 
394 191 14 18 0.3279807 
879 1084 13 16 0.32318366 
964 1104 14 17 0.31589022 
935 1164 14 19 0.30232033 
154 1095 15 19 0.30096936 
321 1288 18 24 0.2990834 
319 1231 21 25 0.2987473 
7 1114 12 15 0.29843545 
893 1305 16 24 0.29562494 
398 1281 24 33 0.29447037 
449 1145 14 18 0.29329634 
860 1065 11 15 0.2859781 
736 1357 21 28 0.28521416 
564 1235 17 20 0.2835522 
238 622 10 13 0.27176863 
149 1197 15 21 0.2688579 
718 1116 13 16 0.2607154 
81 1208 17 21 0.2577087 
477 1158 13 16 0.2552299 
814 1137 15 19 0.25135258 
630 1318 17 22 0.2509007 
820 1076 15 18 0.25013086 
245 630 10 13 0.24750024 
905 1343 23 29 0.2453198 
893 1138 17 19 0.24444549 
90 1154 14 18 0.24386759 
820 1293 21 28 0.24287134 
590 1208 16 19 0.23998249 
986 1202 15 19 0.23811588 
739 1118 13 17 0.23808841 
535 1113 14 18 0.2369461 
1006 190 18 24 0.235978 
1005 1320 15 20 0.22918877 
383 1169 14 18 0.22792995 
906 715 15 20 0.22678074 
221 1236 18 21 0.22593512 
253 1130 13 18 0.22351998 
356 1212 18 23 0.22196874 
350 631 15 17 0.2213486 
931 1052 12 16 0.2170056 
784 686 11 13 0.21625774 
251 1195 15 18 0.21493688 
20 1132 12 17 0.20717552 
765 1069 10 12 0.20598622 
986 1087 15 18 0.20465034 
765 1125 12 17 0.20451903 
309 660 13 15 0.20239677 
240 627 11 13 0.20143723 
619 1208 16 19 0.19775577 
644 1204 14 18 0.19118088 
430 1281 24 33 0.19110647 
880 708 10 12 0.18903896 
910 1082 14 19 0.18851347 
318 1100 15 19 0.18686362 
181 1139 16 19 0.1868566 
990 1177 16 20 0.18566386 
928 699 9 11 0.18438323 
691 1296 14 19 0.1798682 
768 1084 14 17 0.17921923 
201 1217 17 21 0.17790985 
134 180 24 29 0.1755878 
627 1210 15 20 0.17388138 
249 1209 16 20 0.17333677 
972 1106 12 15 0.17248197 
572 1192 14 18 0.17145944 
258 1195 15 19 0.17058015 
261 1130 13 17 0.17056113 
598 1326 21 26 0.1690976 
1005 1165 15 19 0.16871822 
853 1108 13 16 0.16778076 
933 1048 9 11 0.16240156 
103 1177 21 26 0.16129121 
51 1159 15 20 0.15374413 
958 1101 15 17 0.15069094 
861 1129 16 20 0.14997043 
758 1130 14 17 0.14917168 
230 1210 13 17 0.14910625 
241 1169 19 24 0.14845566 
515 218 20 22 0.14763209 
180 1087 17 20 0.14590955 
445 1278 17 22 0.14439109 
384 1275 24 30 0.14421533 
1012 1120 12 18 0.14204863 
153 599 10 11 0.14047655 
734 1102 13 15 0.1403021 
405 1179 13 19 0.13880792 
212 1136 16 20 0.13864633 
631 1110 12 15 0.13563557 
768 1077 11 13 0.13518405 
924 1074 13 16 0.13481846 
43 1191 19 26 0.13477711 
817 1131 16 20 0.13439035 
433 1269 21 30 0.1338466 
934 1128 15 20 0.13327907 
820 1338 23 30 0.13287556 
174 1088 14 17 0.13236633 
939 1203 14 19 0.13182385 
163 1105 15 19 0.13147728 
397 1224 16 22 0.13112202 
568 1241 20 25 0.13021813 
573 1124 13 16 0.12877071 
245 1114 15 17 0.12866096 
521 300 13 16 0.12843774 
889 1184 20 27 0.12835965 
276 1193 15 19 0.12742394 
466 1242 15 21 0.12737681 
709 1134 14 18 0.12724032 
286 276 14 17 0.12692587 
49 1213 16 22 0.12616639 
614 1354 20 28 0.12580992 
660 1319 17 20 0.1234159 
772 1113 13 16 0.12256271 
910 1244 23 30 0.12247724 
661 1128 16 19 0.122316316 
107 1115 13 17 0.12184415 
732 1319 17 22 0.12161049 
801 1345 16 22 0.12105482 
987 1127 16 19 0.121007465 
696 551 6 8 0.120536834 
701 1227 15 17 0.120477416 
795 1107 12 16 0.120190136 
520 1336 22 30 0.119112685 
472 1125 11 15 0.11902806 
767 688 12 13 0.1190241 
679 1108 11 13 0.116619416 
883 1079 12 15 0.1165374 
600 1358 21 27 0.1164785 
540 1194 15 19 0.11426686 
908 1098 13 17 0.11258494 
631 1101 8 11 0.1124264 
792 1236 12 16 0.11137502 
282 1251 17 22 0.11119925 
196 1239 21 26 0.11042255 
659 1123 14 17 0.10975111 
735 565 9 11 0.1089516 
836 1225 17 22 0.10895032 
1007 27 17 23 0.107944444 
11 573 14 19 0.107768655 
279 629 9 11 0.10723501 
579 1165 17 21 0.10693914 
566 1194 13 17 0.10656491 
662 1296 16 21 0.105867594 
515 1239 15 21 0.10490424 
995 1237 19 23 0.10430421 
605 1102 10 14 0.104299515 
586 1198 20 23 0.10366403 
445 1125 11 14 0.10329317 
860 1201 15 23 0.102535054 
214 597 8 9 0.10253485 
93 1116 14 17 0.10223587 
669 681 14 17 0.101664975 
498 1266 19 25 0.101596184 
281 622 9 12 0.10135846 
447 654 11 13 0.101216525 
706 1217 16 19 0.10115431 
783 50 21 28 0.10109268 
165 1207 21 28 0.100335576 
717 524 8 11 0.10013179 
208 631 8 11 0.10004775 
987 1183 22 25 0.09909982 
764 1116 13 16 0.09902645 
557 1144 13 18 0.097153224 
286 568 8 10 0.09699473 
169 1066 14 19 0.09639128 
347 1203 15 18 0.09598514 
835 1207 14 20 0.09482549 
551 1145 12 18 0.09475342 
684 1106 10 13 0.09453638 
773 1164 15 20 0.09441053 
686 1124 10 14 0.09423386 
712 1123 12 16 0.09379584 
703 1096 13 17 0.09348733 
392 132 12 17 0.09346833 
964 1140 15 17 0.093408816 
852 1191 16 22 0.09303418 
747 1233 14 19 0.09302324 
885 1304 16 21 0.09253925 
372 1122 12 15 0.09210042 
843 1173 16 20 0.09164281 
306 1211 14 18 0.091543175 
223 591 9 11 0.09126632 
229 1267 24 31 0.09062218 
119 583 10 13 0.08943974 
478 1193 13 19 0.08895028 
270 615 9 10 0.08752873 
637 1208 15 19 0.08721731 
672 988 13 15 0.08711559 
292 659 13 17 0.08663784 
5 1183 16 23 0.08596588 
588 1099 11 14 0.085861936 
378 1273 18 22 0.08585471 
662 1162 15 18 0.08576983 
12 1098 12 16 0.08551241 
944 696 9 12 0.08504602 
797 1340 16 20 0.084510386 
122 1104 14 17 0.08379779 
510 1348 22 29 0.083704114 
972 1169 15 21 0.08295846 
786 1142 15 18 0.08289286 
850 244 18 23 0.08204322 
322 1241 22 28 0.08164612 
384 93 10 13 0.081263416 
366 694 12 14 0.08043347 
714 1332 14 19 0.08028464 
788 677 10 12 0.07983415 
321 622 9 11 0.07972273 
962 1304 16 22 0.079593696 
894 1179 24 28 0.07954274 
624 1096 10 12 0.079324715 
481 1186 19 24 0.07905116 
286 1123 12 15 0.07904004 
403 1276 15 21 0.0789229 
596 1250 16 19 0.07878378 
365 1116 14 19 0.07873849 
388 1208 18 23 0.07850694 
454 1308 24 31 0.0781275 
860 1187 16 21 0.078113295 
782 1085 10 15 0.07769131 
302 660 13 16 0.07750719 
749 1314 12 17 0.07744098 
303 621 9 10 0.07711927 
156 633 15 20 0.076895624 
815 1069 11 12 0.076783404 
109 1124 15 18 0.07673306 
867 1184 14 19 0.07673186 
307 1105 14 20 0.076613925 
703 624 9 10 0.07577405 
241 284 11 14 0.07567987 
846 1178 21 27 0.07510995 
177 1234 17 21 0.07496758 
245 1106 16 18 0.07477984 
858 1116 13 15 0.074366294 
869 1153 16 19 0.07427397 
705 1271 15 19 0.07415147 
333 1256 24 26 0.07390272 
671 1108 10 12 0.073662296 
285 573 8 10 0.07363551 
246 1200 17 21 0.07349215 
861 1272 15 20 0.07321097 
492 1219 18 24 0.07311559 
492 1209 15 19 0.07301521 
487 1084 11 13 0.072676755 
329 469 8 10 0.07241649 
623 1349 21 28 0.07188323 
438 1340 22 29 0.07157298 
702 607 8 10 0.07153627 
965 1169 15 20 0.07150398 
707 1330 15 22 0.07132446 
121 486 7 9 0.07118423 
583 1249 19 25 0.07107622 
904 1050 11 14 0.07059639 
427 1261 15 23 0.07013959 
385 1288 25 30 0.06964594 
190 1179 14 17 0.06951052 
980 1108 14 17 0.06936642 
122 1125 15 17 0.06924098 
739 1109 12 14 0.06919442 
606 1144 15 18 0.06909431 
820 1090 12 15 0.069037974 
725 1109 13 15 0.068654396 
541 1103 11 14 0.068433575 
596 1311 20 25 0.068103455 
909 701 9 11 0.06793888 
281 574 8 9 0.06785207 
981 1171 19 26 0.067807354 
670 975 26 32 0.06774747 
596 1264 16 20 0.06763239 
772 687 11 13 0.06748575 
261 1165 12 16 0.067438595 
281 1097 13 19 0.06715569 
876 1295 22 27 0.0669143 
836 1233 22 28 0.0668888 
213 606 10 12 0.066887975 
205 1140 14 17 0.066777125 
726 1319 15 23 0.06675753 
246 647 10 13 0.06669142 
684 1330 22 28 0.0666605 
650 504 7 9 0.06661053 
188 1144 15 20 0.06655541 
881 1372 16 21 0.066476524 
143 1126 13 17 0.066355094 
931 1135 15 20 0.066285156 
478 1070 9 12 0.066233 
816 1082 14 17 0.06623058 
996 1171 15 19 0.06620897 
88 551 9 10 0.066058055 
43 262 27 32 0.066057086 
38 534 10 12 0.06586669 
467 1307 16 22 0.065761745 
654 1118 14 17 0.06542157 
684 1118 11 15 0.06519792 
352 566 7 9 0.06515751 
720 1230 12 16 0.064503625 
691 1194 14 17 0.06424261 
766 703 13 14 0.06410859 
335 567 9 10 0.06401329 
738 1084 13 15 0.06392761 
611 1153 17 20 0.06379796 
148 1169 15 19 0.06372398 
655 533 8 9 0.06364218 
60 1152 19 25 0.0636338 
229 1090 11 16 0.06360465 
4 1130 12 16 0.06347981 
174 1200 15 22 0.063408755 
169 1156 17 22 0.06337957 
540 201 16 21 0.06330273 
249 527 7 9 0.06288993 
540 1122 11 15 0.06280644 
819 708 10 14 0.06266635 
598 1126 13 15 0.06254336 
1007 1130 13 20 0.062458996 
469 1185 14 19 0.061979767 
81 1152 17 23 0.061925605 
915 1275 18 24 0.06175978 
190 1210 25 28 0.06168315 
245 1122 16 19 0.06167584 
629 1130 12 16 0.06157474 
350 1210 17 20 0.06151608 
316 1174 12 16 0.061472014 
977 1165 17 23 0.061439876 
928 1057 12 15 0.06130446 
988 1076 15 18 0.06092878 
556 1110 10 12 0.060653288 
997 100 23 32 0.060368992 
430 1168 16 20 0.06030726 
209 591 8 11 0.060208395 
810 1334 21 31 0.06018077 
485 1225 16 20 0.06003614 
233 526 7 10 0.059927702 
282 567 7 10 0.05976781 
581 296 14 17 0.059758008 
737 1091 14 17 0.059481222 
893 1151 15 18 0.059258938 
769 1379 18 22 0.059212264 
870 1287 21 30 0.058628503 
397 126 11 15 0.05837689 
679 557 9 11 0.05833346 
268 1195 13 19 0.058259603 
727 541 8 11 0.058166906 
991 1069 11 14 0.058049694 
830 1094 11 15 0.057965167 
846 1133 13 15 0.05790076 
242 1181 21 26 0.057720795 
981 1067 11 13 0.057662874 
646 1198 14 17 0.05753329 
0 1155 8 15 0.05742252 
703 575 8 9 0.05729159 
753 1187 13 18 0.057120558 
852 1120 15 18 0.05704928 
721 567 8 10 0.057013247 
787 1210 13 16 0.056964155 
759 1114 13 17 0.05686184 
532 206 16 22 0.05677551 
254 584 8 10 0.056658927 
973 1213 14 19 0.056567088 
420 155 11 14 0.056461334 
467 1195 15 21 0.05629281 
678 1123 13 16 0.056176938 
601 1107 11 13 0.055710305 
587 299 15 18 0.05564452 
476 1180 14 19 0.05562684 
876 1097 13 16 0.055559408 
341 1200 16 20 0.055553693 
240 598 9 10 0.055424247 
270 636 9 12 0.055321712 
669 1137 14 17 0.055285964 
998 1069 10 13 0.0552552 
688 552 7 10 0.055108525 
395 1230 23 29 0.05499876 
264 558 9 11 0.054974154 
699 502 8 10 0.05474747 
769 646 8 10 0.05467207 
552 587 10 13 0.05462508 
423 179 16 20 0.054571964 
589 493 11 13 0.05451006 
740 1315 14 20 0.054473806 
388 83 14 16 0.05442108 
753 1234 20 27 0.054274417 
551 1110 10 13 0.05404202 
774 1330 14 20 0.05398456 
516 1343 16 23 0.053849634 
685 608 8 9 0.053770773 
724 1177 12 17 0.053675096 
772 1319 16 22 0.0536377 
413 1272 18 25 0.0535984 
272 607 9 11 0.053591657 
654 503 7 10 0.053503633 
622 1314 17 21 0.05348887 
283 1103 14 18 0.05343868 
771 1124 13 18 0.053070296 
428 493 10 11 0.0530419 
669 1148 14 16 0.05292426 
189 1184 19 24 0.0528874 
0 511 9 13 0.05267874 
813 1226 16 21 0.052596815 
232 502 7 9 0.0525291 
32 540 8 10 0.052416984 
914 1126 14 17 0.05240763 
508 211 19 21 0.052329402 
713 591 9 11 0.052171048 
798 1113 11 15 0.05210203 
460 1187 15 18 0.052039143 
289 1095 15 19 0.05202177 
741 1079 11 13 0.051693972 
658 549 7 10 0.05154755 
756 1136 14 18 0.05149825 
696 568 8 9 0.051464267 
708 1196 14 17 0.05137981 
314 157 25 32 0.051292244 
597 1343 24 31 0.051268235 
580 1130 12 18 0.051208805 
239 633 11 14 0.051195152 
867 1224 23 28 0.05117831 
244 623 10 14 0.05117661 
852 1129 15 19 0.051081374 
847 1107 11 15 0.05100014 
6 1121 12 17 0.050541904 
293 1163 15 20 0.050427545 
690 526 7 10 0.050221253 
214 628 9 12 0.05012302 
530 1333 23 30 0.050054748 
244 1084 12 14 0.049880996 
718 599 9 9 0.049865577 
217 551 7 10 0.04982372 
208 611 10 12 0.04976549 
515 1270 19 25 0.049666334 
909 1356 15 20 0.049409207 
516 203 16 19 0.04937627 
832 717 11 14 0.04931319 
548 1189 14 17 0.049237505 
470 1129 14 20 0.049230617 
215 592 8 10 0.04916486 
978 1185 40 54 0.049006436 
280 560 7 9 0.048826035 
452 165 12 14 0.04871326 
165 181 22 25 0.048711512 
645 1278 16 20 0.048656143 
866 1264 16 22 0.048630636 
727 582 8 9 0.048514552 
739 1126 14 17 0.048503615 
450 1283 18 23 0.04843286 
428 1125 12 14 0.048366632 
234 1199 20 26 0.048270267 
369 1211 16 23 0.048250638 
964 1130 15 18 0.04823747 
284 1244 16 18 0.048230596 
256 544 7 8 0.048210364 
735 1079 11 13 0.048201825 
924 1137 14 20 0.048115 
996 1375 23 36 0.04810591 
449 1258 17 20 0.048042253 
156 1087 13 16 0.04804087 
713 597 9 10 0.04783148 
437 193 13 17 0.047542967 
856 742 9 13 0.047505617 
296 615 9 12 0.04747055 
393 1204 15 19 0.047425278 
765 231 17 24 0.047360633 
718 584 8 9 0.047325373 
273 599 8 10 0.047190476 
269 560 8 9 0.04713299 
103 1139 13 17 0.047118228 
851 1172 15 19 0.04691528 
240 651 11 13 0.046888933 
882 1206 21 29 0.04688348 
981 1208 14 21 0.04685999 
373 1141 10 16 0.046852633 
51 1200 16 24 0.04661987 
567 1252 15 19 0.04658712 
426 191 15 20 0.04658066 
757 1268 12 16 0.046558913 
239 1190 19 26 0.046545878 
141 1193 16 21 0.04652438 
687 1145 14 20 0.046373777 
606 655 26 35 0.04632218 
402 184 18 25 0.046267457 
188 1133 15 20 0.04622261 
686 1232 13 18 0.046213903 
783 678 12 14 0.046167262 
286 1208 14 17 0.046122964 
271 1170 13 16 0.04611659 
744 631 9 10 0.046034303 
906 1180 17 19 0.045944594 
946 1304 15 22 0.04588698 
561 574 10 11 0.04582409 
924 733 13 19 0.045810383 
69 1150 16 20 0.045635886 
428 508 10 12 0.045596648 
435 1202 14 17 0.045570426 
1013 1215 13 19 0.045512658 
872 1086 13 16 0.045498557 
816 1185 14 21 0.04549396 
194 1145 18 24 0.045406647 
712 551 9 11 0.045290582 
576 564 8 10 0.045193866 
71 1104 11 15 0.04518607 
264 576 8 10 0.045098305 
791 1102 14 17 0.045063544 
163 1091 14 18 0.045021486 
639 1330 24 28 0.044993542 
10 1079 14 18 0.044908505 
279 592 8 9 0.0448706 
625 521 8 10 0.044864286 
728 1072 9 12 0.044627838 
540 599 11 13 0.044572487 
727 566 10 11 0.04452843 
513 546 11 14 0.04437937 
300 1140 13 15 0.044291213 
331 1229 14 18 0.04424819 
363 1135 13 16 0.044145215 
963 1239 25 28 0.044136945 
92 1091 12 13 0.044128478 
693 1227 13 19 0.044089552 
446 1130 14 17 0.044079237 
278 638 9 10 0.044070426 
820 702 10 13 0.043884587 
291 1242 16 20 0.04383851 
225 596 7 10 0.04381403 
258 550 7 10 0.04360162 
782 1219 14 17 0.043550596 
418 195 16 21 0.043463267 
238 567 9 11 0.04346311 
331 1250 16 21 0.043394983 
905 1105 13 17 0.043382004 
666 1156 15 19 0.04336254 
454 1248 21 26 0.043305594 
539 1210 16 19 0.04316725 
640 53 12 14 0.043150846 
654 1109 12 14 0.043020308 
921 1248 16 22 0.0429265 
108 1135 17 20 0.04290874 
615 1101 9 12 0.042773694 
805 1093 11 13 0.042723984 
382 137 14 18 0.04266856 
810 1142 20 25 0.04265923 
355 1205 15 18 0.042650294 
287 653 14 17 0.042530913 
748 1124 12 16 0.042478148 
101 1119 14 18 0.04244561 
327 1076 11 14 0.042325232 
974 1077 12 15 0.042242553 
809 1069 10 11 0.04219767 
378 1209 19 26 0.042188924 
55 537 7 9 0.042126425 
262 551 8 10 0.04212591 
248 613 8 10 0.042109746 
222 606 8 11 0.04210401 
567 1131 13 16 0.042094804 
565 1212 14 17 0.042025138 
674 1236 14 19 0.042003594 
446 181 22 27 0.041988727 
941 1414 11 14 0.04197029 
726 653 8 9 0.041939113 
360 1118 11 15 0.041928742 
157 694 12 15 0.041858807 
917 1077 13 16 0.04185321 
789 1340 15 19 0.041841943 
564 1219 14 19 0.04170722 
993 694 7 10 0.041662104 
443 192 15 18 0.04164537 
694 1252 14 16 0.041601006 
699 1261 14 19 0.041520834 
447 1151 14 20 0.04149046 
923 1081 15 18 0.041257773 
217 568 7 9 0.04124841 
370 559 6 9 0.041239828 
502 1094 8 10 0.04122588 
350 624 13 15 0.041213457 
996 192 18 24 0.04114807 
989 1098 13 15 0.041108813 
552 1224 19 25 0.041097414 
666 1303 15 20 0.041047573 
334 669 11 13 0.04104243 
892 1123 15 18 0.04100618 
610 588 13 16 0.041004296 
334 1184 14 18 0.040969957 
145 1094 11 15 0.040913716 
959 1122 14 17 0.04090918 
917 1179 15 19 0.040894408 
860 1168 15 20 0.040724274 
195 1138 16 19 0.04072169 
603 1266 16 19 0.040703136 
202 512 9 11 0.040696844 
234 616 9 11 0.040595762 
169 1220 24 30 0.040565897 
687 679 9 12 0.0405095 
853 1206 18 23 0.040490802 
964 1294 21 28 0.040468816 
455 1179 15 18 0.040348895 
963 1113 16 19 0.040330622 
1010 103 13 21 0.0403025 
739 1206 17 21 0.04029551 
812 1255 16 20 0.04026375 
368 120 14 18 0.040240955 
345 542 8 10 0.040232453 
279 1105 12 17 0.040158205 
622 1132 13 17 0.040155526 
899 1238 23 29 0.040134523 
887 1341 22 30 0.04011933 
412 663 15 18 0.040096946 
652 1287 19 27 0.040020972 
875 1149 14 20 0.040001318 
295 1153 15 20 0.040000457 
837 1191 20 28 0.039984416 
45 1118 15 18 0.0399565 
738 1349 18 22 0.03987916 
596 1147 14 19 0.039842717 
591 1132 11 15 0.039809674 
782 663 11 13 0.03980828 
379 196 15 19 0.039764576 
514 1227 15 20 0.039717097 
679 1116 11 13 0.039714612 
459 1268 15 22 0.03971042 
626 699 23 25 0.039637916 
710 1162 13 15 0.039626278 
589 1351 24 29 0.039536487 
741 566 8 10 0.03950173 
944 1161 20 25 0.039448697 
994 1122 14 21 0.03944511 
744 648 8 10 0.039354797 
815 1126 14 18 0.039258372 
15 637 8 10 0.039200116 
999 33 15 20 0.03912801 
380 655 9 12 0.03905746 
214 612 10 12 0.039018467 
157 573 10 13 0.03884399 
255 589 8 10 0.038820818 
708 1314 14 19 0.03878505 
723 1357 24 30 0.03875653 
314 666 12 14 0.038638074 
854 1248 21 28 0.038593873 
760 693 11 12 0.03859056 
557 1188 13 18 0.038463186 
756 1291 15 19 0.038456134 
196 59 10 13 0.038417913 
1004 1153 21 27 0.0384167 
859 1155 18 20 0.03841499 
190 1122 13 16 0.038340673 
899 1299 16 22 0.03831972 
737 1194 22 27 0.03825574 
229 636 11 14 0.038036656 
301 1248 16 22 0.037905205 
625 193 15 19 0.037879094 
249 583 7 10 0.037849832 
624 503 9 12 0.03776285 
88 558 10 11 0.03773511 
965 1218 14 19 0.037559476 
437 163 11 14 0.037543003 
698 605 8 11 0.03752179 
982 1202 24 32 0.037483964 
830 1213 20 29 0.037437465 
270 619 9 12 0.0374128 
381 542 8 11 0.037390355 
840 1204 21 28 0.03728878 
654 1130 15 18 0.03721222 
467 207 13 16 0.03718751 
335 655 10 11 0.037182495 
877 713 11 14 0.03712866 
245 1133 14 20 0.037103612 
223 1242 24 32 0.037054077 
956 1148 20 24 0.03698759 
953 1187 15 19 0.036948156 
186 1236 21 27 0.03692669 
283 1256 25 32 0.03691908 
717 1155 13 17 0.036909547 
806 1258 13 19 0.036892895 
852 1147 14 18 0.036844082 
472 1170 14 18 0.03669047 
976 1063 11 14 0.036636785 
281 535 8 10 0.036553234 
786 669 12 15 0.03654758 
1012 1079 10 13 0.03654119 
485 499 11 14 0.036413286 
334 663 10 13 0.036357686 
413 1193 13 17 0.03631597 
877 1214 16 23 0.03628908 
682 607 7 9 0.036278356 
819 1351 18 23 0.036275774 
311 1233 16 20 0.036225684 
233 568 8 10 0.036178097 
173 641 13 17 0.03611673 
350 535 8 10 0.036115035 
389 1194 14 19 0.036063414 
231 584 7 9 0.036017925 
726 605 10 11 0.03601707 
209 1224 14 19 0.035908714 
13 1124 12 16 0.035891153 
393 549 9 11 0.03582308 
31 559 9 11 0.035804927 
252 628 9 14 0.035747066 
259 1146 14 18 0.035746668 
883 702 11 15 0.03571543 
1000 1204 23 28 0.03571274 
1007 1076 11 13 0.035649586 
174 1145 15 20 0.03563785 
313 463 8 10 0.035634067 
594 1188 14 19 0.03560668 
215 623 10 12 0.03556572 
153 534 9 11 0.035553608 
327 663 9 11 0.035521727 
619 1144 14 18 0.03548803 
383 1181 21 26 0.035462543 
901 1251 26 33 0.035455856 
702 1195 13 17 0.0354427 
264 582 9 10 0.035393536 
622 1126 12 15 0.035347346 
123 1118 14 16 0.035346925 
406 664 13 19 0.03533056 
929 1143 19 27 0.035292573 
358 658 13 15 0.03518475 
394 1178 19 25 0.035173845 
953 1318 16 22 0.035161365 
222 569 7 9 0.03512663 
779 1338 15 19 0.035014573 
152 574 10 13 0.034981728 
279 1116 12 16 0.034973048 
693 1188 13 16 0.0349594 
695 1099 11 15 0.03493633 
727 1102 12 15 0.034905028 
364 1204 14 18 0.034896262 
822 183 23 32 0.034890883 
650 508 8 10 0.034800123 
679 552 9 10 0.03479749 
854 1163 15 18 0.034768857 
735 590 9 11 0.034748375 
885 1182 14 20 0.03467874 
36 551 9 10 0.03464044 
796 1292 23 29 0.034623478 
397 184 12 16 0.034610998 
714 519 9 11 0.0345412 
114 1164 14 19 0.034519486 
951 1288 22 29 0.034500293 
140 1160 14 19 0.034500048 
605 1133 14 18 0.034490258 
479 1094 8 11 0.03435954 
186 572 9 11 0.03433334 
607 574 10 11 0.034245234 
534 506 10 13 0.034236357 
734 1167 14 19 0.034215715 
382 605 12 14 0.034203526 
307 169 27 35 0.034194916 
845 1079 10 13 0.03415242 
278 615 8 10 0.03413828 
94 1110 13 15 0.03413309 
933 1155 15 20 0.03410827 
727 1131 11 14 0.0341037 
859 1386 23 30 0.03410313 
763 1209 16 17 0.034085948 
143 1099 11 16 0.03407799 
1 1220 22 35 0.034074005 
439 620 8 10 0.034018427 
907 1331 16 20 0.034000732 
327 551 9 10 0.03398953 
981 1112 20 24 0.033970915 
397 1457 27 25 0.033948876 
8 557 9 12 0.03393621 
877 1184 14 21 0.03389373 
189 628 10 14 0.03389306 
755 1307 15 21 0.033880956 
317 479 9 11 0.033848356 
965 1227 14 17 0.03384639 
2 1214 16 23 0.033816416 
670 568 8 10 0.033734236 
807 1347 22 28 0.033730507 
667 1124 15 18 0.033711735 
300 1109 15 20 0.03365021 
735 647 8 9 0.033614196 
790 1289 14 20 0.03359771 
114 1253 28 42 0.03358264 
191 568 8 11 0.033554472 
215 535 8 9 0.03351745 
740 1240 14 18 0.033505432 
813 1099 14 15 0.033490483 
1013 1085 11 15 0.033444025 
765 1313 15 20 0.03341619 
592 1214 16 20 0.03341499 
598 221 13 18 0.033409987 
586 1169 15 19 0.03335898 
648 543 8 10 0.033352472 
704 627 9 12 0.033348948 
604 1124 12 15 0.033344615 
740 1181 17 19 0.033338033 
262 652 10 12 0.033321172 
21 577 14 17 0.033313796 
368 1110 11 14 0.033300854 
829 700 9 12 0.033232655 
415 175 14 18 0.033226635 
200 636 10 11 0.033224445 
982 695 9 11 0.033176556 
663 572 9 10 0.03313133 
581 1158 15 19 0.033112947 
456 1101 9 13 0.033110127 
341 1147 14 19 0.033098016 
712 568 7 10 0.033059843 
359 1236 23 32 0.03304128 
362 694 10 14 0.032997288 
333 182 14 19 0.032982063 
735 1157 14 20 0.03291118 
637 1095 8 11 0.032898042 
900 1088 15 20 0.032887466 
914 1233 19 23 0.032884844 
697 1180 15 16 0.032846257 
589 1179 13 17 0.032824647 
231 606 9 10 0.03276883 
948 1069 10 13 0.032761917 
559 1240 13 19 0.03267785 
537 603 10 14 0.032671355 
285 98 16 20 0.03264512 
270 581 7 9 0.032592166 
407 152 11 14 0.03255399 
690 520 7 9 0.03250515 
427 1196 17 19 0.032487057 
110 588 12 16 0.032481395 
966 1221 22 27 0.03246487 
839 1082 10 14 0.032457706 
992 1047 11 13 0.03240245 
442 171 22 27 0.032346208 
930 1049 10 12 0.032310482 
414 150 12 15 0.03223343 
380 187 14 19 0.03221165 
181 54 12 15 0.03220654 
0 933 23 39 0.032194115 
413 1140 15 21 0.03213296 
337 637 11 13 0.032117087 
209 1082 16 18 0.03211056 
715 1269 12 16 0.032109443 
316 1139 19 24 0.032107938 
740 1216 14 17 0.03210534 
825 1088 19 25 0.032061648 
892 1196 16 23 0.031951282 
522 209 17 21 0.031882677 
408 455 10 13 0.03187545 
695 599 10 11 0.031855535 
675 1129 14 19 0.031832244 
333 1125 13 15 0.031825032 
428 502 10 13 0.03178496 
342 635 13 15 0.03178483 
641 1284 20 26 0.031770308 
33 518 7 9 0.031727634 
869 1114 14 18 0.031691864 
898 1309 22 26 0.03161413 
246 658 11 14 0.031613674 
862 1343 17 21 0.031577695 
93 550 8 10 0.031576145 
421 1194 15 18 0.031532414 
744 614 9 10 0.03151848 
205 742 12 15 0.031507704 
805 686 10 12 0.031497873 
819 1097 13 16 0.03148799 
811 1291 17 25 0.031445973 
264 565 8 9 0.031389806 
252 1155 14 18 0.03138684 
1000 1063 10 12 0.031385373 
563 1147 13 16 0.031379376 
664 560 8 9 0.03137885 
179 182 23 28 0.03137039 
980 1159 13 16 0.03136383 
124 1144 19 23 0.031339295 
662 1108 11 14 0.031311817 
956 1168 16 19 0.031260792 
923 78 12 15 0.03124654 
749 695 10 12 0.031226676 
799 685 11 12 0.031225633 
93 1101 13 15 0.031096343 
665 1326 21 26 0.031064002 
238 606 9 11 0.031053515 
349 1251 18 24 0.031011388 
731 1106 20 23 0.031003436 
997 1291 13 17 0.030995503 
902 36 23 27 0.030970972 
671 1092 11 12 0.030966686 
320 558 8 10 0.030946247 
939 1120 13 16 0.030944344 
353 462 8 11 0.030928394 
554 512 14 16 0.030927368 
328 576 7 10 0.030921087 
87 1086 14 14 0.030906545 
602 580 22 28 0.03088279 
385 244 18 22 0.030879779 
120 566 10 12 0.030853432 
256 624 7 11 0.030835314 
156 617 12 16 0.030810645 
206 516 8 10 0.030712109 
761 1073 11 15 0.03067756 
941 1217 17 20 0.030672936 
188 1094 13 19 0.03067275 
260 1155 13 18 0.030662874 
654 1163 15 19 0.030659882 
504 1102 9 12 0.030649891 
726 1196 12 18 0.030592993 
240 1132 13 17 0.030580586 
9 1106 14 19 0.030574912 
726 1268 13 17 0.030558085 
25 535 8 10 0.030465074 
674 1336 16 22 0.030440098 
686 615 8 9 0.03042691 
6 1099 13 17 0.030423097 
949 1077 11 15 0.03040925 
0 1344 14 25 0.030396096 
375 1155 13 18 0.03039573 
585 1097 10 11 0.030375615 
639 503 8 10 0.030340815 
688 592 8 9 0.030338848 
793 652 9 11 0.030312447 
340 670 11 13 0.030307043 
699 1187 15 16 0.03030661 
914 1347 23 31 0.030224377 
695 592 8 10 0.030205632 
757 1211 15 17 0.030204391 
17 170 18 21 0.030201716 
588 1155 14 18 0.030180613 
980 1236 16 21 0.030173328 
716 1314 16 19 0.03016769 
940 1059 11 14 0.030165827 
294 568 9 10 0.030161187 
705 535 7 10 0.030124275 
830 695 9 11 0.030120153 
894 1210 23 27 0.030114165 
848 694 9 11 0.030082995 
1005 1069 11 13 0.030078398 
612 1197 15 18 0.030055989 
192 683 12 16 0.03001973 
728 576 8 9 0.029973727 
373 1108 12 15 0.029971093 
456 1276 17 24 0.029964695 
867 1068 12 15 0.029902082 
976 694 10 12 0.029896142 
92 1140 14 17 0.02988076 
916 1217 16 20 0.029815476 
313 567 7 9 0.02979454 
316 1257 16 21 0.029790206 
871 1107 13 17 0.02978685 
366 607 8 10 0.029767722 
478 1272 18 23 0.029767219 
702 1203 13 17 0.029763907 
655 607 8 10 0.029752694 
920 702 10 12 0.029739346 
171 1050 13 17 0.029725073 
866 1205 17 24 0.029721731 
14 157 23 28 0.029710779 
470 559 9 10 0.029703356 
982 1077 14 17 0.029694956 
675 1145 14 20 0.029667495 
452 1308 16 22 0.02960881 
728 695 10 12 0.029565038 
616 1096 10 12 0.02955047 
526 1124 10 15 0.02953851 
871 714 12 15 0.02951307 
777 1384 17 21 0.029510796 
125 566 11 13 0.029502116 
486 1100 11 12 0.02949806 
414 199 14 17 0.029468521 
777 1260 15 20 0.02945927 
377 205 16 21 0.029449362 
578 1116 13 17 0.029443208 
826 1282 23 31 0.029398233 
293 584 9 10 0.029392507 
873 1197 23 31 0.02935598 
151 1202 21 28 0.029347962 
657 574 8 10 0.029331718 
310 1177 14 18 0.029322961 
133 1192 15 19 0.029309448 
868 1271 22 29 0.029285712 
723 1153 13 18 0.029283874 
387 1267 17 22 0.029265797 
1001 1267 15 19 0.029257264 
864 1191 16 24 0.02925381 
675 1355 16 20 0.02923307 
988 1235 17 22 0.029228944 
769 1248 16 20 0.029192735 
1005 1145 16 18 0.029187275 
752 1130 11 15 0.029186346 
627 1308 16 20 0.02918098 
687 683 14 17 0.029173309 
1000 1229 23 33 0.029153502 
745 581 9 11 0.029138237 
670 572 7 10 0.02911854 
441 651 12 15 0.02910806 
264 536 7 8 0.029078994 
114 551 8 10 0.029064424 
306 1237 22 28 0.028987998 
720 534 8 10 0.028980607 
199 590 7 10 0.0288435 
225 1230 17 19 0.028781852 
264 509 7 10 0.028748998 
192 589 9 11 0.02874823 
289 552 7 9 0.028737245 
70 1203 15 20 0.028733682 
224 630 9 12 0.028728297 
725 599 9 12 0.0287008 
39 528 9 11 0.028698357 
988 1166 13 17 0.028675342 
627 1258 14 19 0.028663635 
528 590 9 11 0.028655488 
154 1211 27 32 0.028607795 
886 691 11 14 0.02854983 
15 517 9 11 0.02854485 
608 7 10 11 0.028525386 
453 1095 9 11 0.02852381 
381 534 8 11 0.028508652 
523 1182 21 25 0.028479714 
320 616 9 11 0.02844964 
840 1132 11 15 0.028428208 
250 1170 14 18 0.028424848 
802 1191 16 21 0.028416352 
117 591 13 17 0.028392117 
101 588 11 13 0.028374989 
446 1091 11 14 0.028333956 
916 714 14 19 0.028327651 
289 583 8 10 0.028323954 
771 1309 15 21 0.028322224 
762 1065 10 12 0.02832138 
696 616 8 9 0.028312342 
780 1124 13 16 0.028281981 
351 552 9 11 0.028250607 
264 622 9 10 0.028244596 
918 708 12 17 0.028223589 
320 599 8 9 0.028195942 
865 1159 16 20 0.028190194 
80 544 7 9 0.02812266 
303 1133 12 16 0.028092189 
319 543 8 10 0.028070314 
549 1124 11 16 0.028066235 
231 628 11 13 0.02804629 
659 1204 14 20 0.028045695 
855 1052 10 12 0.028018791 
85 1118 14 17 0.02799823 
989 1245 16 22 0.027980804 
305 1214 22 27 0.02797978 
452 1132 13 17 0.027966615 
970 1137 15 18 0.027942376 
212 1233 22 28 0.0279297 
391 1074 10 13 0.027928503 
19 184 15 20 0.02790995 
238 527 7 10 0.027885213 
108 1186 22 28 0.027884366 
270 40 154 184 0.027882216 
152 610 13 17 0.027864954 
787 1152 15 21 0.027854698 
752 1071 8 11 0.027840871 
712 533 9 10 0.027830796 
569 1353 15 22 0.02782697 
121 587 12 15 0.027817445 
40 1201 22 34 0.0277932 
779 1109 12 16 0.027770616 
629 520 8 10 0.027754616 
654 1101 11 15 0.027729582 
781 1155 14 20 0.027695427 
529 215 17 20 0.027672661 
345 599 9 11 0.027665323 
808 1139 13 19 0.027610939 
710 1291 14 18 0.027600002 
348 84 16 20 0.02759672 
874 1265 15 20 0.027592262 
376 552 8 10 0.027584918 
240 592 9 11 0.027584106 
330 275 14 15 0.027581638 
222 552 9 10 0.027569816 
913 1340 16 21 0.027540613 
113 558 10 11 0.027513027 
748 1117 12 16 0.027502798 
869 1064 9 11 0.02748055 
296 599 8 9 0.027471075 
246 1091 12 16 0.027466113 
2 1115 11 16 0.027451701 
494 1093 10 12 0.027439922 
921 1265 24 30 0.027438449 
886 725 11 15 0.027386038 
382 1134 11 14 0.027369812 
329 667 11 13 0.027363427 
77 1109 11 14 0.027328884 
641 614 9 11 0.027321337 
195 289 10 14 0.027318943 
709 644 9 12 0.02728854 
854 1296 15 21 0.027277306 
209 583 8 11 0.027249908 
670 584 9 9 0.027206436 
761 811 11 14 0.027203685 
714 584 8 10 0.027201055 
1003 1246 16 20 0.027197113 
472 552 8 10 0.027195813 
415 163 12 15 0.027170088 
822 1118 11 14 0.027164655 
816 713 11 14 0.027163927 
254 651 9 12 0.027141642 
918 1047 9 11 0.027106913 
948 1283 16 21 0.027106335 
995 1092 11 15 0.027091395 
256 574 8 10 0.027071822 
159 730 13 17 0.027064094 
672 560 8 9 0.0270555 
254 1265 14 19 0.027033344 
0 1195 11 17 0.027033297 
267 1084 13 16 0.027006695 
459 1173 13 16 0.026999861 
943 1068 11 14 0.026998581 
278 607 8 10 0.026984593 
294 1105 12 18 0.026963856 
483 1197 19 25 0.026933948 
110 674 11 14 0.026925469 
513 1304 17 20 0.02691901 
601 1278 22 27 0.026851756 
513 1117 14 19 0.026823927 
207 723 16 19 0.026820535 
702 568 8 10 0.026796924 
968 1109 21 25 0.026786761 
983 1185 15 20 0.026776163 
709 1087 11 13 0.02676517 
835 3 13 13 0.026738923 
472 1162 16 18 0.026717253 
680 584 7 9 0.026706295 
351 608 9 11 0.026679488 
316 656 11 13 0.026674695 
848 689 8 11 0.02665372 
716 1196 13 17 0.026640505 
710 1342 21 30 0.026635954 
966 1281 25 29 0.026625318 
273 592 7 10 0.026605949 
397 653 11 13 0.026605712 
200 559 7 8 0.026574722 
665 520 7 9 0.026568236 
517 1167 14 16 0.026546143 
800 666 11 15 0.026531553 
763 1290 14 18 0.026531545 
503 1109 10 14 0.026497798 
798 640 8 9 0.02644648 
130 1132 13 17 0.026436703 
943 1076 11 14 0.026366264 
177 1150 20 25 0.026351688 
673 599 8 10 0.026328837 
269 1108 14 17 0.026316285 
1014 1257 12 17 0.02627424 
467 1266 16 21 0.02627371 
762 687 10 13 0.02626247 
229 590 9 10 0.026260996 
997 1099 11 15 0.026233109 
421 1126 13 16 0.026162576 
757 709 15 18 0.026146619 
710 630 9 11 0.026107507 
614 1124 11 14 0.026084095 
752 526 7 8 0.026058534 
720 13 9 11 0.026037866 
490 1180 15 20 0.026033176 
969 1054 9 10 0.026015747 
312 574 8 10 0.026013669 
588 652 17 21 0.026009876 
179 1187 21 27 0.0260078 
654 509 8 9 0.026003167 
516 1081 11 14 0.025958681 
751 1267 11 16 0.025944429 
495 567 9 11 0.025941929 
597 1280 16 21 0.025934353 
759 560 7 10 0.025930556 
742 1228 15 20 0.025918461 
37 540 9 10 0.025895303 
389 710 44 54 0.025874935 
300 1235 15 19 0.025828429 
597 49 16 17 0.025827793 
725 1354 14 20 0.02581271 
114 85 28 33 0.025806544 
763 1253 22 27 0.0257823 
217 1153 14 19 0.025780905 
502 1352 16 23 0.025779007 
476 1115 13 17 0.02575643 
368 1278 25 33 0.025740275 
670 1342 22 28 0.025727982 
214 584 9 11 0.025727712 
398 1163 13 16 0.02572241 
862 1073 13 16 0.025610868 
685 656 8 9 0.02560784 
78 180 17 23 0.025595464 
894 1090 13 18 0.02559228 
461 557 11 13 0.025584634 
375 615 10 11 0.025530491 
877 1070 10 13 0.02552972 
477 1151 12 15 0.025522023 
303 526 8 10 0.025511926 
13 566 12 15 0.025501147 
544 1130 10 13 0.025493138 
933 700 9 12 0.025476439 
981 1100 13 16 0.025418133 
174 1072 13 17 0.025416125 
250 1099 13 18 0.025401449 
1001 1378 15 21 0.02538989 
325 556 9 10 0.025382172 
86 686 9 11 0.025355317 
253 608 9 11 0.025322683 
72 89 24 29 0.025290115 
357 1103 10 12 0.025258668 
327 1266 26 31 0.025229903 
393 582 9 10 0.025224665 
412 485 9 13 0.025220014 
268 1125 13 17 0.02517581 
86 678 11 13 0.02517574 
548 1348 18 22 0.025172552 
720 542 9 10 0.025151215 
841 1218 16 21 0.025149776 
89 747 8 10 0.02513152 
479 1226 14 19 0.025122272 
794 640 8 10 0.02509373 
671 1367 22 27 0.025070366 
345 536 8 10 0.025057832 
204 663 10 14 0.025047377 
630 552 8 11 0.02504455 
327 1282 18 25 0.025011737 
849 1115 12 15 0.024970468 
355 187 13 21 0.024953626 
323 1257 24 30 0.024937376 
590 1234 15 19 0.024930064 
832 1344 17 23 0.02492484 
673 520 7 9 0.024887558 
725 1123 12 17 0.024866065 
551 1103 10 13 0.024863834 
265 631 9 12 0.02485205 
125 486 8 10 0.024843032 
213 1126 14 17 0.024838818 
779 1313 14 21 0.024819536 
759 615 8 9 0.024816249 
873 1381 21 32 0.024808321 
351 558 8 10 0.024791714 
712 545 9 9 0.02477684 
178 1206 16 23 0.02476938 
412 158 22 28 0.024766585 
758 1284 12 15 0.024730038 
679 1258 12 17 0.024721358 
806 1099 13 15 0.024715722 
907 1283 22 28 0.024641888 
714 1296 15 18 0.024634216 
349 1172 12 17 0.02462467 
799 1354 22 29 0.02462127 
953 1174 20 25 0.024605433 
573 1136 15 17 0.024592502 
409 1136 14 19 0.02457574 
7 1085 20 27 0.024570614 
397 535 9 10 0.024563786 
351 521 7 9 0.024558809 
727 590 9 11 0.024534646 
883 1333 14 20 0.024524273 
715 1130 12 17 0.024508812 
597 1138 15 18 0.024498757 
704 1087 10 13 0.024491306 
323 1254 16 21 0.024491055 
648 1327 24 27 0.024485422 
234 617 17 22 0.024478432 
662 534 8 9 0.02446153 
291 187 15 20 0.02445606 
161 1191 21 31 0.024446983 
450 1125 13 15 0.024445595 
723 646 8 10 0.0244204 
163 640 14 19 0.024417909 
157 1114 14 17 0.024416259 
750 1292 14 20 0.024404328 
479 1086 9 13 0.024351958 
843 1101 12 16 0.024331281 
286 608 8 10 0.024324387 
223 1067 13 16 0.024297975 
699 1135 18 24 0.024282785 
462 552 10 12 0.02426573 
106 1200 17 19 0.024223631 
304 575 7 9 0.024210311 
174 690 12 15 0.024167385 
0 1170 10 18 0.024163416 
532 582 11 13 0.024157312 
766 1163 14 19 0.024131661 
240 583 8 9 0.02411583 
703 544 7 10 0.024090616 
422 139 14 14 0.024076845 
689 575 7 9 0.024074873 
102 1092 11 14 0.02407401 
381 1289 16 20 0.02405735 
781 1132 12 15 0.02404742 
189 622 10 12 0.024040906 
267 1248 40 51 0.024017021 
671 671 11 13 0.023987845 
907 1295 17 22 0.023986906 
874 164 41 49 0.023958828 
507 1220 17 21 0.023950187 
303 600 8 9 0.023942314 
335 560 9 10 0.023938349 
252 526 8 9 0.02393109 
22 528 8 9 0.023913156 
380 180 14 16 0.02388959 
773 1101 12 15 0.023843361 
271 576 8 10 0.023829415 
156 1170 19 26 0.02382917 
247 552 7 8 0.023828061 
447 159 11 12 0.023827795 
669 1231 13 17 0.023783116 
95 747 9 11 0.023778878 
154 603 12 15 0.023758208 
382 575 8 10 0.02374176 
304 1249 23 29 0.0237404 
312 1273 27 33 0.023738597 
372 696 13 15 0.023733772 
637 1100 9 13 0.02373083 
411 377 16 19 0.023704102 
224 584 9 11 0.023697423 
877 1282 24 30 0.023692558 
425 488 10 11 0.023690455 
325 627 10 11 0.023686063 
326 1193 13 16 0.023682497 
110 582 10 11 0.023646852 
184 1201 21 29 0.023632534 
279 644 9 11 0.023623517 
0 1100 11 16 0.02359609 
44 1168 17 20 0.023579426 
235 1216 15 19 0.023570884 
656 544 9 11 0.023563962 
565 1163 16 20 0.023560142 
588 1226 16 17 0.02354317 
558 1132 13 18 0.023542468 
688 599 8 10 0.0235258 
344 157 10 14 0.023521375 
543 1145 13 18 0.023490155 
117 1116 14 17 0.023489615 
157 647 14 18 0.023468414 
968 697 9 11 0.02346669 
730 1332 24 31 0.023440909 
319 592 8 9 0.023435235 
99 1236 15 21 0.023434307 
994 686 9 11 0.023425885 
728 624 8 8 0.02340925 
433 174 22 28 0.02340669 
636 1124 12 17 0.023381554 
996 33 23 32 0.023326505 
518 486 9 10 0.023322145 
651 1341 22 28 0.023295747 
48 560 8 10 0.023278683 
702 600 9 10 0.023254571 
684 1302 18 21 0.023249682 
385 1304 17 21 0.023226123 
754 558 8 10 0.023224732 
345 1263 25 31 0.023215687 
1006 1109 14 20 0.023195952 
415 88 12 14 0.023186835 
372 1267 18 22 0.02317806 
452 651 12 16 0.023174644 
189 614 9 11 0.02314961 
95 179 16 21 0.023143912 
930 1256 16 24 0.023138655 
662 997 11 15 0.023132637 
676 1093 12 15 0.023108253 
557 1104 9 11 0.023106687 
246 535 8 9 0.02309691 
698 1171 15 17 0.023091739 
271 543 8 10 0.023091586 
998 1347 20 29 0.023088178 
391 565 9 10 0.023077287 
686 557 7 10 0.02307478 
157 591 10 12 0.02305923 
201 495 8 10 0.023024391 
902 1387 13 17 0.023012528 
373 129 16 18 0.023004718 
627 1136 13 19 0.022984833 
733 1139 13 15 0.022976942 
694 679 8 10 0.022967875 
772 647 9 11 0.022955999 
828 1194 15 22 0.022952836 
739 1291 14 20 0.022937551 
787 690 12 14 0.02293507 
376 1103 9 13 0.02292928 
516 1175 15 17 0.022905448 
135 651 13 18 0.022877065 
295 574 8 9 0.02282882 
830 711 12 14 0.022827808 
501 1088 9 10 0.022806618 
551 606 10 12 0.022805165 
527 1116 11 16 0.02280473 
321 552 8 10 0.022797944 
711 575 7 9 0.022785356 
241 534 8 9 0.022743836 
646 1122 12 16 0.022743253 
280 339 17 21 0.02272848 
279 552 8 9 0.022726027 
387 207 15 19 0.022717949 
248 608 9 11 0.022700006 
910 696 9 11 0.022687929 
673 1111 21 26 0.022683678 
775 662 10 12 0.022676013 
632 1303 21 28 0.022668429 
510 1102 10 12 0.02266627 
846 1124 13 16 0.022646798 
740 1139 12 15 0.022633899 
610 1269 17 21 0.022628888 
198 666 14 18 0.022626681 
859 1142 21 24 0.022587216 
679 545 8 9 0.022577032 
834 1305 16 23 0.022550007 
406 1191 14 19 0.022538038 
426 1188 16 18 0.022533953 
595 1180 14 17 0.022519484 
95 1171 15 18 0.022511791 
678 591 8 10 0.022486633 
112 706 10 13 0.022460038 
27 1132 12 17 0.022440383 
628 746 16 19 0.022393886 
900 1289 15 21 0.022388821 
682 1370 16 23 0.022370053 
159 1157 15 21 0.022352232 
376 590 9 10 0.022344476 
356 142 22 29 0.022332111 
312 552 7 9 0.022330115 
1 1076 11 16 0.022320108 
198 652 12 14 0.022308886 
685 1201 14 19 0.022292426 
412 493 9 11 0.02228632 
806 676 10 13 0.022272568 
265 1255 26 33 0.022268737 
328 1143 18 23 0.022248598 
809 1092 22 26 0.022242017 
414 1099 10 13 0.022212265 
958 1311 23 31 0.022200774 
499 1243 18 23 0.022182481 
551 627 12 15 0.022177702 
332 1193 14 18 0.022162827 
158 579 10 12 0.022162309 
262 662 10 12 0.02215207 
771 1204 16 18 0.022144867 
664 527 7 9 0.022127254 
816 1175 20 27 0.022121534 
119 1234 26 37 0.022116931 
718 695 9 11 0.022110453 
247 1217 17 21 0.022107422 
752 520 8 9 0.022097388 
581 1177 14 20 0.02209555 
99 1153 14 19 0.022094686 
901 1351 17 22 0.02209164 
0 1200 18 23 0.022062527 
382 1101 10 12 0.022047104 
211 696 14 16 0.022039918 
520 1247 17 22 0.022022547 
728 560 9 11 0.022007199 
695 575 8 9 0.02200414 
764 1187 15 18 0.02199928 
856 1221 24 30 0.021979056 
189 606 10 12 0.021977661 
703 550 8 9 0.021920418 
351 1139 13 18 0.021917967 
410 213 13 16 0.021911774 
854 1233 23 29 0.021905435 
728 726 8 10 0.021886908 
397 487 9 12 0.021852324 
827 1164 13 17 0.021850534 
904 1219 25 28 0.02184379 
969 750 28 32 0.021837289 
228 1122 14 18 0.021825116 
977 1246 16 22 0.021823518 
410 584 8 11 0.021773173 
487 574 9 11 0.021761078 
937 1166 20 28 0.021760017 
629 503 10 13 0.021745332 
935 1041 9 10 0.021735832 
81 688 9 10 0.021734325 
693 630 9 12 0.021726307 
609 557 8 9 0.021715224 
72 551 9 11 0.021695415 
702 559 9 11 0.02168654 
808 653 10 11 0.02167808 
703 591 8 10 0.021671508 
994 1323 24 30 0.021655409 
324 685 12 14 0.021649374 
373 1188 13 17 0.02162201 
720 606 8 10 0.021620486 
312 1221 23 29 0.021618944 
263 505 7 10 0.021591958 
307 184 17 23 0.021579333 
544 505 13 18 0.021561392 
715 1323 16 20 0.021559078 
312 646 9 11 0.021541618 
558 1267 14 19 0.021523645 
239 1083 12 16 0.021500334 
638 1295 20 27 0.021498704 
107 1210 17 19 0.021481799 
286 560 8 8 0.021476949 
552 496 10 12 0.021463195 
414 110 13 15 0.021437142 
411 1172 13 18 0.021423541 
796 1228 13 20 0.021409849 
719 717 8 10 0.02140716 
906 697 8 10 0.021403281 
486 1093 12 13 0.021379469 
314 1209 16 20 0.021339266 
561 1357 26 31 0.021331847 
709 1358 23 32 0.021320874 
815 701 12 15 0.02132045 
545 206 15 19 0.021319002 
302 201 15 20 0.02128006 
535 1200 16 19 0.021279631 
247 542 8 10 0.021264846 
322 181 22 30 0.021263134 
930 1076 12 14 0.02126106 
878 693 12 16 0.021245258 
803 1330 15 22 0.021242365 
899 1170 17 20 0.02123577 
735 1236 13 17 0.021221358 
198 597 8 10 0.021193612 
367 552 8 10 0.021185623 
638 626 9 12 0.021180471 
255 536 8 9 0.021178395 
239 551 8 9 0.021175735 
883 581 33 36 0.021139419 
65 541 7 9 0.02113913 
191 510 8 10 0.021138744 
171 1098 14 19 0.021125637 
721 669 8 11 0.021108894 
638 1147 13 17 0.021107962 
81 707 11 13 0.021092834 
656 559 8 10 0.021080486 
342 568 8 9 0.021062413 
671 1114 11 15 0.021053359 
702 615 8 9 0.021031749 
1012 1355 12 18 0.02102433 
345 472 7 8 0.021018019 
629 731 28 35 0.021016289 
532 588 11 13 0.02101113 
625 533 9 10 0.021009132 
97 544 8 10 0.021000579 
989 1290 13 19 0.020993317 
296 559 8 10 0.0209917 
145 1185 21 27 0.020979365 
544 574 8 10 0.020953879 
571 1156 23 27 0.020914707 
431 624 8 10 0.02089992 
574 527 9 12 0.020895045 
971 1264 18 22 0.020893162 
71 558 10 11 0.020878904 
249 1255 25 32 0.020871341 
373 687 12 14 0.020859385 
678 1266 14 18 0.020854788 
116 1224 16 21 0.02083842 
255 662 10 13 0.020819725 
198 574 8 10 0.0208179 
537 517 11 14 0.020791912 
220 613 10 12 0.020775551 
239 574 9 10 0.020775527 
231 692 11 13 0.020770546 
454 543 8 10 0.02076381 
204 674 12 15 0.02074807 
492 1146 15 18 0.020723153 
199 1189 20 25 0.020720823 
820 1331 18 23 0.020707283 
621 740 26 31 0.020697527 
713 1210 15 18 0.020695208 
118 738 11 15 0.02069045 
87 545 8 10 0.020686293 
958 1230 22 28 0.020680293 
963 1253 18 20 0.020647015 
317 632 107 123 0.02063981 
687 583 9 10 0.020597836 
237 1250 25 32 0.020592606 
309 616 8 10 0.02058467 
139 1173 23 29 0.020580195 
413 656 11 13 0.020576157 
972 1200 21 28 0.020573128 
412 1259 16 21 0.020571226 
493 1102 10 11 0.020566272 
8 566 11 13 0.02056574 
301 1225 15 20 0.020563552 
563 1139 13 16 0.02056092 
215 1181 14 19 0.020555014 
621 1266 14 20 0.020549562 
429 1156 13 15 0.020543437 
286 1258 43 50 0.020508891 
392 590 8 10 0.020484373 
241 1275 15 20 0.020478003 
280 1225 24 28 0.020461328 
320 607 8 10 0.020457812 
390 1100 10 12 0.020439398 
600 582 11 13 0.020424765 
374 148 12 16 0.020414628 
306 658 20 24 0.02039782 
660 1197 13 17 0.02039663 
813 654 9 11 0.02037846 
723 1328 15 20 0.020377776 
332 202 18 24 0.020373018 
932 1108 13 16 0.020360496 
96 684 9 12 0.02034728 
154 1038 9 12 0.020343136 
318 574 8 11 0.020340152 
459 1131 20 24 0.020325486 
56 742 9 11 0.020300515 
996 1306 22 32 0.020299781 
478 1106 13 16 0.020284547 
711 607 8 9 0.02026723 
664 638 8 10 0.020258011 
441 709 29 34 0.02023735 
627 1179 14 18 0.020237342 
961 697 8 10 0.020237006 
797 1154 12 19 0.020235661 
288 1081 10 13 0.020183042 
424 559 8 9 0.020167809 
118 708 9 12 0.02016776 
744 1361 27 30 0.020157037 
344 463 7 10 0.020156594 
737 497 7 8 0.020151824 
821 1064 10 12 0.020136612 
750 679 9 12 0.020126589 
893 1241 16 23 0.02012385 
944 1190 20 25 0.020114742 
894 1099 13 17 0.020100204 
579 1234 15 18 0.020092836 
696 558 9 11 0.020082878 
490 1263 17 22 0.020079648 
707 1362 15 22 0.020074265 
134 1102 11 15 0.020070635 
696 669 10 12 0.020053212 
385 628 9 12 0.02005138 
712 696 9 10 0.020044988 
776 678 10 13 0.020013507 
