10_People_Marching_People_Marching_2_793
45
276 75 51 63 0.9983089 
127 80 47 61 0.99780315 
513 97 49 56 0.99667585 
804 117 45 52 0.99613816 
63 137 49 54 0.9958722 
406 81 47 56 0.99467117 
898 16 44 58 0.99151975 
651 180 43 49 0.9821 
935 166 45 55 0.9762598 
415 4 44 54 0.9700759 
28 406 200 214 0.14816147 
917 16 36 44 0.07212328 
998 210 16 22 0.0674375 
139 306 28 35 0.062866226 
0 280 35 68 0.060554337 
212 284 30 60 0.05235042 
37 381 136 143 0.04076092 
537 364 88 104 0.039623547 
746 192 39 57 0.036815673 
-1 286 334 397 0.034262612 
999 161 24 38 0.033450723 
105 160 33 39 0.03336564 
539 362 59 58 0.032082755 
886 218 33 49 0.030689253 
575 368 32 31 0.029498119 
952 175 49 59 0.029177738 
808 329 108 164 0.028180288 
74 424 33 38 0.02751202 
664 593 37 40 0.02747945 
154 380 226 197 0.027041469 
603 192 35 48 0.026914665 
571 178 31 44 0.026859926 
663 71 11 14 0.026418803 
189 594 44 51 0.026124632 
731 322 18 20 0.02548699 
938 23 19 26 0.025229618 
601 406 17 25 0.024152806 
731 157 46 62 0.0235342 
5 443 52 57 0.0219246 
1011 539 13 25 0.021676248 
110 208 35 41 0.021467136 
332 162 40 46 0.020958068 
636 0 16 17 0.020615794 
241 403 147 128 0.020388776 
727 96 13 16 0.020172609 
