10_People_Marching_People_Marching_10_People_Marching_People_Marching_10_69
2647
733 416 14 18 0.996828 
236 354 14 20 0.99466234 
652 457 18 22 0.9939214 
491 546 17 21 0.99187076 
210 607 18 23 0.9909821 
841 476 16 22 0.98965085 
395 502 17 22 0.98940396 
875 648 22 28 0.9893504 
745 574 21 26 0.9886432 
476 561 15 21 0.9868954 
883 443 16 22 0.98631346 
251 406 14 18 0.98572344 
358 534 17 22 0.9854154 
869 543 18 21 0.9851187 
181 163 11 14 0.9838501 
161 513 17 22 0.9821406 
537 377 15 18 0.9819433 
5 611 22 27 0.9816867 
881 578 19 24 0.98050654 
960 630 21 28 0.9803797 
535 467 18 21 0.9795308 
426 451 14 17 0.97925603 
628 371 13 17 0.9783077 
49 593 21 26 0.97767055 
502 433 16 21 0.97744215 
181 446 19 23 0.97651666 
682 419 14 17 0.97632366 
563 535 17 23 0.97624993 
774 357 12 15 0.9761629 
794 543 18 22 0.97554636 
99 565 18 25 0.97554135 
484 269 10 13 0.97551423 
932 446 16 21 0.9751692 
358 456 18 21 0.9723202 
169 489 17 22 0.9696158 
513 565 17 21 0.96933794 
716 539 21 27 0.96933764 
876 394 14 17 0.96864945 
709 304 13 16 0.9685092 
223 519 15 19 0.96589744 
931 577 20 24 0.9656343 
164 558 19 24 0.96501863 
821 370 13 16 0.96437263 
119 619 19 23 0.9637237 
381 411 14 16 0.9637153 
424 491 17 21 0.96340156 
359 627 22 29 0.96337855 
677 252 12 15 0.962635 
563 372 13 17 0.96245295 
995 526 18 22 0.9620142 
608 554 18 24 0.959471 
302 604 18 23 0.9585242 
691 274 13 16 0.95679134 
440 475 16 19 0.9565367 
436 294 11 14 0.9549307 
504 495 16 21 0.9535747 
366 498 18 22 0.95283806 
381 351 14 17 0.9521261 
197 188 12 15 0.9516953 
470 502 16 20 0.9505242 
885 481 19 23 0.9489325 
998 597 15 20 0.9487201 
767 444 15 20 0.94829714 
622 280 13 16 0.94828653 
644 578 19 24 0.94669235 
179 654 19 24 0.94648814 
391 595 21 24 0.9463582 
143 227 13 16 0.94498825 
950 475 18 21 0.9444549 
107 251 13 18 0.9424425 
428 658 21 26 0.94123286 
232 549 18 21 0.9410229 
661 263 11 14 0.93865883 
600 659 21 25 0.93859065 
259 637 16 21 0.93609285 
754 618 21 26 0.9352501 
631 494 17 22 0.9331511 
467 299 13 16 0.9324277 
978 602 20 24 0.9282549 
652 346 13 17 0.9278579 
688 659 22 27 0.9236329 
595 332 12 16 0.92354995 
695 482 20 25 0.9214312 
764 651 17 21 0.92121303 
461 215 11 13 0.9211179 
840 613 20 26 0.9210758 
173 135 10 13 0.9202024 
779 502 16 19 0.91742986 
220 109 12 15 0.91582227 
806 399 13 17 0.91552824 
449 271 9 13 0.91522145 
726 501 18 22 0.91519403 
295 458 17 20 0.91491306 
484 312 11 14 0.91461855 
628 328 13 16 0.9129722 
87 510 19 24 0.91116214 
686 389 13 16 0.9065509 
448 370 17 20 0.9054672 
108 218 14 16 0.90538526 
559 318 12 16 0.90516394 
218 659 17 24 0.90318394 
791 380 13 16 0.90285885 
91 243 12 16 0.8994772 
300 422 14 18 0.89890826 
734 312 12 15 0.8973768 
718 357 13 17 0.8955395 
156 414 15 19 0.8946077 
600 310 11 15 0.8945155 
227 487 14 19 0.8932439 
533 611 19 25 0.89267945 
567 267 11 14 0.88878244 
403 576 18 23 0.8850402 
541 542 16 18 0.88183516 
272 566 18 21 0.88055164 
318 548 17 21 0.8788264 
759 506 16 20 0.8770733 
452 326 11 15 0.8755938 
744 393 12 17 0.8742608 
305 500 21 26 0.8716466 
584 627 18 22 0.86903673 
550 580 16 18 0.8688171 
456 466 15 18 0.8674767 
577 493 15 19 0.8622586 
588 446 14 19 0.85964185 
97 194 12 16 0.85660887 
129 478 16 20 0.85066134 
817 528 15 19 0.8453702 
716 215 9 11 0.84149164 
720 386 13 16 0.8410422 
566 460 14 19 0.8401123 
404 163 12 15 0.83915955 
687 327 13 17 0.8364564 
0 658 20 29 0.83550274 
163 179 13 16 0.83222884 
439 618 21 23 0.83062524 
714 181 8 11 0.8251111 
725 474 15 19 0.8244377 
292 109 9 12 0.82365054 
401 527 16 19 0.82254326 
615 265 12 14 0.8221479 
505 672 22 25 0.81810975 
785 408 14 17 0.8168596 
567 301 10 12 0.81469625 
639 311 12 15 0.81434923 
846 418 13 17 0.8075822 
320 192 11 15 0.8065514 
739 329 12 15 0.8045826 
428 314 12 15 0.80023515 
890 632 19 23 0.7961073 
298 198 12 16 0.7943011 
597 508 17 20 0.7940299 
918 545 22 26 0.79367363 
628 419 14 20 0.79322064 
53 561 14 17 0.78737146 
979 335 13 17 0.7811314 
285 663 16 22 0.7767724 
188 129 12 15 0.7766321 
520 166 8 11 0.7705218 
380 384 14 17 0.7590047 
462 277 11 14 0.75774956 
645 102 12 15 0.74678886 
579 349 12 15 0.7425587 
428 168 10 13 0.734606 
132 178 14 16 0.73333985 
195 214 13 16 0.73247296 
332 611 19 24 0.72688967 
909 470 12 17 0.72637415 
660 230 8 11 0.7257617 
580 255 10 13 0.7215588 
397 111 9 12 0.7194835 
706 341 12 14 0.7161541 
75 226 13 15 0.7140562 
303 480 14 18 0.71321696 
886 327 12 15 0.7127748 
164 208 13 15 0.71146834 
659 290 11 14 0.69191015 
613 210 11 14 0.6906465 
422 120 8 11 0.68915874 
456 245 9 12 0.6887494 
314 672 23 26 0.6882285 
117 197 12 15 0.68107104 
296 175 10 12 0.6755836 
115 333 15 18 0.6730838 
718 447 14 17 0.67214143 
465 410 15 17 0.6691832 
200 134 12 15 0.66650534 
311 149 10 13 0.66627324 
111 106 10 13 0.66505444 
294 159 10 12 0.6573452 
485 348 12 15 0.65581906 
660 307 11 14 0.6543156 
332 128 9 11 0.6538084 
512 239 9 13 0.6441584 
686 228 9 12 0.63976276 
272 197 10 13 0.63276136 
437 129 9 11 0.6316542 
93 485 15 18 0.62632 
638 192 10 14 0.62477076 
469 190 9 12 0.62467957 
492 188 10 13 0.6223116 
133 130 11 13 0.6197398 
271 86 10 12 0.6155792 
409 191 10 13 0.61342394 
786 142 8 11 0.609116 
584 140 8 10 0.6028462 
605 191 9 11 0.5925241 
239 53 8 10 0.5910365 
494 144 7 10 0.59056646 
374 179 11 15 0.58973044 
580 286 11 12 0.5891505 
212 163 10 14 0.58531517 
527 207 9 10 0.58382946 
825 572 16 20 0.5833938 
458 180 8 11 0.58031565 
131 154 11 15 0.57573944 
680 216 9 11 0.57552874 
94 640 22 27 0.57531345 
696 244 10 11 0.5702305 
804 572 12 17 0.5688462 
951 306 13 16 0.5665895 
497 159 9 12 0.56657964 
440 251 9 12 0.5548887 
433 533 13 17 0.5518603 
703 164 9 11 0.5496611 
737 142 10 13 0.54518414 
328 358 10 14 0.54219514 
385 197 11 13 0.53846306 
549 630 16 20 0.5381676 
235 140 8 11 0.5346904 
148 145 11 14 0.5326322 
244 611 16 19 0.5311288 
115 508 16 21 0.53089315 
136 193 13 16 0.52883524 
204 88 11 13 0.52489924 
578 112 8 11 0.5229022 
463 117 8 10 0.52200615 
158 112 9 12 0.52084184 
720 70 8 10 0.5187574 
632 246 11 13 0.5133499 
689 151 10 13 0.51268244 
446 190 8 10 0.51179963 
588 230 11 13 0.5113216 
312 94 9 11 0.51106715 
469 266 11 13 0.5097928 
606 243 10 12 0.50811684 
618 127 8 10 0.5017136 
267 468 13 16 0.49328846 
780 104 8 11 0.4922305 
502 635 16 18 0.49204487 
759 116 9 11 0.484485 
647 37 8 11 0.48432216 
417 143 9 13 0.48036098 
99 148 11 15 0.47990212 
382 72 9 11 0.4796345 
135 663 23 26 0.47747204 
325 164 9 13 0.4772 
270 112 9 12 0.47523275 
472 159 9 12 0.47331586 
727 52 9 11 0.46932092 
103 315 14 18 0.46823862 
604 80 9 12 0.46546876 
700 125 11 14 0.4651274 
592 171 10 12 0.4616766 
533 194 11 12 0.4594701 
497 221 10 12 0.45485052 
74 191 12 15 0.44636253 
300 533 13 18 0.44504845 
307 169 11 15 0.44463336 
615 133 9 11 0.44362473 
1002 202 13 16 0.44208163 
269 416 13 17 0.43888846 
327 469 13 16 0.4348244 
711 451 14 17 0.4293182 
164 150 11 13 0.4259718 
160 225 13 15 0.4258065 
472 102 7 10 0.42534125 
402 72 6 8 0.4232036 
681 191 9 12 0.4229044 
819 437 14 18 0.41364202 
346 119 9 11 0.4122609 
405 675 21 24 0.41205317 
502 388 11 14 0.41110933 
546 111 8 10 0.41072628 
424 345 12 16 0.41059503 
760 109 11 14 0.40944475 
860 361 12 16 0.40319687 
692 302 10 14 0.40058997 
345 162 11 14 0.3968541 
245 116 10 12 0.39446867 
639 143 9 11 0.39423886 
496 284 9 12 0.3936354 
701 596 17 19 0.39353672 
157 84 9 12 0.3903196 
586 95 8 10 0.39009342 
689 177 9 11 0.3864136 
939 410 15 19 0.38404343 
198 72 9 11 0.38278067 
119 235 14 17 0.38206953 
554 658 14 18 0.37983665 
680 220 9 12 0.37086514 
324 188 11 14 0.36940008 
265 128 10 12 0.36883745 
228 185 11 15 0.36871427 
230 46 8 12 0.3676862 
264 87 9 11 0.36721736 
437 224 8 11 0.36427 
145 96 8 10 0.3581553 
59 198 12 14 0.35797235 
368 126 7 10 0.35367402 
265 183 10 12 0.351615 
530 158 8 11 0.35104394 
820 672 21 24 0.34721974 
455 101 7 10 0.34718937 
749 93 9 11 0.34680223 
392 93 6 9 0.34609175 
612 357 13 16 0.34488595 
233 87 11 13 0.34342653 
551 428 15 18 0.34014744 
349 124 9 11 0.33963916 
646 133 8 10 0.33914715 
474 142 8 11 0.33899382 
597 154 10 12 0.336782 
333 101 8 11 0.33667138 
327 183 10 13 0.3356166 
624 225 10 13 0.33405787 
716 242 11 14 0.3336627 
431 79 8 10 0.33345345 
623 175 9 11 0.33052477 
442 116 9 11 0.32963973 
287 405 11 15 0.32887983 
241 119 10 11 0.32736617 
583 9 10 11 0.32715726 
672 157 8 11 0.32496876 
703 108 8 10 0.32389215 
245 70 8 12 0.32247135 
376 102 8 11 0.32168347 
340 374 11 15 0.32070988 
386 385 14 17 0.31968078 
557 80 9 11 0.31669688 
566 581 13 17 0.31501642 
479 364 12 15 0.31232354 
121 144 9 12 0.3093501 
501 78 8 11 0.30795678 
700 640 12 14 0.30715466 
287 80 7 9 0.30622637 
817 344 10 12 0.3027594 
280 183 12 14 0.3016984 
290 135 9 12 0.30169296 
215 32 6 8 0.30145362 
181 72 9 12 0.2986008 
407 97 8 10 0.29802993 
185 100 9 12 0.29790294 
348 158 10 14 0.2974431 
289 350 8 10 0.2959776 
217 7 7 9 0.29509318 
194 60 8 11 0.2947236 
108 282 13 17 0.29241833 
608 152 8 11 0.29141632 
573 597 16 19 0.2897897 
761 78 10 11 0.2855083 
647 183 9 12 0.28441826 
458 593 15 20 0.2843758 
244 181 10 13 0.28366244 
461 159 9 12 0.28160506 
137 112 8 10 0.28123444 
536 447 11 14 0.27930218 
452 198 10 12 0.27612343 
863 316 11 14 0.27559212 
263 147 10 12 0.26942083 
328 96 8 10 0.26785475 
552 263 9 11 0.26773232 
142 67 8 11 0.26541147 
713 237 10 14 0.26443008 
743 359 12 15 0.26360396 
504 120 7 9 0.26100624 
398 34 8 9 0.26089895 
615 165 8 10 0.26030648 
194 32 7 9 0.25955555 
741 75 9 11 0.2583099 
645 331 13 16 0.25632668 
578 326 12 15 0.25575852 
673 395 11 14 0.2529918 
592 207 10 12 0.25161636 
655 183 10 12 0.25131848 
845 367 9 12 0.25027016 
988 596 18 25 0.24965605 
520 113 9 10 0.24717219 
912 573 13 18 0.24691266 
957 511 15 18 0.24681193 
389 211 12 14 0.24546297 
455 95 7 10 0.24543439 
596 294 10 13 0.24483432 
525 113 8 9 0.24474075 
653 276 10 13 0.24332191 
365 56 8 10 0.24078023 
418 123 9 12 0.23918687 
393 49 7 8 0.23812822 
567 142 8 10 0.23812711 
197 115 10 12 0.23802736 
593 152 10 12 0.23750411 
151 58 8 9 0.23713624 
217 196 10 13 0.23706922 
280 155 9 12 0.23683652 
107 466 14 17 0.23591875 
777 311 11 13 0.2349866 
377 147 9 12 0.2344303 
342 585 16 19 0.23423375 
75 269 13 17 0.23391587 
645 549 16 20 0.23347466 
215 71 9 11 0.23317957 
501 215 8 11 0.23315084 
395 584 20 25 0.23307554 
166 109 9 11 0.23184748 
607 117 8 11 0.22990185 
566 135 7 10 0.2296578 
360 435 14 18 0.22921741 
480 79 8 10 0.22869682 
641 31 8 11 0.22817 
544 135 8 11 0.22758739 
505 269 10 12 0.22731085 
318 127 8 11 0.22479746 
174 627 14 18 0.224689 
412 417 14 17 0.22276399 
327 16 8 10 0.22253387 
531 333 14 16 0.22251748 
642 135 8 11 0.22205889 
406 412 13 18 0.21968232 
821 584 18 21 0.21914671 
833 332 10 13 0.21847335 
598 287 9 11 0.21410054 
128 150 10 15 0.21392262 
336 36 8 11 0.21337923 
593 297 10 13 0.21201599 
334 548 13 17 0.21199201 
486 673 18 22 0.21131435 
665 148 9 11 0.20993957 
337 380 10 13 0.20889866 
318 389 14 17 0.20581192 
239 9 7 8 0.20580377 
369 95 7 9 0.20564608 
508 254 9 11 0.20510711 
620 356 12 16 0.20378621 
753 375 10 13 0.20280376 
821 162 10 13 0.20256203 
398 128 7 9 0.20193437 
246 112 10 11 0.2012588 
749 0 12 12 0.20033428 
894 133 9 10 0.20028338 
126 81 8 11 0.1999477 
346 53 8 10 0.19842619 
613 140 9 12 0.19290042 
240 172 10 13 0.19193164 
209 16 8 10 0.19182341 
940 330 15 18 0.19175208 
224 175 9 11 0.19148414 
304 123 9 12 0.19061555 
117 191 10 13 0.19040698 
520 285 10 13 0.18925633 
713 233 8 10 0.18878415 
473 135 7 9 0.18867649 
509 283 9 12 0.18842442 
222 103 12 15 0.18760747 
217 352 10 12 0.18399811 
143 128 9 11 0.18390633 
419 146 11 14 0.18376504 
505 263 8 11 0.18157347 
958 552 15 21 0.1800134 
598 131 9 12 0.17955819 
132 321 13 19 0.17562023 
525 145 8 9 0.17520703 
236 413 10 14 0.17483878 
625 309 10 12 0.1746881 
866 134 9 12 0.1743309 
231 25 7 9 0.17362373 
208 234 12 15 0.1735404 
88 79 9 12 0.17287028 
713 48 7 11 0.1725066 
661 224 9 12 0.17230532 
351 207 10 14 0.17224512 
447 79 8 9 0.17200921 
263 46 7 10 0.17155544 
222 69 9 12 0.17085722 
550 135 8 11 0.17084368 
368 41 8 9 0.16921356 
511 118 7 9 0.16721086 
596 212 9 12 0.16652915 
615 28 8 11 0.1660869 
624 454 12 15 0.16547501 
461 182 9 11 0.16539758 
312 125 9 12 0.16499008 
318 94 8 10 0.16425475 
863 409 12 16 0.16423519 
271 216 10 12 0.16389842 
545 151 7 9 0.16281474 
316 227 14 16 0.16249509 
293 104 10 11 0.16219546 
287 47 8 9 0.16204348 
449 195 9 12 0.16183846 
264 116 10 13 0.1613015 
687 52 9 11 0.15896991 
763 389 11 14 0.15853848 
543 216 9 12 0.15832114 
649 68 10 12 0.15793715 
294 64 6 8 0.15759318 
409 56 7 9 0.1574507 
379 335 11 12 0.15736753 
272 173 8 11 0.15691996 
542 335 13 16 0.15673228 
586 235 10 12 0.15592928 
764 334 10 12 0.15427926 
241 155 9 12 0.15396811 
561 127 8 10 0.15379447 
553 174 8 10 0.1533276 
384 203 12 18 0.15309392 
636 250 10 13 0.15303995 
530 192 9 12 0.15250714 
223 458 12 14 0.1507832 
384 47 7 9 0.15000704 
208 170 11 13 0.1492519 
628 227 10 12 0.14904661 
581 292 10 13 0.14849244 
279 56 7 10 0.14800385 
672 1 12 12 0.14738141 
725 293 11 14 0.14720853 
568 15 7 9 0.1471811 
463 272 11 13 0.1467214 
513 87 7 9 0.14626211 
438 97 9 11 0.14618759 
240 150 9 12 0.14485294 
358 110 9 11 0.14483403 
511 143 8 10 0.14469077 
349 103 8 10 0.14454271 
638 55 8 10 0.14344263 
504 208 7 10 0.14322701 
96 119 9 12 0.14303146 
582 185 8 10 0.14198649 
167 81 8 10 0.14196032 
646 188 10 13 0.14140919 
614 101 9 11 0.14109503 
962 395 14 18 0.14096148 
509 382 11 15 0.14032638 
433 102 8 10 0.14026652 
647 441 15 18 0.14024627 
775 151 8 11 0.14019823 
521 145 7 10 0.14001131 
394 128 7 9 0.14000048 
96 594 13 18 0.1389022 
551 419 15 18 0.13874231 
702 396 11 14 0.13838492 
486 127 8 9 0.13809709 
510 348 10 13 0.13807532 
182 7 7 9 0.13778207 
601 111 8 10 0.13773952 
368 173 9 12 0.13738069 
952 668 22 27 0.136958 
471 111 8 10 0.13675328 
385 417 14 16 0.13675317 
119 595 15 19 0.13626643 
896 524 12 15 0.1361905 
289 62 8 10 0.13555342 
584 100 9 11 0.13530473 
513 113 7 9 0.13475399 
274 608 15 18 0.13438727 
686 124 9 11 0.13410412 
196 421 14 17 0.13368489 
185 230 12 15 0.1332978 
194 70 8 11 0.13261172 
148 223 13 16 0.13260649 
892 332 11 15 0.13223459 
308 396 11 13 0.13167271 
405 477 13 17 0.13163337 
701 264 9 11 0.13038515 
589 554 16 19 0.13020168 
553 83 9 11 0.13019027 
527 151 8 10 0.13007492 
224 95 8 11 0.12991872 
262 40 8 11 0.12987217 
247 37 7 9 0.12973943 
724 269 10 13 0.12891139 
367 167 9 11 0.12853359 
153 39 8 11 0.12822004 
543 141 8 10 0.12802994 
596 588 14 17 0.12754355 
800 317 10 12 0.12753204 
910 164 15 19 0.12717514 
923 642 12 15 0.12703888 
277 533 14 18 0.12652005 
717 174 9 12 0.12651534 
544 105 8 9 0.12641464 
854 148 11 13 0.12534319 
336 450 16 19 0.12443007 
271 81 7 9 0.12442896 
182 369 15 17 0.12438164 
360 93 7 10 0.1242143 
196 55 9 11 0.12383202 
534 89 8 10 0.12340152 
320 55 7 8 0.12334187 
712 53 8 11 0.123086244 
285 204 10 12 0.12262658 
495 413 13 16 0.121223174 
626 460 15 18 0.12120176 
255 142 10 12 0.12118089 
607 399 13 15 0.12036334 
602 195 9 12 0.12035032 
669 151 8 11 0.120022506 
304 56 7 9 0.11993348 
656 269 10 13 0.1194695 
607 283 11 14 0.11927184 
678 390 11 15 0.118868634 
273 60 8 10 0.11859064 
383 118 8 10 0.11844096 
169 31 7 9 0.11757273 
305 424 15 18 0.11754806 
407 72 7 8 0.11709756 
397 212 12 14 0.116742246 
210 587 14 17 0.11657163 
368 45 8 10 0.11649896 
762 576 15 20 0.11646837 
692 155 10 13 0.11644367 
218 64 8 10 0.11493293 
255 63 8 10 0.11478673 
230 228 12 14 0.11464203 
258 39 8 10 0.11426798 
551 153 8 10 0.11400944 
707 346 13 15 0.11393704 
530 94 7 9 0.11390796 
656 161 9 11 0.1137211 
464 592 20 25 0.113463365 
249 22 7 9 0.11344853 
424 31 7 9 0.11319905 
440 436 12 17 0.113183565 
182 48 8 10 0.113039576 
698 29 9 10 0.112530746 
738 72 9 11 0.112494126 
904 356 13 18 0.11217694 
154 80 8 10 0.111974195 
881 531 15 18 0.111853056 
1008 185 12 15 0.11170416 
264 462 12 16 0.11110871 
526 285 10 14 0.11086349 
1002 563 18 21 0.11073636 
349 49 8 11 0.11053104 
690 308 10 12 0.11040646 
645 33 9 11 0.11038786 
208 38 8 9 0.11031427 
263 54 7 9 0.10984145 
440 42 7 9 0.109787926 
443 252 11 13 0.1093864 
380 143 9 12 0.109233655 
502 136 8 10 0.109201506 
296 93 9 11 0.10910067 
100 126 9 12 0.109084666 
546 115 8 11 0.10874182 
480 95 7 9 0.10854519 
486 72 8 9 0.10846123 
18 576 16 20 0.108383715 
376 118 9 11 0.10769761 
160 156 11 13 0.10741956 
649 85 9 11 0.107404284 
497 110 7 9 0.10740181 
596 302 12 15 0.10736689 
623 315 12 15 0.10733843 
320 33 6 9 0.10700775 
601 30 8 10 0.10669241 
456 163 10 11 0.1066501 
439 63 7 9 0.10646829 
480 86 7 9 0.1060474 
444 185 9 10 0.106000654 
589 134 9 12 0.105894856 
478 475 12 16 0.10556679 
413 195 9 12 0.10553539 
893 338 11 15 0.105293736 
344 112 9 10 0.1048558 
404 371 11 15 0.10483771 
561 134 8 10 0.10473328 
287 139 10 12 0.10447545 
182 23 8 10 0.10430264 
705 84 8 11 0.103631146 
576 502 14 19 0.10312036 
634 424 14 17 0.10299684 
159 41 8 9 0.10280207 
311 120 9 11 0.10138143 
566 127 8 9 0.101378545 
370 512 14 18 0.10126042 
279 61 8 10 0.10105305 
130 127 10 13 0.10095758 
759 520 14 20 0.100816354 
481 244 9 11 0.10063323 
183 186 12 15 0.100394525 
413 666 23 28 0.100023605 
757 380 12 15 0.09951624 
583 361 12 16 0.099360876 
211 436 14 18 0.09930194 
797 377 8 11 0.098708294 
402 159 11 13 0.09808751 
465 426 14 17 0.09804128 
142 79 8 10 0.0979419 
632 45 9 11 0.097523466 
272 39 8 10 0.09685647 
180 384 15 18 0.09682603 
505 277 11 15 0.09677084 
177 78 8 10 0.09674595 
730 314 11 14 0.096645825 
614 381 12 14 0.09630437 
351 95 7 10 0.096104786 
795 385 13 16 0.09608819 
696 118 9 11 0.09600188 
466 47 7 9 0.095947824 
575 292 10 14 0.0957493 
389 469 13 17 0.09572004 
399 366 13 16 0.09559489 
311 61 7 9 0.09546444 
974 521 13 16 0.0952258 
516 317 10 13 0.095212795 
393 16 7 9 0.0948874 
661 93 9 11 0.09473706 
716 233 10 11 0.094569944 
178 48 8 9 0.09441689 
589 142 8 10 0.09426159 
416 425 12 16 0.09420761 
135 203 12 16 0.09410066 
270 191 11 14 0.09407758 
234 52 8 11 0.094060756 
639 158 8 11 0.09404276 
286 23 9 10 0.09401462 
407 330 14 16 0.09383756 
725 261 10 13 0.09336757 
504 94 7 9 0.093225196 
223 150 10 13 0.09319595 
252 205 10 13 0.093117274 
404 213 9 12 0.09240052 
182 39 7 9 0.092312165 
981 328 20 24 0.09220992 
769 413 11 15 0.09183155 
606 112 9 11 0.09150274 
473 97 7 10 0.091414884 
724 275 11 13 0.09073775 
569 21 9 10 0.0904633 
151 133 8 10 0.090249866 
750 88 8 11 0.0901675 
234 8 7 9 0.09015457 
890 133 9 11 0.0901263 
177 38 8 9 0.09000871 
470 47 7 9 0.08990767 
543 437 13 16 0.08971789 
555 573 14 18 0.08955322 
679 139 10 12 0.089317255 
494 246 9 11 0.08891685 
494 149 9 10 0.08891298 
213 75 10 12 0.088836655 
465 71 6 8 0.08860574 
559 111 7 9 0.08839494 
86 646 24 28 0.08817381 
338 7 6 8 0.08800774 
277 175 9 11 0.08800462 
213 15 9 11 0.08796054 
175 119 9 11 0.08793943 
660 183 9 12 0.08789666 
478 355 12 16 0.08766695 
276 88 9 11 0.0876263 
192 426 12 15 0.08724891 
752 208 9 12 0.087140776 
122 84 9 10 0.086765766 
367 120 8 11 0.08670018 
590 24 7 10 0.086620666 
765 71 9 11 0.08614852 
263 520 14 18 0.08592787 
473 592 17 21 0.08580918 
548 334 12 14 0.0857941 
464 31 7 9 0.08565369 
313 80 8 10 0.08559496 
168 105 10 12 0.085411415 
311 350 9 11 0.08539175 
198 47 8 10 0.08534648 
120 399 13 15 0.08514933 
695 641 18 22 0.08506382 
228 103 11 14 0.085044496 
158 134 8 10 0.08492053 
249 17 7 9 0.084881335 
645 286 10 13 0.08480672 
720 48 8 10 0.08475687 
551 300 10 13 0.084551014 
397 149 9 11 0.084536694 
281 47 7 9 0.08447431 
505 191 7 11 0.08422907 
613 240 10 12 0.0839418 
205 359 9 13 0.083896115 
281 141 9 12 0.08366562 
473 64 8 9 0.08308112 
406 17 7 9 0.08305437 
526 248 8 10 0.08278415 
869 108 12 15 0.082666196 
432 84 8 10 0.08218065 
529 339 11 13 0.08208922 
488 53 7 9 0.08208855 
606 184 8 11 0.08197803 
371 167 12 14 0.08190374 
245 75 9 12 0.08178893 
553 256 9 11 0.081420206 
658 300 12 16 0.0813116 
241 31 7 9 0.08086251 
742 458 13 16 0.08070532 
725 103 9 12 0.080572926 
208 75 9 12 0.08046356 
263 72 7 9 0.0800974 
160 61 8 11 0.079999834 
613 401 12 15 0.07993597 
431 208 8 10 0.07980122 
536 255 9 11 0.07978814 
497 85 9 10 0.07943853 
694 192 8 10 0.07918092 
101 247 14 18 0.07913874 
360 7 7 8 0.07893318 
366 133 8 11 0.07883869 
577 127 7 9 0.078640394 
312 33 7 8 0.078584254 
192 49 9 10 0.078492865 
397 388 11 15 0.07848813 
279 203 11 13 0.07823506 
168 62 8 11 0.07822592 
341 365 11 15 0.07816907 
610 166 8 10 0.07815305 
276 166 10 12 0.07807277 
208 47 8 9 0.078054264 
360 167 8 11 0.07795704 
831 315 9 11 0.077918395 
543 277 9 12 0.0778022 
643 562 22 28 0.07747773 
70 213 11 14 0.07739145 
415 70 7 9 0.0773008 
688 119 9 12 0.077006005 
567 160 7 10 0.07678663 
852 425 14 18 0.0767782 
654 86 9 12 0.07674462 
670 457 12 17 0.07652159 
214 38 7 9 0.07647498 
577 184 8 10 0.076351546 
222 7 7 9 0.07634784 
376 46 7 9 0.07634637 
733 47 9 12 0.07629177 
312 16 7 9 0.076253906 
375 87 8 9 0.07609636 
292 349 10 12 0.07606456 
705 302 12 15 0.07602224 
305 351 8 11 0.07593199 
434 229 10 13 0.07592988 
385 166 9 12 0.07582121 
131 470 16 20 0.07568018 
584 88 8 11 0.075528435 
608 63 8 10 0.07533883 
293 345 8 10 0.07526502 
486 48 8 10 0.07525025 
625 62 8 11 0.07504724 
140 176 12 14 0.074945144 
288 113 11 13 0.07490154 
406 567 15 17 0.0747108 
423 24 7 9 0.07468075 
280 39 7 10 0.07460052 
351 110 9 11 0.074585326 
661 235 10 12 0.07455956 
974 352 14 16 0.07444491 
342 360 9 12 0.07443752 
175 54 8 11 0.07407381 
282 24 7 9 0.073771745 
351 131 9 12 0.07368735 
244 167 11 14 0.07349423 
242 38 7 9 0.073483795 
322 15 8 10 0.07328026 
575 248 10 13 0.07323945 
415 80 7 9 0.07318933 
503 124 7 9 0.0729297 
591 284 10 13 0.07291524 
573 421 12 15 0.07288401 
236 135 9 13 0.07283511 
691 418 12 17 0.07278518 
497 137 8 9 0.07268415 
168 141 11 14 0.07258106 
858 665 13 18 0.07244538 
679 53 9 11 0.07241551 
286 40 7 9 0.072090864 
690 394 13 15 0.0720472 
96 143 9 12 0.07192491 
583 206 8 11 0.07187162 
134 210 12 15 0.071686074 
464 24 7 9 0.07163241 
764 380 12 15 0.07159279 
729 126 8 10 0.07153555 
701 120 9 12 0.07151986 
258 47 7 9 0.07146332 
702 208 8 10 0.07140633 
649 272 9 12 0.07109782 
353 7 7 8 0.07083608 
473 148 9 12 0.07078394 
153 116 9 10 0.07033572 
697 131 10 13 0.0703147 
432 62 7 9 0.07028244 
537 135 8 10 0.07027401 
238 122 11 13 0.070166744 
908 349 10 14 0.07011683 
141 116 9 11 0.07010138 
641 16 8 10 0.07006223 
265 8 7 9 0.06994258 
438 236 9 12 0.06990348 
110 378 17 21 0.06989939 
671 63 8 9 0.069866665 
179 393 15 19 0.069794044 
657 55 9 10 0.06966984 
188 94 10 12 0.06953925 
350 171 9 11 0.06948811 
488 149 9 11 0.069479644 
908 154 16 20 0.06946488 
295 88 9 11 0.069458 
143 48 7 10 0.069387786 
712 286 9 13 0.0693154 
1011 599 13 19 0.069314815 
532 346 13 15 0.068987444 
359 118 8 10 0.06891823 
374 96 7 9 0.06888995 
635 412 15 18 0.06887429 
191 150 11 14 0.06877401 
519 48 7 9 0.068733156 
570 585 15 17 0.06872084 
529 89 7 10 0.06864644 
537 261 9 11 0.06862781 
381 104 8 10 0.06857921 
342 33 7 9 0.068552054 
361 351 10 13 0.06834356 
669 268 11 15 0.06828748 
661 87 9 10 0.06819482 
257 54 7 9 0.068173155 
188 367 12 15 0.06814287 
1015 329 10 16 0.06813346 
707 102 9 11 0.06807976 
660 313 12 16 0.06797763 
602 116 8 11 0.06739728 
562 525 16 20 0.06738655 
583 223 10 11 0.06706376 
216 398 10 14 0.06704929 
614 63 9 11 0.066902906 
172 108 9 11 0.06688398 
422 136 9 11 0.066780634 
573 261 10 12 0.06673266 
436 370 13 17 0.066678606 
678 37 9 11 0.06666863 
169 56 8 10 0.06655461 
408 86 8 9 0.06650001 
288 85 8 11 0.06635776 
411 326 13 16 0.06630521 
246 52 8 11 0.06628502 
510 355 11 14 0.066233456 
813 446 16 20 0.06622061 
318 79 7 10 0.066190176 
448 468 18 23 0.06597506 
583 129 7 9 0.06585359 
165 8 7 9 0.065560825 
624 79 8 11 0.06549747 
656 79 9 10 0.065487206 
167 14 7 9 0.06544647 
562 141 8 10 0.065425284 
669 531 14 18 0.06535267 
694 223 8 11 0.06534836 
303 40 7 8 0.065316744 
508 373 12 14 0.065246925 
249 133 10 13 0.065115646 
701 238 8 12 0.06499637 
646 230 9 12 0.06492329 
210 639 16 20 0.06482273 
629 80 9 10 0.064809665 
305 60 8 10 0.06470521 
724 286 10 13 0.064700656 
236 388 10 13 0.06454031 
376 339 12 14 0.06423063 
684 215 8 10 0.06419115 
146 54 7 10 0.0641895 
254 103 9 11 0.06414362 
262 1 7 7 0.06412549 
599 103 8 10 0.06410664 
631 308 11 14 0.06403249 
611 150 10 12 0.06395187 
979 455 14 18 0.06386963 
481 72 8 10 0.06367106 
447 73 7 9 0.06361946 
196 412 14 16 0.06352723 
653 63 9 11 0.0633342 
674 442 15 18 0.06331552 
328 143 10 12 0.063312314 
525 253 9 12 0.06322938 
935 403 16 21 0.06322495 
545 617 16 21 0.06317372 
116 298 12 15 0.06291697 
569 119 7 10 0.06287864 
573 173 9 11 0.0628396 
686 246 9 12 0.062819675 
83 443 13 16 0.062776834 
312 88 9 11 0.06272021 
449 55 6 8 0.06271125 
645 22 8 9 0.062603906 
446 403 15 17 0.0625252 
227 238 16 19 0.062486693 
244 233 15 18 0.062481552 
607 30 8 10 0.06247606 
193 2 6 7 0.062446486 
894 426 13 17 0.062311165 
102 132 9 11 0.06229571 
495 175 8 10 0.062162586 
679 468 13 16 0.0621416 
376 17 6 9 0.06205073 
819 431 12 16 0.062007844 
527 435 12 15 0.061937824 
288 157 9 12 0.061920572 
264 79 8 10 0.061876986 
622 167 8 10 0.061669294 
416 48 8 9 0.061648466 
221 64 9 11 0.061636783 
433 366 12 16 0.06163482 
213 23 7 9 0.061400417 
200 8 6 8 0.061231565 
519 245 9 11 0.061205145 
303 16 7 9 0.061084263 
433 96 9 11 0.06098628 
503 317 11 14 0.060956478 
263 220 11 14 0.060915444 
642 36 9 12 0.060879383 
693 47 8 11 0.060674094 
679 72 9 11 0.06063224 
503 72 8 10 0.060592767 
448 47 7 9 0.060497697 
885 334 14 19 0.06047606 
661 79 8 10 0.060412817 
724 69 9 11 0.060364276 
325 172 11 13 0.06030382 
384 88 7 9 0.06029452 
982 564 15 20 0.060278405 
216 191 9 13 0.060267065 
623 303 11 13 0.06019656 
718 210 9 11 0.060196266 
482 549 18 26 0.060187865 
341 507 13 18 0.060161885 
164 166 12 15 0.060160805 
552 346 11 16 0.060054716 
737 136 9 12 0.06002531 
746 364 12 14 0.059956923 
265 14 7 9 0.059908465 
336 87 8 9 0.059828725 
448 86 8 10 0.059748974 
336 79 9 10 0.059652932 
410 62 7 9 0.05963836 
805 494 13 16 0.059556857 
659 347 11 16 0.059519652 
557 565 14 17 0.059286345 
502 643 21 25 0.059225414 
784 137 9 12 0.05907496 
613 120 9 11 0.05894873 
535 165 9 11 0.05891634 
477 331 11 14 0.05890244 
558 255 9 11 0.05880663 
243 625 15 20 0.058755174 
697 23 9 11 0.058745727 
593 128 8 11 0.058736283 
582 280 10 13 0.05870563 
458 31 6 8 0.058694355 
161 126 9 12 0.058670968 
319 157 10 13 0.058645494 
376 78 8 9 0.058628056 
375 22 6 9 0.058619402 
727 298 12 14 0.058590904 
188 378 12 16 0.05857768 
608 135 10 12 0.0585603 
908 148 15 17 0.058421127 
518 222 9 11 0.058390196 
425 70 7 9 0.058356375 
989 379 11 15 0.058298875 
597 372 13 18 0.05828628 
401 76 7 10 0.058177512 
721 65 8 10 0.05817155 
719 288 10 12 0.05814745 
424 64 7 9 0.058122847 
559 104 8 10 0.058038957 
726 255 11 13 0.05802131 
518 401 14 17 0.057998925 
253 436 14 17 0.057961617 
275 220 14 17 0.057743184 
302 367 9 11 0.057659686 
511 232 9 11 0.057633623 
519 129 7 8 0.05760203 
800 397 14 17 0.057557363 
296 22 8 9 0.05750444 
909 409 16 18 0.057463657 
596 168 10 12 0.057395786 
493 194 10 12 0.05736177 
456 55 6 9 0.057296388 
578 214 9 10 0.057273168 
512 64 7 9 0.057264104 
624 7 9 10 0.0572601 
447 265 11 13 0.057162944 
486 102 7 9 0.05716058 
345 211 13 16 0.056955073 
818 129 15 17 0.056928135 
615 220 11 13 0.056911256 
335 16 7 9 0.056741673 
203 440 16 20 0.05667288 
217 140 9 11 0.056568984 
510 310 12 14 0.056551494 
227 460 13 15 0.056506034 
686 134 9 12 0.056276467 
343 77 9 11 0.056239784 
645 213 9 11 0.056183375 
883 539 15 18 0.05618148 
94 133 10 13 0.056177504 
560 459 14 18 0.056120593 
553 182 9 11 0.056070976 
70 172 11 16 0.05592893 
537 450 15 18 0.05580963 
737 191 8 10 0.05559396 
598 94 9 11 0.055523563 
563 574 14 18 0.055486992 
225 41 7 8 0.055484693 
106 317 17 22 0.055454493 
728 1 10 9 0.055435702 
601 244 11 13 0.055377003 
850 413 15 18 0.055254433 
182 31 8 10 0.055241626 
656 233 11 13 0.055141434 
1011 301 11 17 0.055122096 
712 388 10 13 0.05491551 
542 168 8 10 0.05484166 
421 405 12 16 0.054817602 
812 570 20 23 0.054760963 
393 131 9 12 0.054667003 
293 140 9 11 0.054567534 
109 173 9 12 0.054534674 
703 213 8 11 0.054516893 
398 48 6 8 0.054507095 
527 347 12 14 0.054504346 
88 134 11 15 0.054355692 
55 525 12 16 0.05429879 
688 164 10 12 0.0542665 
919 531 24 26 0.05409376 
805 391 12 15 0.05377261 
432 57 7 8 0.05376099 
806 317 9 12 0.053732038 
220 204 12 15 0.053718578 
621 411 15 20 0.053521905 
354 658 17 21 0.053455442 
433 235 10 13 0.05341789 
758 427 11 15 0.05337945 
116 103 9 12 0.05293843 
284 151 10 13 0.052931223 
536 221 9 12 0.052919146 
313 132 10 12 0.05290082 
122 197 13 16 0.052897677 
656 254 10 12 0.052839525 
472 129 8 9 0.052815955 
535 236 9 11 0.05281591 
648 78 8 11 0.052798185 
235 229 14 16 0.052774273 
465 262 11 14 0.052762594 
260 437 13 16 0.052743923 
287 56 8 9 0.052643944 
349 71 9 11 0.05250502 
512 147 8 11 0.052457433 
319 62 8 9 0.052441858 
149 95 10 11 0.052434918 
644 410 13 16 0.052415103 
159 165 12 14 0.052396134 
761 102 12 14 0.05231157 
581 248 10 13 0.05229285 
231 417 14 17 0.052263178 
517 87 8 9 0.052255295 
706 62 7 10 0.052229274 
590 244 10 12 0.052223377 
687 72 8 10 0.052223362 
498 126 8 9 0.05212851 
854 545 11 16 0.05210596 
696 37 10 12 0.052047726 
173 61 9 11 0.05193273 
663 20 7 10 0.051889837 
513 80 7 9 0.051886782 
239 186 11 13 0.05187955 
176 33 7 9 0.051783454 
398 144 9 11 0.051775835 
590 225 10 12 0.051719427 
652 325 11 14 0.05168878 
544 285 9 13 0.051670823 
458 63 7 8 0.051635552 
778 674 17 20 0.051616173 
642 129 8 10 0.051550742 
662 157 9 12 0.051544268 
84 657 16 21 0.051508423 
481 265 17 21 0.051495828 
470 117 8 10 0.05148812 
1000 395 12 16 0.051482107 
220 366 11 15 0.05146505 
620 403 13 17 0.05141613 
622 364 14 18 0.051350214 
498 420 15 17 0.05130031 
990 455 15 20 0.051268566 
77 173 10 14 0.051254537 
638 46 8 10 0.051243033 
376 108 9 11 0.051225375 
838 386 11 15 0.05117351 
955 659 17 21 0.05108701 
262 491 11 15 0.051079165 
846 179 12 15 0.050891012 
446 266 17 22 0.050862 
696 110 8 11 0.05080323 
317 119 10 12 0.05077375 
318 112 8 10 0.05076141 
695 79 9 11 0.050713602 
211 221 14 16 0.050687272 
998 339 14 17 0.05066816 
561 120 7 9 0.05062357 
623 252 10 12 0.05060891 
558 388 12 15 0.050537657 
701 413 11 16 0.050444115 
346 96 8 10 0.05039355 
463 209 9 11 0.050353542 
674 451 13 18 0.05028606 
219 402 13 16 0.05020786 
642 106 10 14 0.050171215 
148 101 9 11 0.050066836 
311 57 7 8 0.050022744 
566 246 9 11 0.04998751 
191 184 13 16 0.049934022 
406 183 10 13 0.049909234 
367 109 8 11 0.049781576 
713 151 8 10 0.049774863 
711 269 10 13 0.049767673 
367 382 10 14 0.04975615 
211 33 7 9 0.049693625 
744 214 7 10 0.049661797 
553 169 7 10 0.04964872 
292 221 11 14 0.04962553 
113 212 14 18 0.049592752 
168 278 12 17 0.04946525 
150 129 8 10 0.04941483 
167 361 10 15 0.049301695 
427 78 8 10 0.049260914 
656 16 8 10 0.049189888 
361 172 9 11 0.049165685 
248 65 8 10 0.04914977 
255 32 7 9 0.049072333 
545 292 8 11 0.04901101 
623 199 9 11 0.048880983 
465 394 12 15 0.048676517 
157 142 11 13 0.04861368 
400 104 9 11 0.048598938 
176 86 8 11 0.048584487 
629 175 8 10 0.04857309 
662 245 10 13 0.04856028 
56 452 12 16 0.04851517 
540 197 9 12 0.04846963 
198 166 9 11 0.048403136 
740 336 12 15 0.048322868 
775 325 12 14 0.048319194 
702 600 22 28 0.04829234 
173 103 9 12 0.048278306 
395 32 7 10 0.048253827 
479 134 8 10 0.04823727 
381 135 9 11 0.04819409 
552 238 8 11 0.048079852 
702 252 8 11 0.048044696 
239 13 7 9 0.047982212 
498 120 8 10 0.047968335 
369 102 8 11 0.04794225 
335 344 9 10 0.047889195 
341 37 7 10 0.04788421 
361 40 7 8 0.04786887 
377 7 7 8 0.047847528 
309 336 8 10 0.04780626 
391 343 11 12 0.047777116 
449 320 11 14 0.04769286 
639 238 9 11 0.047637373 
457 25 6 8 0.047598604 
527 174 8 11 0.04758093 
504 141 8 11 0.04752172 
509 191 8 11 0.04744938 
342 17 7 8 0.047439057 
536 173 8 11 0.047393695 
494 62 8 10 0.047372628 
747 357 12 14 0.047205187 
669 143 9 12 0.04720365 
621 131 8 11 0.047163334 
231 78 8 10 0.047114532 
568 165 9 12 0.047001336 
637 303 13 17 0.046959788 
778 360 12 16 0.04692674 
281 30 7 9 0.0468484 
661 256 9 12 0.046814073 
694 3 11 11 0.04679896 
736 126 8 10 0.04674565 
482 587 13 17 0.046635557 
415 55 7 9 0.046596587 
277 111 9 12 0.04659106 
375 288 11 15 0.046584215 
639 290 12 14 0.046515666 
238 24 7 9 0.04650057 
259 87 7 10 0.046493288 
729 477 16 20 0.046329096 
656 47 7 10 0.04630079 
215 458 12 16 0.046250265 
371 22 7 9 0.04622132 
317 349 9 11 0.04604135 
465 78 7 9 0.045998614 
420 387 15 18 0.04596 
721 262 9 12 0.04593494 
143 87 8 9 0.045905422 
576 7 10 11 0.045834806 
455 89 8 10 0.04583058 
432 16 7 8 0.045828935 
417 6 8 9 0.045800664 
227 26 7 8 0.04580065 
187 384 14 18 0.045763254 
236 235 16 18 0.045749575 
166 69 8 11 0.04572163 
255 17 7 8 0.045571763 
559 166 8 11 0.045551762 
245 151 9 11 0.045542665 
690 382 12 16 0.045512002 
525 30 8 10 0.045504287 
686 207 8 10 0.04544612 
233 13 7 9 0.045439538 
733 302 11 14 0.04543573 
392 143 9 12 0.045413688 
374 41 7 9 0.045391295 
432 31 6 8 0.045388054 
327 49 6 9 0.045372237 
835 548 13 18 0.04516912 
270 9 7 9 0.04505778 
333 386 12 14 0.045052037 
642 184 9 11 0.044982497 
575 69 8 10 0.04497043 
598 551 20 25 0.044917084 
868 163 10 13 0.04481827 
377 326 9 12 0.044814587 
418 23 7 9 0.044750918 
558 151 8 10 0.04474513 
504 310 10 13 0.044721227 
13 570 16 19 0.044706143 
152 551 24 27 0.044672504 
214 47 7 9 0.04465104 
714 301 12 16 0.044633307 
158 57 8 10 0.044584814 
894 308 14 16 0.044559047 
327 119 9 11 0.044550363 
322 7 7 8 0.044534694 
697 214 8 11 0.044534024 
207 659 16 20 0.04451947 
323 220 11 13 0.04448666 
385 24 7 9 0.044440262 
687 195 9 11 0.044380724 
455 670 19 26 0.04434857 
128 175 12 15 0.044298045 
365 585 12 14 0.044252258 
698 418 12 17 0.044203866 
584 200 9 12 0.044108428 
646 223 9 11 0.043924488 
571 454 13 18 0.043874323 
295 16 8 10 0.043853022 
775 332 10 13 0.043780364 
64 313 15 19 0.04377523 
445 113 9 11 0.04374317 
192 111 10 13 0.04370883 
174 128 11 13 0.043684263 
460 211 17 21 0.04367212 
504 111 7 9 0.043643884 
577 342 11 14 0.043641534 
490 64 7 9 0.043612413 
207 53 8 10 0.043556638 
432 213 8 11 0.04355059 
528 79 6 8 0.043534473 
516 323 11 15 0.043500435 
468 461 12 15 0.04344706 
629 214 10 11 0.04330587 
615 256 9 12 0.043279596 
934 334 16 20 0.04319748 
755 118 8 11 0.043178704 
365 428 14 18 0.043044537 
117 477 12 15 0.043032635 
145 23 8 10 0.04294648 
373 126 9 10 0.04294367 
463 65 7 8 0.04281809 
972 609 22 28 0.042787973 
273 32 7 9 0.042778786 
76 199 13 17 0.04275511 
363 60 8 10 0.042752925 
622 206 9 11 0.042655647 
537 103 7 9 0.04263973 
631 63 8 10 0.04262429 
398 474 14 18 0.042541932 
763 83 10 12 0.04251472 
520 161 8 11 0.04250374 
532 286 11 13 0.042496603 
434 47 7 8 0.04240845 
344 62 8 9 0.042406905 
673 71 8 11 0.042378955 
513 224 8 9 0.04237309 
717 471 16 20 0.042346608 
327 342 8 11 0.042228807 
515 166 9 10 0.042181257 
646 95 10 13 0.042165693 
656 92 9 12 0.042165134 
510 332 11 14 0.042117804 
568 223 8 10 0.042103145 
353 23 6 8 0.041990492 
744 208 9 11 0.04198839 
454 229 9 11 0.04195346 
113 252 12 16 0.04195296 
535 127 7 10 0.041918535 
133 390 12 16 0.041897435 
479 342 13 18 0.04188953 
735 357 10 13 0.0418367 
512 39 8 10 0.04183416 
447 41 8 9 0.041737437 
565 264 18 22 0.041717757 
382 172 11 13 0.04156579 
166 127 9 12 0.041546207 
584 298 11 13 0.041542947 
502 54 6 9 0.041540463 
458 117 9 11 0.041533437 
151 23 8 9 0.041527525 
758 175 7 8 0.04148995 
520 53 8 9 0.04147918 
358 442 18 22 0.04144238 
766 0 11 11 0.041415375 
542 262 8 11 0.041334257 
663 62 8 10 0.041315578 
248 104 9 11 0.04130581 
737 196 9 12 0.04130064 
672 163 9 12 0.0412814 
195 379 14 17 0.04125773 
709 85 8 11 0.04124825 
635 378 12 16 0.04120407 
980 484 12 14 0.04115483 
245 8 8 8 0.041123226 
394 116 8 10 0.041014723 
368 422 12 15 0.040953852 
171 131 17 21 0.040853832 
755 349 12 15 0.040811 
408 79 7 9 0.04080585 
982 299 10 13 0.040727388 
687 236 10 13 0.040710583 
384 41 6 8 0.040686857 
652 101 11 14 0.04066235 
634 142 9 12 0.04062001 
758 211 9 11 0.040451992 
260 229 12 14 0.04037397 
648 177 8 10 0.040332332 
434 253 8 12 0.040275175 
615 79 9 10 0.040256035 
447 247 10 12 0.04021734 
577 206 10 12 0.040198993 
382 111 8 10 0.040176757 
192 192 12 17 0.04017385 
624 246 10 13 0.04014213 
637 404 14 18 0.040114667 
863 123 12 14 0.040078588 
401 15 7 10 0.03998279 
407 32 6 9 0.039970107 
973 454 14 17 0.039957907 
848 316 9 12 0.039950956 
84 458 14 19 0.039945357 
492 356 11 15 0.039934587 
607 70 9 11 0.03990712 
269 150 9 12 0.03989795 
671 206 9 11 0.039890625 
392 53 8 9 0.039851498 
647 207 9 12 0.039795857 
774 485 12 16 0.0397799 
406 207 10 13 0.039746113 
480 118 7 9 0.03973552 
70 180 12 17 0.039710168 
255 22 6 9 0.039710004 
687 146 17 22 0.039540425 
608 101 9 12 0.039530307 
582 386 12 15 0.039475977 
398 132 8 11 0.03946621 
560 159 8 10 0.03944456 
449 95 8 10 0.039403982 
226 77 8 10 0.0393246 
510 293 11 13 0.039321296 
479 56 7 9 0.039309286 
345 171 10 12 0.03925339 
511 70 7 10 0.039201684 
357 413 10 13 0.039161738 
313 111 8 10 0.039119117 
481 128 7 10 0.03907693 
880 388 16 20 0.039037917 
765 301 10 12 0.039022785 
894 345 11 15 0.039001476 
431 179 10 13 0.038990576 
246 125 10 12 0.03893248 
638 61 9 12 0.038924113 
295 152 10 13 0.038857933 
455 204 8 11 0.038814135 
286 221 12 15 0.038803037 
457 110 8 11 0.038794257 
689 60 9 11 0.038763765 
607 252 10 12 0.038699213 
532 430 11 14 0.038649503 
572 436 12 16 0.038603663 
702 525 15 19 0.038602788 
846 359 10 14 0.03858267 
352 414 10 13 0.038533956 
382 301 11 14 0.0385214 
503 24 6 9 0.038496435 
367 159 10 13 0.03848498 
382 125 9 11 0.038484477 
606 172 9 12 0.038461003 
808 312 9 11 0.03845978 
671 21 8 10 0.03845175 
497 55 8 9 0.038449846 
589 99 9 12 0.03843719 
95 654 20 23 0.038398094 
1015 417 10 15 0.038389795 
485 303 11 14 0.038388737 
551 246 9 11 0.03838415 
217 112 11 14 0.038340885 
559 295 11 14 0.038297113 
398 436 11 16 0.038255412 
677 159 9 11 0.038232617 
566 0 9 10 0.038189255 
993 323 22 28 0.038187727 
69 532 13 16 0.03818158 
577 142 9 11 0.038158003 
764 294 11 14 0.038105845 
557 175 8 10 0.038098224 
545 530 21 26 0.03806693 
225 31 7 8 0.038017284 
428 356 12 15 0.037988555 
371 428 14 16 0.03798555 
409 50 6 8 0.03791282 
280 405 10 15 0.037885614 
714 71 8 10 0.037883267 
657 20 8 10 0.037808098 
561 246 9 11 0.03780288 
511 93 8 10 0.037778825 
265 23 6 8 0.037772834 
566 239 9 11 0.03776086 
558 182 8 10 0.037722535 
512 127 7 8 0.037673626 
972 623 21 27 0.03764142 
631 240 9 11 0.03751309 
542 270 9 12 0.037511792 
68 496 14 18 0.037511177 
495 254 8 12 0.037494596 
196 156 11 14 0.03748519 
824 316 9 11 0.037391175 
333 665 15 20 0.037375405 
539 604 15 21 0.037369568 
638 387 11 14 0.037283313 
884 148 12 16 0.037248436 
672 31 9 11 0.03723375 
776 303 10 12 0.03723089 
737 395 12 15 0.037225995 
158 90 10 12 0.0371886 
307 493 15 19 0.037122075 
201 15 8 9 0.03711432 
805 409 13 17 0.037113715 
409 142 9 12 0.037111297 
565 616 14 17 0.03709949 
687 294 11 14 0.03702429 
751 435 12 15 0.036957048 
682 183 8 10 0.036922153 
316 143 10 12 0.036846317 
459 317 12 15 0.0367631 
335 109 9 11 0.03675464 
397 380 13 16 0.03672792 
474 55 7 9 0.036717486 
450 101 7 10 0.03668847 
29 227 14 17 0.03667152 
541 347 12 15 0.036640268 
262 472 14 18 0.036632005 
149 181 10 14 0.036613077 
167 39 7 9 0.036600165 
319 343 10 12 0.03648946 
967 340 11 15 0.03648855 
589 371 13 17 0.036329918 
813 317 10 12 0.036328007 
567 8 8 11 0.036325134 
486 96 7 10 0.03632141 
860 107 22 26 0.03629298 
334 350 9 11 0.03628091 
503 29 7 10 0.036274575 
440 23 7 9 0.036213897 
490 165 8 11 0.03621166 
768 175 8 9 0.03617815 
816 92 9 11 0.036163088 
447 5 7 9 0.036139823 
205 239 17 21 0.03597104 
355 642 22 27 0.03593061 
578 105 8 9 0.035910614 
337 56 6 8 0.035881024 
642 21 7 10 0.035862707 
504 323 9 13 0.035800368 
361 135 9 11 0.03578406 
278 213 11 14 0.03577971 
257 146 10 13 0.035727654 
507 661 15 18 0.035711985 
674 54 8 11 0.03568034 
198 128 10 12 0.03564885 
478 191 8 11 0.035604544 
408 135 8 10 0.035585955 
893 356 13 17 0.035561975 
486 134 8 10 0.03553508 
255 109 8 12 0.03551162 
441 15 6 9 0.035473503 
449 204 9 12 0.035455905 
350 152 9 11 0.035442926 
862 138 10 14 0.035431404 
359 3 7 7 0.035411373 
723 350 11 14 0.03538926 
453 275 12 14 0.03538814 
178 159 11 14 0.03537876 
242 554 14 18 0.035374086 
343 86 8 10 0.03533447 
230 406 13 17 0.035296123 
337 2 8 7 0.035290647 
183 53 8 10 0.035281975 
379 374 13 14 0.03524062 
400 96 9 10 0.035206098 
404 437 11 14 0.035198517 
401 189 11 14 0.035170533 
537 62 7 9 0.03515117 
433 288 10 13 0.035147592 
564 79 8 11 0.03512252 
645 196 10 11 0.035121646 
237 460 14 16 0.035036188 
575 317 11 14 0.035026662 
158 24 7 9 0.034973282 
456 409 14 19 0.034937873 
774 62 8 9 0.034911435 
497 105 8 10 0.034884818 
574 168 9 11 0.034861118 
84 182 11 14 0.03484349 
229 175 10 13 0.03482506 
565 426 14 19 0.034778595 
560 196 11 13 0.03475249 
248 200 9 12 0.034710236 
329 108 9 11 0.034691907 
448 239 8 11 0.034648355 
297 55 7 10 0.034615714 
711 158 8 11 0.03459203 
580 318 11 14 0.034587014 
105 93 8 10 0.034579713 
767 340 10 12 0.03457913 
550 95 9 10 0.03452332 
631 109 9 12 0.034515776 
348 374 12 15 0.03444508 
576 221 9 12 0.03443091 
710 60 9 11 0.03439988 
289 16 7 9 0.034362484 
404 389 10 14 0.03435901 
549 103 9 11 0.034313735 
406 336 13 16 0.034307968 
766 64 9 10 0.034306686 
211 653 20 24 0.03430491 
431 110 8 10 0.03429846 
686 317 13 16 0.03429589 
441 70 8 10 0.03421058 
370 79 9 10 0.034179542 
300 234 14 16 0.034160532 
199 24 8 9 0.034148008 
517 310 10 13 0.034120794 
415 64 8 9 0.03410967 
397 544 14 17 0.034097467 
138 64 9 11 0.034089014 
615 96 10 12 0.034079015 
732 1 11 10 0.034043524 
899 341 12 15 0.03394855 
839 413 14 20 0.033914384 
486 6 7 8 0.03391035 
560 231 8 10 0.033833075 
701 293 12 14 0.033813253 
271 408 12 15 0.033735022 
55 227 11 15 0.03367991 
136 79 7 10 0.0336698 
412 158 10 12 0.03366528 
696 164 9 11 0.033628177 
236 406 13 16 0.033600874 
381 423 15 17 0.03359054 
343 114 18 23 0.03358251 
723 244 12 14 0.033564113 
796 533 15 18 0.033530675 
580 134 19 25 0.033528533 
353 3 7 8 0.033485983 
546 96 8 9 0.033461884 
788 147 8 12 0.03341242 
689 4 9 11 0.0333832 
634 195 9 12 0.03336989 
498 94 8 9 0.033337917 
396 443 11 14 0.033303924 
261 341 11 13 0.033300087 
465 194 10 13 0.033291895 
717 251 12 14 0.033255715 
145 16 7 8 0.033252273 
192 7 7 9 0.033188738 
287 104 18 22 0.03318151 
255 407 16 23 0.033176154 
658 550 14 21 0.03311537 
322 50 7 8 0.033113644 
623 238 9 12 0.033098962 
665 201 8 10 0.03308886 
656 143 8 11 0.033081535 
332 158 10 13 0.03308093 
194 75 9 12 0.03307522 
199 37 8 10 0.033075135 
112 202 14 16 0.033024248 
585 80 8 10 0.033013474 
287 633 13 17 0.032991745 
320 37 7 8 0.032932032 
473 408 13 18 0.03288915 
493 605 11 15 0.032878052 
272 157 9 12 0.032801047 
888 127 9 12 0.03272515 
191 156 11 14 0.032651827 
286 30 8 10 0.03264117 
206 110 9 11 0.03262177 
237 211 12 14 0.03258303 
368 89 8 10 0.032573383 
595 308 11 15 0.032537002 
482 6 8 10 0.032485552 
954 311 14 18 0.032476444 
477 62 8 10 0.032450356 
359 31 6 9 0.032370593 
413 406 13 17 0.032316275 
614 70 10 11 0.03230481 
367 140 9 12 0.032296162 
727 199 8 10 0.032254186 
61 227 10 14 0.032241657 
644 140 11 13 0.032241635 
438 215 8 11 0.032231368 
559 239 9 11 0.032201175 
215 55 8 9 0.032169327 
258 1 7 7 0.032165453 
519 280 9 13 0.03216462 
306 31 6 9 0.032160055 
525 361 14 17 0.032159984 
769 350 11 14 0.032150604 
522 207 8 10 0.032127075 
608 207 19 22 0.03211303 
167 47 7 9 0.03211054 
256 69 8 11 0.032097653 
640 231 10 12 0.03209453 
403 218 12 14 0.03207371 
197 149 11 14 0.032054458 
739 474 13 18 0.03205089 
487 120 7 10 0.032017983 
567 148 9 11 0.031962574 
279 103 8 10 0.031948686 
328 69 8 10 0.031934828 
361 126 9 11 0.031861976 
312 38 7 9 0.03185984 
138 653 17 21 0.03179926 
717 640 17 22 0.031769697 
337 553 15 19 0.031724792 
418 32 7 9 0.031706866 
292 653 15 20 0.03170255 
460 176 10 11 0.03166222 
671 199 8 10 0.031652573 
383 193 18 23 0.031638198 
99 235 13 15 0.031631093 
101 475 15 18 0.031629074 
478 213 9 12 0.031619344 
178 23 7 9 0.031616475 
310 343 10 12 0.031589642 
406 379 9 13 0.031552605 
754 174 8 11 0.03153443 
229 155 11 15 0.031511385 
712 262 9 12 0.031485528 
370 16 6 9 0.031473942 
204 182 12 15 0.031451177 
329 427 11 16 0.031338602 
718 168 9 11 0.031326454 
231 41 7 9 0.031287726 
319 1 8 8 0.03128213 
742 466 13 18 0.031249326 
997 554 17 21 0.031227678 
752 99 11 13 0.0312167 
481 39 7 9 0.031196581 
613 108 10 12 0.031187866 
207 151 10 12 0.03114667 
899 133 11 12 0.031136509 
453 264 10 12 0.031126171 
766 324 12 15 0.03112474 
648 43 9 11 0.031118963 
82 269 13 16 0.031043354 
441 80 8 9 0.031031173 
333 143 9 12 0.031006405 
162 70 8 10 0.030996526 
662 117 10 13 0.030978752 
511 182 8 11 0.03096851 
216 362 11 14 0.03096145 
830 538 13 17 0.030935915 
123 322 17 24 0.030907761 
741 192 9 12 0.03090601 
418 113 18 24 0.030903846 
172 610 15 20 0.030855386 
214 212 12 16 0.030822998 
692 229 10 11 0.030813754 
720 0 9 9 0.030778423 
322 543 17 21 0.030775301 
641 214 8 11 0.030770855 
286 429 12 15 0.030759962 
583 149 8 12 0.030749075 
238 467 14 16 0.030722395 
318 88 8 10 0.030706057 
425 208 8 11 0.030687744 
510 206 8 11 0.030685648 
44 537 14 15 0.030672155 
488 284 10 13 0.030654043 
118 183 10 13 0.030649483 
221 441 12 17 0.030616662 
231 147 11 14 0.03058877 
722 108 9 11 0.03053455 
206 103 10 12 0.030486971 
692 653 17 19 0.030454261 
257 79 8 10 0.030444905 
334 437 14 16 0.0304414 
881 331 14 16 0.030434314 
697 207 8 10 0.030403297 
321 169 9 13 0.030330323 
551 72 8 10 0.030308299 
477 163 9 11 0.030280888 
615 277 13 15 0.030278493 
288 128 9 12 0.030262142 
469 185 10 12 0.030218046 
230 72 8 10 0.030201651 
325 445 11 15 0.030196004 
459 219 9 13 0.030153729 
712 238 20 23 0.030140698 
618 173 8 11 0.030139733 
681 381 11 15 0.030128805 
932 341 25 31 0.03011263 
655 176 9 11 0.03009804 
706 589 18 22 0.030067673 
680 209 8 11 0.029949592 
567 103 8 10 0.029947571 
325 8 7 8 0.029946117 
671 275 11 14 0.029922947 
440 663 16 21 0.029920697 
304 391 11 15 0.029918913 
869 356 12 15 0.029866032 
204 429 13 16 0.02985719 
405 112 8 11 0.029853294 
423 321 13 17 0.029825302 
224 51 9 11 0.02982442 
857 427 14 19 0.02980702 
266 195 11 14 0.029804846 
570 609 16 19 0.029796679 
385 94 7 9 0.029788636 
567 254 10 12 0.029773286 
700 1 11 10 0.029762479 
343 1 6 7 0.02975721 
626 357 11 14 0.029743863 
712 186 9 12 0.029742049 
111 234 12 16 0.02967534 
552 129 7 8 0.02967081 
494 240 10 11 0.029669398 
328 353 10 13 0.029659418 
298 39 6 9 0.029644085 
622 388 12 14 0.029626679 
268 81 18 23 0.029613879 
121 70 7 9 0.02960659 
505 340 11 16 0.029584205 
613 300 11 13 0.02957597 
609 24 8 11 0.029573236 
255 483 13 17 0.029563038 
527 442 14 18 0.029555252 
478 113 8 9 0.029553752 
487 245 9 11 0.029547289 
693 292 12 15 0.029542455 
528 221 8 11 0.029523397 
532 437 13 17 0.029519886 
344 21 6 8 0.029519644 
301 192 11 13 0.02945746 
24 515 11 13 0.029431535 
164 216 18 24 0.029413654 
454 189 9 12 0.029409321 
528 127 7 9 0.029388074 
556 346 13 17 0.029372558 
188 165 10 14 0.02936792 
196 205 14 18 0.029356057 
559 312 12 15 0.029335046 
806 323 11 16 0.02933326 
292 412 13 16 0.029332943 
541 184 9 10 0.029298559 
636 324 12 16 0.029293898 
825 530 15 18 0.029281572 
505 8 8 9 0.029277159 
819 515 16 21 0.02927108 
680 324 12 15 0.029253833 
589 87 8 10 0.029241912 
515 634 14 18 0.029231368 
797 499 14 18 0.02922102 
552 188 9 12 0.02922099 
469 206 9 11 0.02922053 
380 315 12 14 0.029211579 
475 301 11 14 0.029208023 
510 234 17 22 0.029188085 
407 350 10 14 0.029178238 
424 162 17 22 0.029172322 
704 95 10 11 0.029154934 
509 302 12 14 0.02914672 
383 157 10 13 0.02912447 
869 402 12 17 0.029113628 
513 47 7 9 0.029084967 
682 222 18 24 0.029070677 
592 118 8 10 0.029068638 
236 395 12 16 0.029041337 
551 63 9 10 0.029000964 
544 128 7 9 0.028943222 
854 332 10 13 0.028920896 
793 206 9 11 0.028917372 
305 341 9 12 0.028886912 
420 332 13 16 0.028852802 
835 327 11 14 0.02883803 
446 213 9 11 0.028831892 
469 586 15 19 0.028826114 
539 190 9 12 0.02881851 
182 88 8 11 0.02878605 
710 277 10 12 0.028779335 
353 31 7 9 0.028778415 
891 315 14 18 0.02876712 
663 135 9 12 0.02873386 
242 112 8 11 0.028722784 
340 389 12 13 0.02870914 
455 152 9 10 0.028708752 
496 23 7 9 0.028704599 
547 594 14 18 0.028691892 
120 94 9 12 0.028691327 
221 141 9 11 0.028680008 
535 56 8 9 0.028663673 
758 338 11 14 0.028576847 
396 348 12 15 0.028538302 
459 272 19 23 0.028533913 
1014 507 9 14 0.028528634 
302 2 7 8 0.02851005 
471 332 11 14 0.028499797 
354 210 12 15 0.028495876 
480 100 8 10 0.028448267 
374 373 12 14 0.028446097 
250 232 15 18 0.02844047 
394 38 7 8 0.028439444 
708 166 9 11 0.028432429 
693 16 10 10 0.02842367 
503 175 8 9 0.028416408 
70 202 13 16 0.028405309 
710 176 18 23 0.028389737 
530 187 18 23 0.02833792 
602 330 11 14 0.028331684 
674 215 8 11 0.028330032 
741 126 9 10 0.02828657 
689 16 8 11 0.028252427 
411 482 15 19 0.028240778 
836 339 11 13 0.028221296 
516 648 15 20 0.028213462 
621 212 10 12 0.028198766 
805 195 10 14 0.028186727 
111 182 10 13 0.028180487 
877 336 15 19 0.028160164 
374 157 10 13 0.028154971 
267 441 14 18 0.028116193 
329 458 19 22 0.028105602 
440 87 7 8 0.02809654 
325 595 14 19 0.028066617 
140 406 11 15 0.02806003 
592 328 12 14 0.02804734 
494 481 14 17 0.028041497 
124 388 21 29 0.028004812 
309 144 18 24 0.028002314 
673 221 8 10 0.02796995 
684 375 12 15 0.027965784 
496 261 8 11 0.027962018 
687 460 12 16 0.027956588 
728 133 9 12 0.027953284 
438 602 15 18 0.027949585 
433 315 13 16 0.027942587 
574 14 9 11 0.02785333 
795 514 14 19 0.027829597 
70 272 14 18 0.027829304 
524 199 20 24 0.027801007 
417 39 8 8 0.02776652 
838 606 13 18 0.027751807 
1005 347 11 13 0.027737169 
648 0 9 10 0.027733445 
249 139 10 14 0.027733386 
935 324 16 18 0.02769682 
166 117 9 12 0.027689166 
515 435 13 17 0.027675668 
590 80 8 10 0.027644975 
190 206 12 16 0.027639616 
272 226 12 15 0.02762567 
262 449 22 24 0.027597466 
700 285 11 14 0.027593104 
440 196 10 12 0.027584802 
599 262 11 13 0.02758418 
883 410 12 15 0.027583081 
481 368 14 17 0.027580207 
628 470 16 20 0.027564818 
721 417 12 17 0.0275563 
528 135 8 9 0.027548034 
574 279 10 12 0.027525151 
289 174 10 13 0.027521081 
225 651 15 20 0.02751024 
681 84 9 11 0.027477127 
62 193 11 14 0.027474513 
198 324 11 13 0.027442545 
357 380 11 13 0.027435018 
63 222 10 14 0.027419778 
653 360 11 15 0.027409023 
726 374 10 13 0.027407372 
542 172 9 11 0.027400266 
129 111 9 10 0.027389454 
996 538 24 30 0.027387561 
205 220 14 17 0.02737058 
757 93 13 15 0.02736789 
760 63 9 11 0.027359396 
977 345 16 19 0.02734308 
427 402 13 19 0.027326189 
799 312 10 12 0.027294623 
505 197 8 10 0.027293814 
838 423 13 18 0.02727744 
503 458 12 17 0.027266974 
63 500 12 16 0.027242338 
735 84 9 13 0.027234724 
110 240 19 22 0.02722685 
489 23 7 9 0.02722493 
406 443 11 15 0.027213467 
727 94 8 12 0.027207851 
222 230 13 15 0.027192248 
371 175 18 23 0.027173465 
420 475 14 18 0.027165456 
94 258 13 17 0.02715316 
303 6 7 9 0.02714769 
946 323 13 19 0.027143167 
520 215 9 11 0.027129238 
590 29 8 10 0.027123015 
542 255 8 10 0.027112346 
415 348 11 14 0.027078874 
646 15 8 11 0.027074287 
1011 590 13 18 0.02707177 
543 105 17 24 0.027065873 
376 406 14 17 0.02704291 
598 24 9 11 0.027021715 
448 24 7 8 0.026990948 
543 309 10 13 0.026985455 
799 321 12 16 0.026980007 
390 322 11 14 0.026903735 
333 362 13 16 0.026898475 
638 332 11 14 0.02689689 
187 436 14 17 0.02688499 
756 1 10 10 0.026871337 
232 675 16 20 0.026861504 
599 253 9 11 0.02684833 
321 358 9 13 0.026825663 
302 22 7 9 0.026814574 
357 231 13 16 0.026775077 
677 294 10 14 0.026771953 
879 438 16 20 0.026751334 
319 70 8 10 0.026687443 
400 3 7 7 0.026653754 
440 31 7 8 0.026646823 
470 40 7 8 0.026590003 
280 70 8 10 0.026583893 
349 77 8 10 0.02658358 
408 22 7 9 0.026571453 
592 511 15 18 0.026562069 
544 156 8 10 0.026557915 
392 103 8 11 0.026551688 
309 231 15 18 0.026551688 
711 79 8 11 0.026525058 
608 262 11 14 0.026523832 
676 269 12 14 0.026514957 
557 554 16 19 0.026496384 
517 160 19 25 0.026482647 
577 134 9 11 0.026482267 
687 142 9 12 0.02648094 
446 284 12 14 0.026456878 
890 436 14 19 0.026443224 
118 397 20 26 0.026371453 
295 170 17 22 0.02635892 
803 631 15 19 0.026357623 
638 269 10 12 0.026312415 
519 105 8 8 0.026305875 
108 483 13 17 0.026305025 
353 17 6 7 0.026277607 
476 625 16 18 0.026269067 
61 247 11 14 0.02625496 
385 54 7 9 0.02625419 
629 386 13 16 0.02625376 
759 422 11 14 0.02623769 
153 451 11 15 0.026203541 
422 38 7 9 0.02618375 
508 421 14 17 0.026179386 
608 95 8 10 0.026175141 
621 160 9 10 0.02617479 
127 94 8 11 0.026166262 
713 210 17 22 0.026153756 
634 466 15 20 0.026142795 
887 345 11 15 0.026123809 
576 281 17 22 0.02610273 
617 228 10 12 0.026090972 
958 541 14 19 0.026080849 
902 324 12 15 0.026079366 
55 267 14 17 0.026060285 
87 150 9 11 0.02605797 
494 299 10 14 0.026027206 
760 199 8 10 0.026010348 
110 339 23 31 0.02599523 
671 100 10 13 0.02598964 
679 99 9 12 0.025985751 
800 196 10 14 0.025969295 
486 79 7 9 0.025968939 
679 319 11 14 0.025940843 
303 372 10 12 0.02592433 
425 103 9 10 0.025917443 
585 53 8 10 0.025862062 
813 312 9 11 0.025836444 
268 142 10 13 0.025824912 
677 355 13 16 0.025765298 
448 143 8 9 0.025750317 
723 392 13 17 0.025746875 
413 334 18 22 0.025742125 
269 342 9 11 0.025715934 
471 136 18 25 0.025708934 
478 286 10 12 0.025706997 
494 292 10 14 0.02568408 
575 105 17 23 0.025681973 
245 434 14 19 0.025680033 
692 470 14 17 0.025674451 
753 91 21 26 0.025668655 
230 568 15 18 0.025663193 
592 148 17 22 0.025649378 
687 31 8 10 0.025630867 
441 8 7 8 0.025607662 
646 148 9 10 0.025573423 
263 31 7 9 0.025569106 
880 154 11 14 0.025551675 
473 79 7 10 0.025550487 
392 1 8 8 0.025542093 
393 7 8 9 0.025538262 
488 183 18 22 0.025515111 
515 382 12 15 0.025482917 
198 1 7 8 0.025477681 
543 64 7 9 0.025472758 
563 652 15 18 0.025463158 
535 214 9 12 0.025457414 
600 74 18 23 0.025445735 
536 183 9 11 0.025439834 
633 31 8 10 0.025427936 
213 135 10 13 0.02542381 
161 14 8 9 0.025366567 
415 433 14 17 0.025361719 
452 291 12 14 0.025344571 
567 230 8 10 0.025341049 
710 120 9 11 0.025334738 
532 356 14 16 0.025309447 
215 468 12 15 0.025305998 
580 495 19 24 0.025285926 
579 587 13 17 0.025255429 
1014 336 11 15 0.02525345 
295 69 8 10 0.025246978 
181 439 15 18 0.025225135 
461 333 10 14 0.025188727 
876 354 12 15 0.025183607 
531 205 10 12 0.025173984 
614 121 17 23 0.02515935 
464 135 7 10 0.025106106 
376 135 9 11 0.02508538 
456 126 9 10 0.025081053 
327 421 12 15 0.025070595 
935 317 13 16 0.025048358 
366 325 10 12 0.025048137 
357 527 16 20 0.02504498 
559 93 7 10 0.0250393 
294 227 12 14 0.02499649 
860 418 13 17 0.024970612 
368 291 11 14 0.024941398 
768 182 9 11 0.02493672 
768 361 13 15 0.024934072 
193 15 7 9 0.024915274 
252 627 19 23 0.02491339 
840 370 12 14 0.024899399 
695 251 11 12 0.024889536 
265 175 10 12 0.024888774 
640 222 8 11 0.024885144 
470 619 12 17 0.02485848 
76 279 14 17 0.024854517 
867 599 14 20 0.024842964 
77 416 17 21 0.024815394 
366 387 10 14 0.024786906 
639 164 9 11 0.024773909 
661 100 10 13 0.024744825 
218 3 7 8 0.02474087 
434 41 7 8 0.024730641 
613 291 11 15 0.02472609 
682 177 9 10 0.024710333 
728 190 8 11 0.024680603 
416 135 9 11 0.024643293 
945 308 12 16 0.024641907 
89 495 22 25 0.024637012 
262 62 8 10 0.02463684 
303 47 7 9 0.024603274 
305 729 27 28 0.024554245 
248 49 8 10 0.024550742 
66 320 17 22 0.02452926 
519 260 9 11 0.024517318 
360 327 8 11 0.024487091 
615 6 9 10 0.024478493 
295 48 8 10 0.02447618 
847 340 11 14 0.024475578 
486 240 8 11 0.02447519 
145 29 8 9 0.024464197 
948 337 12 15 0.024462122 
814 389 11 14 0.02446159 
753 167 8 11 0.02445358 
492 579 12 14 0.024441171 
103 167 11 14 0.02440094 
724 439 13 16 0.024400512 
460 240 10 11 0.024376277 
204 129 11 13 0.024376165 
759 122 9 11 0.024352489 
543 71 8 10 0.02434124 
422 7 7 8 0.024337422 
338 603 16 20 0.024334537 
115 346 14 17 0.02433271 
503 15 8 9 0.024329364 
453 241 17 22 0.024319557 
329 38 6 9 0.024318226 
763 116 10 13 0.024307527 
552 74 17 23 0.024302235 
108 102 18 23 0.024301039 
568 601 13 17 0.02426801 
155 106 18 22 0.024236113 
479 263 11 14 0.024214141 
571 676 19 22 0.02415782 
44 511 10 13 0.024122143 
394 105 18 23 0.02412033 
350 182 9 13 0.024120076 
128 212 11 14 0.024118124 
538 141 8 10 0.024066096 
528 103 8 9 0.02406485 
458 324 11 13 0.024059935 
401 412 12 17 0.024050519 
129 56 7 9 0.024040595 
359 105 9 10 0.024034387 
447 63 7 9 0.024021603 
448 150 9 11 0.024019256 
463 88 8 9 0.024011305 
578 351 18 21 0.024004975 
519 190 8 11 0.02398627 
976 367 23 29 0.023983864 
728 120 8 11 0.02397812 
177 632 16 20 0.023945566 
941 314 15 20 0.023943763 
105 214 13 16 0.023940602 
519 182 9 11 0.023940375 
798 168 9 11 0.023938365 
534 231 9 12 0.023937212 
522 395 15 18 0.023925385 
388 171 10 14 0.023905035 
877 117 10 13 0.023898082 
544 584 14 19 0.023892477 
214 151 11 12 0.023880977 
736 121 8 10 0.023864262 
598 279 10 13 0.02386233 
192 87 9 11 0.023848362 
757 640 23 27 0.023844015 
674 36 9 11 0.023811696 
545 302 9 13 0.023755457 
295 126 10 13 0.023737615 
727 204 8 11 0.023731569 
158 104 11 13 0.02371167 
246 221 11 13 0.023684276 
87 125 10 14 0.023636378 
310 180 9 12 0.023620432 
559 190 9 11 0.023603745 
87 479 12 17 0.023565225 
584 225 18 22 0.023563216 
567 642 13 17 0.023552006 
915 149 13 16 0.023549592 
662 165 9 11 0.023538794 
491 513 16 21 0.02352887 
135 86 7 10 0.023525164 
760 299 11 13 0.023506397 
151 16 7 9 0.02350492 
326 89 17 23 0.023501376 
500 163 9 12 0.023499286 
328 131 10 12 0.02349451 
435 496 13 18 0.023481878 
517 230 9 11 0.023479018 
123 253 11 14 0.023461534 
957 200 13 14 0.023449525 
478 150 8 11 0.023441166 
562 268 9 13 0.023430448 
482 48 7 9 0.023429265 
578 87 8 10 0.023426905 
330 121 17 23 0.023425182 
789 637 13 17 0.0234065 
614 452 11 16 0.02340236 
1002 591 16 19 0.023400461 
376 3 7 7 0.02338379 
175 371 14 16 0.023379922 
303 71 9 11 0.023362232 
719 264 20 24 0.023357192 
584 168 8 11 0.02335351 
741 135 9 12 0.023350721 
521 199 7 9 0.02334901 
417 17 7 9 0.023343038 
586 355 13 16 0.023313025 
377 30 7 8 0.023305872 
225 87 9 12 0.023295177 
424 56 7 8 0.023290426 
598 363 13 18 0.02328536 
216 105 11 13 0.023276834 
708 125 11 14 0.023264308 
172 181 11 15 0.023260012 
265 215 10 14 0.023258364 
234 222 13 15 0.023255577 
194 372 13 17 0.02323014 
624 56 8 11 0.023196574 
816 593 23 26 0.023181345 
335 21 7 9 0.023178844 
343 42 17 24 0.023171967 
171 148 11 14 0.023158167 
152 43 8 11 0.023144063 
848 334 9 12 0.023140872 
545 79 7 10 0.023133745 
735 137 17 23 0.023113433 
415 102 7 10 0.02310768 
600 55 8 10 0.023106415 
537 268 9 12 0.023098 
788 397 14 18 0.023095578 
652 39 9 10 0.023091312 
94 306 19 25 0.02307779 
406 150 10 12 0.023071399 
698 103 9 11 0.023068696 
621 93 10 12 0.023061782 
776 445 15 17 0.023057533 
502 104 7 9 0.023044176 
550 500 13 16 0.023039278 
721 198 9 10 0.023038702 
744 86 10 12 0.023034604 
527 280 10 12 0.023032704 
311 223 13 15 0.02301983 
195 633 14 18 0.023005154 
182 140 10 13 0.023002945 
391 157 10 12 0.022998532 
240 177 18 22 0.022967549 
252 355 12 15 0.022964345 
303 356 9 11 0.02295888 
543 207 8 10 0.022951676 
303 94 8 11 0.022946239 
640 79 8 10 0.022941262 
93 267 12 14 0.022925435 
78 181 12 16 0.022924807 
208 8 7 9 0.022915855 
446 223 8 12 0.02290916 
472 69 7 10 0.022890415 
383 31 7 8 0.022886207 
277 435 14 19 0.022885153 
281 78 8 10 0.022852838 
717 150 9 12 0.022844674 
396 342 11 13 0.022841688 
778 457 14 17 0.022834992 
490 136 18 24 0.02283495 
190 172 11 13 0.022832068 
640 547 14 20 0.02281184 
437 207 10 11 0.022801563 
573 29 9 11 0.022764914 
557 61 9 10 0.02275192 
574 199 10 12 0.02273727 
668 347 14 17 0.02272283 
456 141 9 10 0.022712315 
237 474 13 16 0.022711338 
970 370 15 17 0.022703756 
515 340 11 14 0.022689845 
541 364 14 18 0.022683134 
708 394 12 15 0.022674588 
212 482 15 19 0.022666872 
300 158 10 12 0.022666257 
456 72 7 8 0.02266031 
217 190 18 23 0.022641774 
337 657 15 20 0.022641415 
358 581 13 16 0.022641294 
985 206 9 12 0.022637649 
598 220 10 13 0.022628957 
535 46 8 9 0.022622462 
112 87 7 10 0.022614656 
139 47 8 10 0.022603242 
982 372 13 18 0.022595929 
510 197 8 10 0.022573914 
229 478 12 17 0.022547022 
614 370 13 19 0.022546727 
983 380 22 29 0.022540577 
900 460 16 20 0.02253454 
205 380 11 15 0.022530645 
352 88 8 9 0.022509415 
153 74 18 23 0.022508232 
486 41 8 9 0.022496644 
136 40 8 9 0.022490192 
511 31 8 9 0.02249 
662 30 9 11 0.02242521 
458 110 20 25 0.022415297 
289 7 8 9 0.022393422 
415 137 17 23 0.022390708 
465 38 7 9 0.022383494 
757 169 8 10 0.02238308 
350 464 13 19 0.022375947 
814 323 12 16 0.0223456 
19 102 95 133 0.022338755 
496 208 8 10 0.022334196 
151 2 9 9 0.02233253 
644 301 13 16 0.022322953 
1011 489 13 17 0.02232213 
653 133 10 13 0.022310339 
247 198 19 25 0.022302592 
854 176 10 13 0.022297036 
939 332 23 29 0.02228891 
737 215 8 10 0.02227638 
716 64 20 24 0.022262055 
73 647 23 28 0.022256032 
138 469 14 18 0.022247382 
478 387 13 16 0.02223024 
270 13 7 10 0.022222355 
502 48 8 11 0.022210265 
264 155 9 11 0.022209482 
881 401 14 18 0.022203429 
550 277 9 12 0.022203267 
535 153 8 10 0.022199081 
291 152 20 24 0.022188572 
674 246 10 14 0.022184933 
544 247 8 10 0.022178799 
513 105 7 8 0.022165209 
371 522 14 18 0.022136614 
693 142 11 12 0.02213004 
509 363 13 17 0.0221186 
782 507 19 26 0.022097383 
685 403 14 17 0.022072004 
381 240 24 29 0.022066412 
732 275 12 16 0.02205481 
908 416 17 21 0.02204583 
606 290 12 14 0.022021364 
472 24 6 9 0.022020895 
771 453 16 20 0.022017136 
518 80 7 9 0.021981742 
495 154 16 23 0.021979008 
487 86 7 9 0.02197268 
439 152 9 11 0.021956846 
843 174 22 25 0.02193788 
535 278 9 12 0.021931734 
475 494 15 20 0.021918518 
469 154 18 23 0.021916412 
816 376 12 16 0.021916298 
720 142 8 10 0.021909313 
569 112 8 10 0.021891654 
904 383 11 14 0.021879103 
678 164 10 11 0.02181038 
335 120 8 10 0.021787887 
550 460 13 17 0.021770578 
335 578 15 19 0.021762962 
303 88 8 10 0.021755593 
632 103 10 12 0.021751149 
414 206 10 13 0.021740736 
685 472 14 18 0.021739332 
529 229 9 12 0.021729609 
429 586 14 20 0.021701518 
659 276 13 15 0.021696903 
913 472 14 18 0.021681745 
712 251 11 13 0.021663234 
945 449 14 19 0.02164717 
260 346 13 15 0.021645939 
705 56 9 10 0.021625651 
542 596 14 18 0.021625128 
639 25 18 23 0.02161953 
511 136 8 10 0.02161623 
963 520 15 17 0.02160775 
681 693 16 19 0.021602273 
240 64 18 23 0.021598266 
564 340 12 16 0.021586599 
425 112 7 9 0.02157844 
534 438 19 24 0.021557188 
151 548 15 20 0.021548988 
399 418 12 17 0.021534365 
902 346 20 26 0.021530055 
898 421 14 17 0.021529242 
360 390 11 14 0.021523183 
400 55 7 9 0.021501966 
824 441 15 19 0.021500465 
630 260 11 12 0.021487974 
133 163 11 14 0.021484325 
261 102 9 11 0.021474179 
503 356 11 15 0.021470733 
572 309 11 14 0.021467391 
748 452 12 17 0.02146061 
971 354 26 29 0.02144761 
101 351 27 33 0.0214396 
359 179 10 13 0.021433879 
639 176 9 10 0.02142545 
326 353 18 22 0.02140958 
311 356 9 11 0.021393681 
198 173 12 14 0.021387624 
242 359 13 19 0.021372445 
320 160 18 21 0.021362066 
534 247 9 11 0.021358987 
706 614 16 20 0.021356655 
845 347 13 17 0.02135272 
479 175 9 11 0.021345282 
376 318 10 12 0.021344122 
206 482 14 19 0.02133495 
951 552 15 19 0.021322956 
399 429 10 15 0.021317177 
120 154 11 14 0.021300832 
463 55 8 9 0.02129955 
176 93 9 11 0.02129639 
398 63 19 26 0.021294376 
775 56 8 10 0.021248784 
124 260 13 15 0.021248097 
378 66 19 23 0.021246148 
501 227 11 13 0.021237873 
281 399 9 14 0.0211876 
828 435 14 19 0.021179108 
679 236 10 13 0.02116784 
661 529 15 19 0.02114583 
558 261 9 13 0.021130173 
109 167 10 12 0.021124255 
493 362 11 15 0.021118132 
328 65 7 9 0.021114012 
305 530 14 19 0.021107012 
432 24 6 8 0.0211061 
292 444 16 20 0.021103667 
605 379 13 16 0.021096487 
537 71 8 9 0.02109058 
190 50 18 23 0.021086488 
407 127 8 10 0.021085156 
350 633 16 20 0.02108365 
97 112 8 12 0.021082537 
343 181 11 13 0.021075094 
590 200 8 10 0.021068871 
485 332 12 15 0.021064399 
417 391 20 25 0.02105081 
208 159 17 22 0.021032054 
269 192 19 23 0.021031642 
728 142 8 12 0.021027636 
811 455 15 19 0.021016462 
382 8 8 8 0.021008778 
577 249 17 22 0.020999707 
442 291 12 16 0.020966953 
837 356 13 17 0.020957869 
458 647 15 20 0.020957371 
513 160 8 9 0.020951258 
479 326 11 13 0.0209458 
628 403 14 18 0.020938866 
448 230 8 11 0.020935776 
182 15 9 10 0.02093319 
508 545 14 19 0.020916767 
888 143 21 25 0.020903867 
214 181 11 14 0.020892896 
746 88 20 25 0.020877207 
363 524 15 20 0.020875204 
694 71 8 11 0.020868447 
472 316 9 13 0.020856895 
114 469 13 17 0.020842973 
625 44 9 12 0.020837517 
368 373 10 13 0.020834489 
685 94 10 13 0.02081338 
424 16 7 9 0.020795973 
553 323 12 15 0.0207887 
656 119 10 11 0.020780854 
759 325 11 15 0.020780463 
372 96 19 24 0.020768331 
759 393 12 16 0.020758593 
383 15 7 9 0.020719074 
519 133 7 9 0.020718073 
340 635 14 18 0.020717815 
437 324 11 14 0.020700945 
547 439 15 18 0.020692697 
590 590 15 20 0.020684736 
391 72 7 9 0.020650338 
161 31 7 8 0.02064838 
644 178 18 23 0.020644162 
315 633 17 22 0.02062368 
536 79 8 9 0.020613262 
424 287 9 13 0.020604176 
671 14 10 12 0.02058848 
845 388 11 15 0.020573772 
92 460 11 15 0.02056917 
305 143 9 11 0.020561457 
820 325 12 15 0.020548498 
502 264 19 23 0.02053863 
519 303 9 12 0.020532746 
335 27 17 23 0.020531101 
118 385 20 25 0.020521859 
682 669 26 32 0.020519784 
633 148 8 11 0.020516526 
813 420 11 14 0.020514026 
669 261 10 13 0.020503249 
209 720 15 19 0.020483904 
222 166 9 13 0.020480035 
754 674 17 20 0.020469155 
239 112 19 22 0.020461047 
740 349 13 15 0.020460602 
266 107 18 22 0.020439835 
327 637 23 28 0.020409724 
423 230 11 13 0.020392887 
550 285 10 14 0.02038042 
642 418 14 18 0.020371933 
734 459 14 17 0.02037091 
741 120 8 10 0.020363454 
973 567 15 21 0.020357102 
136 104 7 9 0.02035203 
601 182 9 12 0.020348506 
110 550 13 16 0.020338608 
519 38 8 10 0.020336848 
89 118 9 12 0.020283258 
500 476 13 16 0.020280454 
524 387 14 17 0.020274136 
671 294 10 13 0.020270642 
788 415 13 16 0.020264504 
592 626 15 19 0.020223865 
429 331 11 14 0.020221267 
734 185 8 9 0.020207932 
548 365 11 15 0.020205982 
63 210 12 16 0.02019888 
454 176 18 23 0.020187262 
51 211 12 15 0.020153632 
890 610 16 19 0.020150162 
400 65 7 8 0.02014705 
840 166 11 14 0.02014588 
820 92 9 12 0.02011021 
588 12 9 10 0.020107066 
899 331 12 16 0.0201068 
713 209 9 11 0.020104941 
383 65 8 9 0.02010235 
807 451 13 17 0.020096093 
831 348 11 14 0.020086803 
692 52 9 11 0.020078452 
173 171 12 15 0.020078195 
351 234 15 18 0.020070316 
751 341 11 13 0.020069396 
795 505 15 20 0.020046182 
585 28 10 12 0.02004012 
437 247 18 23 0.020025518 
222 2 8 8 0.020016031 
438 429 13 17 0.02001174 
573 361 13 18 0.020006137 
