10_People_Marching_People_Marching_2_27
99
363 182 28 36 0.994705 
860 206 27 33 0.9906447 
834 230 28 36 0.9902361 
575 191 34 45 0.9895131 
914 212 28 34 0.97445416 
430 185 31 38 0.9685083 
647 182 26 34 0.96681 
264 192 24 33 0.9630579 
787 229 29 38 0.95975775 
704 201 32 41 0.9592971 
536 196 31 42 0.95258486 
211 202 21 29 0.9370079 
35 204 31 36 0.9306227 
483 195 22 28 0.9018239 
19 189 27 32 0.8476811 
519 194 24 32 0.84253407 
132 199 27 29 0.81426054 
916 262 34 49 0.7424771 
610 206 29 35 0.62359655 
305 180 34 41 0.57175535 
26 196 30 36 0.44324914 
462 150 23 31 0.32841623 
649 216 29 35 0.32611045 
201 46 43 59 0.23896828 
0 190 13 26 0.22166249 
761 234 15 22 0.18001342 
210 189 14 17 0.17926042 
879 179 27 28 0.16633067 
647 199 28 38 0.16381186 
266 238 12 15 0.15622756 
911 230 30 36 0.13403979 
809 307 53 65 0.11630691 
124 203 15 20 0.11212609 
549 191 37 47 0.111467265 
539 179 17 19 0.10750947 
772 204 25 29 0.097212404 
923 274 48 49 0.09462197 
848 223 29 36 0.08561492 
801 229 25 36 0.07755518 
762 225 25 35 0.070463404 
909 246 34 49 0.067351885 
615 203 21 22 0.06527418 
206 193 22 29 0.064495966 
319 180 39 50 0.063430086 
267 190 14 19 0.06294442 
301 475 15 20 0.0545774 
544 185 19 23 0.054052398 
531 186 28 34 0.052575793 
990 214 14 22 0.052480094 
465 140 17 19 0.048761982 
775 220 31 40 0.047566604 
708 186 25 31 0.044814803 
213 61 13 15 0.04466937 
814 267 28 33 0.04458017 
166 172 14 16 0.043865956 
628 205 34 43 0.043493215 
573 180 29 34 0.04278122 
610 213 42 46 0.04267505 
842 395 83 124 0.038697314 
454 162 28 34 0.038153403 
590 195 37 46 0.037928097 
205 68 12 14 0.03782515 
568 150 25 30 0.036868423 
352 160 15 18 0.036694717 
707 129 15 20 0.03526468 
822 242 30 37 0.034725484 
873 187 25 30 0.034334555 
956 268 45 51 0.033172872 
122 202 26 33 0.032562442 
162 184 27 32 0.031015651 
442 189 38 48 0.030638646 
569 14 8 11 0.029659433 
721 214 17 22 0.028379783 
341 184 26 35 0.028228095 
0 184 10 17 0.028095959 
341 122 26 28 0.027116416 
335 118 39 49 0.026966896 
842 5 42 57 0.026934842 
818 231 27 36 0.026616102 
347 184 16 22 0.02604354 
463 110 24 27 0.0241734 
714 181 16 20 0.024132472 
154 207 16 20 0.023971314 
282 233 31 38 0.023886096 
319 185 20 25 0.023620345 
271 186 36 50 0.022803782 
4 194 28 38 0.022676844 
981 284 15 21 0.022669638 
975 209 10 15 0.022328813 
414 204 34 37 0.021849468 
588 395 129 164 0.021535031 
984 203 23 37 0.021510294 
644 214 16 21 0.021360774 
901 447 27 46 0.021257851 
151 190 26 31 0.021243196 
803 244 42 51 0.021159632 
464 125 23 28 0.020629391 
695 106 30 39 0.020359097 
24 182 17 18 0.02033979 
