10_People_Marching_People_Marching_10_People_Marching_People_Marching_10_People_Marching_People_Marching_10_1024
453
366 1897 73 80 0.9982419 
397 1788 58 65 0.9972568 
2 1690 56 63 0.9972371 
954 1931 57 58 0.9971322 
595 1765 32 36 0.99686193 
490 1721 33 39 0.99633694 
912 1788 51 56 0.9941559 
612 1990 78 84 0.9941267 
663 1805 35 42 0.9929557 
799 1788 40 43 0.99189466 
208 1963 80 93 0.9912532 
578 1897 47 55 0.98679125 
731 1856 46 53 0.985951 
884 1687 35 42 0.9854511 
459 1042 31 39 0.9852742 
176 1751 48 54 0.9825366 
514 1844 41 50 0.9778661 
907 1080 37 45 0.9765886 
859 1782 42 46 0.97297466 
280 1048 22 28 0.9716904 
611 1830 42 46 0.9684077 
548 1776 30 34 0.96743727 
451 1831 36 39 0.967062 
859 1727 35 38 0.9657149 
344 1752 34 45 0.9649758 
75 1704 52 56 0.9627383 
269 1748 42 51 0.93751454 
997 1091 23 37 0.92907995 
207 1054 27 33 0.90563506 
794 203 31 39 0.8969061 
986 1757 40 54 0.8905139 
634 1756 29 32 0.883101 
469 1771 27 32 0.85078007 
574 1042 22 28 0.84030175 
65 297 19 25 0.8318518 
708 1068 29 41 0.774662 
508 968 29 38 0.68809676 
764 1744 27 32 0.65938514 
326 1049 17 21 0.64287645 
774 1032 26 30 0.635626 
220 1751 31 41 0.6149744 
397 345 18 22 0.54849494 
229 1724 23 28 0.54735875 
177 358 14 17 0.5462343 
676 1751 18 21 0.5178332 
700 1760 21 25 0.5148115 
124 1707 41 48 0.5092122 
161 1660 33 40 0.49990594 
905 399 28 37 0.4868071 
482 1042 26 33 0.4086514 
845 1040 24 31 0.39567682 
652 1047 15 22 0.38722545 
508 1795 28 32 0.38063306 
214 361 16 19 0.37124166 
99 362 14 18 0.35677618 
667 339 19 22 0.35022223 
173 1059 17 22 0.3498765 
667 1017 15 21 0.32965332 
686 1004 20 25 0.3281935 
458 1902 48 59 0.3272993 
446 365 14 18 0.3192129 
736 319 27 31 0.27809572 
362 1733 24 27 0.27527037 
560 358 10 14 0.26050052 
700 341 22 25 0.2596357 
919 62 103 130 0.2590756 
4 969 27 38 0.24019058 
124 1025 12 16 0.22821906 
783 1005 22 26 0.1922911 
387 1052 22 27 0.19196613 
668 372 14 20 0.17968723 
974 1193 22 28 0.1763432 
413 1063 27 33 0.17567606 
158 1624 27 36 0.15887576 
236 994 28 31 0.15351133 
137 1687 29 38 0.14858411 
777 303 34 37 0.14259696 
452 1940 52 67 0.13780746 
591 358 11 14 0.1372852 
645 1007 21 27 0.13705441 
676 1009 20 25 0.13398945 
159 365 13 18 0.12463042 
349 1009 17 22 0.12332398 
849 1073 17 21 0.12082197 
155 1634 42 56 0.11859262 
687 1038 23 29 0.117699474 
660 1869 38 50 0.116871 
649 1882 37 50 0.11675064 
517 362 13 17 0.11445607 
52 352 24 29 0.11375938 
708 1743 17 20 0.11156693 
738 1817 29 34 0.110100545 
713 989 21 29 0.10880054 
567 371 11 15 0.106756546 
478 373 12 15 0.10362383 
303 328 35 36 0.10317005 
657 1010 22 29 0.100547075 
859 344 18 21 0.099425375 
381 1058 18 21 0.098769285 
128 1000 13 18 0.09787108 
928 1082 30 37 0.09491642 
495 1041 17 23 0.094025604 
677 377 14 19 0.09069291 
689 1753 22 27 0.08894156 
434 1850 42 53 0.086175844 
180 376 15 19 0.08607528 
225 1734 30 44 0.085296735 
243 354 14 18 0.08312975 
946 1087 18 22 0.08215925 
287 1735 27 32 0.08190356 
198 380 13 17 0.081734374 
242 1719 26 30 0.08054824 
562 1781 26 34 0.080146275 
593 363 13 16 0.0784414 
550 1926 30 45 0.077322036 
42 1060 16 21 0.07511685 
926 1733 28 33 0.072133765 
254 800 30 40 0.0690764 
43 1022 16 20 0.06870087 
551 1042 25 30 0.06859983 
166 1060 15 20 0.067891054 
317 1042 21 28 0.06762755 
370 921 22 30 0.06757382 
684 1062 24 30 0.06680142 
148 1671 32 40 0.066579714 
609 1803 27 35 0.06458985 
26 344 18 23 0.06444063 
564 366 11 14 0.064380445 
708 1068 19 24 0.06413886 
972 1101 16 23 0.063851014 
246 1048 22 27 0.0636887 
711 1087 24 32 0.06329794 
622 1007 15 19 0.06313272 
402 1051 25 30 0.061528053 
806 974 17 22 0.060650438 
896 104 102 142 0.05954166 
687 1051 22 28 0.057727233 
982 291 41 69 0.057675686 
312 1173 110 176 0.05659562 
708 1790 16 23 0.05639924 
93 366 16 19 0.056256086 
412 369 17 22 0.056051455 
784 1019 27 35 0.05591874 
848 1077 27 34 0.055833895 
411 354 13 18 0.055462264 
291 1044 25 31 0.054569244 
249 996 17 19 0.054538775 
366 297 27 38 0.053891722 
380 375 22 28 0.053858854 
245 1011 28 34 0.05361754 
541 1004 24 32 0.05352953 
628 362 17 20 0.05309009 
472 374 12 15 0.05250314 
1002 90 22 43 0.0518453 
195 363 14 16 0.05134669 
560 1032 26 32 0.051297985 
697 1064 26 34 0.051057152 
719 1079 28 35 0.050313186 
925 1750 28 34 0.05028949 
251 352 14 18 0.050053336 
446 1869 45 57 0.04986195 
732 1830 49 58 0.049089838 
660 1088 23 32 0.048513804 
413 361 15 19 0.048217993 
672 1822 34 41 0.047933254 
629 376 13 17 0.047480963 
942 546 82 188 0.046642076 
384 267 29 36 0.04546486 
293 989 15 20 0.044982906 
666 1241 18 22 0.0445913 
169 1026 16 19 0.04452609 
243 972 13 17 0.04417523 
420 1051 28 31 0.044122696 
564 1021 13 18 0.043645706 
201 1753 36 42 0.043442078 
433 942 39 46 0.043379616 
649 1812 31 36 0.04322943 
194 1723 27 33 0.04318293 
777 1050 26 30 0.04205396 
477 2143 42 49 0.04192943 
745 241 27 31 0.04191858 
330 930 18 22 0.04188887 
197 357 12 15 0.04186475 
675 1739 17 20 0.041688226 
174 1013 11 14 0.041582704 
13 335 29 31 0.041343205 
552 1786 39 47 0.04116787 
171 404 13 20 0.04083583 
247 372 14 18 0.040431432 
510 2138 45 53 0.04041301 
115 1023 20 23 0.040363573 
396 331 26 31 0.03962198 
191 1049 37 46 0.039580405 
110 1002 14 17 0.039341077 
702 1747 21 27 0.03906649 
470 1082 28 40 0.03894138 
69 941 16 20 0.038575236 
438 1899 78 97 0.03848757 
85 1027 14 18 0.038347077 
246 1875 94 122 0.03813245 
636 1000 23 29 0.03774926 
202 366 21 25 0.0377421 
249 1025 27 32 0.037740022 
760 1725 44 52 0.037737858 
445 357 14 18 0.037733756 
954 1094 15 21 0.037210926 
194 370 21 26 0.037205312 
665 361 22 28 0.03719982 
963 1087 22 33 0.03669312 
84 1032 24 28 0.036566913 
844 990 28 34 0.036313236 
725 999 23 27 0.036257334 
513 1804 31 35 0.03621336 
837 1024 40 50 0.036162272 
229 993 18 23 0.03589018 
237 349 16 21 0.03569985 
347 1053 23 28 0.035609446 
33 344 25 32 0.03532906 
265 1909 338 447 0.035240628 
588 363 21 26 0.035182104 
635 356 14 17 0.035121217 
787 1061 16 21 0.03489312 
205 1906 97 126 0.034836482 
733 1005 23 29 0.034704216 
776 1738 20 23 0.034699783 
82 1059 25 35 0.034449123 
108 1025 16 19 0.03434056 
427 2099 52 66 0.03412506 
408 345 15 19 0.03404389 
147 362 16 20 0.033877514 
182 1054 23 29 0.033674773 
888 978 30 40 0.033663046 
147 1040 13 16 0.033595 
674 1729 15 18 0.033515334 
681 1019 26 31 0.033485875 
669 1784 25 31 0.033457104 
931 2070 68 101 0.033255946 
308 1035 23 30 0.033239715 
376 1060 14 20 0.03315616 
646 1755 20 23 0.03314204 
891 1083 35 37 0.032996275 
793 1053 21 29 0.032969106 
2 953 24 41 0.032810766 
439 370 14 18 0.032727916 
711 1762 17 20 0.03265761 
706 1767 22 30 0.032581527 
167 1020 14 16 0.03236725 
590 352 10 13 0.032288246 
535 366 10 13 0.032230742 
43 353 19 24 0.032103024 
650 1021 17 23 0.032084323 
131 1020 13 17 0.03206186 
661 284 14 19 0.03205653 
688 1836 28 33 0.032047592 
342 363 25 28 0.03196484 
691 303 17 22 0.03153471 
187 377 14 18 0.03105918 
664 324 26 32 0.031043608 
290 304 48 53 0.031043608 
671 1760 26 31 0.03096117 
974 1093 23 34 0.030875755 
666 1002 24 32 0.030755144 
464 348 11 13 0.030617423 
100 1712 40 45 0.030392792 
713 1007 17 20 0.030313373 
629 1760 19 23 0.030296572 
370 369 23 29 0.029936558 
621 1147 14 20 0.029909208 
292 1724 25 31 0.02990096 
845 1059 24 33 0.029689852 
60 366 17 21 0.029618174 
478 357 10 12 0.029603397 
164 1011 14 17 0.029328704 
557 352 19 24 0.029300025 
565 1045 19 23 0.02925193 
707 1011 24 30 0.029244253 
613 1150 15 19 0.029086664 
552 1023 25 31 0.028921219 
908 2074 44 57 0.028772961 
227 1816 100 108 0.028697977 
126 1009 14 18 0.028576022 
507 1810 43 52 0.028557364 
66 287 17 20 0.028492235 
716 979 14 20 0.028401285 
478 1897 32 46 0.028254546 
827 1720 25 33 0.028250549 
14 976 28 35 0.028106708 
674 1772 25 32 0.027991563 
791 1794 30 36 0.027956024 
544 1028 26 35 0.02765197 
864 1049 17 21 0.027628843 
625 1117 15 19 0.027597668 
769 823 28 36 0.027585063 
0 1822 136 135 0.027567266 
922 357 18 20 0.027556764 
965 1852 28 31 0.027530856 
464 1755 26 33 0.027432777 
692 1958 46 63 0.027413975 
437 390 12 14 0.027378038 
0 185 23 37 0.027313335 
548 1047 16 21 0.027297392 
379 1039 26 34 0.027241826 
55 1693 52 60 0.027095612 
475 363 19 24 0.026977308 
561 366 21 26 0.02687136 
142 368 15 17 0.026852814 
855 1039 29 35 0.026817156 
637 1014 26 34 0.026670286 
719 1091 326 463 0.026640855 
218 365 22 27 0.026599342 
803 964 18 22 0.026515873 
516 332 10 12 0.026469676 
443 373 16 19 0.02636159 
206 354 14 17 0.026332175 
566 1251 15 19 0.026324125 
671 352 17 19 0.02621875 
771 1863 28 36 0.026142236 
696 1007 15 21 0.026064184 
735 1774 25 30 0.02604637 
492 389 11 13 0.025952592 
68 355 28 30 0.025920635 
797 1035 23 32 0.025878673 
673 1840 41 52 0.025790915 
856 351 25 29 0.025785761 
229 376 14 19 0.025716307 
486 380 10 14 0.025676267 
768 1720 28 33 0.025610117 
213 1765 48 59 0.025596246 
831 1040 23 32 0.025492059 
704 198 23 30 0.025488464 
164 1052 40 48 0.02538544 
516 341 11 13 0.025343169 
507 1035 14 19 0.025272606 
683 371 16 22 0.025270939 
907 370 42 55 0.025270153 
400 350 23 27 0.025259724 
251 971 14 18 0.02524041 
33 1007 25 32 0.024949923 
725 1862 31 40 0.02462732 
622 367 24 29 0.0245932 
995 990 31 46 0.024544632 
512 326 11 14 0.024524158 
524 364 12 15 0.0245161 
483 364 13 16 0.024437306 
655 1751 25 29 0.024390243 
166 1935 59 72 0.02438044 
878 1731 20 23 0.024329612 
325 1036 23 28 0.024307113 
995 1940 28 37 0.02429375 
336 1051 21 26 0.024293633 
258 356 24 28 0.024279365 
248 1006 20 23 0.0242477 
323 1899 57 80 0.024113327 
744 316 48 52 0.024091508 
969 981 44 55 0.024091316 
948 1091 28 35 0.024086153 
652 997 13 18 0.024083424 
86 363 16 17 0.024073621 
485 356 11 13 0.023878135 
11 986 18 24 0.0237614 
515 984 19 27 0.02367846 
495 2147 38 40 0.023663903 
113 997 20 25 0.023554519 
553 1123 23 32 0.023549672 
317 1178 16 20 0.023438064 
424 397 12 16 0.023403496 
394 933 26 32 0.023385169 
467 1883 37 47 0.02330964 
275 1841 92 116 0.023138786 
317 319 30 35 0.023128038 
606 1057 15 19 0.023013493 
333 987 40 50 0.022931822 
183 409 13 18 0.022888307 
240 977 21 28 0.022841398 
389 1872 63 77 0.022799978 
854 352 15 18 0.022764422 
653 1291 33 45 0.022710241 
152 1098 13 19 0.022692597 
198 1062 17 22 0.022650613 
118 360 14 19 0.022642393 
493 1741 25 33 0.022623843 
212 88 394 457 0.022562897 
648 1027 24 33 0.02248499 
774 994 26 30 0.022481944 
618 1079 15 19 0.022473568 
699 991 23 30 0.02246491 
603 1746 16 19 0.022447236 
987 1080 24 37 0.02240466 
563 377 15 18 0.022402935 
342 1008 17 22 0.022400357 
174 362 20 25 0.02228794 
241 356 21 27 0.022256678 
701 1777 21 30 0.022243269 
394 2142 49 65 0.022214565 
845 1054 41 51 0.022200162 
929 1727 21 25 0.02214922 
321 330 17 20 0.022117784 
627 347 23 29 0.02209011 
812 1756 26 30 0.022062203 
899 337 24 30 0.022006366 
836 920 16 19 0.021921072 
169 1635 20 25 0.02182167 
766 1038 18 22 0.021804003 
308 968 15 21 0.021681674 
553 1763 28 35 0.0216795 
0 773 20 30 0.021611432 
362 878 29 34 0.021542177 
636 1823 30 40 0.021538565 
94 1027 25 30 0.02153719 
446 352 11 13 0.021479072 
162 1031 24 31 0.021423116 
248 1727 27 32 0.021342238 
356 1759 34 44 0.021303969 
625 1762 30 36 0.021248914 
160 1003 12 17 0.021216664 
633 367 16 21 0.021206854 
377 1737 15 18 0.021152887 
135 1717 41 57 0.021093376 
373 276 44 57 0.020980803 
669 1756 18 22 0.02095804 
418 1824 52 63 0.020908345 
244 345 24 29 0.020877877 
313 1743 26 33 0.0208252 
240 967 12 15 0.020782504 
125 1042 12 15 0.020771716 
213 375 14 17 0.02073161 
866 1713 16 19 0.020720227 
793 1012 18 24 0.020692328 
487 349 10 14 0.020665176 
36 1051 14 19 0.020654785 
0 705 28 53 0.020639053 
143 1036 22 26 0.020612454 
202 1040 28 36 0.020604301 
953 1084 16 20 0.02057751 
323 1173 14 16 0.020518405 
310 327 46 50 0.020464575 
965 310 47 74 0.020459332 
728 296 45 52 0.020442862 
596 375 13 17 0.020439465 
907 976 27 38 0.020423993 
721 1054 24 33 0.020417763 
846 1736 41 50 0.020414941 
438 356 14 18 0.020313451 
566 2042 45 59 0.020313405 
855 1089 28 36 0.02028156 
896 966 31 41 0.020152291 
593 1049 14 19 0.020125557 
211 1028 23 30 0.020116303 
81 352 25 29 0.020068713 
864 786 28 35 0.020052655 
157 1057 26 32 0.020047722 
901 364 24 33 0.020041013 
84 1683 30 38 0.020006115 
