10_People_Marching_People_Marching_10_People_Marching_People_Marching_10_848
93
131 186 32 42 0.9993273 
759 130 54 71 0.99840957 
644 166 43 57 0.9969331 
244 216 34 45 0.99666435 
484 156 41 57 0.99650514 
364 197 42 52 0.9824991 
988 192 37 56 0.9633939 
726 181 29 40 0.5484622 
102 237 24 29 0.3770115 
582 199 29 42 0.14235102 
894 402 16 20 0.10064235 
76 260 26 32 0.0850943 
22 233 16 25 0.08222721 
592 192 42 48 0.07219626 
420 164 36 51 0.056457307 
291 514 17 23 0.056055415 
525 167 34 42 0.053210467 
11 228 25 36 0.053125337 
549 430 95 126 0.052847117 
575 440 56 72 0.052815646 
531 114 27 32 0.051207453 
156 534 15 18 0.05086868 
164 138 11 15 0.048822753 
565 393 18 21 0.046662662 
307 121 15 21 0.04215832 
88 242 26 37 0.041530397 
551 468 11 14 0.041490488 
719 197 34 45 0.040482927 
-3 522 60 86 0.039440352 
453 454 11 15 0.03875836 
924 29 11 14 0.03801641 
1 147 27 46 0.037995107 
732 180 18 25 0.037500232 
586 459 14 16 0.03559288 
164 270 34 39 0.035163477 
528 105 25 27 0.03454048 
519 427 13 16 0.033857558 
44 201 22 26 0.03322695 
140 157 13 14 0.031225733 
452 446 11 13 0.030790813 
106 230 17 20 0.029768664 
620 435 45 57 0.02848458 
542 430 10 13 0.027947776 
519 461 11 13 0.027551616 
617 174 41 52 0.027464895 
522 101 16 19 0.027449831 
940 219 48 55 0.027221104 
836 21 12 14 0.027008537 
1002 39 9 12 0.026921485 
536 429 10 12 0.026623735 
679 60 11 15 0.026580669 
399 87 9 12 0.026464809 
611 439 32 36 0.02619152 
69 271 42 51 0.026095854 
166 210 23 35 0.025501864 
981 41 10 13 0.025297554 
723 127 25 30 0.025155619 
839 63 13 16 0.024736382 
903 6 11 13 0.02468848 
393 208 33 45 0.024675818 
719 117 43 61 0.024592232 
519 467 12 15 0.024395984 
317 540 12 16 0.02434166 
461 453 10 13 0.024312748 
909 4 11 13 0.024172489 
525 469 11 15 0.023445526 
573 453 16 17 0.02343392 
860 161 16 21 0.023335805 
131 0 50 60 0.023296848 
452 436 12 14 0.022849929 
763 456 215 259 0.022611156 
829 24 13 16 0.022552224 
863 151 11 14 0.022370491 
123 238 17 22 0.022335347 
545 469 10 14 0.022166274 
793 92 11 13 0.021931801 
460 430 12 14 0.02187619 
532 476 10 13 0.021865647 
478 382 13 16 0.021824863 
1014 62 8 12 0.021799661 
543 337 15 18 0.021653868 
564 470 10 13 0.021564117 
555 369 37 47 0.021504302 
96 236 42 47 0.021315861 
812 127 50 63 0.02131556 
159 202 26 33 0.021028085 
351 472 11 14 0.02076203 
193 549 10 12 0.02075126 
525 453 11 15 0.020716088 
661 104 16 21 0.020420425 
639 438 31 37 0.020273747 
313 431 8 10 0.020091258 
144 270 55 61 0.020032126 
