10_People_Marching_People_Marching_2_36
301
813 329 35 39 0.9953015 
649 304 28 34 0.99378526 
948 330 39 45 0.992535 
697 302 30 39 0.9922646 
751 315 31 36 0.9905296 
557 324 32 38 0.9900567 
303 334 34 40 0.9853682 
501 318 29 37 0.98450154 
428 302 28 36 0.9739354 
254 320 33 40 0.9537336 
385 294 26 34 0.95267195 
10 311 19 20 0.9442215 
31 287 17 21 0.94166756 
50 408 15 18 0.921622 
673 269 17 20 0.8971471 
593 273 21 27 0.8963062 
119 288 27 33 0.8889322 
852 289 19 22 0.8845698 
899 302 15 20 0.85929537 
223 316 28 34 0.84323084 
828 290 18 21 0.8102055 
471 306 28 36 0.7777124 
151 304 29 35 0.7229038 
130 292 25 33 0.62763566 
926 292 16 20 0.61566764 
140 299 29 33 0.60063654 
93 309 14 19 0.58676577 
973 295 15 18 0.49715653 
356 287 24 28 0.48303184 
107 414 13 16 0.46528625 
959 280 15 18 0.4603055 
315 289 26 30 0.44554442 
267 318 35 35 0.42797062 
1005 291 15 19 0.36398977 
629 297 15 19 0.36213863 
572 319 30 33 0.34357244 
568 290 16 17 0.3357492 
356 313 26 32 0.33410192 
10 344 14 18 0.32517016 
114 288 19 26 0.31199372 
611 323 23 30 0.3025391 
637 293 14 18 0.3022374 
486 316 30 36 0.30077106 
942 287 15 20 0.29747844 
28 338 20 26 0.26838672 
60 378 11 15 0.23844077 
77 374 13 17 0.23697786 
60 238 13 17 0.22723933 
524 283 25 27 0.20147245 
665 332 26 30 0.19666497 
141 429 10 12 0.19251136 
970 334 34 36 0.16216324 
188 313 26 31 0.15943308 
318 334 34 37 0.15660447 
432 451 14 17 0.15583403 
513 313 30 35 0.15345396 
365 289 26 32 0.14366302 
888 326 29 39 0.13938452 
404 318 23 30 0.13742012 
232 319 33 37 0.13521662 
615 307 22 28 0.13021196 
826 326 37 37 0.12641713 
533 276 24 29 0.11659847 
947 284 16 19 0.11242908 
347 287 22 29 0.11062252 
258 230 16 18 0.110180244 
719 282 13 15 0.108943604 
751 226 24 30 0.107641764 
136 439 10 11 0.10597096 
810 287 26 32 0.1046006 
356 296 29 35 0.10434502 
398 451 13 18 0.102395475 
48 223 9 11 0.10108737 
102 295 26 33 0.09993444 
620 300 16 18 0.094313405 
334 287 21 27 0.09068061 
304 280 24 33 0.09018805 
329 289 17 22 0.089197196 
31 335 14 17 0.08806488 
394 303 28 33 0.08583239 
964 284 19 24 0.08133262 
42 246 8 11 0.0804712 
692 285 13 16 0.08041418 
0 393 9 15 0.080352135 
56 372 14 16 0.07770843 
19 337 19 25 0.07742788 
28 403 15 18 0.07665514 
684 308 27 32 0.0739687 
174 339 16 20 0.07396529 
62 233 10 13 0.0719398 
623 301 22 26 0.07060798 
206 315 30 32 0.069863625 
622 231 15 19 0.06847301 
437 444 13 19 0.06698558 
638 290 24 30 0.06627478 
870 315 12 16 0.06583331 
12 451 13 16 0.06467655 
486 227 17 21 0.06331693 
742 465 11 16 0.062768586 
416 310 27 35 0.061990097 
887 298 26 29 0.060719367 
122 403 12 16 0.058955796 
544 271 26 29 0.058454 
592 286 23 29 0.058398087 
111 286 15 20 0.057397164 
0 350 9 16 0.057370204 
99 437 15 18 0.056300562 
772 348 26 32 0.055708855 
998 284 14 18 0.05551299 
763 335 32 39 0.054158583 
958 407 13 17 0.05402798 
20 430 12 16 0.0538393 
558 297 16 19 0.05371739 
670 446 9 12 0.05371698 
710 301 32 35 0.052551392 
104 407 12 15 0.052518945 
28 373 16 20 0.051779546 
517 290 25 28 0.051725425 
750 321 18 23 0.05110393 
-2 326 7 12 0.050664928 
109 238 13 14 0.050285224 
941 327 13 19 0.049761742 
684 218 11 13 0.049674492 
4 405 10 13 0.049667276 
29 238 8 10 0.049583673 
723 339 18 22 0.04863879 
17 247 10 12 0.048402146 
333 328 27 36 0.048235897 
205 461 9 12 0.04802101 
631 275 10 13 0.047057975 
30 254 8 10 0.04685326 
403 443 13 17 0.045632657 
135 443 10 12 0.04552957 
53 221 8 11 0.045433663 
580 293 14 17 0.044967577 
59 366 12 15 0.044749636 
6 246 9 12 0.044295743 
299 273 45 51 0.043829795 
299 280 16 21 0.043357044 
546 287 15 18 0.042910896 
794 325 24 32 0.042836264 
112 207 10 11 0.04280089 
122 321 16 21 0.041914783 
931 284 20 26 0.041880723 
637 305 25 31 0.041267596 
168 309 32 31 0.04105542 
466 211 14 18 0.041034266 
781 342 26 34 0.041022908 
23 449 14 18 0.04046865 
603 296 23 30 0.040433533 
902 262 8 10 0.03982382 
273 302 33 39 0.039721623 
737 222 24 29 0.039566696 
124 409 13 15 0.039366476 
62 384 12 15 0.039358236 
687 201 11 13 0.038932618 
73 371 13 16 0.038382646 
497 201 473 520 0.038151905 
1000 277 13 16 0.037877135 
314 285 17 23 0.03727404 
761 233 16 20 0.0372586 
9 334 12 15 0.03686494 
586 294 17 20 0.036524896 
349 191 13 16 0.036260128 
81 225 10 11 0.03598726 
206 332 26 30 0.03590033 
100 426 15 18 0.035764873 
765 281 12 14 0.03498185 
686 237 12 16 0.034608196 
139 434 12 14 0.03450631 
675 320 27 32 0.0339931 
5 251 10 13 0.033957496 
152 421 11 13 0.033521384 
553 282 15 18 0.033470586 
787 294 12 14 0.03334835 
105 316 22 28 0.033019517 
636 277 13 16 0.03294896 
305 275 15 18 0.03266004 
159 289 54 58 0.032615285 
580 265 13 17 0.03235166 
766 311 31 35 0.03234773 
558 298 26 30 0.032130767 
666 307 28 28 0.031514164 
805 294 17 23 0.030813834 
280 347 27 34 0.03035214 
165 322 29 30 0.030103907 
156 431 12 15 0.029557262 
527 315 26 34 0.029118527 
620 367 11 14 0.029111221 
978 285 15 18 0.02907816 
350 318 16 22 0.028929928 
68 387 13 16 0.028792398 
684 305 17 21 0.028761461 
424 329 25 35 0.028008651 
89 301 11 15 0.027944455 
22 251 9 11 0.02784315 
711 279 23 24 0.027813163 
452 331 16 20 0.027759878 
743 320 14 21 0.027673423 
946 293 17 21 0.027668132 
24 232 9 10 0.027544675 
114 418 15 19 0.027500227 
690 290 26 34 0.027455676 
98 309 22 28 0.027402963 
820 284 19 25 0.027301343 
60 420 12 15 0.02723746 
85 229 9 11 0.027161686 
990 291 12 16 0.027050653 
783 239 9 12 0.02704347 
369 315 15 22 0.026821407 
300 483 33 43 0.026808588 
70 367 12 14 0.026554238 
589 228 12 16 0.026288142 
77 422 11 13 0.026218241 
5 332 22 27 0.026120884 
857 287 22 31 0.02590391 
293 288 14 18 0.025896633 
116 410 13 16 0.025797816 
370 284 16 20 0.025753068 
150 428 11 14 0.025508536 
646 312 40 45 0.025406862 
1004 300 16 22 0.025402715 
29 428 12 15 0.025362639 
819 299 33 42 0.025300931 
782 321 26 33 0.025210531 
893 295 16 20 0.025153924 
49 238 10 12 0.025087025 
397 414 11 13 0.025078429 
157 356 12 16 0.02507242 
71 422 11 14 0.024917766 
872 302 23 31 0.024863014 
380 381 12 16 0.024862872 
739 300 13 19 0.024835952 
290 334 31 37 0.024687298 
347 336 14 22 0.024651304 
716 343 16 19 0.024578644 
544 261 12 12 0.024349349 
955 296 15 18 0.024322912 
411 292 17 21 0.024283392 
775 290 28 32 0.024151137 
540 348 12 17 0.02414444 
643 287 14 19 0.023991667 
35 403 14 19 0.023942469 
337 414 28 34 0.023942309 
67 245 10 12 0.023930104 
62 427 10 12 0.023910454 
1 254 8 12 0.023831412 
593 326 17 22 0.023783011 
445 320 29 35 0.02376257 
142 282 47 55 0.02372515 
791 285 28 34 0.023682673 
812 301 16 20 0.023659462 
724 298 25 32 0.023624161 
574 218 13 15 0.023564417 
801 323 16 22 0.023553941 
605 328 15 23 0.023244632 
349 322 25 39 0.023133796 
347 274 15 17 0.023130985 
506 273 14 17 0.023080608 
287 321 19 22 0.022796454 
387 165 22 32 0.022716377 
738 213 40 48 0.022636779 
22 409 13 16 0.022616131 
988 419 29 31 0.022553578 
203 308 51 50 0.022469513 
0 409 10 15 0.022435566 
481 300 20 26 0.022321194 
428 342 16 21 0.022192866 
256 392 11 15 0.022145618 
985 287 22 27 0.022104753 
577 298 25 32 0.022101104 
85 359 24 30 0.02206672 
773 237 11 14 0.022064405 
293 270 26 33 0.02191943 
88 294 10 14 0.021883849 
124 398 12 16 0.02181034 
609 281 15 19 0.021735804 
272 378 11 14 0.021328574 
28 436 12 15 0.021263285 
718 290 25 30 0.021242805 
153 435 11 14 0.02117202 
6 240 9 11 0.02103605 
863 320 13 19 0.020964788 
998 294 17 20 0.020849649 
11 420 16 19 0.020847932 
331 365 25 31 0.020758571 
47 369 12 17 0.020723311 
348 274 25 31 0.020675657 
680 216 11 12 0.020661121 
10 439 20 25 0.020632582 
40 241 8 10 0.020552682 
297 303 43 51 0.020511284 
524 347 24 33 0.020447671 
39 251 10 12 0.020370645 
973 295 24 28 0.02027713 
126 462 10 12 0.020263804 
890 322 18 25 0.020199804 
920 296 15 20 0.020115579 
99 299 17 22 0.020104367 
336 499 11 14 0.02010235 
428 432 22 29 0.020023778 
