10_People_Marching_People_Marching_2_236
73
462 154 32 43 0.93293464 
37 123 12 14 0.69916356 
975 125 11 13 0.43997076 
1 124 10 14 0.3829214 
708 125 14 19 0.37026405 
802 131 18 22 0.30843705 
917 126 12 14 0.2667297 
876 129 11 15 0.25494695 
557 150 36 56 0.23337829 
993 305 21 30 0.2121323 
311 213 11 14 0.14768042 
476 121 24 27 0.1401057 
602 112 18 21 0.11200855 
702 117 11 13 0.09587815 
283 226 14 19 0.09124865 
837 118 11 15 0.08262687 
829 121 11 15 0.081009455 
766 169 56 74 0.08038723 
475 118 17 19 0.06339777 
714 127 14 17 0.062152993 
556 127 12 14 0.05662881 
278 232 21 27 0.053813234 
618 151 38 57 0.05301725 
141 117 12 14 0.05273422 
922 124 11 14 0.051195256 
587 101 47 55 0.045652084 
138 143 38 56 0.044602897 
724 126 12 16 0.04169565 
601 482 28 36 0.040953062 
290 225 15 19 0.039845627 
847 123 11 13 0.039478432 
853 123 9 12 0.036798052 
927 155 13 16 0.032964613 
307 208 20 24 0.030969834 
911 128 13 16 0.030504197 
876 53 15 19 0.030037658 
706 118 13 18 0.02846292 
755 142 89 117 0.02845153 
182 241 14 19 0.028295795 
504 145 26 39 0.02794037 
597 118 18 22 0.027442157 
471 131 45 57 0.026952717 
277 247 14 18 0.026437657 
916 119 19 24 0.026371736 
909 189 11 14 0.026177345 
823 162 14 19 0.025895674 
980 128 13 16 0.025605643 
872 126 19 22 0.025510835 
0 119 16 24 0.025356594 
528 144 34 51 0.024518855 
322 228 30 29 0.024261102 
823 118 14 17 0.024083037 
307 284 41 42 0.02402394 
477 128 31 35 0.024021251 
620 337 68 73 0.02376941 
572 112 55 69 0.023532266 
958 123 10 14 0.023340223 
832 99 11 14 0.023054892 
808 98 13 16 0.022783577 
301 299 35 37 0.022782745 
147 138 17 21 0.022698205 
12 153 14 18 0.022660522 
978 190 15 20 0.022641797 
141 135 30 34 0.02257836 
594 98 30 36 0.022559084 
563 170 46 61 0.022470284 
856 164 10 13 0.022200897 
140 159 17 25 0.021792706 
777 16 202 224 0.021599494 
473 161 34 39 0.02117735 
153 138 31 37 0.02080131 
794 178 44 61 0.02077438 
978 273 17 22 0.020162685 
