29_Students_Schoolkids_Students_Schoolkids_29_432
174
591 -4 73 65 0.9786391 
893 145 64 106 0.76563126 
123 351 25 39 0.28687313 
790 462 46 80 0.28687313 
490 369 228 319 0.26558137 
178 479 12 18 0.18645167 
205 398 11 21 0.13944872 
336 482 257 393 0.13594593 
203 482 15 21 0.1293704 
148 483 11 18 0.11991897 
380 304 34 50 0.118850335 
150 323 27 35 0.118850335 
198 399 12 24 0.111069925 
767 482 209 334 0.1065206 
210 401 8 13 0.09507551 
457 132 29 43 0.09308393 
83 564 25 34 0.09308393 
151 476 8 12 0.08787667 
246 388 24 37 0.07880669 
17 413 8 12 0.074940585 
80 565 16 24 0.07494057 
563 36 101 138 0.06984133 
147 497 7 10 0.0691498 
406 77 32 46 0.06655858 
122 575 21 34 0.06655858 
385 350 249 404 0.064067975 
221 393 7 11 0.06377564 
234 708 53 70 0.06111947 
124 630 21 36 0.06111947 
427 348 64 65 0.06111947 
368 299 13 19 0.05879275 
153 481 9 15 0.05879275 
126 467 14 20 0.05879275 
838 560 126 190 0.05874174 
29 656 97 136 0.05874174 
278 318 32 49 0.056098126 
675 378 63 79 0.056098126 
260 586 75 102 0.056098126 
120 660 23 40 0.056098126 
40 345 83 123 0.056098126 
263 306 53 78 0.056098126 
465 295 70 76 0.056098126 
146 491 8 12 0.054176662 
36 466 15 24 0.054176662 
142 318 16 23 0.054176662 
27 508 11 20 0.054176662 
21 307 138 193 0.053832818 
409 370 79 64 0.051466707 
877 100 114 167 0.04931264 
161 389 23 34 0.047198545 
29 374 25 33 0.047198545 
746 68 63 94 0.047198545 
88 352 30 40 0.047198545 
46 549 12 20 0.04595155 
142 485 8 12 0.045951538 
140 455 7 11 0.045951538 
144 325 8 12 0.045951538 
28 541 109 174 0.045153897 
314 382 24 34 0.04326818 
67 567 26 35 0.04326818 
65 519 8 12 0.04229837 
311 323 13 20 0.04229837 
218 391 13 19 0.04229837 
178 76 239 365 0.04133062 
739 628 57 79 0.039651502 
183 141 64 94 0.039651502 
331 400 22 33 0.039651494 
184 480 8 15 0.038923774 
15 504 7 12 0.038923774 
178 404 16 24 0.038923774 
148 467 7 10 0.038923774 
256 380 15 24 0.038923774 
278 196 215 306 0.03781825 
319 359 25 34 0.036325652 
491 341 58 80 0.036325645 
220 428 13 19 0.035808332 
200 363 6 10 0.035808332 
48 421 16 24 0.035808332 
324 389 23 34 0.033269096 
322 340 25 39 0.033269096 
362 296 59 78 0.033269096 
98 681 16 25 0.03293372 
48 622 14 23 0.03293372 
185 103 106 155 0.03163486 
304 268 119 182 0.03163486 
625 -18 191 365 0.03163486 
318 396 22 33 0.030461604 
113 530 25 37 0.030461604 
337 407 22 35 0.030461596 
40 415 51 87 0.030461596 
956 210 58 80 0.030461596 
184 335 25 39 0.030461596 
11 51 79 125 0.030461596 
108 482 26 43 0.030461596 
726 58 58 87 0.030461596 
337 278 13 19 0.030282615 
203 366 7 11 0.030282615 
242 393 15 26 0.030282615 
0 340 12 23 0.030282615 
208 404 13 20 0.030282615 
67 553 12 18 0.030282615 
779 418 116 157 0.028921604 
269 448 30 40 0.027884193 
73 702 29 35 0.027884193 
970 222 32 46 0.027884193 
617 -1 69 94 0.027884185 
240 363 50 75 0.027884185 
148 334 16 26 0.027838783 
11 499 13 20 0.027838783 
366 303 8 13 0.027838783 
223 389 8 12 0.027838783 
150 343 17 25 0.027838783 
230 413 16 21 0.027838783 
164 358 7 11 0.027838783 
105 501 14 19 0.027838778 
308 398 18 27 0.027838778 
246 386 15 24 0.027838778 
920 713 97 119 0.026434705 
183 403 9 13 0.02558696 
119 580 13 19 0.02558696 
19 723 14 22 0.02558696 
144 472 6 11 0.02558696 
73 555 8 12 0.02558696 
221 379 13 20 0.02558696 
116 469 15 21 0.02558696 
161 335 16 25 0.02558696 
199 467 8 12 0.02558696 
89 558 15 23 0.02558696 
915 534 91 91 0.025519116 
107 573 22 34 0.025519116 
56 516 21 30 0.025519116 
768 91 38 58 0.025519116 
758 78 34 53 0.025519116 
141 309 30 43 0.025519116 
32 449 51 82 0.025519116 
121 461 22 35 0.025519116 
355 312 12 17 0.02351288 
173 486 8 12 0.02351288 
379 289 13 20 0.02351288 
135 455 9 13 0.02351288 
201 471 9 12 0.02351288 
30 697 9 12 0.02351288 
82 567 8 13 0.02351288 
559 87 67 87 0.023349825 
126 129 57 86 0.023349825 
61 424 50 86 0.023349825 
152 362 25 38 0.023349825 
767 109 62 76 0.023349825 
220 280 109 153 0.022069868 
228 627 114 150 0.022069868 
2 423 8 12 0.021603195 
125 412 19 30 0.021603195 
230 291 5 8 0.021603195 
158 486 9 13 0.021603195 
106 488 15 24 0.021603195 
200 473 13 20 0.021603195 
164 492 8 12 0.021603195 
0 431 12 23 0.021603195 
233 402 16 24 0.021603195 
245 387 8 13 0.021603195 
203 373 8 12 0.021603195 
160 353 13 18 0.021603195 
69 706 17 25 0.021603195 
154 344 8 12 0.021603195 
342 283 7 11 0.021603195 
254 302 18 27 0.021603195 
352 591 12 17 0.021603195 
230 616 61 76 0.021360904 
142 630 26 40 0.021360898 
219 384 20 30 0.021360898 
788 412 68 95 0.021360898 
479 -6 183 284 0.0201599 
476 124 200 288 0.0201599 
709 20 123 169 0.0201599 
