29_Students_Schoolkids_Students_Schoolkids_29_585
131
463 52 71 81 0.9996376 
110 168 42 52 0.9863452 
281 221 7 8 0.24479094 
307 452 90 109 0.18550259 
854 627 11 14 0.15017675 
168 222 7 8 0.1293704 
332 233 7 8 0.11991897 
967 32 28 34 0.118850335 
191 226 7 10 0.111069925 
331 290 19 24 0.09507551 
346 241 10 11 0.0691498 
247 287 12 18 0.05879275 
745 -55 197 229 0.05874174 
992 88 27 34 0.056098126 
386 359 97 142 0.053832818 
356 341 98 119 0.053832814 
357 346 63 73 0.051466707 
915 36 8 9 0.04990379 
268 285 7 9 0.049903784 
891 653 13 16 0.04595155 
859 558 5 6 0.04595155 
112 376 7 9 0.04595155 
856 13 7 9 0.04229837 
264 258 5 7 0.04229837 
329 231 12 14 0.04229837 
106 386 13 17 0.04229837 
880 19 5 7 0.038923774 
180 229 8 9 0.038923774 
814 615 13 15 0.038923774 
338 110 28 33 0.036325645 
648 14 6 7 0.035808332 
90 402 7 9 0.035808332 
909 39 13 16 0.035808332 
908 636 6 8 0.03293372 
186 227 7 9 0.03293372 
280 218 7 8 0.032933712 
482 592 5 5 0.032933712 
-60 445 212 225 0.03163486 
785 3 104 128 0.03163486 
134 275 23 31 0.030461596 
274 317 14 18 0.030282615 
490 610 5 6 0.030282615 
122 282 8 10 0.030282615 
864 614 7 10 0.030282615 
858 503 5 7 0.030282615 
178 233 8 10 0.030282615 
865 28 6 8 0.030282615 
857 553 6 8 0.030282615 
684 15 64 71 0.027884193 
374 362 35 39 0.027884185 
914 34 13 16 0.027838783 
245 286 10 12 0.027838783 
888 34 8 10 0.027838783 
847 551 7 10 0.027838783 
426 621 6 7 0.027838783 
838 528 6 7 0.027838783 
822 528 5 7 0.027838783 
888 25 6 7 0.027838783 
165 302 7 11 0.027838783 
549 600 5 5 0.027838783 
866 537 4 5 0.027838783 
861 606 12 16 0.027838783 
885 600 7 8 0.027838783 
289 269 5 6 0.027838783 
1 463 8 12 0.027838778 
912 47 7 9 0.027838778 
386 339 13 17 0.027838778 
882 612 8 10 0.027838778 
482 611 4 5 0.027838778 
187 276 6 7 0.027838778 
862 60 13 16 0.027838778 
782 342 104 136 0.026434705 
702 207 197 269 0.026434705 
635 6 6 6 0.02558696 
907 29 6 7 0.02558696 
907 17 7 9 0.02558696 
872 36 8 9 0.02558696 
867 534 4 5 0.02558696 
839 525 5 6 0.02558696 
1010 426 4 5 0.02558696 
276 302 8 10 0.02558696 
18 352 6 8 0.02558696 
288 245 8 9 0.02558696 
324 212 5 6 0.02558696 
846 655 14 22 0.02558696 
838 568 6 8 0.02558696 
29 363 14 16 0.02558696 
317 585 69 75 0.025519116 
859 60 111 116 0.024156325 
878 612 14 17 0.02351288 
24 362 6 7 0.02351288 
857 78 18 20 0.02351288 
818 536 5 8 0.02351288 
1 666 8 10 0.02351288 
888 27 7 9 0.02351288 
396 339 7 9 0.02351288 
856 550 6 7 0.02351288 
836 566 6 7 0.02351288 
306 24 59 71 0.023349825 
509 263 215 254 0.022069868 
404 372 222 265 0.022069868 
894 124 101 160 0.022069868 
612 -5 114 109 0.022069868 
486 614 4 5 0.021603195 
121 416 6 8 0.021603195 
567 662 5 5 0.021603195 
354 474 5 6 0.021603195 
331 296 7 9 0.021603195 
344 242 15 19 0.021603195 
198 297 6 8 0.021603195 
1 361 12 17 0.021603195 
572 627 4 5 0.021603195 
853 524 4 4 0.021603195 
684 0 6 6 0.021603195 
855 25 8 10 0.021603195 
171 221 6 8 0.021603195 
875 533 4 5 0.021603195 
549 598 4 5 0.021603195 
860 609 6 8 0.021603195 
731 610 8 10 0.021603195 
80 426 4 6 0.021603195 
735 511 48 64 0.021360904 
122 156 35 47 0.021360904 
910 31 26 30 0.021360898 
425 431 60 83 0.021360898 
987 136 23 33 0.021360898 
112 287 23 29 0.021360898 
851 629 19 28 0.021360898 
284 576 67 74 0.021360898 
5 478 117 142 0.0201599 
256 553 106 121 0.0201599 
