29_Students_Schoolkids_Students_Schoolkids_29_902
32
435 108 104 153 0.9995359 
716 308 58 89 0.9988171 
969 371 43 62 0.9863452 
284 283 40 72 0.9695384 
889 351 44 61 0.9334414 
763 487 246 355 0.78491884 
23 533 218 316 0.71599656 
147 526 232 330 0.3647484 
270 518 225 321 0.24794048 
398 506 232 321 0.2311026 
515 243 218 316 0.2311026 
305 274 57 82 0.16258557 
674 538 235 361 0.15916684 
612 485 212 311 0.13594593 
-7 569 160 215 0.09803478 
488 471 265 366 0.090156734 
614 283 32 50 0.072444364 
14 20 78 115 0.051466707 
622 261 13 21 0.04990379 
707 -12 215 325 0.045153886 
877 507 130 238 0.04133062 
797 85 218 345 0.04133061 
482 185 183 285 0.034593605 
540 8 67 89 0.033269096 
9 56 83 160 0.028921604 
422 135 186 273 0.028921604 
109 564 158 215 0.026434705 
609 272 55 76 0.025519116 
869 366 30 40 0.023349825 
402 63 49 79 0.023349825 
620 263 27 40 0.021360904 
459 260 35 39 0.021360898 
