29_Students_Schoolkids_Students_Schoolkids_29_477
77
869 292 65 86 0.9991779 
729 85 32 40 0.9990996 
436 102 47 61 0.9982981 
869 199 51 69 0.99614596 
842 138 43 59 0.99047405 
833 100 35 48 0.98751885 
822 152 20 26 0.31433135 
271 56 200 253 0.24794048 
790 133 11 14 0.22912635 
340 200 25 26 0.1753677 
697 440 249 281 0.115646794 
963 395 65 96 0.08567618 
490 105 64 71 0.072444364 
294 126 68 94 0.07244435 
396 272 24 24 0.069149815 
834 103 20 29 0.0691498 
869 100 29 41 0.06655857 
890 0 10 10 0.06377564 
236 79 7 9 0.06377564 
159 67 6 8 0.05879275 
848 105 35 48 0.056098126 
921 389 85 116 0.04931264 
7 412 218 269 0.04931264 
880 2 7 9 0.04595155 
69 114 194 250 0.045153886 
836 90 25 34 0.04326818 
876 83 23 31 0.04326818 
451 43 194 253 0.04133061 
72 46 51 56 0.039651502 
46 317 52 94 0.039651502 
499 115 38 43 0.039651494 
834 62 23 28 0.039651494 
896 354 89 123 0.03781825 
920 168 68 86 0.036325652 
7 160 5 6 0.035808332 
843 7 6 8 0.035808332 
612 600 69 78 0.033269096 
823 80 17 18 0.03293372 
0 144 4 7 0.032933712 
883 405 91 119 0.03163486 
828 74 23 27 0.030461604 
177 128 7 9 0.030282615 
363 490 5 5 0.030282615 
842 230 94 116 0.028921604 
301 410 215 261 0.028921604 
477 92 103 136 0.028921604 
298 67 4 5 0.027838783 
739 0 4 4 0.027838783 
20 122 5 6 0.027838783 
197 130 7 9 0.027838783 
721 20 4 5 0.02558696 
848 3 15 18 0.02558696 
579 163 5 7 0.02558696 
894 406 56 67 0.025519116 
876 307 90 114 0.024156325 
886 0 8 9 0.02351288 
851 20 6 8 0.02351288 
318 66 4 5 0.02351288 
509 123 21 22 0.02351288 
489 122 31 37 0.023349825 
176 169 25 30 0.023349825 
156 91 209 250 0.022069868 
878 0 7 7 0.0216032 
401 657 4 5 0.021603195 
796 119 5 6 0.021603195 
348 498 5 7 0.021603195 
290 563 5 5 0.021603195 
874 2 7 10 0.021603195 
848 6 6 9 0.021603195 
490 47 6 7 0.021603195 
899 51 7 9 0.021603195 
888 0 18 19 0.021603195 
897 43 25 31 0.021360898 
840 76 26 31 0.021360898 
287 535 75 94 0.021360898 
218 311 130 149 0.0201599 
118 67 126 163 0.0201599 
