29_Students_Schoolkids_Students_Schoolkids_29_374
65
392 116 21 29 0.9949414 
690 131 27 34 0.99129593 
386 245 54 75 0.811072 
481 473 60 86 0.5227497 
388 281 69 63 0.28687313 
427 452 37 48 0.28687313 
325 485 58 73 0.268611 
464 486 58 58 0.2511021 
474 0 13 15 0.22912638 
453 20 42 70 0.1753677 
471 90 12 17 0.17366186 
810 90 9 10 0.15017675 
381 260 15 18 0.15017675 
675 186 18 19 0.13944872 
674 164 13 17 0.09507551 
732 100 17 29 0.07494057 
655 118 203 253 0.06984133 
99 57 26 38 0.06655858 
436 467 49 58 0.06655857 
478 18 12 18 0.06377564 
405 437 52 59 0.056098126 
456 498 42 40 0.051466707 
468 86 20 27 0.051466707 
470 20 25 40 0.051466707 
723 82 6 8 0.04990379 
497 449 69 97 0.047198545 
689 203 215 253 0.045153886 
96 43 45 61 0.04326818 
510 24 6 7 0.04229837 
403 235 35 48 0.039651502 
756 0 36 26 0.039651494 
198 459 246 307 0.03781825 
425 180 134 167 0.03781825 
113 33 51 64 0.036325652 
803 -17 265 246 0.034593605 
719 140 17 22 0.032933712 
895 38 126 149 0.03163486 
139 94 32 37 0.030461596 
384 252 28 41 0.030461596 
727 141 15 19 0.030282615 
170 71 6 7 0.030282615 
251 56 16 24 0.030282615 
7 23 98 123 0.028921604 
658 312 58 66 0.027884193 
627 528 16 23 0.027838783 
713 133 19 25 0.027838778 
473 99 116 183 0.02643471 
186 302 104 119 0.026434705 
726 80 6 7 0.02558696 
666 189 8 9 0.02558696 
677 7 6 7 0.02351288 
475 29 29 49 0.023349825 
445 38 31 49 0.023349825 
728 -5 55 54 0.023349825 
405 256 59 70 0.023349825 
375 179 100 119 0.022069868 
690 149 109 183 0.022069868 
658 238 7 9 0.021603195 
483 4 9 11 0.021603195 
466 1 9 10 0.021603195 
186 38 23 33 0.021360904 
456 49 31 52 0.021360904 
737 313 64 68 0.021360904 
152 71 23 33 0.021360898 
160 327 206 246 0.0201599 
