29_Students_Schoolkids_Students_Schoolkids_29_42
98
274 217 158 274 0.99845755 
186 163 25 38 0.9821322 
561 263 19 32 0.97441304 
520 269 12 25 0.96107626 
812 453 91 190 0.9461671 
171 183 203 358 0.71599656 
449 197 18 35 0.43536806 
491 510 225 403 0.4085711 
40 495 114 190 0.30317584 
238 305 242 421 0.24794048 
307 482 273 328 0.19988178 
900 400 100 150 0.18550259 
-8 484 191 338 0.17193556 
599 259 32 55 0.16258557 
49 0 225 391 0.15916686 
697 208 235 343 0.14717786 
271 480 142 233 0.13594593 
582 395 7 13 0.111069925 
218 195 25 42 0.109639935 
347 28 225 386 0.090156734 
791 379 206 300 0.090156734 
507 279 23 38 0.08567618 
670 267 55 107 0.08567618 
558 84 239 403 0.08285364 
661 616 197 348 0.08285364 
185 423 218 374 0.08285364 
619 287 62 129 0.07880669 
5 595 239 397 0.076092646 
612 386 7 14 0.074940585 
438 200 30 53 0.07244435 
541 398 53 90 0.07244435 
5 80 128 247 0.06984133 
641 619 85 109 0.06655857 
624 235 194 323 0.064067975 
498 260 14 23 0.06377564 
491 240 22 39 0.06111947 
918 -5 100 107 0.056098126 
541 690 28 39 0.056098126 
671 308 34 69 0.056098126 
604 275 18 34 0.054176662 
811 14 119 187 0.053832818 
354 217 158 323 0.053832814 
141 322 83 89 0.051466707 
499 805 58 89 0.047198545 
143 335 34 48 0.047198545 
139 423 60 83 0.047198545 
1 442 95 278 0.04133061 
510 269 14 22 0.038923774 
613 162 140 244 0.03781825 
478 226 26 43 0.036325652 
898 576 32 39 0.036325645 
573 580 130 207 0.034593605 
463 -20 209 427 0.034593593 
667 316 212 363 0.034593593 
60 468 228 403 0.034593593 
708 -32 218 314 0.034593593 
417 188 50 92 0.033269096 
568 247 48 68 0.033269096 
144 -14 225 391 0.03163486 
481 258 7 12 0.030282615 
881 15 124 150 0.028921604 
784 -108 239 353 0.028921604 
146 225 27 51 0.027884193 
694 3 31 39 0.027884193 
885 558 57 73 0.027884193 
908 -1 59 89 0.027884185 
561 40 99 116 0.027884185 
134 356 79 92 0.027884185 
470 242 17 29 0.027838783 
488 241 13 24 0.027838783 
75 395 8 14 0.027838783 
569 267 19 31 0.027838778 
761 348 144 247 0.02643471 
750 585 225 338 0.02643471 
536 336 93 152 0.026434705 
435 42 134 247 0.026434705 
479 250 8 15 0.02558696 
489 246 8 15 0.02558696 
577 264 29 41 0.025519116 
602 781 69 86 0.025519116 
833 520 92 105 0.025519116 
457 216 46 83 0.025519116 
608 0 75 83 0.025519116 
481 242 14 24 0.02351288 
456 209 26 49 0.023349825 
593 226 57 92 0.023349825 
583 0 130 161 0.022069868 
684 568 93 179 0.022069868 
502 284 18 29 0.021603195 
205 180 41 67 0.021360904 
567 813 65 80 0.021360904 
498 249 23 39 0.021360898 
888 441 75 92 0.021360898 
482 226 46 75 0.021360898 
546 6 215 283 0.020159906 
587 281 95 220 0.0201599 
763 464 97 193 0.0201599 
2 125 194 391 0.0201599 
