29_Students_Schoolkids_Students_Schoolkids_29_451
27
258 275 273 660 0.999757 
370 239 269 680 0.9846489 
202 293 215 514 0.4768992 
495 363 215 613 0.47689918 
647 452 123 320 0.3436022 
687 489 76 197 0.109639935 
199 694 228 587 0.1065206 
713 105 119 366 0.08285364 
6 1149 60 147 0.07880669 
772 532 59 172 0.07880669 
229 488 203 537 0.06984133 
124 135 225 587 0.053832818 
580 412 149 412 0.04931264 
459 262 165 424 0.03781825 
916 107 68 172 0.036325652 
468 1104 34 90 0.036325645 
261 819 273 743 0.028921604 
921 741 107 320 0.028921604 
468 1049 51 124 0.027884193 
922 910 82 204 0.025519116 
537 556 134 388 0.024156325 
77 1088 29 73 0.023349825 
459 503 158 412 0.022069868 
923 312 20 51 0.021603195 
9 1063 67 175 0.021360898 
530 628 79 211 0.021360898 
-58 529 203 522 0.0201599 
