29_Students_Schoolkids_Students_Schoolkids_29_632
61
533 285 70 102 0.99952376 
355 306 58 81 0.99931467 
797 260 76 111 0.9990996 
91 293 51 70 0.9990996 
274 352 48 80 0.9973194 
13 7 218 283 0.93593204 
766 350 130 171 0.8144974 
669 117 200 310 0.59142894 
520 -7 235 328 0.4768992 
421 -5 239 288 0.3864298 
717 40 232 296 0.3436022 
671 305 212 275 0.32305852 
687 348 81 128 0.26558137 
463 373 242 310 0.2311026 
835 4 186 310 0.2311026 
627 26 206 288 0.1254451 
243 398 239 324 0.115646794 
10 566 114 124 0.115646794 
447 303 194 263 0.1065206 
770 14 126 162 0.1065206 
717 369 249 279 0.1065206 
42 316 242 301 0.1065206 
546 246 37 40 0.10106142 
265 454 34 49 0.07880669 
11 441 209 263 0.076092646 
732 225 87 135 0.064067975 
377 158 8 10 0.06377564 
19 131 28 36 0.06111947 
791 440 239 296 0.058741733 
470 309 31 37 0.047198545 
12 60 128 162 0.045153897 
191 163 14 21 0.04229837 
283 113 197 271 0.04133061 
90 118 16 21 0.035808332 
319 391 97 146 0.034593605 
76 548 126 102 0.034593593 
146 6 225 256 0.034593593 
135 111 46 59 0.033269096 
546 253 60 79 0.033269096 
380 155 6 8 0.03293372 
198 207 9 11 0.03293372 
15 136 18 26 0.032933712 
579 435 209 275 0.03163486 
715 348 101 155 0.03163486 
458 299 49 61 0.030461596 
-22 102 197 288 0.028921604 
146 116 28 35 0.027884185 
740 23 9 11 0.027838783 
432 154 9 12 0.027838783 
717 127 8 10 0.02558696 
670 181 58 87 0.025519116 
952 468 70 100 0.025519116 
633 108 27 31 0.025519116 
169 160 49 72 0.025519116 
182 134 200 296 0.024156325 
352 52 200 241 0.022069868 
17 115 49 62 0.021360904 
650 168 25 33 0.021360898 
260 468 25 38 0.021360898 
597 327 194 252 0.0201599 
382 324 178 275 0.0201599 
