29_Students_Schoolkids_Students_Schoolkids_29_624
176
146 146 47 60 0.9990138 
559 285 17 21 0.9832598 
508 251 6 7 0.87062955 
760 261 9 12 0.8135483 
252 253 6 8 0.8000445 
406 251 6 8 0.7388364 
283 255 6 7 0.7040394 
342 248 6 8 0.5858033 
798 253 6 8 0.56463194 
1009 260 12 19 0.5432222 
736 247 7 8 0.5 
204 264 7 8 0.4141967 
102 264 5 6 0.3933377 
60 260 7 8 0.3933377 
696 254 9 10 0.27822798 
41 271 5 6 0.26116365 
693 252 8 12 0.2141799 
14 319 16 19 0.19995552 
672 244 5 6 0.1864517 
759 241 5 6 0.17366186 
280 468 239 261 0.17193556 
226 295 9 10 0.16157512 
338 -3 225 277 0.15916684 
-12 286 222 253 0.15916684 
964 247 12 14 0.13944872 
963 249 7 10 0.1293704 
551 315 212 273 0.12544508 
825 239 8 9 0.11991897 
779 291 215 261 0.1065206 
819 240 9 10 0.102797605 
979 225 7 8 0.102797605 
717 164 225 265 0.09803478 
689 250 7 11 0.08787667 
492 247 6 7 0.08117401 
194 43 194 206 0.06984132 
425 343 80 98 0.06655858 
94 21 235 273 0.064067975 
337 276 209 253 0.064067975 
514 284 5 7 0.06377564 
507 276 7 8 0.06377564 
686 264 5 6 0.05879275 
337 171 215 246 0.05874174 
741 263 8 11 0.054176662 
343 127 7 8 0.054176662 
213 100 132 119 0.053832818 
39 341 249 269 0.053832814 
972 378 50 87 0.051466707 
814 253 5 6 0.04990379 
356 249 5 5 0.04990379 
209 299 9 10 0.04990379 
536 250 5 5 0.04990379 
719 255 7 8 0.04990379 
365 127 8 9 0.049903784 
491 280 5 6 0.049903784 
727 262 12 15 0.049903784 
278 266 21 28 0.047198545 
295 55 23 32 0.047198545 
246 264 6 8 0.04595155 
276 251 5 6 0.04595155 
697 248 7 8 0.045951538 
286 256 6 7 0.04229837 
683 258 11 16 0.04229837 
343 124 14 15 0.04229837 
689 254 10 15 0.04229837 
515 259 5 6 0.04229837 
279 266 8 9 0.04229837 
678 285 7 9 0.04229837 
282 253 6 7 0.04229837 
586 239 5 6 0.04229837 
542 243 6 6 0.04229837 
885 355 65 83 0.039651494 
374 132 4 5 0.038923774 
693 248 8 10 0.038923774 
211 255 218 285 0.03781825 
506 250 11 11 0.035808332 
534 251 4 5 0.035808332 
606 198 9 9 0.035808332 
226 299 9 11 0.035808332 
264 276 6 7 0.035808332 
333 405 239 250 0.034593593 
821 235 13 15 0.03293372 
543 306 7 8 0.03293372 
953 260 15 16 0.03293372 
779 263 6 7 0.032933712 
564 279 9 11 0.032933712 
818 243 7 9 0.032933712 
760 256 8 9 0.032933712 
273 252 4 6 0.032933712 
558 68 232 289 0.03163486 
93 222 23 28 0.030461596 
941 575 65 58 0.030461596 
487 264 4 5 0.030282615 
969 246 16 16 0.030282615 
500 264 4 5 0.030282615 
536 289 7 9 0.030282615 
504 233 7 8 0.030282615 
896 191 5 7 0.030282615 
391 143 6 7 0.030282615 
565 350 6 8 0.030282615 
795 255 12 15 0.030282615 
699 256 9 10 0.030282615 
529 301 8 10 0.030282615 
584 267 6 7 0.030282615 
719 247 8 9 0.030282615 
275 301 6 8 0.030282615 
1010 259 7 9 0.030282607 
93 260 25 32 0.027884193 
727 259 8 9 0.027838783 
571 301 6 9 0.027838783 
220 297 11 13 0.027838783 
780 260 5 6 0.027838783 
601 201 15 18 0.027838778 
507 273 6 7 0.027838778 
688 264 6 7 0.027838778 
72 305 4 5 0.027838778 
643 309 215 269 0.026434705 
766 218 130 178 0.026434705 
23 322 14 18 0.02558696 
718 263 6 8 0.02558696 
211 264 6 7 0.02558696 
346 68 7 8 0.02558696 
809 251 6 7 0.02558696 
503 250 8 8 0.02558696 
205 301 12 14 0.02558696 
242 259 4 6 0.02558696 
379 140 5 6 0.02558696 
754 264 8 11 0.02558696 
94 400 63 77 0.025519116 
944 253 22 22 0.025519116 
445 396 209 257 0.024156325 
259 532 138 121 0.024156325 
534 330 7 10 0.02351288 
255 264 5 7 0.02351288 
1006 263 7 9 0.02351288 
536 262 8 9 0.02351288 
732 263 12 14 0.02351288 
757 267 9 11 0.02351288 
241 277 6 8 0.02351288 
958 250 9 11 0.02351288 
523 249 4 5 0.02351288 
683 264 6 7 0.02351288 
698 246 6 6 0.02351288 
459 236 6 7 0.02351288 
238 251 6 7 0.02351288 
553 376 8 9 0.02351288 
225 268 5 6 0.02351288 
960 253 13 17 0.02351288 
590 347 8 11 0.02351288 
561 276 8 9 0.02351288 
489 262 5 6 0.02351288 
100 262 9 11 0.02351288 
877 351 116 142 0.022069868 
16 310 128 167 0.022069868 
565 339 7 9 0.021603195 
515 262 7 8 0.021603195 
371 259 5 6 0.021603195 
956 258 8 10 0.021603195 
15 309 14 16 0.021603195 
43 271 6 7 0.021603195 
347 248 5 7 0.021603195 
589 335 7 8 0.021603195 
870 193 7 8 0.021603195 
755 244 5 6 0.021603195 
383 92 4 5 0.021603195 
278 266 13 15 0.021603195 
769 264 6 7 0.021603195 
200 266 7 8 0.021603195 
782 277 7 8 0.021603195 
356 287 5 7 0.021603195 
238 269 4 5 0.021603195 
533 287 6 7 0.021603195 
425 39 67 84 0.021360904 
752 256 20 24 0.021360898 
603 194 26 30 0.021360898 
798 292 22 31 0.021360898 
746 298 121 165 0.0201599 
