29_Students_Schoolkids_Students_Schoolkids_29_211
77
567 134 106 150 0.9993284 
812 217 52 68 0.188928 
200 104 149 177 0.13594593 
189 -16 228 288 0.13594593 
826 188 6 8 0.111069925 
91 253 126 187 0.09015675 
929 187 8 10 0.08787667 
770 464 88 57 0.08567618 
876 48 75 71 0.08567616 
348 392 27 37 0.08567616 
891 287 61 85 0.07880669 
854 212 14 19 0.0691498 
619 535 78 128 0.064067975 
641 134 206 288 0.064067975 
232 629 23 33 0.06111947 
736 472 197 263 0.05874174 
767 325 52 94 0.056098126 
855 201 8 9 0.054176662 
852 200 13 18 0.054176662 
34 320 165 267 0.053832814 
9 214 197 267 0.04931264 
342 381 46 60 0.047198545 
296 4 119 157 0.045153897 
901 265 95 117 0.045153897 
141 290 111 146 0.045153897 
530 3 43 69 0.04326818 
894 167 6 8 0.04229837 
142 584 59 71 0.039651502 
763 386 54 85 0.039651494 
177 462 8 12 0.038923774 
825 207 7 9 0.038923774 
286 336 218 284 0.03781825 
884 188 7 9 0.035808332 
951 194 5 7 0.035808332 
841 181 5 7 0.035808332 
644 522 109 142 0.034593605 
748 163 21 25 0.033269096 
299 418 13 16 0.03293372 
959 158 6 9 0.03293372 
107 348 101 193 0.03163486 
730 650 67 52 0.030461604 
888 542 23 30 0.030461604 
114 214 28 34 0.030461604 
898 167 6 8 0.030282615 
892 167 5 8 0.030282615 
808 222 34 42 0.027884193 
894 187 25 35 0.027884193 
54 203 52 72 0.027884185 
771 329 31 60 0.027884185 
54 695 6 7 0.02558696 
912 219 13 17 0.02558696 
928 146 5 8 0.02558696 
849 197 23 30 0.025519116 
842 190 23 29 0.025519116 
155 581 30 36 0.025519116 
613 476 51 71 0.025519116 
778 408 206 252 0.024156325 
736 294 103 169 0.024156325 
663 6 218 275 0.024156325 
898 21 12 16 0.02351288 
967 291 5 7 0.02351288 
900 192 6 8 0.02351288 
70 696 7 8 0.02351288 
286 442 13 18 0.02351288 
80 692 4 6 0.02351288 
1010 38 6 7 0.02351288 
782 441 69 53 0.023349825 
140 574 30 33 0.023349825 
796 526 117 164 0.022069868 
924 184 7 9 0.021603195 
394 587 13 17 0.021603195 
66 695 7 8 0.021603195 
361 230 14 19 0.021603195 
351 390 16 22 0.021603195 
102 200 48 56 0.021360904 
972 21 53 77 0.021360893 
773 324 114 169 0.0201599 
