29_Students_Schoolkids_Students_Schoolkids_29_126
35
17 74 281 460 0.9993876 
564 31 261 503 0.99911374 
691 8 257 495 0.9957462 
108 605 257 467 0.99261475 
119 -12 298 549 0.991905 
55 578 209 391 0.98934454 
-67 6 257 488 0.56891036 
410 634 257 495 0.5461031 
189 780 197 374 0.43108967 
499 766 225 403 0.2840034 
322 678 235 474 0.24794048 
266 535 239 434 0.17193556 
805 87 209 447 0.1254451 
507 128 212 447 0.115646794 
689 390 136 259 0.1065206 
111 378 265 434 0.09803478 
658 213 215 415 0.09803478 
-5 354 269 533 0.05874174 
40 644 138 262 0.045153897 
333 424 222 427 0.03781825 
191 247 277 518 0.034593593 
251 37 191 415 0.034593593 
284 522 61 107 0.027884193 
101 932 56 101 0.027884193 
421 547 62 118 0.027884185 
75 732 64 120 0.025519116 
445 571 35 69 0.025519116 
391 -56 232 434 0.024156325 
175 598 140 295 0.024156325 
497 536 60 110 0.023349825 
279 866 71 116 0.023349825 
172 663 78 140 0.023349825 
230 820 71 133 0.021360898 
1 795 55 155 0.021360898 
22 197 155 318 0.020159906 
