29_Students_Schoolkids_Students_Schoolkids_29_590
65
388 90 101 130 0.9983083 
400 19 55 81 0.9439019 
656 0 246 297 0.93593204 
534 429 200 301 0.9301587 
161 -3 215 306 0.9301587 
639 257 246 301 0.9239074 
571 77 83 109 0.9211933 
69 -77 246 320 0.8408331 
0 151 180 260 0.73441863 
209 131 200 272 0.73441863 
508 152 281 339 0.6135702 
157 22 37 46 0.47725022 
722 111 212 276 0.26558137 
601 356 235 310 0.26558137 
62 71 222 276 0.24794048 
418 285 232 288 0.24794048 
-7 291 269 365 0.21508123 
160 299 222 288 0.19988178 
751 276 175 238 0.19988178 
578 -23 228 280 0.14717786 
544 488 136 172 0.13594593 
265 274 212 306 0.115646794 
12 -10 197 252 0.115646794 
218 426 232 272 0.1065206 
129 -3 142 193 0.1065206 
741 -33 261 293 0.1065206 
384 365 186 245 0.1065206 
764 348 261 349 0.08285364 
196 311 111 196 0.076092646 
397 388 58 80 0.07244435 
459 408 183 231 0.064067975 
545 581 56 70 0.06111947 
330 665 20 28 0.056098126 
251 62 172 234 0.053832818 
-15 358 172 241 0.053832814 
466 73 225 329 0.04931264 
309 370 138 180 0.045153897 
40 92 24 30 0.04326818 
346 118 67 76 0.036325652 
465 238 30 35 0.033269096 
360 296 59 72 0.033269096 
392 39 75 111 0.033269096 
564 594 56 70 0.033269096 
343 623 22 31 0.033269096 
-24 225 163 284 0.03163486 
689 410 239 329 0.03163486 
553 598 8 9 0.030282615 
535 55 98 157 0.028921604 
88 426 128 180 0.028921604 
577 74 269 320 0.028921604 
685 301 153 191 0.028921604 
473 249 30 38 0.027884193 
224 79 56 73 0.027884185 
551 255 177 202 0.026434705 
551 600 14 18 0.02558696 
584 617 29 38 0.025519116 
857 347 134 193 0.024156325 
52 94 17 23 0.02351288 
1 282 28 46 0.023349825 
348 97 98 130 0.022069868 
7 8 62 87 0.021360904 
514 250 78 118 0.021360904 
888 13 128 214 0.0201599 
-9 283 90 196 0.0201599 
122 226 194 268 0.0201599 
