29_Students_Schoolkids_Students_Schoolkids_29_130
184
103 253 52 74 0.9977647 
376 164 39 58 0.97448087 
241 242 28 39 0.96034855 
533 247 29 37 0.8989386 
376 239 21 25 0.78582007 
258 293 21 22 0.7217721 
208 565 149 197 0.56891036 
5 396 121 194 0.52310073 
611 410 29 40 0.45459446 
623 430 28 40 0.43212515 
157 405 86 154 0.4085711 
681 509 26 42 0.32552502 
371 205 94 160 0.32305852 
17 234 10 15 0.31433135 
483 72 188 286 0.30317584 
326 208 8 13 0.19995552 
113 379 95 183 0.19988178 
411 309 87 197 0.18550259 
584 74 239 356 0.18550259 
27 298 23 44 0.1753677 
57 249 34 53 0.1753677 
361 232 63 97 0.1753677 
343 556 18 26 0.17366187 
602 426 51 75 0.15056497 
216 474 69 121 0.15056497 
466 196 31 52 0.15056497 
760 6 235 346 0.14717786 
250 292 35 37 0.13928533 
79 210 14 18 0.12937039 
667 487 48 71 0.109639935 
131 453 197 281 0.1065206 
514 356 68 96 0.10106142 
42 247 10 18 0.09507551 
591 394 52 63 0.09308393 
357 195 180 281 0.09015675 
268 147 21 33 0.08567616 
82 243 55 74 0.08567616 
626 -28 253 351 0.08285364 
697 506 194 286 0.08285364 
296 240 31 46 0.07880669 
322 253 17 29 0.074940585 
547 256 16 24 0.07494057 
224 274 27 39 0.072444364 
217 249 44 60 0.07244435 
713 486 14 23 0.069149815 
194 419 69 110 0.06655858 
375 205 52 77 0.06655858 
656 509 48 67 0.06655858 
401 473 55 96 0.06655858 
125 408 59 101 0.06655858 
861 574 52 71 0.06655857 
476 204 17 26 0.06377564 
270 293 19 24 0.06377564 
308 224 23 37 0.06111947 
351 199 6 10 0.05879275 
532 157 106 192 0.05874174 
51 249 212 317 0.058741733 
868 566 19 28 0.054176662 
-15 300 194 312 0.053832814 
522 10 15 21 0.04990379 
631 425 22 28 0.049903784 
830 541 97 136 0.04931264 
344 565 28 44 0.047198545 
898 690 83 78 0.047198545 
661 656 91 96 0.047198545 
413 37 22 30 0.04326818 
524 235 32 38 0.04326818 
125 244 51 79 0.04326818 
342 219 16 24 0.04229837 
307 546 13 20 0.04229837 
456 322 89 151 0.04133062 
687 492 30 48 0.039651502 
589 323 28 44 0.039651502 
569 409 49 73 0.039651494 
482 586 55 110 0.039651494 
703 495 25 37 0.039651494 
14 237 9 15 0.038923774 
341 356 15 22 0.038923774 
36 254 43 68 0.036325652 
377 246 31 41 0.036325652 
440 191 58 83 0.036325652 
1 265 19 49 0.036325645 
596 418 34 50 0.036325645 
393 237 15 23 0.035808332 
618 217 222 341 0.034593605 
59 386 116 189 0.034593593 
597 441 32 51 0.033269096 
478 183 46 77 0.033269096 
57 254 56 78 0.033269096 
800 698 73 74 0.033269096 
311 248 25 41 0.033269096 
337 392 69 106 0.033269096 
309 494 50 82 0.033269096 
78 217 16 22 0.03293372 
448 44 14 19 0.032933712 
590 400 89 114 0.03163486 
545 392 55 77 0.030461604 
26 277 41 64 0.030461596 
378 130 52 71 0.030461596 
-4 657 68 102 0.030461596 
252 597 91 128 0.030461596 
860 571 29 39 0.030461596 
266 245 16 26 0.030282615 
361 229 8 13 0.030282615 
320 209 14 23 0.030282615 
47 250 8 14 0.030282615 
546 368 90 130 0.028921604 
557 447 30 44 0.027884193 
402 65 25 33 0.027884193 
858 502 69 92 0.027884193 
583 439 31 46 0.027884193 
195 274 30 44 0.027884193 
285 241 26 41 0.027884193 
276 279 25 35 0.027884193 
781 686 58 75 0.027884193 
835 569 49 82 0.027884185 
480 33 14 18 0.027838783 
36 249 12 20 0.027838783 
101 150 6 9 0.027838778 
569 309 14 20 0.027838778 
240 463 194 290 0.02643471 
407 506 203 299 0.026434705 
308 344 100 203 0.026434705 
103 116 7 11 0.02558696 
475 444 21 31 0.02558696 
593 441 16 26 0.02558696 
308 264 28 45 0.025519116 
567 302 24 38 0.025519116 
233 267 41 52 0.025519116 
514 322 34 44 0.025519116 
205 262 46 69 0.025519116 
156 258 32 54 0.025519116 
533 232 46 60 0.025519116 
840 575 28 43 0.025519116 
671 521 67 86 0.025519116 
307 538 26 37 0.025519116 
604 438 249 281 0.024156325 
829 437 106 173 0.024156325 
662 96 128 250 0.024156325 
657 468 97 130 0.024156325 
305 407 188 290 0.024156325 
331 297 147 261 0.024156325 
320 425 103 186 0.024156325 
325 548 15 23 0.02351288 
340 223 7 12 0.02351288 
437 549 13 21 0.02351288 
705 488 15 26 0.02351288 
386 111 13 20 0.02351288 
322 205 8 12 0.02351288 
318 208 9 12 0.02351288 
317 204 8 11 0.02351288 
35 151 8 11 0.02351288 
399 132 30 41 0.023349825 
451 485 51 81 0.023349825 
387 145 30 48 0.023349825 
682 498 51 75 0.023349825 
313 214 21 30 0.023349825 
291 206 46 67 0.023349825 
272 240 24 37 0.023349825 
566 298 53 71 0.023349825 
614 405 46 61 0.023349825 
669 363 50 75 0.023349825 
262 267 44 59 0.023349825 
158 254 194 308 0.022069868 
311 206 14 17 0.021603195 
353 223 15 21 0.021603195 
303 238 18 27 0.021603195 
50 233 7 11 0.021603195 
197 62 55 86 0.021360904 
386 231 26 39 0.021360904 
256 533 32 49 0.021360898 
568 426 29 43 0.021360898 
332 539 39 61 0.021360898 
322 476 62 96 0.021360898 
576 431 51 78 0.021360898 
1 259 40 64 0.021360898 
277 142 25 35 0.021360898 
407 47 23 33 0.021360898 
180 446 37 74 0.021360898 
215 263 28 39 0.021360898 
746 286 212 290 0.0201599 
619 343 111 165 0.0201599 
883 628 116 147 0.0201599 
483 558 91 189 0.0201599 
