29_Students_Schoolkids_Students_Schoolkids_29_158
60
584 689 58 113 0.9567318 
603 395 34 64 0.88114965 
350 1039 85 170 0.38809907 
827 23 203 523 0.3864298 
558 500 37 76 0.28687313 
0 1018 130 277 0.21508123 
346 495 269 531 0.19988178 
679 488 14 33 0.1864517 
739 644 151 331 0.14717786 
440 362 232 458 0.1254451 
332 993 132 277 0.115646794 
78 1104 79 159 0.10106142 
610 347 17 38 0.09507551 
4 969 67 212 0.09308395 
351 1119 74 148 0.08567618 
2 -20 246 615 0.08285364 
688 173 10 23 0.08117401 
-58 850 209 531 0.076092646 
211 898 69 159 0.072444364 
711 529 27 62 0.06655858 
422 102 34 73 0.06111947 
545 480 59 134 0.06111947 
697 306 25 61 0.056098126 
24 383 261 653 0.053832818 
198 887 116 261 0.04931264 
127 96 124 303 0.04931264 
211 902 228 501 0.04931264 
786 373 28 62 0.047198545 
663 218 9 22 0.04595155 
523 608 209 479 0.045153897 
36 581 82 195 0.04326818 
655 405 25 55 0.039651494 
4 721 232 606 0.03781825 
200 75 82 161 0.036325645 
524 477 65 202 0.033269096 
228 945 69 148 0.033269096 
651 422 21 43 0.03293372 
220 609 261 531 0.03163486 
178 1087 73 170 0.030461604 
705 26 68 159 0.030461596 
798 391 21 49 0.030282615 
569 652 97 200 0.028921604 
335 1014 194 452 0.028921604 
664 416 26 57 0.027884193 
293 13 69 121 0.027884193 
643 490 35 78 0.027884185 
617 335 18 41 0.027838778 
81 636 218 572 0.026434705 
677 217 14 37 0.02558696 
490 471 33 57 0.025519116 
682 201 17 44 0.02351288 
661 495 21 42 0.02351288 
629 447 25 59 0.023349825 
676 343 23 54 0.023349825 
476 165 56 143 0.023349825 
468 314 126 356 0.022069868 
583 951 253 452 0.022069868 
717 226 5 12 0.021603195 
574 505 23 55 0.021603195 
407 98 57 121 0.021360904 
