29_Students_Schoolkids_Students_Schoolkids_29_310
68
832 215 63 73 0.99986684 
651 190 60 67 0.99982506 
467 200 56 66 0.9998084 
281 196 57 76 0.9998084 
96 205 60 78 0.9997242 
544 155 112 120 0.99776876 
363 218 107 119 0.9902766 
837 409 12 13 0.98997927 
79 399 11 12 0.98177195 
659 386 11 11 0.8972024 
755 182 86 112 0.89347935 
469 418 10 10 0.88008106 
702 382 9 10 0.7040394 
509 421 8 9 0.56463194 
884 400 12 12 0.43536806 
488 415 9 9 0.4141967 
679 380 10 10 0.3933377 
858 401 11 11 0.3933377 
432 431 28 24 0.268611 
516 429 27 22 0.188928 
101 397 9 10 0.18645167 
602 179 83 87 0.18550259 
125 403 8 9 0.17366187 
356 406 8 7 0.10279763 
511 174 93 98 0.09803478 
331 194 167 196 0.076092646 
72 386 70 55 0.07244435 
423 196 80 92 0.06984133 
518 427 16 16 0.0691498 
617 453 34 28 0.051466707 
76 425 6 6 0.04990379 
673 5 61 60 0.047198545 
764 9 51 50 0.04326818 
706 21 30 30 0.039651494 
302 194 78 102 0.03781825 
768 275 232 224 0.03781825 
681 139 180 202 0.03781825 
501 428 48 41 0.033269096 
923 6 53 60 0.033269096 
673 275 218 231 0.03163486 
487 60 242 263 0.03163486 
772 19 59 67 0.030461604 
818 4 59 62 0.030461596 
88 396 36 32 0.030461596 
678 384 8 9 0.030282615 
689 382 7 8 0.030282615 
350 233 225 256 0.028921604 
496 418 8 8 0.027838783 
511 423 14 15 0.027838783 
474 446 14 13 0.027838778 
97 399 8 10 0.027838778 
469 442 6 5 0.02558696 
319 18 78 62 0.025519116 
76 395 24 24 0.025519116 
227 409 23 22 0.025519116 
469 449 25 23 0.025519116 
-3 402 82 128 0.024156325 
532 411 8 8 0.02351288 
777 39 33 36 0.023349825 
455 415 52 47 0.023349825 
274 446 35 30 0.023349825 
580 -20 228 238 0.022069868 
294 359 103 110 0.022069868 
662 411 7 6 0.021603195 
688 380 6 6 0.021603195 
693 380 6 7 0.021603195 
745 46 23 24 0.021360898 
476 413 24 24 0.021360898 
