29_Students_Schoolkids_Students_Schoolkids_29_21
113
460 154 109 131 0.9997335 
203 105 57 66 0.99937433 
742 209 130 156 0.99911374 
9 73 28 32 0.9990996 
947 63 53 61 0.9988171 
315 91 58 73 0.9988171 
611 58 57 67 0.9985812 
448 58 49 55 0.99844605 
765 60 54 64 0.9975521 
71 143 73 85 0.9975521 
878 14 37 44 0.99678564 
664 28 25 28 0.9964803 
730 39 34 41 0.9964803 
926 38 39 44 0.9957801 
996 31 26 38 0.993937 
73 61 37 41 0.9933628 
112 56 41 46 0.99204755 
434 39 29 33 0.9863452 
158 83 43 54 0.97665024 
582 16 25 26 0.9721158 
471 25 23 24 0.9695384 
583 54 31 38 0.96367437 
403 53 24 27 0.9211933 
419 368 130 168 0.9098432 
810 23 23 26 0.8607147 
936 51 45 57 0.76563126 
504 50 27 31 0.6744751 
597 52 45 56 0.5 
739 15 24 24 0.38809907 
185 91 51 63 0.36670664 
437 46 42 51 0.2511021 
416 48 25 31 0.2511021 
493 60 51 60 0.23436876 
372 79 28 35 0.1753677 
211 230 43 49 0.1753677 
360 75 31 34 0.1753677 
430 295 186 223 0.17193556 
384 80 27 38 0.12872264 
591 141 170 204 0.12544508 
147 63 32 37 0.118850335 
733 26 30 33 0.10106142 
478 52 43 57 0.10106142 
612 178 104 129 0.09803478 
408 60 27 31 0.09308393 
432 432 74 106 0.07880669 
416 324 53 63 0.07880669 
0 534 59 46 0.07244435 
502 77 56 62 0.07244435 
450 301 48 54 0.07244435 
411 74 45 51 0.06655858 
451 30 26 29 0.06655858 
305 175 25 28 0.06655857 
8 372 124 110 0.064067975 
686 157 123 187 0.064067975 
747 51 54 61 0.06111947 
439 362 28 30 0.06111947 
320 256 69 61 0.056098126 
-1 108 20 29 0.056098126 
14 405 73 83 0.056098126 
132 61 34 39 0.051466707 
134 76 48 51 0.051466707 
396 327 48 63 0.047198545 
444 400 83 102 0.047198545 
424 67 25 31 0.047198545 
230 338 215 248 0.045153897 
397 79 27 33 0.04326818 
433 53 28 34 0.04326818 
162 163 60 70 0.04326818 
700 527 25 30 0.039651502 
333 82 49 59 0.039651502 
746 23 25 29 0.039651494 
431 310 54 61 0.036325652 
453 47 35 38 0.036325652 
580 43 28 32 0.036325652 
338 306 47 52 0.036325652 
410 77 27 32 0.036325652 
138 76 78 92 0.034593605 
754 110 26 28 0.033269096 
597 65 19 26 0.032933712 
660 323 60 71 0.030461596 
957 41 46 52 0.030461596 
66 81 28 33 0.030461596 
433 50 19 23 0.030282615 
721 273 188 223 0.028921604 
520 309 134 143 0.028921604 
572 60 33 41 0.027884193 
913 31 31 39 0.027884193 
894 16 41 50 0.027884193 
522 92 58 66 0.027884185 
836 159 55 50 0.027884185 
562 250 197 248 0.026434705 
438 2 16 18 0.02558696 
0 247 6 9 0.02558696 
55 161 55 64 0.025519116 
492 47 25 31 0.025519116 
648 25 40 45 0.025519116 
628 402 31 46 0.025519116 
616 49 40 48 0.025519116 
848 165 33 31 0.025519116 
420 78 15 18 0.02351288 
376 319 49 67 0.023349825 
136 160 54 68 0.023349825 
298 138 55 56 0.023349825 
657 355 58 71 0.023349825 
520 68 55 52 0.023349825 
155 53 27 31 0.023349825 
724 367 218 223 0.022069868 
815 0 15 11 0.021603195 
593 45 26 31 0.021360904 
343 234 64 53 0.021360898 
653 516 31 31 0.021360898 
-35 346 194 193 0.020159906 
155 456 104 105 0.020159906 
