29_Students_Schoolkids_Students_Schoolkids_29_380
58
404 183 142 189 0.9997335 
469 410 144 200 0.52310073 
786 30 109 121 0.5 
114 48 106 206 0.30317584 
55 240 225 317 0.30317584 
214 446 206 265 0.19988178 
708 85 107 192 0.18550259 
573 431 24 34 0.15056497 
320 426 130 170 0.12544508 
874 -5 117 163 0.115646794 
41 34 158 290 0.09803478 
140 347 132 168 0.09803478 
683 78 34 39 0.09308395 
752 123 79 107 0.072444364 
356 30 62 92 0.07244435 
-13 351 261 341 0.06984133 
294 380 235 254 0.06984132 
337 0 17 17 0.06377564 
326 35 22 39 0.06111947 
714 131 64 100 0.051466707 
645 117 70 95 0.051466707 
53 59 93 165 0.045153897 
575 456 82 64 0.039651502 
594 148 27 33 0.039651494 
48 44 61 90 0.039651494 
858 274 94 134 0.03781825 
6 143 218 312 0.034593605 
863 377 32 41 0.033269096 
737 -1 22 17 0.03293372 
686 0 10 10 0.032933712 
527 433 124 136 0.03163486 
823 11 123 143 0.03163486 
544 491 9 13 0.027838778 
711 120 28 42 0.025519116 
559 437 67 62 0.025519116 
755 35 26 32 0.025519116 
-8 490 183 239 0.024156325 
720 -32 172 246 0.024156325 
343 -1 104 151 0.024156325 
666 90 101 147 0.024156325 
123 104 68 120 0.023349825 
876 295 47 77 0.023349825 
251 193 33 49 0.023349825 
767 73 28 40 0.023349825 
692 84 51 64 0.023349825 
660 81 61 80 0.023349825 
770 39 70 98 0.023349825 
555 285 100 168 0.022069868 
821 -83 215 273 0.022069868 
566 432 18 25 0.021603195 
182 372 69 95 0.021360904 
349 54 36 51 0.021360898 
235 237 25 33 0.021360898 
562 422 44 54 0.021360898 
329 33 43 68 0.021360898 
956 12 64 75 0.021360898 
163 10 188 258 0.0201599 
196 109 107 147 0.0201599 
