0_Parade_marchingband_1_359
207
732 114 56 64 0.9995421 
165 168 36 43 0.997086 
909 119 22 29 0.9945403 
862 149 28 30 0.9904846 
481 193 15 18 0.98995084 
609 186 18 23 0.9713359 
308 192 14 20 0.9711355 
413 195 14 18 0.96843463 
504 193 12 15 0.84918064 
245 197 11 15 0.8456595 
1009 119 16 25 0.62098753 
1 215 14 19 0.5518259 
272 196 11 14 0.5179375 
453 211 10 12 0.4295418 
140 202 19 20 0.40914583 
361 198 10 14 0.3594439 
565 217 14 16 0.32345492 
53 209 16 20 0.2944183 
67 171 17 20 0.2893357 
956 161 14 19 0.28606796 
450 206 10 12 0.28035912 
124 165 22 28 0.26630327 
392 205 9 11 0.23099338 
451 198 9 12 0.21767338 
496 185 7 10 0.20809364 
689 180 11 13 0.19492556 
264 197 11 14 0.18575291 
375 212 10 13 0.18014616 
464 206 9 12 0.1762387 
432 199 9 12 0.17211667 
568 191 9 11 0.15147488 
145 206 19 22 0.14369647 
645 192 8 10 0.13819213 
585 200 8 11 0.13701391 
933 130 13 17 0.13236338 
965 134 11 15 0.1307161 
382 214 9 12 0.12908375 
558 206 9 10 0.12672608 
46 219 15 18 0.12653598 
241 192 10 13 0.11017933 
462 200 9 12 0.098359466 
12 225 13 18 0.093482085 
292 213 9 12 0.0907415 
481 264 20 22 0.09021647 
552 235 9 12 0.090035975 
527 205 8 11 0.084878646 
409 180 8 11 0.08396604 
287 212 10 12 0.08291531 
591 207 8 10 0.08270147 
391 213 9 13 0.08130659 
251 197 10 15 0.080480814 
560 200 7 10 0.076223366 
608 173 10 11 0.072595395 
690 171 14 18 0.071328685 
541 198 8 10 0.070866264 
670 197 10 12 0.070485234 
656 205 9 11 0.06845009 
1005 143 19 31 0.067444995 
469 205 9 11 0.06353956 
568 182 10 12 0.062280364 
640 196 10 12 0.06194228 
670 203 11 14 0.060524154 
301 160 22 29 0.060364507 
48 233 12 16 0.060333155 
277 193 8 13 0.060072836 
29 346 14 16 0.059840437 
491 294 17 19 0.054588445 
541 215 9 11 0.05402313 
240 193 18 22 0.053113155 
535 206 8 11 0.052841093 
32 202 13 15 0.052598227 
959 133 12 16 0.052294515 
534 230 9 12 0.051413547 
560 213 11 14 0.051371574 
538 197 7 10 0.051188655 
950 140 14 16 0.050777066 
537 193 7 10 0.049427893 
526 200 7 10 0.04907071 
592 212 9 12 0.048232142 
437 199 7 10 0.046254024 
590 200 9 12 0.04604957 
366 191 9 13 0.046021905 
351 198 9 13 0.0454125 
571 214 10 13 0.044668615 
415 182 8 10 0.0446462 
423 184 8 11 0.043216143 
473 293 14 17 0.043088067 
609 169 9 10 0.042140417 
665 197 10 12 0.03943742 
375 218 10 12 0.03920061 
454 193 9 12 0.03913505 
567 207 9 11 0.03899051 
345 198 10 14 0.03831771 
951 145 21 27 0.038048707 
78 235 12 15 0.037902262 
943 237 11 14 0.037835207 
584 192 8 10 0.0377763 
666 193 9 11 0.037533596 
693 165 14 18 0.037331123 
3 217 20 25 0.03710319 
38 213 13 15 0.03607454 
450 193 8 11 0.035950188 
613 172 10 12 0.03576716 
540 237 12 14 0.03534901 
529 228 9 12 0.034828782 
542 205 9 11 0.034791235 
534 223 9 11 0.03475727 
262 192 19 24 0.034657806 
632 196 12 15 0.034384802 
970 255 18 22 0.034189288 
663 205 10 13 0.033893637 
66 210 13 18 0.033789836 
382 208 9 12 0.03348697 
606 149 10 11 0.03320952 
137 300 18 20 0.033069246 
50 217 23 28 0.032903325 
370 213 9 12 0.032887474 
58 175 24 30 0.032714084 
325 202 11 14 0.032376662 
396 211 10 13 0.032169685 
294 208 10 12 0.03196831 
1008 126 20 34 0.03171672 
573 228 11 14 0.031691287 
30 333 16 19 0.031102663 
360 191 10 14 0.030623086 
10 231 16 21 0.030516313 
49 193 24 31 0.030459441 
558 237 10 13 0.03031201 
398 198 9 12 0.030180894 
473 199 8 12 0.03014825 
604 142 10 12 0.02995606 
553 206 9 11 0.029851224 
574 197 8 10 0.029387705 
664 211 9 13 0.02912512 
995 313 14 17 0.029037869 
469 213 9 10 0.028616844 
676 198 9 13 0.028284648 
607 155 10 12 0.028136412 
278 201 10 14 0.028114824 
364 204 10 13 0.027483 
304 172 22 30 0.027237566 
383 192 8 10 0.027230969 
521 205 9 11 0.027116472 
410 136 8 10 0.027091289 
314 198 15 18 0.02689537 
419 190 12 16 0.026640793 
922 127 15 21 0.026430292 
574 206 9 11 0.026349895 
497 188 10 13 0.026274811 
596 213 10 12 0.026058346 
313 169 14 17 0.02605257 
270 214 12 14 0.02597398 
383 219 9 11 0.025734177 
391 219 10 11 0.025595546 
76 216 15 19 0.025576247 
333 205 11 12 0.025498344 
694 155 13 17 0.025407014 
125 206 10 14 0.025383575 
272 221 10 12 0.025263363 
63 165 16 18 0.025103366 
495 228 12 13 0.025097324 
517 230 10 12 0.024475658 
471 236 10 12 0.024422716 
542 193 7 10 0.024381768 
409 142 9 11 0.024307495 
536 235 10 13 0.024271352 
676 203 11 14 0.023862755 
384 198 9 11 0.023723554 
358 192 17 23 0.023674011 
39 218 15 18 0.023572521 
393 151 8 11 0.023562409 
414 177 7 10 0.023510704 
393 231 9 12 0.023124505 
553 211 9 12 0.023033747 
598 165 9 11 0.02299849 
537 213 9 11 0.022974107 
975 323 42 61 0.022913892 
31 327 13 13 0.022884453 
520 199 9 10 0.022871561 
607 183 14 19 0.022832597 
377 175 8 9 0.022416553 
469 294 23 28 0.02229979 
373 190 10 12 0.022234678 
72 236 12 14 0.022139004 
393 174 9 11 0.022112371 
669 209 11 14 0.022051377 
114 161 37 43 0.022018818 
541 232 10 12 0.021892767 
1011 159 12 20 0.021583239 
573 176 9 11 0.021535179 
543 173 9 12 0.02126298 
134 207 17 19 0.021191675 
494 221 12 14 0.021145418 
995 153 24 32 0.021061568 
106 311 9 11 0.021016717 
392 167 9 11 0.020950045 
400 191 8 10 0.02092066 
76 197 23 28 0.020799061 
500 235 15 19 0.020792175 
515 236 12 15 0.020663023 
529 165 7 10 0.020548565 
967 343 30 38 0.020439744 
506 160 8 10 0.020330206 
596 205 9 12 0.020291679 
133 196 16 21 0.020053566 
601 136 8 10 0.020042004 
19 221 12 16 0.02003942 
