0_Parade_Parade_0_353
154
494 238 26 35 0.989776 
836 262 21 27 0.9430004 
325 295 30 35 0.8932964 
693 247 14 18 0.89212596 
389 259 20 26 0.88572896 
887 247 14 18 0.8824995 
288 288 14 16 0.8780254 
456 284 10 12 0.6195852 
742 248 25 33 0.5951009 
259 298 14 17 0.4211325 
571 256 53 58 0.39304736 
203 304 16 19 0.3792609 
254 289 14 18 0.3389011 
315 265 13 16 0.31915194 
664 218 15 18 0.30316925 
860 249 14 18 0.30252796 
171 294 23 23 0.277916 
207 300 22 25 0.17767805 
799 256 11 13 0.17542437 
103 246 9 12 0.17374428 
450 241 20 22 0.14809301 
600 235 43 46 0.14284112 
198 309 23 29 0.13291837 
155 374 10 11 0.12965865 
245 310 12 16 0.12627803 
151 388 11 14 0.11488229 
34 339 14 18 0.11325326 
724 253 11 14 0.111807145 
824 277 11 15 0.11040011 
732 253 21 30 0.1071274 
0 367 8 12 0.10582292 
796 275 10 13 0.10524814 
295 340 15 17 0.10485471 
258 311 22 29 0.09778671 
121 370 18 21 0.09606253 
1 398 17 23 0.09225289 
937 249 9 12 0.07217208 
218 305 14 16 0.07073324 
296 336 23 28 0.06804976 
902 242 12 15 0.06782819 
796 267 14 17 0.0666162 
42 331 14 16 0.06594443 
562 266 36 47 0.062017303 
146 40 44 58 0.06188102 
721 255 22 30 0.05851703 
156 319 8 11 0.057232186 
904 302 8 11 0.057137493 
654 204 11 12 0.056761865 
942 248 7 11 0.056000087 
187 300 13 15 0.055881243 
458 278 13 17 0.05436119 
278 358 10 13 0.05062637 
42 338 15 17 0.04955716 
97 369 17 18 0.049548987 
782 269 11 16 0.047139782 
792 260 13 16 0.045003172 
724 289 15 20 0.04410781 
849 255 19 24 0.04367835 
445 267 11 15 0.04323412 
824 254 11 13 0.04272877 
317 329 13 17 0.042462572 
268 219 24 29 0.042245965 
309 258 21 28 0.041461088 
255 301 23 28 0.041397832 
262 328 14 18 0.041304626 
752 249 22 27 0.040970653 
155 380 13 17 0.04077635 
148 307 13 14 0.040077675 
908 238 12 15 0.040052824 
432 280 9 12 0.038834963 
897 233 22 25 0.038332805 
189 355 11 15 0.038257454 
460 288 12 16 0.037897483 
926 240 9 11 0.03762153 
616 252 38 46 0.037069887 
256 288 22 26 0.03706241 
191 362 11 14 0.036770962 
68 365 11 15 0.03611585 
438 282 10 12 0.036109444 
5 371 9 12 0.035922118 
174 349 10 12 0.035541724 
276 323 11 15 0.035149764 
789 267 15 19 0.034440793 
926 246 8 10 0.033602104 
301 308 14 16 0.033103157 
290 315 26 29 0.032666616 
449 277 10 14 0.032626644 
255 308 13 15 0.032035645 
121 390 11 13 0.031491917 
382 266 24 29 0.031405922 
794 254 19 23 0.031374782 
827 272 17 21 0.031158116 
814 253 9 12 0.030573556 
718 255 16 21 0.030068273 
336 310 29 33 0.029762222 
910 253 9 11 0.02914183 
26 311 8 11 0.028733343 
917 239 11 13 0.028527834 
254 323 14 17 0.028140184 
377 276 24 31 0.02804024 
308 331 14 18 0.027606152 
183 349 12 14 0.027484696 
989 255 7 9 0.027447617 
529 192 9 13 0.026864236 
30 334 13 17 0.02675218 
167 317 11 13 0.026591739 
343 322 28 31 0.026377264 
919 254 9 11 0.026332049 
686 260 12 15 0.026234066 
302 303 11 13 0.02596587 
571 259 16 19 0.025829386 
52 333 12 14 0.02533636 
323 292 20 25 0.025222871 
244 305 21 27 0.0250364 
433 180 13 17 0.024910087 
284 345 14 16 0.024862612 
84 322 13 15 0.024809884 
155 402 16 21 0.024794355 
837 290 11 15 0.024738738 
300 312 18 21 0.024705105 
149 383 21 26 0.02466154 
59 366 22 28 0.024180727 
434 235 27 31 0.02414691 
428 335 14 15 0.024063969 
888 236 22 25 0.023988402 
51 340 13 15 0.023717169 
344 297 20 23 0.023693485 
732 251 14 19 0.023530943 
849 265 14 19 0.023453018 
376 285 13 17 0.023367913 
861 250 20 27 0.023023145 
259 266 11 14 0.022981416 
868 246 12 16 0.022934038 
184 342 23 29 0.022913015 
849 232 9 12 0.022667548 
71 324 12 13 0.022630475 
999 263 7 9 0.022320125 
1002 284 8 11 0.02224173 
897 301 9 11 0.022143515 
710 250 11 15 0.022140227 
276 349 14 16 0.022079514 
267 308 12 15 0.02188104 
919 245 9 12 0.021584446 
274 354 11 15 0.021430971 
195 346 15 19 0.021388024 
195 364 13 14 0.021130012 
186 321 28 35 0.02088873 
470 289 11 15 0.020765122 
197 328 15 20 0.020613791 
827 311 11 14 0.020548224 
282 356 13 16 0.02033048 
668 247 10 12 0.020236298 
60 386 14 17 0.020034414 
48 353 28 33 0.020027952 
