0_Parade_marchingband_1_910
112
78 242 35 35 0.9933449 
572 232 47 52 0.9884454 
372 254 48 54 0.9884216 
207 206 45 49 0.97093767 
41 227 28 37 0.9675144 
518 226 48 55 0.9668761 
772 337 72 90 0.96372706 
140 228 29 32 0.8564517 
483 191 31 49 0.54147863 
338 233 31 40 0.5255573 
590 117 35 35 0.4958205 
114 243 16 21 0.40249142 
437 273 38 41 0.3914311 
645 209 38 52 0.27794793 
282 258 40 39 0.21864507 
586 50 52 63 0.18169987 
585 87 43 58 0.14890426 
64 240 30 34 0.13979428 
949 265 56 102 0.13671023 
812 89 32 39 0.12099761 
406 152 16 18 0.11998031 
287 250 58 67 0.11976938 
0 265 10 15 0.09714991 
670 36 54 65 0.092802346 
328 240 49 60 0.08808778 
103 173 15 18 0.08590185 
834 467 209 274 0.07624326 
51 236 28 40 0.075447164 
21 249 23 32 0.065773346 
0 171 21 32 0.06443023 
174 175 12 13 0.06102176 
29 233 24 32 0.055944104 
678 147 13 17 0.05416055 
22 169 14 20 0.053909622 
4 264 13 16 0.045270402 
1 178 13 19 0.04516697 
620 199 28 34 0.044669695 
916 86 26 28 0.04284762 
134 202 11 14 0.04205389 
598 55 33 37 0.041482784 
144 205 10 13 0.04140788 
857 326 45 61 0.04093035 
392 147 24 26 0.040394027 
669 39 85 108 0.039714474 
696 142 12 16 0.036863454 
606 127 20 26 0.03666004 
586 122 22 19 0.03621423 
918 91 15 16 0.036205005 
665 63 54 66 0.03484835 
722 45 54 67 0.03482751 
52 206 17 19 0.034802143 
720 361 360 440 0.034609567 
250 264 28 47 0.03411589 
9 177 16 19 0.032860577 
415 258 76 89 0.03252826 
993 140 25 35 0.032061383 
828 86 30 38 0.031845182 
484 188 18 21 0.030738136 
100 174 25 33 0.030159961 
436 280 21 26 0.030048149 
918 37 26 33 0.029918894 
757 317 65 88 0.02989514 
170 169 21 25 0.02989163 
156 201 13 17 0.0295145 
750 70 33 37 0.028551867 
995 116 16 23 0.028528837 
149 202 14 17 0.027897017 
144 389 10 11 0.027865278 
688 139 23 30 0.027702853 
961 97 18 21 0.027491609 
690 44 31 43 0.027319912 
836 89 16 21 0.026684998 
814 109 90 118 0.026515486 
325 235 32 43 0.026388654 
207 153 14 20 0.026234329 
297 273 59 70 0.026160883 
423 218 13 18 0.025998585 
796 20 44 57 0.025605991 
582 48 35 38 0.025284532 
326 265 15 22 0.025147028 
200 352 13 17 0.025050746 
903 80 44 51 0.024913192 
579 25 56 59 0.024470044 
1012 76 10 17 0.024429815 
895 77 29 37 0.024196872 
12 245 23 31 0.023682376 
474 116 11 15 0.023369368 
25 170 20 27 0.023276677 
670 90 54 74 0.023015233 
929 43 17 22 0.022666276 
149 186 12 15 0.022636315 
652 21 54 63 0.022502722 
803 366 39 51 0.022242889 
644 83 49 63 0.022068938 
426 146 25 33 0.021724004 
164 204 11 14 0.021594224 
857 306 91 105 0.021527797 
422 752 14 15 0.02141553 
963 89 28 32 0.020945039 
852 354 32 39 0.020862829 
832 30 10 13 0.020623863 
906 213 101 177 0.020551477 
518 123 48 58 0.020450301 
794 312 80 109 0.02042183 
675 142 22 27 0.020421226 
980 115 33 40 0.020386705 
93 248 21 22 0.020383257 
6 260 24 30 0.020350114 
341 240 20 24 0.020303674 
441 154 15 19 0.020248199 
622 204 15 20 0.020184627 
387 153 16 19 0.020069368 
