0_Parade_Parade_0_72
129
132 333 32 43 0.9684515 
665 347 25 36 0.9680548 
459 389 24 28 0.9296344 
774 344 14 19 0.8548475 
206 365 22 26 0.80429 
413 382 15 20 0.7723824 
625 344 18 21 0.7561401 
347 466 25 31 0.7506659 
256 384 18 22 0.73847425 
627 368 20 27 0.7168457 
496 339 17 20 0.6770351 
736 366 22 26 0.6598502 
546 378 18 23 0.5962723 
790 266 17 19 0.30766264 
86 294 37 39 0.2943098 
2 475 18 21 0.28142378 
567 593 47 46 0.27339914 
349 376 15 18 0.23757473 
56 526 9 12 0.1980328 
23 543 12 15 0.18521032 
66 558 22 25 0.15369922 
541 372 15 24 0.15216874 
73 533 10 11 0.12565413 
347 498 13 15 0.093717195 
159 446 11 13 0.087214276 
136 460 11 15 0.08603937 
451 401 26 32 0.08170999 
539 381 26 35 0.06852605 
347 366 12 14 0.067324236 
580 356 14 18 0.06449347 
642 562 25 33 0.06381914 
550 351 11 13 0.063560724 
578 362 14 19 0.060343094 
343 370 13 17 0.057514418 
159 515 8 11 0.05483086 
81 516 9 11 0.054227527 
572 376 16 22 0.050571125 
556 376 21 27 0.05014087 
699 351 18 26 0.048713885 
168 479 9 11 0.048014566 
23 516 10 13 0.04769401 
454 370 15 21 0.047643386 
778 447 10 13 0.045714673 
541 364 14 19 0.04450868 
104 477 10 13 0.043183107 
565 343 11 13 0.042618785 
831 340 9 12 0.04194163 
632 352 18 21 0.04098434 
790 329 15 19 0.040538106 
619 399 13 17 0.039710928 
808 407 7 10 0.039288957 
543 356 11 15 0.038902566 
154 512 8 11 0.038847588 
684 355 23 29 0.037608724 
583 351 12 14 0.03658633 
204 375 24 28 0.036026087 
85 511 9 11 0.035931174 
344 494 12 15 0.03535375 
567 382 23 31 0.035118062 
805 379 10 14 0.034199215 
669 361 29 37 0.03405695 
205 359 16 20 0.033993885 
245 394 14 17 0.03380704 
342 465 41 49 0.032249562 
61 550 10 13 0.03223721 
453 374 23 32 0.032060344 
94 499 9 12 0.032048453 
167 512 7 10 0.031919684 
532 403 33 36 0.031887352 
186 447 13 16 0.030481512 
738 378 18 23 0.030267445 
602 628 18 22 0.029134924 
268 381 11 17 0.028807415 
766 374 11 14 0.028086767 
139 413 11 14 0.028014258 
83 563 14 17 0.027487418 
784 268 12 15 0.027355304 
12 469 13 17 0.026972698 
559 602 35 43 0.026943026 
777 349 15 19 0.026813343 
185 431 10 13 0.026506588 
104 310 18 22 0.026299309 
800 373 11 14 0.026116341 
494 326 23 26 0.025891816 
173 469 9 13 0.025807563 
356 364 12 15 0.025658302 
558 348 13 15 0.025414407 
666 342 16 21 0.025359305 
76 528 10 12 0.025285603 
784 237 9 11 0.02523996 
200 509 9 11 0.025040878 
126 492 10 12 0.025038838 
590 614 32 36 0.024982443 
592 609 18 20 0.0249052 
96 477 9 11 0.02489302 
554 386 41 49 0.02487725 
31 510 10 13 0.024778195 
390 485 11 14 0.024777975 
69 443 12 14 0.024764808 
80 493 10 14 0.024479253 
108 483 9 12 0.024320155 
341 361 22 25 0.024217218 
56 549 10 13 0.024159776 
343 477 24 30 0.024009975 
64 558 12 15 0.023919323 
540 410 40 42 0.023520352 
22 521 13 16 0.023245443 
347 460 19 21 0.023082618 
411 442 24 36 0.02295301 
88 499 10 13 0.02274366 
622 362 16 22 0.022219133 
532 404 13 20 0.022186898 
111 508 10 11 0.021977864 
803 266 13 17 0.021877123 
247 388 24 27 0.021845618 
3 486 17 22 0.021774378 
1012 364 10 14 0.021415513 
448 419 13 17 0.02138473 
335 365 12 16 0.02113196 
219 387 16 20 0.021041187 
157 412 15 20 0.02099257 
108 369 13 17 0.020973863 
799 461 10 12 0.020846292 
-1 538 21 30 0.020754818 
247 381 13 17 0.020570247 
320 533 10 13 0.020416634 
458 363 17 20 0.020154934 
61 519 9 13 0.020031031 
166 482 10 13 0.020018203 
