0_Parade_Parade_0_664
650
938 335 26 32 0.9890955 
465 340 23 29 0.9736213 
619 339 19 28 0.9664698 
211 314 22 27 0.96099883 
413 334 16 24 0.95581883 
658 320 16 23 0.9470335 
843 325 17 22 0.9442815 
490 325 18 23 0.9285178 
124 324 21 25 0.9254271 
17 338 32 38 0.9127976 
361 323 16 21 0.8882692 
515 313 13 17 0.8872397 
196 294 12 15 0.8736492 
581 329 15 20 0.839786 
60 310 16 20 0.7624341 
424 309 9 13 0.73634285 
37 309 14 18 0.701585 
534 309 12 16 0.6900712 
108 301 14 17 0.6755271 
312 284 10 14 0.5933739 
576 309 10 13 0.5440227 
487 302 14 18 0.53020614 
863 341 11 14 0.49685916 
127 277 10 12 0.4766417 
810 348 16 22 0.4501386 
784 328 10 12 0.42955637 
46 271 7 10 0.42271233 
71 286 9 11 0.42163816 
892 319 10 13 0.41849935 
89 288 9 11 0.403494 
675 315 11 15 0.38871118 
554 294 8 11 0.37556696 
658 301 9 11 0.37179753 
977 347 15 18 0.35113207 
464 300 12 17 0.34312344 
355 301 14 18 0.33093733 
231 296 9 12 0.3100272 
60 302 11 13 0.29731888 
980 307 10 12 0.29620054 
697 303 10 12 0.295206 
342 308 10 14 0.29070863 
40 287 9 10 0.28766754 
120 277 8 11 0.27309343 
518 329 14 18 0.26128373 
42 271 7 10 0.24943492 
178 354 14 18 0.2461514 
956 311 10 13 0.23906806 
259 311 15 21 0.22981538 
329 288 11 15 0.22662185 
111 270 8 11 0.22561271 
133 303 10 13 0.2240591 
437 300 11 14 0.21601248 
391 296 9 12 0.21391545 
547 352 18 21 0.21259083 
114 305 13 15 0.21164967 
271 280 8 10 0.2082387 
534 303 10 13 0.20738114 
269 307 12 18 0.20645806 
575 303 9 12 0.20275512 
895 310 9 11 0.19840135 
381 293 9 12 0.19679588 
777 287 7 10 0.19301076 
921 308 9 11 0.19213772 
739 332 14 17 0.1919785 
158 306 11 14 0.18928882 
1000 303 9 11 0.18506296 
793 287 7 9 0.18288851 
345 357 19 22 0.1827848 
153 301 11 14 0.17530607 
381 286 9 11 0.1700889 
247 309 13 18 0.17007741 
412 287 11 12 0.16836087 
166 326 12 15 0.166143 
469 279 8 11 0.16608845 
872 327 9 12 0.16107452 
863 302 8 10 0.15940484 
620 288 9 11 0.15782782 
935 295 8 10 0.15333037 
212 296 8 11 0.15298018 
634 311 9 12 0.15235072 
680 301 10 12 0.15061429 
638 314 10 14 0.15045494 
577 281 7 9 0.14671779 
977 318 10 13 0.14663163 
333 271 9 11 0.14524823 
373 302 10 13 0.14378905 
259 357 27 27 0.14315632 
761 321 9 11 0.1404847 
368 302 10 14 0.13917439 
286 302 12 17 0.1356053 
824 295 8 10 0.13463229 
207 296 10 13 0.1338819 
745 302 9 11 0.1326279 
503 286 7 10 0.1311305 
335 276 9 11 0.12973426 
181 288 8 11 0.12856399 
943 302 9 11 0.12779179 
842 295 8 9 0.12745267 
1013 317 9 14 0.1272549 
897 304 7 10 0.12680896 
104 332 13 17 0.12453871 
503 279 7 9 0.12424985 
440 280 7 10 0.123906806 
438 307 11 14 0.12316887 
943 309 9 12 0.11882275 
407 288 12 14 0.11880026 
503 301 9 12 0.11780211 
291 304 14 22 0.11661592 
617 291 9 12 0.11313746 
248 304 12 13 0.111180685 
368 279 8 10 0.110851124 
979 323 11 13 0.109737955 
901 302 9 10 0.109099284 
576 285 7 10 0.10895495 
128 305 12 14 0.10852301 
371 272 8 10 0.10796882 
207 315 15 20 0.10734816 
252 308 15 21 0.10727562 
925 304 10 11 0.10712853 
39 277 8 11 0.10642911 
831 332 13 17 0.10482189 
552 278 6 9 0.10478599 
777 292 8 10 0.10367811 
273 300 20 26 0.103601515 
515 321 15 20 0.10271805 
503 296 8 10 0.10076955 
316 280 10 12 0.10076616 
858 303 8 10 0.100403786 
774 304 8 11 0.09709357 
593 280 8 10 0.09643887 
281 268 9 11 0.09611161 
383 279 9 10 0.09598394 
320 308 11 15 0.09432471 
896 340 11 14 0.093969576 
374 272 8 9 0.09375617 
33 345 18 24 0.09325977 
686 288 8 10 0.092913225 
528 302 8 11 0.09248354 
468 284 9 12 0.0909282 
285 270 8 10 0.09022004 
822 300 8 10 0.0895142 
857 308 8 10 0.088602304 
61 295 9 12 0.08858894 
685 294 8 11 0.086834416 
22 309 10 13 0.08612489 
452 268 11 15 0.08537118 
401 280 8 9 0.084236525 
449 263 9 11 0.083899386 
384 317 10 14 0.083448425 
598 319 12 16 0.083098345 
606 295 8 11 0.08282105 
71 280 10 11 0.08222149 
649 287 7 10 0.081839636 
357 296 10 12 0.08146966 
139 324 14 17 0.081439674 
559 318 8 11 0.08099372 
255 277 9 11 0.08020903 
663 316 17 23 0.07978107 
789 315 10 12 0.07873566 
67 322 15 19 0.07851557 
784 319 10 12 0.077974305 
497 278 8 10 0.07796411 
845 320 12 14 0.07763176 
709 333 10 13 0.07748024 
912 295 7 9 0.07733485 
726 295 8 11 0.077220395 
699 318 11 14 0.07691546 
382 271 8 8 0.07552673 
55 255 7 9 0.07538232 
936 316 11 14 0.075314775 
995 340 12 15 0.07467435 
709 288 7 9 0.07434677 
241 314 11 17 0.07420643 
888 301 8 11 0.07406497 
0 327 9 13 0.074001625 
700 324 12 15 0.07395491 
30 302 12 14 0.07390121 
869 303 8 10 0.073336504 
597 279 9 10 0.07300537 
14 286 7 9 0.072901495 
936 300 9 11 0.07267125 
537 313 13 16 0.07253317 
633 280 7 9 0.07251508 
287 276 9 12 0.072383046 
862 308 8 11 0.071480185 
569 296 8 11 0.07089116 
601 296 9 10 0.07062251 
942 296 8 10 0.0692891 
1 263 8 11 0.069221236 
337 314 11 15 0.069210105 
703 329 12 16 0.06866929 
840 301 8 10 0.068215765 
847 288 7 9 0.0674745 
177 291 11 14 0.06732198 
633 284 8 10 0.06729453 
79 307 9 12 0.06706892 
634 302 7 10 0.066878274 
570 301 9 11 0.06674157 
918 344 14 17 0.066692546 
793 292 8 11 0.06563935 
64 280 8 10 0.06544588 
57 279 7 10 0.06518054 
377 288 8 11 0.06492612 
862 297 7 9 0.064875446 
599 286 9 10 0.064759836 
380 299 11 14 0.06450692 
552 288 8 10 0.06439507 
351 271 8 10 0.06427765 
64 285 9 13 0.06388012 
930 295 8 10 0.063650675 
768 304 9 11 0.063536406 
131 278 9 12 0.06333148 
368 284 8 11 0.062844746 
1010 324 10 14 0.062194686 
1005 295 8 10 0.061524156 
113 275 9 12 0.061437864 
486 296 9 11 0.06134821 
767 352 13 17 0.061182123 
574 296 8 9 0.06073082 
552 298 10 14 0.060490493 
873 293 8 10 0.06015283 
745 297 7 9 0.059893712 
1005 302 9 11 0.059874926 
8 279 8 10 0.059792947 
591 297 8 9 0.0595966 
105 278 8 11 0.059509967 
284 264 8 10 0.05936439 
882 358 17 19 0.059030235 
349 328 15 18 0.058931924 
818 302 9 10 0.058702923 
527 297 8 10 0.058351945 
80 271 8 10 0.058263894 
153 296 9 12 0.05823993 
1011 338 11 16 0.05755674 
904 286 8 10 0.057424974 
878 293 8 10 0.057122722 
41 346 16 21 0.05642699 
858 296 8 10 0.056254543 
758 302 9 12 0.056172024 
880 288 7 9 0.05605958 
481 272 7 9 0.055881653 
58 286 8 10 0.05563651 
644 311 9 12 0.055552967 
405 280 9 12 0.055489566 
582 280 8 9 0.055265967 
590 301 8 11 0.05499845 
554 349 12 16 0.054904424 
23 316 11 15 0.05464747 
430 322 11 16 0.053898986 
133 284 9 11 0.053218886 
467 294 10 14 0.053158086 
342 333 10 13 0.052783348 
877 328 9 11 0.0527397 
226 295 9 11 0.05273891 
521 303 9 12 0.052601703 
581 303 10 11 0.052200954 
249 276 9 11 0.05212299 
330 265 8 11 0.051813938 
895 332 13 16 0.051622897 
522 313 14 18 0.051581696 
662 297 9 12 0.05157942 
269 263 8 10 0.050945427 
887 297 8 9 0.050875925 
13 279 8 10 0.05072955 
308 332 12 17 0.050685886 
560 279 7 8 0.050624594 
221 277 8 11 0.05049457 
8 296 9 12 0.050433848 
878 333 9 11 0.050183807 
685 302 9 10 0.049834784 
900 325 11 12 0.049632844 
978 332 13 16 0.04944268 
735 288 7 9 0.04910956 
75 320 13 20 0.049057774 
753 288 6 9 0.048612338 
536 285 8 10 0.048552517 
422 277 8 9 0.04840778 
609 273 7 9 0.048347168 
0 284 9 12 0.048327338 
78 278 8 10 0.048215024 
402 283 10 14 0.04810222 
966 331 12 15 0.04801914 
262 284 10 11 0.048004825 
22 332 17 17 0.04788583 
694 280 6 9 0.047699362 
934 288 9 11 0.04746577 
671 296 7 9 0.04680471 
615 278 7 9 0.04676333 
537 280 7 9 0.046717457 
481 295 9 11 0.046650313 
455 340 16 23 0.046531364 
220 343 13 15 0.0463889 
591 310 9 11 0.045866046 
580 315 11 13 0.04575859 
407 331 16 23 0.045138314 
751 295 7 10 0.044948608 
520 295 9 11 0.044689015 
381 265 9 10 0.044645876 
24 302 11 13 0.044611245 
382 310 10 13 0.044288922 
758 296 7 9 0.044207476 
569 279 7 9 0.043723505 
728 287 7 8 0.043612495 
644 316 11 15 0.04360193 
341 321 12 18 0.04358863 
653 287 8 9 0.043453738 
545 279 6 8 0.043433066 
743 287 7 9 0.04330434 
965 303 9 11 0.042244665 
552 274 7 9 0.042094033 
782 293 7 10 0.042007904 
417 304 10 13 0.041999508 
829 295 8 9 0.041818377 
6 263 7 10 0.041695725 
375 278 8 10 0.041667417 
92 292 9 12 0.041649703 
428 314 11 16 0.041634936 
602 353 16 20 0.04130107 
353 277 8 10 0.04117645 
413 328 14 19 0.041111637 
31 295 9 12 0.040987257 
590 316 11 15 0.040753603 
584 297 8 10 0.04071816 
807 342 14 17 0.040689696 
874 270 7 10 0.040330373 
103 284 9 13 0.040210254 
964 309 10 12 0.040194437 
303 279 8 11 0.039927937 
25 263 7 10 0.03988405 
909 288 8 10 0.03986285 
80 248 8 11 0.03982714 
912 332 13 16 0.03980605 
255 249 7 9 0.039716512 
871 245 7 9 0.039362222 
421 324 12 18 0.039173663 
582 285 7 9 0.03879726 
108 311 14 18 0.03875675 
197 356 15 19 0.038298074 
221 271 8 11 0.038290832 
433 302 10 13 0.038254816 
340 305 20 27 0.03821099 
434 296 10 12 0.038162004 
352 318 20 27 0.038093276 
567 316 10 13 0.0377978 
751 306 9 12 0.037666287 
238 264 8 10 0.03761941 
398 293 10 13 0.037584253 
54 272 7 9 0.037536457 
481 300 11 15 0.03739873 
256 282 11 14 0.037363708 
118 272 9 11 0.03732212 
540 301 10 12 0.037297104 
776 282 7 9 0.037245367 
370 328 11 16 0.037207805 
683 316 9 14 0.037165888 
278 286 9 12 0.03695883 
1007 308 11 13 0.036751933 
542 296 8 10 0.03674014 
340 278 8 11 0.036704905 
108 324 13 19 0.03667508 
329 275 10 13 0.036656495 
511 294 8 11 0.03641734 
106 263 7 10 0.0363832 
24 270 7 8 0.036324717 
483 328 19 27 0.03626627 
929 287 9 10 0.03624069 
1002 288 7 10 0.036220737 
919 270 9 11 0.03621492 
359 287 8 11 0.036210127 
854 316 10 14 0.036188323 
92 314 13 18 0.03593362 
296 278 9 11 0.035828244 
782 288 7 9 0.03574573 
8 284 8 11 0.03559449 
254 254 8 10 0.035544865 
950 304 10 12 0.035534345 
271 270 7 10 0.035478987 
576 262 9 10 0.035477404 
498 285 9 11 0.035388943 
137 232 7 9 0.035291098 
34 271 7 9 0.035172667 
223 319 15 20 0.035167117 
15 256 7 9 0.035118304 
840 288 9 11 0.034936663 
48 264 7 9 0.0347193 
97 356 17 18 0.03469052 
44 288 9 11 0.034668818 
571 309 9 12 0.034487575 
728 281 7 8 0.03443161 
105 294 10 14 0.03441635 
836 360 16 18 0.034407616 
41 265 7 9 0.03435116 
886 281 7 8 0.034312826 
527 279 8 9 0.034291122 
734 294 8 10 0.034267984 
264 268 8 11 0.034177296 
399 272 8 10 0.03401501 
749 325 11 14 0.033973943 
992 303 9 11 0.033945575 
648 293 8 11 0.033913136 
279 294 10 13 0.03370728 
880 340 11 13 0.033518407 
793 282 7 9 0.033464037 
662 311 11 15 0.033401288 
391 279 8 10 0.033366296 
396 301 10 13 0.03331162 
497 295 8 11 0.033192515 
443 306 12 17 0.032915823 
558 311 9 11 0.03290623 
632 296 9 11 0.032760546 
248 272 9 11 0.03248137 
296 285 9 11 0.032446988 
387 315 13 17 0.03244284 
616 299 10 12 0.032204267 
575 327 12 17 0.032149334 
633 352 17 21 0.03193134 
607 288 8 11 0.031877775 
937 311 9 12 0.031852417 
433 279 8 10 0.03181243 
487 288 8 10 0.031709395 
7 270 8 10 0.03159263 
31 255 8 10 0.031558 
86 299 12 15 0.031502623 
709 292 8 11 0.03142957 
544 272 7 9 0.031427164 
300 300 12 16 0.031381316 
159 311 12 17 0.031134496 
784 311 9 11 0.031057898 
29 230 8 11 0.030930083 
528 286 8 10 0.03087104 
405 281 19 24 0.03083899 
32 313 15 17 0.030787952 
823 288 7 9 0.030780526 
899 309 10 12 0.030683327 
886 332 11 13 0.030620348 
30 263 8 10 0.03049334 
51 256 7 9 0.03047946 
889 315 17 22 0.030433992 
272 294 10 13 0.03037158 
690 280 7 8 0.030225094 
311 279 17 22 0.030195465 
294 294 11 14 0.030092694 
672 288 7 9 0.029925661 
417 278 8 11 0.029908765 
16 309 11 13 0.02973333 
597 310 10 12 0.02967614 
25 230 8 11 0.02959129 
40 248 8 9 0.029540658 
622 301 8 10 0.029528309 
192 288 10 12 0.029462975 
64 272 8 9 0.029438276 
903 296 8 10 0.029273601 
157 297 9 11 0.02925884 
452 291 12 17 0.029212147 
951 295 8 10 0.029125283 
63 329 15 17 0.028986992 
335 300 13 16 0.028935496 
823 279 6 9 0.028817693 
86 265 7 9 0.028650532 
236 300 11 14 0.02864325 
69 301 11 14 0.028535565 
305 284 10 12 0.028469393 
744 317 11 13 0.028447488 
201 315 11 16 0.028306887 
115 294 13 15 0.028293261 
502 307 11 14 0.02829225 
259 301 21 26 0.028106237 
118 281 12 14 0.028014097 
317 288 12 16 0.02794269 
675 341 11 15 0.027921522 
143 278 9 11 0.027845744 
861 335 12 15 0.027809996 
523 278 7 9 0.027784927 
911 327 11 13 0.02775582 
164 301 10 13 0.027522331 
733 346 16 19 0.027411476 
187 354 15 19 0.027385838 
965 354 15 18 0.027341709 
13 317 11 14 0.02726864 
694 319 18 25 0.027176991 
877 269 9 10 0.027156375 
899 319 10 13 0.02715206 
904 281 7 9 0.027114512 
420 286 9 12 0.027011408 
13 237 9 12 0.026934052 
420 305 18 22 0.026873393 
758 307 10 12 0.026845943 
649 324 11 16 0.026804969 
245 314 15 24 0.026748635 
443 271 8 10 0.026723975 
233 261 8 10 0.026543336 
28 324 15 17 0.02642218 
337 338 16 19 0.026383657 
5 357 13 17 0.026346385 
1006 289 7 9 0.02630666 
695 297 9 11 0.026241936 
767 334 9 13 0.02617727 
792 301 8 10 0.026126986 
536 297 9 11 0.025978064 
743 282 6 8 0.025951346 
168 330 15 17 0.025867652 
383 332 10 15 0.025792895 
222 286 8 12 0.025502592 
374 287 19 24 0.025395848 
613 273 8 10 0.02530895 
850 248 7 9 0.025185958 
81 265 8 10 0.025178643 
277 278 9 11 0.025096284 
479 287 8 10 0.025039202 
497 272 7 9 0.025021087 
361 299 17 23 0.024986178 
25 255 8 10 0.02490354 
781 327 19 22 0.024814736 
813 315 10 14 0.024786511 
724 356 15 17 0.024729194 
797 287 6 9 0.02463106 
991 295 7 9 0.024612837 
593 328 14 20 0.024597755 
164 317 13 16 0.024595454 
704 294 9 11 0.024561955 
232 256 7 9 0.024381632 
436 315 11 16 0.024369774 
434 285 9 12 0.024193179 
640 214 213 207 0.024160955 
455 295 18 25 0.024077546 
180 342 14 17 0.024002774 
903 270 7 10 0.023926077 
34 285 9 12 0.023848988 
828 356 17 18 0.023820786 
85 282 19 23 0.023737684 
510 328 14 20 0.023700714 
511 288 7 9 0.023658138 
639 294 8 10 0.023655219 
36 317 14 19 0.023649018 
359 280 8 10 0.023635713 
146 325 11 14 0.023585113 
638 286 8 10 0.023582378 
574 305 18 23 0.023547992 
389 308 12 17 0.02352845 
343 271 8 11 0.023490012 
47 241 7 9 0.023443762 
866 346 13 15 0.023418387 
417 273 9 10 0.023376508 
223 264 7 10 0.023361877 
808 333 10 12 0.02331148 
913 301 8 10 0.023295553 
253 294 11 13 0.023278922 
285 294 12 14 0.023245443 
958 294 8 10 0.023165049 
74 247 7 10 0.023145787 
822 341 11 15 0.02307851 
237 287 9 12 0.023027308 
81 224 7 9 0.023004854 
39 253 8 10 0.023000069 
816 288 7 8 0.022989629 
810 288 6 8 0.022856014 
175 298 10 14 0.02285386 
737 301 9 10 0.022832777 
984 295 8 10 0.022832284 
656 307 12 14 0.02275186 
958 320 13 16 0.022706607 
255 262 9 10 0.022701977 
41 264 19 25 0.02268391 
797 331 11 14 0.022671718 
105 330 20 27 0.022632258 
13 294 9 12 0.02258857 
406 326 13 18 0.022584548 
372 317 12 17 0.022515953 
446 263 19 24 0.022439737 
736 281 7 8 0.022432687 
392 272 7 9 0.022373168 
14 224 8 10 0.022246167 
638 280 7 9 0.022186855 
15 229 9 11 0.022153364 
302 292 11 15 0.022142148 
240 269 8 10 0.022133518 
110 265 8 10 0.02211328 
798 316 9 12 0.022101443 
521 271 7 9 0.022072379 
809 294 7 10 0.022025196 
520 288 7 9 0.021983827 
415 313 14 17 0.021939555 
950 304 18 23 0.021921644 
772 340 11 15 0.021907888 
479 276 7 10 0.021899175 
142 269 9 12 0.021884348 
885 340 12 14 0.021786585 
123 272 19 23 0.021773852 
325 298 12 16 0.021770801 
77 292 10 12 0.021749476 
898 286 8 9 0.021644685 
96 255 8 10 0.021620858 
57 249 7 8 0.021605382 
896 297 9 10 0.02160168 
797 294 8 10 0.02154378 
15 272 7 10 0.021542352 
550 288 19 24 0.021532314 
775 333 11 13 0.021526037 
471 330 24 32 0.021515172 
8 257 8 9 0.021489728 
301 271 9 11 0.021376042 
685 324 10 14 0.021373475 
870 308 8 11 0.021325264 
823 309 9 12 0.021288633 
503 272 7 9 0.021285534 
139 308 12 15 0.021226559 
25 248 7 10 0.021216946 
862 317 9 12 0.021215215 
976 299 18 22 0.021188721 
948 323 14 17 0.021164002 
1013 304 9 13 0.02115645 
871 320 9 11 0.021108544 
312 261 9 11 0.020955317 
919 296 7 10 0.020953173 
528 271 7 9 0.020861577 
975 296 9 10 0.020858305 
688 272 7 9 0.020828875 
337 344 22 25 0.020810006 
93 322 15 20 0.020790389 
615 317 11 14 0.020757288 
817 295 8 10 0.020749712 
917 303 20 24 0.020742053 
552 308 10 12 0.02073478 
649 280 7 9 0.020725835 
822 270 8 10 0.020719906 
325 312 14 18 0.020697303 
14 244 8 10 0.020660097 
87 315 11 17 0.020656077 
798 347 14 18 0.020635625 
879 309 10 13 0.02061561 
486 272 7 8 0.02060519 
991 336 12 15 0.02048821 
984 288 7 9 0.020484623 
368 294 11 14 0.020441247 
72 272 8 11 0.020433888 
959 304 10 13 0.020411594 
368 296 18 24 0.020409007 
720 279 7 9 0.020335687 
671 301 9 11 0.020334166 
559 273 7 9 0.020331584 
890 357 15 17 0.020323712 
512 262 8 10 0.020275706 
446 277 9 12 0.020227196 
750 318 9 12 0.020226503 
454 257 8 10 0.020203127 
798 326 10 13 0.020171817 
890 310 9 12 0.020126944 
758 288 7 9 0.020104866 
596 314 21 27 0.020042364 
830 316 10 13 0.020006737 
