0_Parade_marchingband_1_104
135
316 252 32 40 0.998944 
451 262 26 31 0.9899805 
238 246 14 16 0.90431666 
738 230 16 21 0.8182033 
1003 216 17 26 0.7117632 
127 253 13 17 0.6919416 
150 243 11 14 0.53572905 
579 255 13 18 0.30759966 
835 229 12 15 0.30560493 
37 254 11 14 0.30350563 
602 229 8 10 0.2721055 
549 244 10 13 0.21079642 
502 226 10 13 0.2090041 
84 280 10 13 0.1945266 
968 232 9 10 0.19123237 
214 246 7 11 0.1473189 
25 240 7 10 0.12884893 
451 220 11 16 0.12726644 
103 240 10 12 0.11142043 
605 225 8 11 0.09915718 
57 260 9 11 0.09029631 
168 263 10 12 0.08646391 
23 244 8 10 0.085559554 
283 235 10 14 0.08292004 
197 246 8 10 0.077469416 
912 238 11 13 0.076300375 
830 226 19 25 0.070397444 
691 380 60 77 0.06750566 
407 241 12 13 0.06283671 
402 252 25 32 0.06122575 
480 230 12 14 0.060353957 
725 237 14 16 0.059786946 
38 296 7 10 0.058327533 
264 237 8 10 0.056473568 
173 262 11 14 0.056195054 
70 246 9 12 0.054140158 
894 236 9 11 0.05347695 
240 287 9 11 0.05303625 
750 196 11 13 0.05192217 
62 255 8 11 0.05101994 
4 268 11 13 0.05005126 
581 247 12 18 0.04914077 
890 236 9 11 0.047412485 
718 238 11 13 0.04686755 
587 286 9 12 0.043002997 
352 234 13 17 0.042300686 
532 253 13 17 0.042015273 
167 243 9 11 0.041909073 
98 244 10 13 0.04099072 
110 255 9 11 0.040303882 
228 277 9 12 0.040168792 
543 238 12 15 0.040161114 
53 280 8 10 0.03913504 
112 261 9 11 0.038471475 
412 254 12 15 0.037632115 
190 277 8 10 0.03698949 
509 229 9 13 0.036744837 
215 241 7 10 0.035726506 
541 250 12 16 0.035131656 
25 277 9 12 0.034333814 
66 247 8 11 0.03431456 
146 240 11 13 0.034128975 
599 234 10 12 0.033928655 
296 236 11 15 0.033059414 
549 269 10 13 0.03271148 
541 260 11 15 0.032483716 
234 246 12 14 0.032241944 
73 277 7 9 0.032077167 
158 238 10 13 0.03155412 
829 212 9 10 0.031323798 
114 269 10 12 0.031222334 
544 267 11 14 0.03092302 
614 223 9 12 0.030428385 
461 244 12 15 0.030306736 
476 255 15 21 0.030158347 
588 252 12 17 0.029772852 
586 291 9 12 0.029338904 
855 260 9 14 0.029244091 
974 194 16 19 0.029134285 
141 278 10 12 0.028716339 
833 234 25 30 0.028525671 
73 271 8 11 0.028211199 
39 301 7 10 0.028041666 
645 222 8 10 0.027871793 
85 272 9 11 0.027841214 
616 228 9 11 0.027782526 
29 238 8 10 0.027410027 
775 223 11 13 0.026972791 
232 240 9 10 0.026715495 
904 237 10 12 0.026309567 
120 296 8 10 0.026271507 
245 240 10 12 0.025993766 
208 239 10 12 0.025693089 
31 310 8 10 0.025506431 
152 262 10 12 0.02538012 
32 249 19 23 0.025026394 
180 263 10 13 0.024989355 
193 241 8 10 0.024388136 
104 253 9 11 0.024249839 
108 239 9 11 0.024248 
716 288 36 43 0.023712697 
34 302 9 10 0.023423571 
972 235 10 13 0.023366751 
449 206 10 12 0.023176134 
249 233 8 10 0.023114342 
163 230 11 13 0.023105692 
797 238 10 11 0.02291308 
43 254 10 13 0.022813141 
132 248 12 15 0.022757709 
463 251 23 31 0.022694921 
158 269 9 11 0.0225633 
239 292 8 11 0.022496808 
754 196 15 17 0.02247408 
383 261 13 16 0.022472924 
190 271 9 12 0.022102917 
842 205 8 10 0.021936925 
716 238 21 25 0.021804275 
512 235 9 12 0.021793347 
747 200 24 28 0.021791272 
542 232 9 11 0.021788025 
598 245 9 13 0.021583851 
397 238 12 14 0.021472488 
554 243 14 17 0.021403948 
233 294 9 11 0.021264063 
18 245 8 11 0.021092957 
228 270 11 14 0.020950424 
641 238 9 12 0.020774677 
223 245 9 12 0.020736357 
546 239 18 23 0.020678433 
80 271 8 10 0.020660408 
385 257 26 31 0.020580342 
23 252 8 12 0.020565202 
853 253 10 15 0.020431966 
164 262 20 25 0.020430854 
588 302 9 13 0.02003342 
