0_Parade_marchingband_1_476
369
744 178 49 63 0.998743 
590 169 27 34 0.99854386 
676 162 32 36 0.9971052 
518 174 23 31 0.9966158 
857 101 36 42 0.99660146 
282 255 24 37 0.9960372 
452 221 30 34 0.995109 
794 126 47 55 0.9936051 
612 200 37 50 0.9915911 
430 190 21 27 0.97888076 
421 275 37 51 0.9711978 
352 225 20 27 0.9677128 
204 249 22 32 0.9605269 
335 264 26 44 0.95775324 
314 217 18 25 0.93396693 
385 221 20 28 0.9273448 
325 143 13 18 0.9250143 
400 200 23 29 0.90649337 
264 178 11 15 0.89884543 
644 58 12 16 0.88129056 
489 192 24 30 0.88016087 
222 190 14 17 0.8263335 
242 257 20 31 0.81874484 
575 160 16 23 0.79003656 
73 254 22 27 0.7679208 
406 136 13 16 0.7481693 
711 52 12 15 0.7343093 
58 231 15 22 0.7229793 
175 185 13 17 0.7136833 
582 93 12 15 0.6293729 
199 178 13 18 0.5725195 
477 118 13 15 0.49665 
736 37 12 16 0.44054013 
612 19 9 12 0.42820644 
696 69 9 12 0.41421482 
155 199 17 19 0.40562636 
351 151 12 14 0.3951656 
374 142 9 13 0.3691493 
392 136 10 12 0.33246332 
528 102 8 10 0.33219737 
566 103 10 13 0.3172108 
861 1 17 17 0.2953288 
503 117 10 13 0.2937728 
486 191 13 15 0.28980204 
581 161 26 33 0.28688422 
693 63 12 14 0.28669104 
612 70 12 15 0.28318983 
246 188 11 14 0.27618486 
247 181 11 15 0.2555319 
761 14 11 12 0.25072297 
312 164 12 14 0.24868171 
537 89 8 10 0.24300686 
562 87 8 10 0.21790698 
367 141 10 14 0.21026696 
679 43 11 13 0.20878546 
485 119 10 13 0.20729966 
745 94 13 18 0.20422974 
876 33 32 40 0.20321825 
850 27 16 19 0.19742031 
585 67 9 12 0.18673079 
303 165 10 12 0.18653744 
575 131 12 18 0.18437351 
53 236 15 20 0.18258339 
197 192 13 15 0.18010357 
751 39 10 14 0.17872417 
861 57 13 16 0.1729401 
327 261 24 36 0.15788402 
686 114 12 15 0.15748146 
816 37 12 14 0.15672298 
741 41 12 15 0.15591094 
296 168 10 12 0.15528528 
422 121 9 11 0.14735033 
716 56 12 15 0.14449795 
543 70 8 10 0.14426008 
541 88 7 10 0.140511 
593 76 10 13 0.13877021 
590 70 9 11 0.13855587 
202 182 15 20 0.13648193 
784 5 11 13 0.13130687 
566 107 12 16 0.12464714 
66 233 15 19 0.12221643 
651 60 9 14 0.11994059 
680 70 8 11 0.117547005 
774 46 11 13 0.117543966 
892 4 17 16 0.11644387 
637 91 10 13 0.11607975 
21 231 18 24 0.11566541 
703 99 14 19 0.11456156 
76 226 15 18 0.11315915 
528 109 8 10 0.10948841 
496 117 8 11 0.10218449 
492 279 36 50 0.095962584 
561 92 8 12 0.09395646 
890 37 24 29 0.09386869 
258 249 25 35 0.09196455 
619 75 12 15 0.09176338 
497 102 8 10 0.091251776 
528 96 9 11 0.0910685 
607 72 11 14 0.090781756 
501 103 7 10 0.089273326 
240 324 22 30 0.086951114 
696 39 8 12 0.08652184 
878 41 13 19 0.08298908 
693 55 10 12 0.08232791 
672 39 9 11 0.081341416 
510 112 8 11 0.07491459 
268 255 27 35 0.07202059 
565 94 9 12 0.07171595 
508 116 9 12 0.07122878 
702 39 8 12 0.07068198 
756 39 9 13 0.070657566 
612 64 11 13 0.06983344 
396 134 13 15 0.0689529 
499 191 17 22 0.068651915 
788 12 11 12 0.06797875 
550 70 8 10 0.0679303 
599 72 9 12 0.06759755 
762 19 12 14 0.06678688 
622 45 8 11 0.06618128 
153 309 54 54 0.06571073 
688 70 9 11 0.06567101 
538 69 9 11 0.0649826 
509 237 24 29 0.064910725 
800 28 12 14 0.06375246 
742 52 9 12 0.0632025 
624 15 9 11 0.06309692 
1 314 15 18 0.061686005 
307 260 25 34 0.061165 
689 54 9 12 0.06108073 
679 31 9 11 0.060539152 
780 44 12 16 0.060441107 
690 62 9 11 0.06040056 
521 111 8 10 0.05951466 
340 206 23 27 0.05910919 
883 3 29 28 0.0590761 
262 241 17 20 0.058830682 
542 65 7 9 0.0586618 
770 45 8 12 0.058610056 
248 177 10 12 0.05839414 
363 220 23 29 0.058191054 
785 21 10 12 0.05783825 
818 27 13 17 0.05734737 
560 4 12 12 0.057046853 
17 271 27 29 0.05684502 
566 329 22 30 0.05633513 
186 242 12 15 0.05617891 
617 54 10 12 0.05609189 
784 29 10 13 0.05534283 
382 140 10 14 0.054909367 
683 333 16 23 0.054641034 
633 61 10 14 0.053781085 
639 40 9 11 0.05363966 
419 201 13 20 0.053153556 
737 53 9 12 0.053147797 
139 237 12 13 0.052645348 
700 61 12 14 0.052627176 
798 4 13 13 0.0519508 
165 323 12 14 0.051888075 
551 96 8 10 0.051812377 
538 64 8 10 0.051727254 
605 44 10 12 0.050856188 
741 34 10 12 0.05076764 
639 46 10 11 0.04915131 
703 45 8 11 0.048631504 
69 242 23 31 0.048365496 
473 280 28 42 0.048305787 
784 2 10 9 0.048236564 
552 234 29 36 0.047670163 
360 141 12 15 0.047155518 
496 109 10 14 0.046925843 
211 247 15 21 0.04659581 
522 103 8 10 0.044967033 
352 213 23 28 0.04481898 
729 44 11 14 0.04477359 
783 34 12 15 0.044735666 
830 15 43 51 0.04469123 
625 118 10 14 0.044265322 
574 100 11 13 0.044079248 
287 158 8 10 0.043931626 
629 67 11 14 0.043672994 
599 43 10 13 0.04333565 
710 37 10 12 0.0431073 
189 332 14 15 0.043084744 
299 205 14 18 0.04278771 
254 180 10 13 0.0426715 
686 38 11 14 0.04249388 
866 44 23 30 0.042438366 
709 85 11 15 0.041937973 
191 189 13 17 0.041621782 
705 52 11 13 0.041538198 
737 60 10 12 0.04137229 
193 186 21 25 0.04066816 
589 285 31 36 0.040411286 
598 99 9 11 0.04027382 
714 48 12 15 0.039910518 
568 29 9 12 0.03963138 
550 100 9 11 0.03944328 
563 101 9 12 0.039409027 
109 299 11 14 0.039387103 
736 32 10 13 0.038661517 
587 96 12 15 0.038603254 
541 92 9 10 0.03828756 
532 110 9 10 0.038269192 
460 126 12 15 0.03825898 
488 111 9 12 0.0382482 
137 224 9 13 0.038115274 
316 156 13 15 0.03749301 
775 38 11 14 0.037374377 
4 300 15 18 0.037270315 
238 180 13 15 0.037163973 
814 30 19 26 0.036931355 
83 222 13 17 0.036894746 
806 36 11 13 0.036623694 
691 107 13 18 0.03614786 
472 112 10 12 0.03593289 
375 270 23 33 0.035756115 
209 181 12 15 0.035678674 
442 181 17 21 0.03530209 
692 123 12 16 0.035129458 
777 82 15 18 0.035080336 
87 257 17 19 0.034654442 
591 82 12 15 0.034628578 
856 52 24 26 0.03461 
557 254 14 17 0.034470875 
653 55 10 13 0.034374498 
673 43 11 13 0.034272444 
859 68 47 60 0.034205336 
603 213 31 37 0.033586603 
374 371 43 60 0.033532638 
290 244 26 33 0.03294281 
781 69 15 19 0.032730997 
36 242 14 17 0.03261187 
590 302 27 30 0.03249913 
302 214 22 27 0.032452196 
490 102 8 11 0.032349437 
439 190 23 28 0.03199081 
691 63 20 24 0.031696223 
768 39 9 13 0.03136675 
706 92 13 17 0.03134444 
158 318 25 28 0.030972285 
173 300 14 17 0.030501971 
588 63 9 12 0.030410053 
92 246 14 16 0.03008952 
322 213 23 29 0.03007929 
117 218 11 14 0.030055348 
519 115 10 12 0.03003884 
527 115 10 12 0.029908916 
364 136 18 24 0.02963887 
162 187 20 26 0.02952871 
539 162 16 21 0.029489681 
567 23 9 13 0.029375535 
717 37 10 12 0.02927312 
609 357 23 29 0.029226683 
152 242 12 13 0.029191721 
568 36 11 13 0.029121738 
333 209 16 21 0.029044354 
315 167 14 17 0.028945522 
702 21 9 11 0.02886433 
866 51 32 38 0.028851166 
508 181 23 29 0.028533945 
188 308 30 32 0.028291667 
563 1 12 10 0.028225247 
567 230 27 33 0.027938388 
45 240 23 28 0.027842266 
347 147 20 22 0.027685804 
174 261 13 15 0.02764126 
686 31 9 12 0.02754096 
417 123 12 15 0.027177284 
679 63 9 11 0.027142797 
455 127 11 13 0.02705126 
688 75 9 11 0.02701909 
511 87 8 10 0.026913065 
387 212 22 27 0.026326712 
693 131 14 17 0.026052224 
531 102 10 12 0.025665615 
390 144 12 15 0.025643107 
655 38 9 11 0.025579922 
111 213 13 18 0.025418168 
759 27 12 14 0.025357647 
782 2 20 23 0.025299404 
804 24 12 13 0.025044585 
225 243 16 20 0.024862917 
401 213 18 25 0.024841283 
622 40 8 11 0.02481561 
693 30 10 12 0.024534639 
8 283 26 28 0.02446069 
685 119 15 19 0.024376744 
712 33 8 10 0.02433353 
409 198 17 22 0.02431152 
202 309 17 22 0.024240352 
850 19 42 49 0.024232255 
43 256 18 22 0.024182042 
710 79 10 13 0.024049243 
436 273 37 42 0.023961354 
776 31 10 12 0.023957893 
599 231 14 18 0.02393799 
194 180 11 15 0.023917431 
846 33 26 31 0.023839926 
621 61 12 15 0.023711152 
3 324 16 20 0.02363601 
936 155 28 43 0.023584444 
0 292 24 30 0.023542035 
482 291 17 24 0.02350038 
530 88 8 11 0.023438154 
12 224 21 31 0.023013381 
757 8 19 24 0.022975376 
172 243 14 16 0.022960227 
777 69 24 32 0.022938134 
363 213 17 21 0.022936491 
30 267 25 31 0.022915803 
628 19 11 13 0.022897556 
301 160 19 23 0.022872627 
751 12 11 14 0.022863107 
312 150 9 13 0.022833886 
434 221 25 32 0.02283254 
622 7 10 11 0.022827832 
30 236 23 27 0.02281132 
570 317 31 35 0.02278002 
609 156 16 20 0.022770898 
279 176 9 11 0.022621708 
877 82 30 34 0.022524102 
673 68 9 12 0.022513386 
255 167 9 12 0.022488032 
166 305 34 37 0.02244279 
673 30 9 12 0.022382228 
473 120 12 16 0.022381587 
635 99 14 19 0.022293335 
851 3 25 27 0.02228429 
578 62 8 11 0.022275211 
703 17 7 9 0.022244086 
139 228 11 13 0.022158444 
728 24 8 10 0.022137374 
559 114 13 16 0.022117445 
720 281 36 38 0.021972286 
59 254 39 47 0.021888876 
157 191 14 17 0.021780094 
768 50 10 13 0.021676395 
795 11 12 14 0.02165679 
677 145 26 33 0.021649286 
45 225 24 27 0.021568254 
8 207 10 14 0.021517849 
175 322 33 35 0.021477247 
695 22 10 12 0.021471644 
359 421 11 15 0.021456854 
772 45 23 28 0.021380069 
904 40 16 21 0.021343185 
615 79 14 16 0.0213075 
201 232 42 52 0.021259116 
881 35 19 25 0.02114945 
213 242 25 33 0.021060497 
113 246 8 10 0.02098926 
615 6 9 12 0.020791177 
289 166 9 11 0.020717174 
764 26 13 14 0.020672278 
262 227 14 16 0.020554898 
813 15 24 28 0.020550681 
798 34 13 15 0.02054073 
676 38 20 24 0.020496901 
543 75 8 11 0.020430395 
850 14 23 29 0.02042363 
221 251 26 32 0.020317376 
287 173 10 13 0.020265277 
585 75 11 13 0.020222383 
717 341 13 16 0.020188577 
270 166 11 13 0.020169023 
725 52 10 13 0.020138308 
324 248 15 20 0.02011061 
776 4 13 15 0.0200734 
576 233 14 18 0.020070743 
