0_Parade_marchingband_1_629
258
109 373 12 16 0.9782536 
326 358 9 11 0.94728196 
610 371 12 16 0.93040377 
53 334 10 13 0.92507136 
956 395 16 21 0.9166899 
235 364 11 16 0.9036915 
463 359 9 12 0.88698554 
508 366 13 17 0.8360195 
577 322 11 13 0.813194 
562 370 12 15 0.80943054 
636 327 9 11 0.8078908 
429 321 8 11 0.799374 
34 377 12 16 0.775653 
394 363 9 12 0.70353276 
294 353 8 10 0.65481883 
496 331 11 12 0.6465994 
426 362 10 14 0.5785678 
862 388 12 16 0.571842 
793 351 10 14 0.52789426 
287 387 9 11 0.49693123 
2 348 9 13 0.4920706 
361 361 9 11 0.4914236 
141 359 9 12 0.47429106 
405 325 9 11 0.46886235 
270 387 9 13 0.44706765 
747 373 14 18 0.40104803 
795 410 15 19 0.3879998 
537 335 9 12 0.37718245 
413 339 15 19 0.35240233 
861 352 11 16 0.22939841 
714 335 8 10 0.20225571 
567 345 15 17 0.17148475 
636 356 14 17 0.1643521 
722 351 9 12 0.15723138 
509 392 10 13 0.15697563 
648 373 12 16 0.1565909 
718 386 16 20 0.14726421 
562 327 8 10 0.14006007 
567 397 10 12 0.13314717 
331 359 8 11 0.13116875 
505 395 10 12 0.12644304 
253 408 8 10 0.12402252 
477 341 12 14 0.12037357 
535 325 8 11 0.11943595 
801 403 17 21 0.114827506 
138 363 9 11 0.1103447 
741 335 7 9 0.11022962 
789 405 15 21 0.109059684 
791 373 10 16 0.10786682 
587 364 10 14 0.10529106 
630 447 10 12 0.10397382 
486 353 14 16 0.10366898 
421 333 12 15 0.101477 
293 389 8 12 0.09920008 
582 339 11 14 0.09664539 
281 382 9 12 0.092845 
304 398 9 9 0.08954549 
530 324 9 12 0.08380729 
469 404 8 11 0.08284895 
814 350 23 33 0.08270251 
406 330 13 19 0.08173194 
728 345 8 10 0.07965162 
271 392 10 13 0.07756423 
440 400 8 9 0.07599541 
824 343 9 13 0.07414895 
929 417 24 27 0.07206372 
775 340 8 10 0.07200575 
481 335 9 12 0.071356826 
710 396 13 17 0.069211535 
345 435 10 12 0.0685005 
867 382 14 20 0.06799955 
207 341 8 10 0.06691784 
127 367 7 9 0.06591622 
571 351 16 19 0.06556642 
128 374 7 9 0.06494503 
280 387 10 13 0.06455027 
78 396 9 10 0.06287738 
795 342 40 50 0.06145917 
336 399 8 9 0.059459787 
309 408 10 12 0.059389133 
319 397 8 10 0.05875701 
343 397 8 9 0.0580116 
839 745 16 18 0.055263035 
152 368 7 9 0.054766443 
565 332 10 13 0.054430168 
753 378 11 14 0.054360233 
329 380 9 12 0.054214403 
546 415 8 10 0.053229943 
312 367 8 10 0.053229716 
226 384 8 10 0.05292754 
69 383 7 9 0.052712258 
466 383 8 10 0.04960318 
311 398 8 10 0.049560823 
736 341 9 10 0.04951718 
734 350 8 12 0.04937776 
333 363 8 11 0.049163405 
968 394 16 19 0.04881529 
481 408 8 10 0.048738252 
493 339 13 16 0.04865114 
480 356 11 14 0.048468705 
642 363 14 18 0.048249844 
483 413 8 10 0.047994778 
594 414 9 11 0.047564924 
292 382 8 14 0.045874026 
433 383 8 11 0.04413919 
488 460 13 14 0.04321766 
578 344 14 18 0.04292322 
587 340 10 13 0.04259529 
429 340 9 13 0.042579114 
779 403 22 28 0.041526455 
429 407 8 10 0.041513354 
428 332 10 13 0.041230675 
295 396 9 11 0.040473074 
438 357 9 13 0.040414467 
290 355 10 12 0.04014121 
713 339 10 12 0.038580813 
102 389 8 11 0.038259268 
856 379 13 18 0.038252708 
162 399 7 9 0.03804425 
696 311 9 12 0.03785526 
398 371 8 10 0.03764222 
360 372 9 12 0.037439227 
418 345 12 17 0.03732524 
821 347 15 20 0.037271306 
812 340 43 52 0.03697474 
461 354 17 23 0.036741454 
431 348 10 14 0.036196392 
575 331 12 15 0.036182724 
706 383 24 27 0.036028787 
842 393 15 17 0.03595022 
485 408 9 11 0.035843566 
238 422 9 12 0.035795707 
266 384 9 12 0.035657123 
597 407 8 11 0.035036694 
366 400 8 9 0.0343947 
826 354 13 19 0.03429153 
323 353 17 21 0.034270756 
302 393 9 11 0.03418897 
792 354 22 32 0.034069408 
239 417 9 10 0.033805992 
501 348 10 14 0.03343546 
326 428 8 11 0.033284284 
286 406 9 11 0.032885075 
73 397 8 12 0.032696433 
86 410 10 12 0.032658428 
515 390 11 13 0.032410797 
549 350 10 14 0.032368284 
716 399 14 17 0.031824324 
246 390 7 11 0.031724527 
485 342 11 13 0.03148804 
294 372 9 12 0.030944467 
695 391 24 27 0.03085867 
423 383 7 10 0.030560121 
121 399 7 9 0.030260121 
320 375 8 10 0.030038534 
424 406 9 11 0.030022645 
73 390 8 11 0.029838625 
570 355 20 26 0.029830322 
295 366 9 11 0.02980683 
409 451 11 13 0.029727712 
313 360 8 11 0.029500192 
512 342 9 13 0.02947353 
566 415 9 11 0.029406916 
853 345 19 28 0.029395865 
873 523 34 34 0.029339531 
542 348 13 17 0.029134668 
791 346 18 24 0.029107295 
159 368 8 10 0.02899773 
153 372 7 10 0.028844845 
392 383 10 12 0.028750546 
846 409 12 16 0.028582146 
486 334 9 12 0.028581372 
191 415 9 10 0.028444711 
789 366 20 28 0.028244602 
312 372 8 11 0.027823966 
478 349 21 26 0.027658014 
467 362 10 13 0.027590573 
414 326 10 14 0.027480641 
474 343 10 14 0.027470969 
693 387 15 17 0.027252864 
562 396 11 14 0.027228745 
121 360 9 11 0.027113419 
741 340 9 11 0.026920542 
637 367 15 18 0.026908094 
151 406 8 10 0.026553353 
319 363 9 12 0.026373206 
581 358 19 25 0.026300335 
501 316 12 15 0.026289504 
286 375 10 13 0.02626833 
228 388 9 11 0.025811749 
671 400 9 11 0.025459265 
359 381 7 10 0.025307693 
167 368 7 9 0.024903944 
561 391 10 11 0.024687108 
183 282 13 17 0.02468 
852 411 13 15 0.024627984 
566 402 9 12 0.024563167 
735 356 9 11 0.024526542 
365 373 9 10 0.024286965 
873 386 12 17 0.02406392 
407 406 8 9 0.024001244 
744 368 12 15 0.023843395 
45 423 8 10 0.023744186 
795 397 18 23 0.023714386 
806 340 9 13 0.02351172 
736 372 12 15 0.023477761 
833 337 41 53 0.023294473 
50 330 17 21 0.023279034 
573 390 10 13 0.023249071 
494 326 17 22 0.023134027 
541 321 8 10 0.023089746 
800 414 17 19 0.023085458 
391 405 9 10 0.02295807 
769 405 23 30 0.022932524 
0 316 8 12 0.022903165 
143 354 8 10 0.022790182 
160 383 8 11 0.0227856 
320 381 8 11 0.022679958 
107 370 8 11 0.02266366 
651 366 14 18 0.022596061 
479 391 8 10 0.02240408 
282 382 19 24 0.02236583 
437 351 9 12 0.022318223 
738 329 7 10 0.022294374 
49 338 12 13 0.022143336 
333 376 8 10 0.022105657 
369 436 22 28 0.02200259 
630 359 17 19 0.021997195 
534 366 13 16 0.02198147 
637 371 22 27 0.021964485 
698 378 17 18 0.021834502 
517 342 9 13 0.021586068 
830 343 25 34 0.021579219 
319 405 9 12 0.021472935 
836 352 15 19 0.021312818 
564 376 12 14 0.02127447 
561 415 10 11 0.02119461 
761 303 7 9 0.021177752 
152 401 7 9 0.021159913 
792 345 10 13 0.021129077 
770 342 8 10 0.02107501 
837 396 22 29 0.020999094 
550 341 10 14 0.020967793 
115 378 10 13 0.020934654 
636 388 14 17 0.020933295 
696 335 8 10 0.020813895 
494 315 12 15 0.020764582 
853 373 14 18 0.020564912 
553 430 10 13 0.020535037 
742 327 8 11 0.02048167 
444 363 11 14 0.020443683 
545 420 8 10 0.020435257 
562 404 9 11 0.020420332 
367 405 9 10 0.020409223 
713 348 10 13 0.020349 
167 373 8 11 0.020239564 
144 372 9 10 0.020119239 
135 372 8 10 0.020048326 
