0_Parade_Parade_0_266
517
954 338 26 32 0.99578863 
28 418 14 17 0.96384966 
861 570 24 40 0.7244218 
908 439 22 27 0.6989481 
636 380 91 109 0.5739467 
451 410 17 21 0.5535467 
366 357 21 28 0.5438449 
957 310 10 12 0.36454928 
213 382 9 14 0.36170104 
995 322 18 23 0.35979578 
207 331 11 13 0.33309492 
265 436 9 11 0.3199958 
225 316 11 15 0.31461158 
128 331 10 14 0.29197812 
164 332 11 14 0.27082828 
153 316 9 11 0.24504727 
68 443 12 15 0.23463023 
48 335 10 13 0.23259223 
171 416 12 16 0.23061354 
27 449 16 18 0.2270162 
929 296 9 12 0.21128166 
128 406 11 14 0.20730102 
502 311 10 12 0.20636328 
929 426 20 30 0.2036298 
68 330 12 15 0.20064597 
79 428 12 14 0.1961153 
887 320 7 10 0.19511774 
703 354 44 79 0.18991922 
6 331 9 12 0.1895247 
815 318 8 9 0.18692967 
126 327 10 13 0.1835215 
148 415 11 14 0.17864415 
111 318 9 11 0.17567562 
25 334 10 12 0.17063423 
873 344 7 9 0.16891333 
912 317 8 10 0.16621865 
217 442 14 16 0.16604812 
356 522 16 18 0.16492555 
762 318 8 11 0.16129142 
921 440 17 24 0.16013308 
810 318 6 9 0.15795346 
792 349 7 10 0.15555528 
831 311 7 9 0.14018062 
934 413 22 38 0.13614528 
125 373 12 15 0.13581514 
225 339 11 13 0.13392127 
91 338 11 14 0.12925665 
871 311 8 10 0.12551929 
5 437 10 14 0.12365795 
95 445 13 16 0.123648755 
71 361 12 14 0.12296189 
6 428 9 13 0.122908406 
864 312 8 9 0.120223984 
199 175 9 11 0.11994608 
133 333 9 12 0.11981181 
933 362 11 13 0.11672623 
894 373 8 11 0.11653663 
142 341 9 12 0.11537588 
159 342 10 12 0.11493362 
175 327 10 13 0.11403275 
192 350 10 12 0.112575516 
93 451 12 14 0.11157377 
0 423 9 14 0.1076539 
999 411 18 35 0.10462237 
340 372 25 29 0.10372689 
229 423 9 11 0.1033718 
864 318 8 9 0.10227305 
119 371 14 15 0.1019659 
933 300 9 11 0.10120099 
95 395 10 12 0.10087381 
188 356 10 12 0.09989753 
225 427 9 11 0.09827661 
398 421 27 26 0.096466966 
938 395 25 40 0.09305201 
520 340 8 11 0.09259564 
911 311 8 11 0.09155867 
525 311 9 11 0.091312535 
1002 337 15 20 0.09067127 
991 307 13 15 0.089111574 
542 308 8 10 0.08845095 
1 325 11 16 0.08587096 
151 341 9 12 0.08541538 
842 319 7 8 0.0831118 
216 459 10 13 0.08283429 
956 333 16 21 0.08274427 
197 342 10 13 0.08148335 
773 357 7 9 0.080850124 
88 411 13 15 0.080209754 
902 329 7 9 0.07997449 
857 313 6 8 0.07979127 
207 452 10 13 0.07925359 
956 327 14 17 0.079053134 
837 366 8 10 0.07895961 
959 305 10 12 0.07825793 
782 310 8 11 0.07791333 
236 456 11 12 0.07640624 
120 334 10 13 0.07595465 
913 303 7 10 0.07588758 
838 359 7 9 0.07531364 
232 460 11 13 0.07476137 
560 325 7 10 0.07383362 
829 328 9 11 0.07305195 
117 339 12 15 0.072742485 
44 419 11 16 0.07263272 
133 374 12 16 0.072212756 
31 310 10 13 0.07214029 
996 304 11 14 0.071303844 
118 437 10 13 0.07111855 
793 343 8 10 0.07043824 
76 434 14 17 0.07038602 
304 334 9 11 0.070338696 
350 364 24 30 0.070163384 
136 341 9 12 0.06899666 
769 358 7 9 0.06831237 
239 439 9 11 0.06788613 
896 311 7 8 0.067794554 
240 389 9 10 0.067746356 
1002 315 20 30 0.0665622 
87 325 9 11 0.06652501 
215 453 11 13 0.06534824 
831 334 8 9 0.06523997 
182 446 11 15 0.0651861 
121 325 9 11 0.06488459 
269 445 10 12 0.06473684 
210 112 189 244 0.06446909 
873 349 7 9 0.0644411 
864 325 8 9 0.06443672 
106 318 9 12 0.06385245 
456 290 11 15 0.063671246 
257 424 8 10 0.061668497 
545 356 13 15 0.061304778 
117 319 9 11 0.06093155 
561 321 8 11 0.060874157 
863 352 7 9 0.06044292 
904 312 7 9 0.060441308 
92 458 13 15 0.060214832 
286 366 7 10 0.059532523 
212 325 11 13 0.05945405 
307 225 13 17 0.05937699 
192 344 10 12 0.058966752 
896 368 8 11 0.058907352 
334 129 26 30 0.058183208 
521 316 9 11 0.056831673 
180 333 9 12 0.056120776 
142 334 9 12 0.05607018 
852 510 12 16 0.055445924 
438 310 12 16 0.055291247 
817 336 7 9 0.055193927 
794 326 8 10 0.054856967 
106 325 9 11 0.054762993 
982 313 11 15 0.054548174 
230 439 10 13 0.054404445 
46 472 10 14 0.054253608 
605 283 13 15 0.05419251 
117 402 12 15 0.054088403 
1008 309 12 15 0.053792298 
251 477 10 13 0.053773724 
904 397 11 14 0.05357992 
468 346 14 17 0.05331471 
896 718 37 49 0.05320389 
214 254 10 13 0.05268519 
888 392 9 10 0.052617956 
29 338 10 13 0.052561317 
238 399 10 13 0.051239118 
228 312 11 14 0.051031075 
902 359 7 9 0.05102415 
553 334 8 11 0.051008116 
143 317 10 11 0.050864957 
34 414 15 18 0.05055683 
72 339 11 13 0.050336454 
245 431 9 11 0.050325666 
878 360 7 9 0.050216787 
924 428 15 23 0.049953647 
35 357 11 15 0.049838055 
88 320 9 11 0.049643617 
52 338 9 14 0.0495449 
499 310 9 11 0.048679024 
12 427 10 13 0.048463102 
950 326 11 14 0.048145007 
798 335 9 11 0.04810108 
538 364 15 16 0.047921028 
141 327 10 11 0.047852643 
159 327 12 14 0.04777512 
117 431 9 11 0.047330853 
153 278 8 11 0.047240444 
863 366 6 9 0.04710352 
878 492 27 34 0.04702491 
919 303 8 9 0.04592873 
963 309 11 14 0.045668546 
457 179 27 34 0.045531582 
849 353 7 9 0.045096423 
52 366 11 14 0.044848025 
937 349 10 14 0.04484586 
376 360 16 22 0.044721797 
221 462 9 11 0.04449427 
445 316 12 15 0.04441473 
778 319 9 11 0.0443916 
526 305 8 10 0.044273823 
14 334 8 12 0.044236556 
429 299 11 15 0.044142075 
234 399 9 12 0.044010647 
257 430 10 12 0.043923296 
937 342 10 12 0.043819886 
250 155 124 143 0.043379836 
176 319 10 11 0.0433425 
945 324 10 12 0.043179993 
125 338 12 15 0.042162757 
335 374 13 16 0.041927878 
76 359 10 13 0.04176657 
511 340 11 12 0.041517437 
4 317 12 14 0.041273255 
207 337 11 14 0.04100158 
882 319 8 9 0.040476687 
149 335 10 12 0.040403377 
913 357 7 9 0.040367708 
887 324 7 11 0.040365033 
870 581 21 26 0.04034072 
917 318 8 10 0.040303018 
877 343 8 10 0.040230833 
830 304 7 9 0.03998125 
879 366 7 9 0.039819792 
589 317 12 14 0.039819352 
265 478 11 13 0.039755013 
447 396 26 31 0.039727535 
538 304 8 10 0.03965066 
245 446 9 12 0.039409254 
100 439 12 15 0.039186567 
561 303 7 9 0.03885311 
903 444 17 22 0.03883908 
902 367 7 10 0.038658965 
93 436 22 29 0.0380045 
41 340 9 12 0.037966657 
463 299 9 11 0.037866097 
74 441 12 16 0.037855778 
845 573 27 37 0.037684746 
104 311 9 11 0.037646916 
0 485 7 13 0.037598055 
222 469 9 12 0.037475504 
826 327 7 9 0.037468277 
120 262 8 11 0.037247807 
246 146 14 15 0.036971357 
127 321 9 11 0.036954872 
777 375 9 10 0.03692114 
525 350 10 11 0.03677409 
898 426 37 47 0.036732942 
274 334 9 11 0.036587186 
157 347 10 12 0.036562983 
846 318 7 9 0.036442645 
264 444 10 12 0.036254328 
527 385 13 16 0.036139145 
856 357 8 10 0.036055807 
870 317 8 10 0.03604139 
667 356 77 107 0.03602264 
765 313 9 10 0.03602197 
889 313 7 9 0.035759997 
128 420 10 14 0.035669286 
24 315 10 13 0.03558007 
144 311 10 12 0.035570346 
254 462 9 12 0.03544873 
63 450 13 15 0.03542447 
270 482 11 14 0.035241604 
848 313 7 9 0.035221003 
858 318 7 8 0.035122503 
865 305 7 9 0.035122488 
861 357 8 10 0.034959864 
157 413 10 14 0.034875896 
50 303 16 19 0.034838323 
918 358 7 9 0.034688357 
898 327 8 10 0.034591585 
0 453 10 18 0.034511432 
1 285 9 13 0.03449766 
33 302 9 12 0.034472715 
244 437 9 12 0.03445304 
110 334 10 12 0.034381162 
268 433 9 11 0.034214105 
91 406 13 16 0.034171976 
809 314 7 9 0.034131885 
470 294 11 15 0.034012824 
188 446 10 13 0.033947334 
674 419 32 44 0.033928007 
873 336 9 11 0.03376484 
898 334 7 8 0.03374611 
130 410 11 15 0.033643637 
104 333 9 12 0.033606175 
552 297 7 9 0.033541817 
202 469 13 16 0.033396974 
798 340 8 11 0.033243213 
503 306 8 10 0.03319996 
778 304 7 9 0.03317613 
113 435 11 15 0.033029407 
871 305 7 9 0.032991804 
278 445 11 12 0.0328668 
722 372 28 56 0.03274162 
553 329 7 9 0.03269902 
832 340 8 10 0.032643996 
923 524 12 13 0.03263054 
538 309 8 10 0.03259727 
930 360 9 12 0.03257223 
835 361 7 9 0.03256986 
888 335 7 9 0.032541014 
799 320 8 9 0.032493614 
847 327 7 10 0.032325964 
461 320 14 20 0.03221152 
881 325 8 10 0.032211475 
204 174 12 13 0.032198634 
894 380 8 11 0.032169014 
216 403 9 12 0.032104887 
935 380 11 15 0.031845212 
944 318 9 13 0.031711817 
123 439 10 12 0.031675123 
134 328 10 13 0.03163482 
212 206 16 20 0.031445242 
94 319 8 10 0.031408194 
47 345 10 15 0.031329937 
141 378 10 14 0.031231832 
240 444 9 11 0.030827122 
12 315 12 14 0.03069709 
774 353 7 9 0.030425465 
888 342 7 10 0.030334944 
508 310 9 12 0.030186193 
542 350 12 13 0.030050553 
411 369 17 20 0.030006621 
809 352 8 9 0.029891642 
878 312 7 9 0.029888418 
5 451 11 17 0.02967688 
502 340 11 14 0.029649474 
991 306 21 26 0.029641956 
913 352 7 10 0.029219586 
43 361 20 26 0.029188152 
843 606 11 16 0.029122971 
827 303 6 9 0.029111886 
176 365 12 15 0.029080506 
256 452 9 11 0.029065836 
188 365 11 13 0.029065829 
898 360 7 9 0.029037647 
928 325 9 12 0.028970622 
204 285 10 12 0.028948048 
896 305 7 9 0.02888963 
341 141 16 20 0.028771577 
600 277 23 29 0.028748756 
510 304 8 9 0.028663328 
264 385 8 11 0.02864552 
982 726 36 44 0.028418826 
182 339 10 13 0.028386146 
78 326 9 12 0.028323948 
933 391 21 29 0.028083827 
454 317 26 33 0.028053112 
36 308 10 14 0.028023452 
158 279 8 11 0.02795423 
777 324 8 10 0.027860226 
386 347 12 16 0.0277304 
497 315 11 15 0.027673485 
136 347 11 12 0.027530754 
585 315 11 15 0.027500285 
794 334 8 11 0.02749947 
186 474 12 16 0.027428726 
920 280 8 10 0.02737504 
237 465 12 15 0.02736334 
150 406 10 13 0.02729689 
991 491 35 59 0.027199391 
477 362 13 17 0.027175134 
934 386 11 17 0.027164187 
947 478 30 40 0.026797004 
724 128 51 68 0.026759723 
281 359 8 11 0.026733005 
246 469 11 14 0.026657727 
134 362 11 15 0.02665039 
110 374 13 15 0.026639825 
525 342 9 11 0.026579823 
439 330 25 32 0.026558913 
538 341 12 14 0.026526915 
0 443 10 17 0.026494134 
495 325 10 13 0.026485007 
897 562 28 39 0.026424007 
277 454 13 15 0.02639254 
991 328 23 31 0.026334682 
826 311 7 10 0.026326844 
159 419 11 15 0.026316458 
358 360 16 21 0.026304144 
47 329 10 12 0.026271652 
943 312 8 10 0.026167152 
954 309 20 24 0.025902113 
216 317 12 15 0.025877966 
458 334 24 31 0.02585361 
941 296 10 11 0.025818303 
550 302 7 9 0.025734158 
842 326 8 10 0.025660917 
371 348 17 21 0.02565982 
777 380 9 11 0.025631927 
246 452 10 12 0.025575621 
209 379 18 24 0.025544755 
784 360 8 9 0.02553946 
7 313 11 12 0.025496539 
246 462 10 14 0.02546275 
143 405 10 12 0.025347995 
435 300 13 17 0.02533151 
88 347 11 13 0.025265068 
921 285 9 11 0.02520195 
157 414 18 25 0.02518717 
894 390 9 11 0.025169704 
149 398 9 12 0.025081567 
824 334 8 10 0.025052797 
245 390 8 10 0.025012087 
89 396 10 12 0.024994392 
119 424 9 11 0.024929216 
477 293 10 13 0.024915636 
65 439 12 14 0.024860272 
565 319 8 10 0.024846647 
180 326 9 13 0.024811054 
326 362 37 46 0.024687285 
831 316 8 10 0.024641367 
422 293 20 26 0.02451942 
167 425 14 17 0.02439136 
144 398 10 12 0.024297295 
934 373 11 15 0.024293382 
202 332 9 13 0.024106143 
602 285 10 13 0.024048872 
191 318 9 12 0.02403641 
512 409 17 19 0.024006696 
890 368 8 10 0.024004811 
793 320 7 10 0.023866473 
100 396 11 14 0.023851754 
201 326 10 13 0.023838926 
109 411 12 14 0.023813749 
891 583 31 37 0.023810498 
926 288 9 10 0.02376967 
105 436 20 26 0.023769343 
491 369 23 29 0.023743605 
35 356 20 27 0.023685401 
116 312 9 11 0.02361953 
245 471 19 25 0.023539934 
933 487 28 39 0.023372792 
77 341 10 13 0.023327323 
888 360 7 9 0.023257058 
910 390 11 13 0.023091266 
52 312 13 16 0.023056332 
7 402 14 17 0.023033187 
273 461 10 13 0.023016581 
895 343 8 10 0.022986937 
474 346 24 29 0.022947948 
83 419 15 18 0.022831637 
124 367 11 13 0.02280615 
45 284 11 12 0.022792885 
89 444 10 14 0.022771843 
110 423 10 11 0.02260655 
126 400 18 24 0.022584606 
285 439 11 12 0.022568963 
496 332 9 13 0.022568263 
127 5 367 447 0.022567997 
216 310 11 13 0.022565335 
757 335 9 11 0.022440698 
84 436 11 14 0.02239812 
271 451 11 13 0.02229558 
976 311 9 12 0.022253728 
157 312 10 13 0.022237385 
929 357 20 24 0.02221602 
231 452 21 24 0.022143066 
460 381 14 16 0.022135893 
37 294 10 12 0.022123376 
878 335 8 10 0.022088906 
382 377 115 121 0.022023661 
126 427 10 12 0.021959968 
5 378 12 14 0.02194041 
231 225 11 14 0.021898838 
39 350 9 13 0.021879567 
466 185 15 20 0.021874184 
258 435 9 12 0.021874132 
261 425 8 10 0.021837214 
101 339 10 14 0.02182742 
566 310 8 10 0.02177651 
692 480 17 20 0.021774787 
454 297 12 14 0.021733705 
309 213 10 14 0.021712093 
219 396 11 13 0.021600202 
547 156 13 15 0.021567153 
987 416 25 34 0.02154784 
104 404 10 15 0.021523485 
12 446 19 26 0.02131386 
198 315 11 13 0.021276157 
230 252 10 14 0.021229295 
110 398 14 17 0.021192623 
231 417 9 10 0.021147769 
815 360 8 9 0.021137677 
565 304 8 10 0.021102404 
767 336 8 10 0.021090047 
185 351 11 13 0.020990608 
157 363 13 15 0.020970292 
521 364 21 26 0.020939974 
222 251 12 16 0.020917969 
213 174 11 13 0.020897795 
879 374 9 11 0.02089681 
262 451 9 11 0.020869015 
103 430 10 13 0.020829089 
496 305 9 11 0.020756498 
464 310 9 11 0.02074 
470 309 10 12 0.020612009 
93 325 9 12 0.020560093 
989 318 36 55 0.02054445 
544 328 8 9 0.020497743 
1010 337 12 19 0.02049485 
233 467 10 13 0.020490028 
53 426 12 14 0.020460611 
143 412 18 23 0.020420121 
157 358 10 12 0.020378651 
191 286 8 11 0.020306727 
135 319 9 11 0.020251362 
119 449 12 15 0.020247946 
439 213 11 13 0.020241518 
823 319 7 9 0.0202382 
928 389 10 14 0.020236274 
236 155 15 21 0.02014862 
935 335 9 12 0.020121481 
176 449 14 16 0.020081557 
218 116 13 14 0.020070605 
937 354 13 18 0.020043237 
142 363 11 13 0.020041296 
447 339 27 30 0.02001653 
