0_Parade_marchingband_1_20
245
541 358 36 40 0.99907434 
28 405 27 31 0.99617296 
252 371 31 34 0.99431497 
466 354 27 30 0.9539477 
82 392 21 23 0.94562113 
731 346 15 19 0.93139553 
628 393 20 24 0.92459303 
386 369 16 18 0.91891927 
447 346 18 21 0.72559875 
679 357 15 17 0.7078771 
587 367 20 24 0.6512274 
335 377 19 22 0.56409764 
492 503 17 22 0.4161925 
232 376 18 21 0.35882494 
708 383 12 14 0.35685325 
129 377 11 15 0.31813502 
549 319 27 33 0.30890906 
853 272 33 43 0.30760467 
302 270 11 13 0.26317844 
455 327 14 19 0.23498823 
419 398 16 18 0.20952308 
699 365 10 13 0.20690143 
375 340 14 16 0.18955623 
775 362 15 16 0.1801318 
662 387 15 17 0.172985 
614 371 16 19 0.16368358 
618 364 13 16 0.16097924 
202 345 25 34 0.15812866 
776 348 12 15 0.15721747 
450 341 26 32 0.1568615 
621 353 14 17 0.15463181 
723 416 15 19 0.14950381 
439 378 14 19 0.1487421 
213 419 14 18 0.14686199 
492 378 16 19 0.13644335 
370 385 16 20 0.13251227 
627 352 13 17 0.13077173 
804 356 14 17 0.10566401 
241 369 28 33 0.10281908 
437 448 23 30 0.099503234 
598 367 23 28 0.098151095 
285 269 9 12 0.095183685 
384 95 88 111 0.094299294 
781 390 13 16 0.09044529 
367 393 15 18 0.08669136 
280 271 10 11 0.085203215 
799 363 12 15 0.084251806 
332 314 11 14 0.0797299 
683 351 13 15 0.07639842 
602 375 25 30 0.07405285 
378 334 13 14 0.07162206 
666 397 13 16 0.06692604 
677 376 15 19 0.06691794 
813 436 28 35 0.066438876 
856 499 125 158 0.06447659 
363 328 13 14 0.06294558 
701 371 12 14 0.0617548 
448 458 14 20 0.059242133 
669 379 12 17 0.05829362 
716 388 11 15 0.058123928 
694 372 12 14 0.05749383 
46 384 15 18 0.057089563 
463 324 22 29 0.05639319 
801 353 22 29 0.05534407 
694 358 10 13 0.055265598 
759 352 8 11 0.054938614 
86 368 14 18 0.052918088 
742 334 11 14 0.05199284 
773 369 16 18 0.051585242 
628 374 22 28 0.049431156 
995 324 15 19 0.04864279 
91 372 14 17 0.048209228 
668 420 11 14 0.04744856 
540 213 14 20 0.04737566 
448 329 13 17 0.047129467 
661 401 15 18 0.045442328 
314 413 16 20 0.044443723 
279 276 11 14 0.044024594 
429 476 14 16 0.043326423 
740 340 12 16 0.042419884 
796 371 14 19 0.04221856 
620 385 20 26 0.04218438 
732 415 10 14 0.04178663 
553 318 17 20 0.041343357 
87 377 22 28 0.04127806 
599 403 26 29 0.040918317 
231 301 11 13 0.040344983 
436 483 15 18 0.039839547 
406 340 16 18 0.039660882 
686 344 10 13 0.039274752 
469 333 29 35 0.03894356 
734 334 13 16 0.038886752 
696 406 10 13 0.038617082 
429 433 15 17 0.038526583 
307 274 10 13 0.036723107 
286 308 14 18 0.03645559 
155 393 12 16 0.03641126 
229 150 15 18 0.036281217 
550 226 42 56 0.036181133 
260 340 13 17 0.036161575 
490 367 21 24 0.035582226 
390 428 13 17 0.035314582 
767 464 10 13 0.034849264 
979 315 12 15 0.034691554 
366 380 16 20 0.034594785 
733 358 15 18 0.034361903 
726 404 12 15 0.03403338 
882 118 42 52 0.033827744 
838 436 13 18 0.033827078 
270 348 14 17 0.033351887 
662 410 14 17 0.033287715 
335 348 13 17 0.03317607 
853 249 49 76 0.03311723 
280 284 12 16 0.032687545 
683 374 16 18 0.032487042 
420 476 15 18 0.031970557 
263 346 26 31 0.03164807 
421 436 13 17 0.031456754 
405 382 13 17 0.0313875 
327 310 12 16 0.031356 
734 402 10 13 0.030880336 
792 364 11 14 0.030811327 
223 315 12 17 0.030751867 
684 470 9 12 0.030229038 
228 308 12 16 0.030173022 
448 191 38 53 0.030076616 
795 339 38 47 0.02980723 
799 367 22 31 0.029556202 
702 393 14 16 0.029504064 
718 360 9 12 0.02933866 
347 373 13 17 0.029222783 
396 380 13 15 0.029186701 
429 435 25 29 0.02914924 
703 384 19 22 0.029122343 
655 369 12 18 0.028956756 
702 405 11 13 0.02884124 
718 366 11 13 0.028652217 
345 39 45 69 0.028642192 
297 272 12 15 0.028337553 
812 347 12 16 0.028272312 
715 381 11 15 0.028104203 
707 374 14 17 0.027960153 
230 341 12 15 0.027758382 
789 378 13 17 0.027618542 
298 264 19 23 0.02755777 
654 365 10 15 0.02725169 
775 403 14 18 0.027119575 
710 412 9 12 0.027094902 
660 371 14 18 0.026983202 
631 371 13 17 0.026979914 
544 336 38 48 0.026773047 
730 332 21 27 0.026686274 
381 375 14 19 0.026647875 
482 339 14 17 0.026613977 
365 358 12 15 0.026455179 
428 483 15 17 0.026441298 
257 337 22 28 0.026328545 
641 377 16 20 0.026291162 
694 361 18 22 0.025943158 
791 410 13 17 0.025926499 
656 387 13 18 0.025917137 
338 391 17 20 0.025880646 
735 352 16 18 0.025805216 
293 317 24 27 0.025801793 
777 375 20 24 0.025742188 
708 405 11 13 0.025552282 
769 372 12 17 0.025461715 
424 317 8 12 0.025414467 
357 370 14 19 0.025413452 
683 404 11 14 0.025385981 
448 356 19 23 0.025113635 
441 314 11 14 0.025070146 
676 403 15 16 0.02493084 
559 325 28 36 0.024850883 
717 393 12 16 0.024716454 
747 334 11 14 0.02469566 
377 385 15 20 0.024665875 
462 319 12 16 0.024590695 
260 309 10 14 0.02454284 
726 379 13 17 0.024432372 
97 379 14 18 0.024051113 
361 425 14 19 0.023921052 
684 352 21 25 0.023748053 
690 376 14 17 0.023738464 
483 487 22 33 0.023685755 
808 426 28 32 0.023661181 
475 477 23 29 0.023519209 
373 328 11 14 0.023451941 
366 358 22 27 0.023441881 
811 405 14 17 0.023420816 
450 315 24 33 0.023396252 
695 395 11 14 0.023345767 
147 294 14 19 0.02333907 
691 350 11 14 0.023323335 
286 265 9 11 0.023162834 
422 382 12 14 0.023092693 
623 397 16 22 0.02306021 
328 377 16 19 0.023055494 
335 362 26 32 0.02301576 
591 386 29 33 0.022876415 
615 340 24 31 0.022867998 
818 315 11 13 0.022668112 
608 385 24 30 0.022630624 
632 362 22 30 0.022617307 
273 269 8 11 0.022616638 
281 265 8 11 0.022559572 
801 316 9 12 0.022492032 
482 345 17 21 0.02241825 
396 357 11 14 0.022376426 
701 335 11 12 0.022370202 
206 421 15 20 0.02236905 
392 364 15 18 0.02214919 
411 324 15 17 0.022072487 
412 379 14 17 0.022072222 
727 396 11 15 0.021724926 
108 588 14 17 0.021618813 
670 427 12 16 0.021568634 
397 386 16 19 0.021456134 
654 342 11 14 0.021432454 
780 391 20 25 0.021413278 
322 364 14 18 0.021324528 
716 371 12 15 0.02125354 
428 353 13 18 0.021168461 
610 53 33 41 0.02107331 
803 415 24 28 0.020995274 
274 283 21 28 0.020978041 
242 324 15 18 0.020776415 
790 355 12 16 0.020745635 
263 300 10 14 0.020702293 
264 291 12 17 0.020680938 
388 358 15 17 0.020632034 
487 384 16 20 0.020622486 
846 376 43 61 0.020594368 
54 362 14 16 0.020536052 
684 462 10 14 0.020439414 
749 411 12 16 0.020417728 
661 365 11 16 0.020381032 
405 316 17 18 0.02034682 
654 402 13 17 0.020308116 
580 375 25 32 0.020298244 
631 278 9 12 0.020294188 
340 310 11 14 0.020155583 
473 455 22 31 0.020064915 
680 345 9 12 0.02006163 
725 387 11 17 0.020060256 
