0_Parade_Parade_0_317
428
308 78 14 18 0.9671408 
245 88 16 19 0.9333852 
605 106 16 19 0.9152148 
381 84 13 16 0.8965135 
223 98 13 17 0.8890562 
302 102 13 15 0.84353536 
331 75 13 16 0.818934 
451 342 76 65 0.7134785 
540 94 14 18 0.7128794 
566 85 13 15 0.69971585 
103 69 13 15 0.67727375 
430 86 13 15 0.6555932 
566 125 14 17 0.62002516 
271 71 11 14 0.600382 
999 82 22 29 0.5940824 
836 71 14 18 0.59403193 
486 93 13 15 0.57465065 
308 343 44 48 0.5537668 
178 103 13 16 0.5471608 
697 100 13 16 0.5385081 
389 119 13 18 0.5256718 
784 101 11 14 0.52286524 
903 89 15 18 0.48525822 
171 198 24 29 0.48484805 
852 90 12 15 0.47175565 
159 92 14 16 0.47119188 
542 78 13 15 0.4627974 
869 92 14 16 0.45350057 
947 91 14 18 0.43374503 
123 76 21 26 0.42966017 
355 120 14 17 0.42477104 
658 75 12 16 0.40906507 
838 120 12 15 0.3607828 
642 77 13 16 0.3517254 
276 100 12 16 0.34294024 
743 115 11 14 0.33585972 
574 67 13 15 0.32694653 
644 131 16 19 0.31552285 
522 105 13 16 0.31101158 
653 102 13 16 0.28986257 
759 127 9 11 0.279374 
624 84 14 17 0.268554 
819 102 13 15 0.25402945 
491 69 11 12 0.25226218 
927 74 15 17 0.2284956 
32 96 12 15 0.22629906 
390 322 13 15 0.22377215 
182 68 14 16 0.22062027 
7 74 14 18 0.2185833 
708 116 14 16 0.21751843 
201 107 12 16 0.21505006 
685 81 15 17 0.20728067 
799 111 10 12 0.20550881 
279 94 12 16 0.20458385 
660 155 16 18 0.20271379 
479 87 11 14 0.20232026 
452 73 13 16 0.200921 
771 85 13 16 0.19883612 
837 98 11 15 0.19841214 
406 345 136 94 0.19591697 
413 73 14 15 0.19458544 
263 106 11 14 0.18891816 
510 91 13 16 0.18874511 
742 76 11 13 0.17931394 
641 108 13 16 0.17856649 
808 90 13 18 0.17508188 
659 107 12 15 0.16978478 
76 71 11 14 0.15655935 
261 90 11 16 0.14605603 
815 99 12 15 0.14393903 
410 91 12 15 0.14185716 
271 104 12 14 0.1408333 
792 76 11 13 0.13077801 
349 84 11 14 0.12877525 
352 100 12 15 0.12703721 
294 93 11 15 0.11698668 
854 70 11 13 0.11679819 
607 69 13 15 0.11502353 
549 71 11 13 0.11218615 
930 83 17 21 0.11156482 
384 103 13 16 0.111532934 
445 94 11 14 0.10763385 
128 88 16 18 0.10660936 
236 69 10 12 0.103482544 
430 66 13 15 0.102098845 
347 64 13 16 0.100987405 
231 78 13 16 0.09815734 
639 70 11 13 0.09802088 
908 70 11 12 0.09642603 
502 88 11 16 0.096213385 
547 98 14 17 0.09472896 
743 100 12 15 0.0928594 
50 90 16 19 0.09227481 
831 93 13 16 0.09044659 
446 117 12 17 0.090275005 
894 84 15 18 0.08979133 
647 101 13 16 0.08868007 
296 98 12 16 0.0883598 
794 100 11 13 0.087199494 
612 130 14 17 0.08651601 
187 74 13 16 0.08577056 
606 131 13 16 0.085580915 
853 76 13 16 0.0853723 
297 157 11 13 0.08465715 
491 85 17 19 0.08459915 
811 86 13 16 0.08410011 
898 75 16 19 0.08076997 
197 81 14 18 0.080534525 
863 91 13 17 0.079632215 
351 91 13 16 0.07776475 
859 203 45 54 0.07707453 
969 89 16 20 0.07613694 
781 94 12 17 0.07535263 
386 108 15 19 0.07488862 
288 70 11 13 0.07476612 
371 66 12 14 0.074218005 
700 93 14 18 0.073833674 
567 73 19 23 0.07180838 
95 91 11 14 0.07158095 
302 126 11 14 0.07093418 
284 97 14 17 0.07077754 
490 75 15 16 0.07058027 
921 102 16 21 0.07045704 
775 110 9 12 0.0703991 
700 85 12 14 0.070185475 
436 91 12 14 0.06909517 
470 70 12 14 0.06902739 
604 185 14 16 0.068453185 
515 85 12 14 0.068289325 
788 94 15 17 0.06825834 
719 77 13 15 0.06492509 
702 113 15 18 0.06477589 
347 78 13 14 0.06308649 
757 73 13 16 0.06288113 
164 88 13 16 0.062809005 
341 77 12 16 0.062141754 
97 69 12 14 0.06194181 
791 83 11 13 0.061900932 
959 107 14 17 0.06173133 
55 67 12 15 0.061677698 
452 98 13 16 0.06099121 
430 79 13 16 0.060557872 
2 107 13 17 0.06035884 
112 101 10 14 0.06008043 
507 123 11 14 0.058644358 
316 71 11 14 0.05853943 
589 91 16 18 0.05837498 
104 69 21 26 0.058320224 
406 87 13 16 0.057629343 
141 116 16 20 0.056882918 
855 186 24 35 0.056120925 
239 82 17 22 0.056044165 
924 80 16 20 0.055921163 
455 83 12 14 0.055673312 
355 109 12 16 0.05493397 
589 77 11 14 0.05461112 
487 65 11 13 0.054006778 
267 69 9 12 0.053140007 
613 82 14 17 0.053121462 
13 90 11 16 0.052990746 
888 89 12 16 0.052981365 
512 141 11 13 0.052861854 
607 138 13 15 0.052698284 
147 155 11 14 0.05235554 
833 121 12 17 0.05199214 
899 210 15 20 0.051953066 
622 70 12 14 0.05183689 
797 93 13 16 0.051813256 
620 130 13 17 0.05148922 
911 87 21 26 0.051260397 
860 69 10 12 0.051071756 
397 152 13 15 0.050468445 
237 119 11 14 0.050459765 
172 93 13 16 0.049488552 
806 70 10 11 0.04933844 
414 101 11 15 0.049177725 
419 69 13 15 0.04902433 
735 75 13 15 0.04865355 
446 86 10 14 0.047546677 
858 85 13 17 0.04725087 
611 76 13 15 0.047208186 
481 116 11 14 0.047043577 
939 86 16 21 0.046822496 
791 250 12 14 0.04672859 
860 78 11 14 0.046665926 
568 69 13 15 0.046280753 
925 90 21 27 0.045435496 
901 70 13 15 0.045236696 
2 117 13 16 0.045033153 
638 136 16 17 0.044970535 
622 76 16 19 0.044589955 
789 105 12 13 0.044426057 
863 155 13 15 0.044208262 
212 161 13 16 0.043958474 
703 71 11 12 0.043625638 
802 115 13 14 0.04352505 
737 109 13 15 0.042820845 
768 109 11 13 0.041851558 
393 115 13 18 0.041526582 
171 85 12 14 0.041196372 
115 69 24 27 0.040798195 
192 127 10 13 0.04066708 
172 211 18 22 0.040329657 
906 74 14 18 0.0399155 
225 81 19 22 0.03984002 
629 68 12 14 0.039703295 
723 82 14 16 0.03965404 
687 71 13 15 0.03959439 
798 70 9 11 0.039588634 
956 99 14 15 0.039553665 
752 125 10 12 0.039391752 
598 126 13 17 0.03935109 
340 107 13 17 0.039335728 
389 137 13 16 0.039293565 
569 64 21 24 0.038927644 
419 101 11 14 0.03815594 
338 129 14 17 0.03802426 
693 71 12 14 0.03802125 
477 68 12 14 0.037827034 
670 77 11 14 0.037578464 
1011 78 11 17 0.037534803 
917 86 13 16 0.03718544 
677 84 14 17 0.03716819 
519 77 11 14 0.037033334 
683 88 15 17 0.03683316 
15 98 11 16 0.03676276 
1012 249 11 15 0.036555145 
452 106 13 16 0.03650797 
510 69 10 12 0.036500815 
710 75 12 14 0.036344152 
173 74 13 17 0.036015168 
374 137 14 18 0.035985548 
797 85 12 14 0.035982247 
670 100 12 17 0.03589768 
767 101 12 14 0.03557768 
847 84 14 18 0.035201304 
539 155 11 14 0.034915887 
548 199 9 11 0.03468557 
819 94 13 16 0.03452403 
581 83 13 16 0.034454897 
141 78 12 15 0.034365147 
1008 94 15 21 0.03434677 
759 81 13 16 0.034270015 
342 114 12 15 0.03409087 
701 75 13 16 0.033734966 
389 68 12 14 0.03372311 
388 126 14 20 0.03350646 
706 98 14 17 0.033231303 
964 95 16 19 0.03317209 
5 90 14 17 0.033163812 
555 105 13 16 0.033140343 
777 99 12 15 0.032697406 
591 160 12 15 0.032632884 
190 81 14 17 0.032479085 
357 83 11 15 0.03246969 
806 77 12 14 0.032451376 
560 123 13 17 0.032064162 
844 98 13 15 0.03200097 
202 78 15 17 0.031980675 
790 345 57 61 0.03182766 
214 66 11 13 0.0318048 
519 68 11 14 0.031783573 
822 117 11 14 0.031598717 
2 98 15 19 0.03125217 
843 70 13 15 0.030921474 
176 116 13 16 0.030870916 
30 88 19 22 0.030757455 
748 74 13 16 0.03075557 
887 211 26 33 0.030748634 
765 79 13 15 0.030604675 
21 76 11 15 0.030552574 
347 203 13 16 0.030542761 
597 97 19 23 0.030533398 
228 154 11 14 0.030522464 
223 76 13 17 0.030510684 
685 104 15 18 0.03037558 
473 84 12 15 0.030304465 
870 79 11 14 0.030223155 
198 89 14 17 0.030167576 
191 108 11 15 0.030135682 
762 132 11 14 0.029963676 
773 114 10 13 0.02988395 
605 148 10 13 0.029763343 
857 198 26 37 0.029535992 
677 99 15 18 0.029476158 
579 76 14 16 0.029430803 
292 85 13 17 0.029177168 
621 105 11 16 0.029157892 
747 94 12 15 0.029134728 
868 218 49 59 0.02891867 
447 64 10 11 0.028917566 
342 102 13 16 0.028741587 
291 75 13 16 0.028594626 
715 122 11 13 0.028591206 
423 294 26 35 0.028583594 
503 68 10 12 0.028572213 
519 127 11 14 0.028307999 
758 110 10 13 0.028302617 
279 88 11 14 0.028104234 
179 123 13 16 0.027781717 
217 98 12 16 0.027636057 
587 84 15 18 0.027436033 
867 201 30 35 0.027421651 
0 105 20 29 0.027331896 
528 161 23 29 0.027311523 
470 138 12 13 0.027304234 
53 74 14 16 0.027213 
301 114 12 14 0.02713316 
141 109 14 16 0.026973734 
235 135 12 15 0.026865253 
425 84 12 16 0.02681979 
354 68 12 14 0.02679032 
906 98 23 26 0.02670184 
596 157 12 15 0.02669307 
747 109 11 15 0.02665634 
671 84 11 16 0.026638446 
375 76 18 21 0.02651629 
537 81 14 18 0.026411759 
852 172 26 30 0.02628164 
423 92 11 14 0.026237154 
977 95 17 21 0.026234485 
570 88 14 16 0.02621229 
831 82 14 17 0.026183592 
888 151 11 12 0.026169498 
525 113 11 14 0.02582967 
859 163 14 16 0.025717704 
302 162 10 13 0.025657246 
465 180 11 15 0.025650255 
460 74 13 15 0.0256092 
71 71 19 23 0.025564618 
252 95 14 18 0.02549219 
254 157 10 12 0.02548829 
553 124 11 15 0.025450692 
207 158 12 16 0.0253861 
231 118 11 14 0.02536182 
476 76 12 14 0.025230471 
952 85 18 20 0.0250403 
651 112 15 18 0.024973933 
470 160 13 16 0.024887536 
363 123 11 15 0.024858499 
779 87 11 14 0.024828203 
354 307 214 167 0.02479771 
535 169 14 17 0.024713716 
318 99 12 15 0.024629302 
268 66 18 23 0.024567243 
400 92 11 13 0.02446975 
351 128 15 17 0.02439135 
338 62 20 22 0.024311077 
815 118 11 13 0.024211539 
222 68 12 14 0.02411221 
32 71 11 13 0.02408831 
885 209 14 17 0.0238959 
501 148 12 15 0.023840008 
605 155 11 14 0.023801917 
15 118 10 13 0.02378356 
84 75 12 16 0.023704045 
902 103 13 17 0.023690686 
464 164 10 14 0.023617987 
773 274 15 17 0.023614287 
670 89 14 19 0.023489045 
628 131 15 20 0.0234434 
873 85 14 17 0.023308825 
758 120 10 12 0.023281481 
785 69 10 12 0.023260474 
256 109 11 13 0.023168178 
649 92 21 25 0.023038715 
313 349 23 26 0.022977669 
251 238 15 16 0.022943871 
607 66 21 24 0.022877432 
323 340 15 21 0.02275748 
188 138 13 14 0.022652803 
265 394 28 36 0.022601895 
972 103 15 18 0.022595948 
460 109 11 13 0.02256135 
263 98 19 24 0.022554893 
384 318 22 25 0.02240803 
526 169 12 16 0.022399833 
582 90 15 17 0.022387626 
263 75 12 16 0.022376508 
441 242 16 17 0.022369709 
941 70 11 13 0.02236696 
900 65 22 25 0.022331834 
335 330 58 50 0.022308886 
639 88 13 17 0.02218218 
407 98 13 15 0.022076199 
677 76 13 16 0.022059359 
300 152 11 13 0.022053497 
502 141 11 14 0.022047197 
97 76 21 25 0.022006255 
363 82 13 16 0.022003945 
181 167 15 17 0.021916473 
613 157 10 13 0.021825442 
599 179 14 18 0.021793738 
441 100 10 12 0.021787893 
0 93 10 15 0.021650909 
219 132 11 13 0.021520963 
908 250 14 18 0.021496639 
758 91 12 14 0.02143154 
603 192 16 20 0.021405539 
20 84 13 17 0.021377953 
285 85 13 16 0.02135534 
638 65 10 13 0.021222545 
896 238 28 37 0.021169685 
166 108 11 14 0.021159869 
732 157 11 14 0.02110133 
434 325 73 65 0.02109939 
382 69 12 14 0.02099559 
447 108 11 15 0.02095429 
317 139 12 14 0.020933796 
644 93 13 17 0.020830149 
866 162 13 15 0.020816509 
269 93 14 18 0.020672355 
167 78 13 15 0.020652777 
724 88 15 17 0.02060707 
29 75 13 15 0.020553604 
823 124 10 12 0.020524021 
940 75 13 17 0.020506138 
891 156 10 13 0.020410193 
648 124 16 20 0.020384688 
222 155 13 15 0.020221692 
192 116 10 13 0.020162769 
556 68 12 14 0.02015738 
775 133 10 13 0.020153528 
396 110 13 17 0.020113407 
231 64 12 14 0.020110069 
425 116 11 17 0.020051 
571 115 15 19 0.020012828 
579 107 14 18 0.02000726 
