0_Parade_Parade_0_854
35
527 267 38 48 0.9977203 
791 435 44 51 0.99159324 
983 455 32 51 0.9877747 
121 726 27 32 0.9812967 
160 728 20 24 0.9746619 
616 484 29 37 0.33320227 
25 747 18 19 0.25315475 
183 742 13 16 0.23209843 
145 748 15 17 0.09846513 
998 467 26 46 0.093919836 
399 159 12 17 0.091974095 
940 455 28 44 0.059287272 
135 738 23 26 0.045072697 
53 743 17 18 0.0445256 
123 723 47 46 0.039043017 
6 401 14 19 0.03879766 
102 671 11 14 0.036944643 
181 751 14 15 0.03443925 
151 717 40 45 0.030192155 
841 32 31 37 0.02947245 
1 393 22 33 0.028363746 
951 527 46 58 0.027753871 
996 597 30 34 0.02770102 
24 743 13 16 0.025956813 
396 165 39 50 0.02594092 
895 590 12 16 0.02512075 
410 177 15 20 0.023969358 
723 79 17 20 0.023696057 
1010 479 14 27 0.023693306 
459 284 26 28 0.023253921 
182 735 21 29 0.023035852 
933 564 10 15 0.02206887 
999 609 22 34 0.020877954 
616 491 45 46 0.020546444 
522 287 35 39 0.020131368 
