0_Parade_Parade_0_239
107
395 285 31 39 0.9992317 
500 375 33 40 0.9989963 
708 291 22 30 0.9975575 
899 278 37 42 0.9968714 
352 293 34 41 0.9948939 
274 303 24 30 0.9947239 
224 316 40 46 0.98393804 
880 326 34 42 0.98367774 
505 290 31 38 0.9699784 
610 293 28 38 0.9527233 
748 293 32 36 0.59004366 
833 309 11 15 0.35126194 
60 76 10 13 0.21394084 
5 300 11 14 0.17700076 
84 60 8 12 0.15778758 
48 298 22 28 0.15636224 
142 356 15 18 0.12651162 
220 388 15 19 0.12595028 
102 63 9 11 0.12548321 
854 310 12 16 0.09664275 
989 233 26 42 0.091449544 
80 71 9 10 0.089340776 
703 257 13 18 0.083974466 
36 79 9 12 0.083803385 
484 278 12 15 0.08377897 
927 38 110 175 0.08068165 
841 109 44 68 0.07036371 
986 313 34 54 0.06970656 
739 293 50 63 0.06887022 
372 324 24 33 0.060852244 
830 304 18 25 0.05480815 
198 5 12 14 0.05467511 
335 287 10 12 0.054403927 
37 306 32 39 0.05315883 
80 76 9 10 0.049972072 
844 309 21 26 0.045657467 
124 52 10 14 0.04410316 
193 27 13 15 0.042829175 
210 229 25 28 0.041765396 
97 67 11 12 0.03986529 
72 70 9 11 0.038023215 
85 288 11 15 0.036563635 
358 321 23 35 0.036413606 
47 77 11 13 0.036328994 
598 253 11 14 0.036193583 
62 434 15 19 0.03558169 
65 285 11 14 0.035303373 
722 -5 53 49 0.03399674 
4 303 14 21 0.03343108 
139 316 13 16 0.033334304 
749 290 20 23 0.0328799 
990 237 14 22 0.03258761 
84 70 8 10 0.032470416 
973 331 25 41 0.032004382 
752 285 18 18 0.031665348 
383 314 15 20 0.031020086 
57 82 10 13 0.030384712 
21 70 10 12 0.030260533 
255 0 22 17 0.029405119 
848 308 12 15 0.02928656 
60 293 12 16 0.02922413 
84 367 19 25 0.029078143 
84 76 9 11 0.028921418 
263 367 28 33 0.028652132 
898 244 22 27 0.028333513 
232 339 35 46 0.028316213 
-1 193 17 33 0.028013518 
108 58 11 14 0.02797305 
791 265 28 37 0.027779171 
710 124 10 13 0.027260652 
333 317 23 34 0.02676735 
477 245 12 17 0.02583415 
822 305 12 17 0.025719281 
525 175 13 16 0.02565247 
670 331 24 34 0.025351932 
70 76 8 12 0.02523114 
41 61 8 11 0.02493114 
705 126 9 11 0.024930334 
482 275 19 28 0.024901789 
62 384 15 20 0.024797088 
966 312 26 35 0.024783358 
5 273 14 20 0.02467147 
710 182 9 11 0.024108442 
4 69 10 13 0.023681298 
672 276 12 17 0.023551172 
174 393 16 24 0.023271834 
954 316 29 36 0.023133332 
706 254 12 15 0.02299815 
519 96 14 17 0.02295393 
54 296 13 17 0.022937994 
8 357 22 28 0.022759326 
996 243 27 49 0.02266032 
54 71 18 23 0.022322929 
44 69 12 15 0.021561349 
377 307 25 35 0.021522323 
789 283 41 52 0.0213443 
104 56 10 13 0.02133737 
337 289 14 19 0.02124148 
999 333 24 41 0.021174252 
22 77 10 12 0.0211647 
637 264 15 18 0.02104241 
852 673 104 102 0.020756023 
14 55 9 10 0.02066921 
814 295 22 30 0.020531004 
972 350 18 24 0.02023829 
1010 136 13 21 0.020202836 
97 38 10 11 0.020156123 
