0_Parade_Parade_0_429
60
392 230 114 145 0.99994457 
607 240 96 124 0.99988747 
149 264 109 125 0.99988353 
79 242 17 20 0.4726275 
26 247 17 21 0.39879045 
117 52 24 30 0.3980534 
174 108 16 20 0.39583144 
18 115 17 21 0.3069614 
9 51 24 29 0.25810677 
72 114 16 20 0.20796116 
25 177 16 20 0.19988833 
885 65 14 17 0.17090702 
181 134 12 15 0.15878771 
76 176 16 19 0.14889464 
113 1 24 20 0.13279745 
229 112 15 19 0.11731448 
67 44 16 21 0.11002394 
73 69 15 19 0.1030506 
122 118 23 29 0.096336745 
173 54 22 28 0.08370399 
82 300 16 20 0.07331358 
162 -1 21 18 0.06947821 
349 9 28 26 0.06750925 
129 176 16 21 0.06398917 
30 304 17 21 0.063461386 
493 131 12 14 0.056413718 
514 152 25 31 0.049002152 
65 55 23 28 0.047310457 
175 131 21 26 0.04506705 
362 0 19 18 0.043154035 
353 19 20 22 0.041274305 
879 107 15 20 0.041121952 
118 43 16 19 0.0408248 
892 141 10 15 0.03862015 
763 754 15 15 0.03826897 
230 182 22 28 0.036979746 
885 111 16 19 0.034778055 
884 101 13 17 0.034034565 
333 6 28 27 0.03244865 
341 12 27 32 0.029491615 
330 5 17 19 0.029158428 
61 61 14 17 0.027626934 
173 44 18 22 0.027491039 
721 140 9 11 0.027313596 
614 30 10 13 0.026609818 
33 187 14 18 0.026464114 
885 206 11 13 0.025741568 
54 64 12 17 0.024530938 
27 238 15 19 0.02332539 
872 94 10 13 0.023160454 
186 131 13 17 0.0230449 
878 99 14 18 0.022588914 
877 92 13 15 0.021928232 
16 44 17 21 0.02182504 
339 6 15 15 0.02101973 
377 24 45 51 0.020699218 
430 15 12 15 0.020509144 
886 164 12 16 0.02027228 
704 31 8 11 0.020218987 
225 52 17 20 0.020153644 
