24_Soldier_Firing_Soldier_Firing_24_15
50
485 211 135 152 0.9994442 
635 314 175 225 0.59165955 
-40 971 381 482 0.19127917 
364 933 32 51 0.18401453 
738 264 19 22 0.18082978 
203 509 16 18 0.13946655 
777 971 57 85 0.12073446 
337 918 45 80 0.11241596 
341 1037 442 457 0.09076118 
114 912 402 562 0.07130963 
820 971 29 40 0.069548994 
791 1001 36 48 0.06779959 
925 904 91 150 0.06726701 
661 975 443 470 0.06584737 
305 891 80 122 0.06387402 
215 533 52 67 0.05965133 
551 211 165 220 0.057183996 
178 777 200 259 0.05651368 
606 1222 29 40 0.05190424 
223 659 379 440 0.049854033 
366 862 30 34 0.04839906 
255 859 112 159 0.039895546 
205 503 15 15 0.039588243 
285 545 17 21 0.039276887 
731 259 18 23 0.038154505 
355 910 53 79 0.03632333 
724 261 31 37 0.035370618 
-5 1058 222 303 0.035209846 
655 1030 106 109 0.03447456 
728 639 34 48 0.031162037 
697 991 114 124 0.028699396 
495 133 197 250 0.027829519 
-6 1090 153 160 0.026833525 
622 1210 34 45 0.02671671 
199 886 185 311 0.026505241 
-2 1182 41 56 0.025563788 
594 1199 47 67 0.025502633 
838 136 29 35 0.024257576 
892 698 159 272 0.023908634 
767 677 39 36 0.023151297 
585 757 195 251 0.022376006 
616 256 108 128 0.022182567 
939 1135 87 135 0.021648373 
467 808 28 36 0.021316115 
260 911 390 438 0.020828165 
78 1385 102 120 0.020592786 
793 950 62 84 0.020560572 
876 463 55 62 0.020170098 
746 927 99 137 0.02014715 
0 1308 103 152 0.02002608 
