24_Soldier_Firing_Soldier_Firing_24_133
37
465 307 64 51 0.9713714 
534 400 12 16 0.15367183 
92 438 15 16 0.123026066 
546 431 24 30 0.10820874 
344 351 20 20 0.104194365 
445 447 17 21 0.08804146 
372 537 22 27 0.08001302 
599 397 10 12 0.066130735 
507 461 16 18 0.05696313 
450 307 36 42 0.048882425 
538 408 13 19 0.045270294 
556 440 14 18 0.043751027 
563 443 10 15 0.042408668 
436 446 21 27 0.035533033 
526 399 21 28 0.029633822 
-2 148 201 293 0.028586043 
552 399 10 12 0.028313039 
591 405 12 16 0.02736639 
402 451 32 34 0.027252689 
590 453 9 11 0.026592433 
419 445 32 37 0.026505506 
501 272 34 38 0.023996474 
202 399 37 38 0.02336374 
354 162 15 18 0.023233986 
547 408 23 35 0.022724861 
586 454 9 11 0.022345554 
263 167 45 71 0.021768676 
554 457 12 15 0.021725621 
86 440 13 15 0.02102134 
509 404 17 22 0.02093552 
442 274 28 39 0.020730747 
126 201 139 112 0.020649938 
94 224 31 33 0.02057971 
494 456 52 59 0.020496968 
389 110 12 15 0.0203825 
534 414 13 18 0.020300604 
445 306 14 19 0.02010651 
