24_Soldier_Firing_Soldier_Firing_24_368
29
390 136 139 159 0.9776278 
445 322 70 78 0.6359734 
583 229 48 67 0.08066096 
833 74 52 78 0.073335364 
739 34 17 22 0.058643438 
598 244 55 76 0.05492219 
599 313 71 88 0.05176054 
815 87 55 80 0.046433512 
807 114 49 69 0.041161723 
37 183 17 21 0.039603595 
871 233 28 36 0.03845035 
601 226 27 38 0.036409322 
401 251 131 134 0.03455263 
-11 111 412 439 0.029662117 
799 388 47 54 0.028362285 
859 447 24 30 0.027382493 
773 113 92 111 0.025285337 
407 127 195 258 0.023816777 
81 124 24 32 0.023535658 
629 227 408 467 0.023108281 
533 72 104 124 0.023073953 
972 524 28 38 0.022808755 
602 269 61 87 0.022758042 
183 211 100 117 0.02224976 
724 121 27 36 0.021829555 
240 245 478 439 0.021700896 
318 68 91 134 0.021329429 
845 456 49 58 0.02098548 
139 264 48 55 0.020884898 
