24_Soldier_Firing_Soldier_Firing_24_67
20
483 206 64 93 0.9850487 
542 115 26 35 0.17446016 
438 301 9 11 0.10727869 
881 229 9 11 0.08206976 
376 252 7 9 0.07134387 
101 174 13 15 0.049889594 
733 -13 176 211 0.049463052 
447 291 46 53 0.041393068 
386 306 15 20 0.041191157 
361 272 30 33 0.038408298 
407 317 11 14 0.036472578 
537 452 106 145 0.035396937 
354 280 42 47 0.030697769 
780 273 27 29 0.0306964 
826 230 12 14 0.029216463 
864 263 9 11 0.022178736 
893 246 9 12 0.022014938 
876 262 14 17 0.02191623 
986 227 14 17 0.020892244 
193 181 11 15 0.020581191 
