24_Soldier_Firing_Soldier_Firing_24_702
65
176 59 47 57 0.997265 
833 83 38 47 0.9952689 
401 172 13 18 0.6590913 
634 112 27 29 0.60859895 
268 124 31 30 0.5567977 
387 167 19 24 0.5184608 
420 175 13 17 0.23890974 
565 278 22 31 0.20179895 
344 129 9 12 0.17233384 
470 170 11 13 0.14863855 
380 172 18 21 0.14817543 
414 171 14 19 0.13019297 
677 238 23 28 0.12501515 
914 275 24 26 0.120794654 
647 112 24 25 0.11925591 
629 118 16 24 0.10783222 
679 236 15 18 0.09393985 
205 437 12 19 0.08953476 
325 220 17 20 0.07592056 
372 148 10 13 0.06534301 
487 298 23 30 0.06163228 
298 287 18 23 0.05988408 
75 34 16 24 0.050917793 
350 163 10 11 0.04855432 
529 150 9 11 0.048136726 
821 96 39 43 0.044845063 
294 284 15 21 0.042617187 
477 172 11 14 0.042226832 
308 293 15 21 0.042212903 
411 213 15 19 0.04121459 
723 254 48 55 0.0386316 
415 201 11 13 0.0354307 
578 280 15 23 0.034130577 
469 324 16 22 0.03313383 
548 273 26 35 0.03222279 
424 340 16 19 0.032100856 
278 246 22 27 0.031749766 
634 123 19 23 0.031517085 
275 472 17 19 0.031342145 
389 158 14 18 0.030299645 
676 270 25 31 0.030298812 
483 173 11 13 0.028106801 
348 128 8 11 0.027811283 
335 150 9 11 0.026987504 
844 200 30 37 0.025856799 
302 279 31 36 0.02479463 
497 303 17 21 0.02470896 
814 226 45 52 0.024492145 
21 370 16 20 0.024003876 
612 174 13 15 0.023866013 
817 110 31 39 0.022618042 
271 371 42 54 0.02228927 
452 174 11 14 0.02180775 
300 493 10 14 0.021737233 
211 438 13 16 0.021622589 
465 165 11 14 0.021538435 
927 283 17 20 0.0213381 
27 372 18 21 0.021200217 
503 166 9 12 0.021040555 
456 155 12 15 0.021010466 
19 366 14 16 0.020937724 
198 432 22 28 0.020642383 
475 313 26 35 0.020615948 
332 488 14 17 0.02057195 
176 4 24 31 0.02028706 
