24_Soldier_Firing_Soldier_Firing_24_431
68
235 144 42 58 0.91683924 
188 147 60 74 0.3093655 
413 395 12 13 0.17138566 
319 256 38 47 0.12739499 
713 473 17 22 0.10799337 
195 119 61 76 0.08805961 
146 148 47 62 0.07234313 
1014 271 7 10 0.06518539 
503 285 12 14 0.060845867 
450 397 24 28 0.05136112 
806 253 14 17 0.049173553 
994 429 30 35 0.043880265 
957 404 21 25 0.043548726 
445 396 17 18 0.04223637 
810 445 27 28 0.04016716 
738 412 8 11 0.039339904 
616 108 463 479 0.038613852 
576 350 12 14 0.037256066 
522 122 12 15 0.03485717 
430 397 13 15 0.03359294 
206 109 36 51 0.03285888 
705 413 9 11 0.03261488 
736 408 9 10 0.030938208 
467 402 13 18 0.030842785 
494 360 10 12 0.030476235 
853 236 11 14 0.030132584 
678 398 8 11 0.029988809 
735 459 13 15 0.029730815 
777 481 18 21 0.029137097 
437 397 13 15 0.028323602 
333 267 38 50 0.028097821 
922 414 30 32 0.027869023 
970 302 8 9 0.0269569 
719 407 10 11 0.026235145 
733 444 13 15 0.026228517 
828 119 9 11 0.02612698 
409 392 20 22 0.025523925 
588 454 15 18 0.02547284 
496 285 12 14 0.025354724 
734 441 10 12 0.025267463 
429 289 8 10 0.025155583 
956 309 9 10 0.025141627 
1005 293 8 10 0.024499474 
339 297 16 20 0.023860376 
409 391 12 15 0.023762794 
1015 275 8 11 0.023646494 
684 439 10 11 0.023564216 
576 431 9 12 0.02342711 
1007 309 9 11 0.023016782 
324 293 29 32 0.022987746 
958 304 8 10 0.022634104 
742 412 9 11 0.022416798 
823 452 18 20 0.02226323 
725 407 9 11 0.02223109 
202 134 35 51 0.021604808 
964 621 31 33 0.021361507 
639 138 12 14 0.020866754 
535 109 11 13 0.020857556 
698 468 23 28 0.020721747 
829 124 8 11 0.02065268 
462 143 14 18 0.020482186 
651 427 11 13 0.020400139 
468 365 22 26 0.020249994 
952 284 10 12 0.020148935 
534 457 15 18 0.020130081 
364 287 18 23 0.020052904 
479 399 11 14 0.020045761 
419 390 11 14 0.02003781 
