24_Soldier_Firing_Soldier_Firing_24_1037
23
754 128 113 152 0.7219645 
57 275 43 50 0.26775014 
803 114 107 144 0.13113256 
636 472 30 31 0.11517579 
675 406 31 33 0.064203024 
763 391 36 33 0.057887677 
771 79 175 233 0.04636115 
733 356 36 42 0.04306051 
617 522 21 22 0.038649905 
753 379 34 39 0.028742038 
728 395 31 32 0.026883926 
671 403 13 16 0.025836151 
668 467 16 20 0.025450561 
855 392 176 249 0.024574941 
656 478 27 31 0.022980303 
676 395 13 16 0.022301745 
773 398 39 35 0.021088824 
679 477 24 28 0.02093559 
675 381 24 28 0.020510864 
721 377 58 49 0.02046549 
667 474 24 27 0.020341767 
681 424 19 21 0.020315677 
54 266 32 37 0.02009642 
