24_Soldier_Firing_Soldier_Firing_24_372
19
305 143 61 83 0.980027 
242 414 176 260 0.32855043 
648 243 57 55 0.18117322 
511 20 377 503 0.042032216 
145 323 311 434 0.04080238 
717 193 26 30 0.040453248 
252 105 26 32 0.038125563 
616 275 70 57 0.035041418 
334 32 359 481 0.034702197 
262 100 13 16 0.034692604 
676 25 366 496 0.027434248 
234 158 58 69 0.024913853 
24 178 131 182 0.02474073 
954 0 18 16 0.023983635 
330 165 37 51 0.022999592 
259 118 18 24 0.022980938 
718 140 12 16 0.022093846 
225 113 39 46 0.02162219 
243 111 29 36 0.020542761 
