35_Basketball_basketballgame_ball_35_429
41
432 176 170 430 0.9846489 
797 966 209 570 0.85282207 
133 793 235 632 0.45389688 
471 136 203 623 0.45389685 
66 956 257 711 0.3436022 
663 338 59 145 0.30585766 
677 459 215 632 0.18550259 
3 909 43 223 0.1753677 
0 707 222 623 0.14717786 
856 844 121 394 0.13594593 
694 1262 43 129 0.12872262 
405 373 277 614 0.1065206 
17 1162 123 371 0.09803478 
7 1197 60 198 0.07880669 
477 866 232 553 0.06984133 
316 1251 76 205 0.047198545 
860 1172 132 316 0.045153897 
751 698 228 587 0.045153897 
598 650 269 660 0.04133061 
247 1238 33 85 0.039651502 
645 300 98 377 0.03781825 
109 1041 134 406 0.03781825 
432 270 99 288 0.036325652 
349 1004 31 75 0.036325652 
257 597 222 596 0.034593593 
328 745 55 143 0.033269096 
366 1073 222 514 0.028921604 
579 273 116 330 0.028921604 
889 721 92 181 0.027884185 
138 727 64 161 0.027884185 
583 28 212 623 0.02643471 
200 1182 123 377 0.02643471 
318 793 56 150 0.025519116 
669 138 239 457 0.02415633 
315 1283 35 111 0.023349825 
747 590 29 75 0.023349825 
59 1283 128 261 0.022069868 
61 1213 69 194 0.021360904 
54 1284 60 181 0.021360898 
873 987 138 360 0.0201599 
676 70 126 430 0.0201599 
