35_Basketball_playingbasketball_35_13
40
448 145 65 146 0.9927347 
834 578 126 384 0.4768992 
436 708 123 342 0.4085711 
422 575 64 149 0.268611 
620 162 246 548 0.26558137 
390 650 68 156 0.21842524 
386 549 203 459 0.18550259 
758 594 132 332 0.14717786 
381 565 124 308 0.14717786 
560 378 86 235 0.12872262 
798 120 228 608 0.1254451 
702 264 246 524 0.115646794 
286 475 203 487 0.115646794 
155 678 29 66 0.10106142 
935 180 71 185 0.08567618 
825 553 32 77 0.072444364 
792 368 218 608 0.064067975 
263 28 18 47 0.05879275 
697 402 149 322 0.053832818 
413 727 218 532 0.053832818 
282 618 117 295 0.04931264 
275 119 29 67 0.047198545 
46 675 29 74 0.036325652 
196 114 132 304 0.034593593 
193 347 197 548 0.034593593 
323 56 79 185 0.033269096 
505 165 218 494 0.03163486 
783 47 71 149 0.030461596 
8 17 13 37 0.030282615 
402 746 119 408 0.028921604 
706 98 86 165 0.027884193 
599 66 188 446 0.02643471 
578 220 15 56 0.02558696 
63 500 55 119 0.025519116 
659 134 88 162 0.025519116 
543 770 14 45 0.02351288 
866 640 70 231 0.023349825 
321 130 64 162 0.021360898 
15 112 104 317 0.0201599 
388 215 228 581 0.0201599 
