35_Basketball_basketballgame_ball_35_133
55
707 112 197 265 0.99755305 
337 89 170 225 0.9943938 
104 45 178 225 0.9846489 
488 116 261 335 0.95484614 
667 63 180 246 0.93593204 
600 328 186 242 0.85282207 
771 84 242 281 0.59142894 
416 73 48 59 0.5900683 
301 322 194 281 0.52310073 
5 345 35 48 0.45459446 
445 100 165 235 0.43108967 
592 18 188 250 0.4085711 
27 301 130 203 0.4085711 
209 263 197 265 0.3647484 
502 339 183 273 0.3647484 
767 286 235 250 0.32305852 
643 240 232 294 0.24794048 
744 192 225 235 0.24794045 
416 402 212 302 0.2150812 
213 365 212 281 0.19988176 
52 98 249 281 0.18550259 
625 416 123 180 0.13594593 
54 394 269 321 0.115646794 
178 27 140 178 0.115646794 
183 371 106 172 0.1065206 
18 394 21 26 0.10106142 
22 -25 186 250 0.09015675 
481 -29 232 326 0.090156734 
731 39 153 191 0.08285364 
111 233 194 261 0.076092646 
-66 385 289 289 0.06984132 
685 101 86 135 0.06655857 
80 266 63 72 0.06111947 
869 32 140 218 0.058741733 
263 42 178 235 0.04931264 
691 335 134 188 0.04931264 
471 379 130 206 0.04931264 
617 448 17 21 0.04595155 
18 19 103 172 0.045153886 
643 287 60 69 0.039651502 
554 253 172 265 0.03781825 
615 28 63 78 0.036325652 
603 396 83 96 0.033269096 
670 639 34 32 0.030461604 
545 10 63 73 0.030461596 
23 206 194 261 0.028921604 
170 468 132 183 0.028921604 
164 90 91 112 0.027884185 
139 298 114 167 0.024156325 
651 530 80 75 0.023349825 
621 55 34 39 0.023349825 
261 39 80 103 0.023349825 
91 285 74 86 0.023349825 
40 312 197 277 0.0201599 
512 -11 128 212 0.0201599 
