35_Basketball_basketballgame_ball_35_858
87
570 225 69 97 0.9982981 
779 497 80 71 0.9964803 
278 -13 273 311 0.95866936 
456 374 197 264 0.9098432 
724 -42 261 289 0.864054 
338 111 235 289 0.8144974 
213 63 273 366 0.59142894 
22 52 136 175 0.47689918 
668 129 225 268 0.45389685 
393 -22 228 264 0.4310897 
384 400 206 298 0.3647484 
401 470 13 18 0.24479094 
499 170 106 175 0.2311026 
301 606 23 29 0.16258557 
-1 291 203 261 0.15916684 
305 601 16 20 0.15017675 
263 568 11 15 0.15017675 
102 163 253 264 0.14717786 
603 353 188 257 0.13594593 
841 31 155 180 0.1254451 
628 134 140 188 0.1254451 
488 1 239 264 0.115646794 
704 336 121 175 0.115646794 
557 391 128 212 0.1065206 
879 522 126 200 0.1065206 
425 148 138 191 0.1065206 
114 555 12 16 0.102797605 
760 438 93 138 0.09803478 
8 48 82 82 0.08567616 
237 361 191 272 0.06984133 
172 556 19 22 0.0691498 
202 611 24 29 0.06655858 
346 14 158 212 0.064067975 
122 634 15 19 0.06377564 
551 34 134 151 0.05874174 
543 216 70 97 0.056098126 
2 603 38 70 0.056098126 
469 484 11 17 0.054176662 
437 476 10 15 0.054176662 
589 65 146 185 0.053832814 
176 508 21 27 0.047198545 
93 574 21 29 0.04595155 
663 303 200 276 0.045153886 
38 638 26 29 0.04326818 
340 519 20 27 0.04326818 
164 447 12 15 0.04229837 
215 0 134 138 0.04133061 
487 638 23 25 0.039651502 
610 216 63 79 0.039651502 
253 444 22 29 0.039651494 
450 176 92 107 0.039651494 
346 552 23 35 0.039651494 
498 439 212 268 0.03781825 
107 366 163 235 0.03781825 
532 289 209 264 0.03781825 
250 33 74 73 0.036325652 
58 144 7 9 0.035808332 
143 20 249 293 0.034593605 
336 617 29 31 0.033269096 
40 27 206 238 0.03163486 
35 192 222 302 0.03163486 
48 644 28 31 0.030461604 
373 457 24 27 0.030461596 
70 4 63 64 0.030461596 
433 478 9 12 0.030282615 
300 597 17 20 0.030282615 
3 451 197 268 0.028921604 
398 525 23 27 0.027884193 
390 621 8 12 0.027838778 
323 341 206 272 0.02643471 
40 634 17 20 0.02558696 
258 570 10 12 0.02558696 
167 218 56 61 0.025519116 
66 529 23 29 0.025519116 
894 270 54 61 0.025519116 
288 599 42 55 0.025519116 
644 60 119 130 0.024156325 
15 628 45 53 0.023349825 
326 427 47 53 0.023349825 
19 449 23 33 0.023349825 
805 256 206 298 0.022069868 
161 475 23 28 0.021360898 
794 340 69 88 0.021360898 
328 601 50 59 0.021360898 
224 482 27 32 0.021360898 
796 24 257 280 0.020159906 
716 182 138 165 0.0201599 
