35_Basketball_playingbasketball_35_555
44
387 17 76 101 0.9982981 
537 52 83 96 0.99678564 
818 378 200 325 0.5 
22 218 228 285 0.45389685 
683 147 235 330 0.3647484 
294 81 209 285 0.36474833 
542 424 222 242 0.30317584 
439 427 257 335 0.28400344 
355 294 95 103 0.2511021 
275 165 103 165 0.19988176 
4 325 249 350 0.18550259 
743 324 209 316 0.18550259 
290 470 117 212 0.17193554 
856 205 64 84 0.12872264 
767 149 123 155 0.1254451 
524 115 203 293 0.1065206 
440 490 65 80 0.09308395 
730 73 232 293 0.08285364 
201 423 186 253 0.08285364 
804 4 200 289 0.06984133 
10 40 104 191 0.064067975 
334 204 146 175 0.064067975 
540 208 65 111 0.06111947 
139 254 186 298 0.05874174 
779 230 232 281 0.053832814 
373 50 13 19 0.04990379 
619 319 253 293 0.04931264 
678 67 101 172 0.045153897 
486 220 253 306 0.03781825 
-12 126 212 272 0.03781825 
80 137 62 83 0.033269096 
887 226 30 47 0.033269096 
360 467 225 272 0.03163486 
666 84 165 253 0.028921604 
88 694 4 5 0.027838778 
821 180 97 134 0.026434705 
707 240 51 65 0.025519116 
305 502 78 120 0.023349825 
369 2 51 71 0.023349825 
715 140 126 142 0.022069868 
533 192 112 175 0.0201599 
73 139 246 285 0.0201599 
316 153 124 175 0.0201599 
234 124 178 264 0.0201599 
