35_Basketball_Basketball_35_180
40
413 397 32 45 0.99952376 
386 193 27 39 0.9994784 
474 217 30 44 0.9994784 
604 165 25 37 0.9990996 
611 357 29 41 0.99891996 
285 189 29 39 0.99813616 
442 178 22 33 0.99813616 
529 155 26 36 0.9977647 
333 190 25 35 0.99706453 
220 174 26 38 0.9953797 
685 165 25 37 0.9933628 
4 92 209 330 0.6352516 
-33 433 253 311 0.6352516 
690 380 142 246 0.5461031 
825 2 191 293 0.5 
817 105 235 345 0.3436022 
741 0 183 316 0.32305852 
708 103 232 345 0.15916686 
352 594 242 330 0.064067975 
424 381 27 40 0.056098126 
-5 404 130 242 0.053832814 
66 350 249 350 0.04931264 
508 340 186 265 0.045153897 
773 556 209 273 0.045153886 
358 359 19 30 0.04229837 
-3 0 170 302 0.04133061 
-65 245 277 361 0.04133061 
16 556 246 307 0.034593605 
151 475 293 400 0.034593593 
492 463 23 26 0.032933712 
668 257 242 355 0.03163486 
1 212 130 194 0.03163486 
58 4 246 345 0.028921604 
282 -36 232 316 0.024156325 
725 16 6 9 0.02351288 
489 99 28 44 0.023349825 
749 378 228 335 0.022069868 
435 177 17 26 0.021603195 
735 436 86 137 0.021360893 
185 302 232 302 0.0201599 
