35_Basketball_playingbasketball_35_366
36
397 324 43 52 0.9567318 
403 321 26 31 0.31433135 
5 633 103 298 0.18550259 
685 137 7 12 0.15017675 
395 335 26 31 0.11991897 
417 326 33 38 0.111069925 
696 147 6 10 0.09507551 
171 673 261 444 0.064067975 
659 136 8 13 0.05879275 
672 141 5 10 0.054176662 
547 168 29 43 0.047198545 
415 254 197 395 0.045153897 
707 135 6 10 0.038923774 
776 48 5 8 0.035808332 
484 527 6 10 0.03293372 
663 139 5 10 0.03293372 
515 172 51 69 0.030461604 
697 143 7 12 0.030282615 
630 111 11 20 0.030282615 
-1 220 117 257 0.028921604 
563 302 218 372 0.028921604 
529 179 28 39 0.027884193 
426 793 21 33 0.027838783 
619 371 128 229 0.02643471 
34 633 249 451 0.02643471 
691 110 7 12 0.02558696 
472 521 5 9 0.02351288 
693 144 11 19 0.02351288 
703 159 6 11 0.02351288 
462 328 107 265 0.022069868 
684 144 7 12 0.021603195 
673 99 17 29 0.021603195 
694 134 7 12 0.021603195 
690 146 7 11 0.021603195 
485 547 57 86 0.021360898 
622 122 71 123 0.021360893 
