35_Basketball_basketballgame_ball_35_998
108
339 93 53 81 0.9977647 
680 60 53 74 0.99614596 
42 391 39 48 0.9957801 
352 317 38 55 0.98859274 
62 279 35 41 0.9850627 
912 278 47 70 0.97665024 
818 304 44 70 0.96034855 
1 310 23 39 0.91432387 
123 290 28 40 0.88114965 
807 428 215 291 0.8745549 
656 414 222 299 0.85282207 
458 216 218 295 0.8001182 
339 27 183 240 0.6769414 
661 5 228 304 0.56891036 
766 -40 203 286 0.56891036 
366 92 57 79 0.5 
323 409 25 40 0.5 
10 427 26 35 0.47725022 
71 57 235 322 0.47689918 
400 -19 239 308 0.4085711 
331 150 261 299 0.3864298 
149 443 203 266 0.32305852 
619 294 228 318 0.32305852 
763 69 242 313 0.30317584 
-5 5 222 304 0.28400344 
547 399 228 282 0.28400344 
522 38 239 347 0.2311026 
117 55 130 187 0.2311026 
300 395 50 69 0.2032784 
499 282 130 192 0.18550259 
149 114 140 198 0.13594593 
40 200 31 44 0.12872264 
29 465 94 135 0.1254451 
355 74 106 135 0.115646794 
844 247 128 171 0.1065206 
857 -10 144 204 0.09803478 
28 399 239 313 0.09015675 
719 32 128 204 0.09015675 
25 20 119 198 0.09015675 
270 287 197 278 0.08285364 
659 402 57 64 0.07244435 
808 210 212 266 0.064067975 
2 408 158 240 0.064067975 
569 301 172 233 0.064067975 
1002 323 21 43 0.06111947 
335 417 19 27 0.054176662 
10 162 203 291 0.053832818 
661 15 104 131 0.045153897 
441 92 58 73 0.04326818 
24 401 40 53 0.04326818 
423 5 144 195 0.04133062 
24 97 130 258 0.04133061 
401 310 172 216 0.04133061 
21 187 53 73 0.039651502 
145 70 71 104 0.039651494 
717 432 28 34 0.039651494 
459 103 33 40 0.039651494 
435 526 12 16 0.038923774 
956 300 17 22 0.038923774 
382 378 249 363 0.03781825 
1018 612 5 7 0.035808332 
513 334 29 40 0.033269096 
584 373 51 76 0.033269096 
906 296 8 11 0.03293372 
991 314 9 12 0.03293372 
901 291 14 18 0.032933712 
599 175 194 262 0.03163486 
633 383 119 192 0.03163486 
150 252 215 291 0.03163486 
176 25 188 274 0.03163486 
500 34 146 192 0.03163486 
681 50 109 178 0.03163486 
479 223 62 67 0.030461604 
502 316 63 82 0.030461604 
243 550 60 96 0.030461596 
160 51 60 79 0.030461596 
426 113 58 76 0.030461596 
1008 348 14 23 0.030282615 
14 285 222 308 0.028921604 
87 15 119 173 0.028921604 
672 322 134 184 0.028921604 
930 289 37 47 0.027884193 
621 264 73 104 0.027884185 
752 43 63 79 0.027884185 
748 22 52 69 0.027884185 
873 310 27 38 0.025519116 
836 304 47 62 0.025519116 
401 126 79 106 0.025519116 
388 103 63 86 0.025519116 
799 615 71 91 0.025519116 
240 30 55 73 0.025519116 
255 46 59 79 0.025519116 
657 53 54 76 0.025519116 
292 84 87 135 0.024156325 
168 125 225 286 0.024156325 
3 432 20 24 0.02351288 
893 284 18 24 0.02351288 
947 292 30 39 0.023349825 
882 284 50 62 0.023349825 
447 65 68 79 0.023349825 
600 392 29 48 0.023349825 
720 348 218 299 0.022069868 
887 302 9 10 0.021603195 
487 341 63 76 0.021360898 
763 30 29 38 0.021360898 
209 174 89 75 0.021360898 
935 347 67 58 0.021360893 
237 144 67 75 0.021360893 
