35_Basketball_playingbasketball_35_350
102
492 160 144 197 0.99883074 
635 -37 265 340 0.99776876 
738 -64 269 335 0.9171464 
243 199 93 155 0.864054 
562 189 124 197 0.8001182 
595 53 206 285 0.52310073 
429 310 186 289 0.45389685 
504 550 235 325 0.4310897 
716 434 253 272 0.4085711 
82 70 249 325 0.4085711 
4 19 218 320 0.3864298 
199 449 321 315 0.3647484 
261 266 253 335 0.3436022 
294 152 163 272 0.30317584 
-9 436 222 306 0.2311026 
367 392 225 289 0.19988178 
885 369 111 155 0.15916684 
452 346 293 388 0.15916684 
823 29 239 306 0.14717786 
143 391 289 268 0.12544508 
252 48 239 285 0.115646794 
757 515 82 78 0.109639935 
895 376 76 89 0.10106142 
929 421 71 105 0.09308395 
740 12 180 194 0.09015675 
731 190 222 306 0.09015675 
173 211 206 245 0.090156734 
84 237 225 311 0.08285364 
389 61 218 260 0.08285364 
933 376 80 115 0.07880669 
848 267 52 79 0.07880669 
483 56 239 272 0.076092646 
805 470 246 302 0.06984133 
355 132 191 289 0.06984133 
429 707 25 30 0.06655858 
858 383 86 69 0.06655857 
139 536 197 289 0.05874174 
157 180 142 199 0.05874174 
655 681 83 97 0.056098126 
289 77 71 80 0.051466707 
144 445 62 74 0.047198545 
177 -5 74 79 0.047198545 
275 175 111 185 0.045153897 
463 699 14 18 0.04229837 
601 441 218 289 0.04133061 
607 251 119 191 0.04133061 
502 646 15 20 0.038923774 
493 710 16 22 0.038923774 
619 621 136 188 0.03781825 
434 692 23 31 0.036325645 
511 692 7 9 0.035808332 
725 488 155 167 0.034593605 
228 320 136 153 0.034593593 
20 573 132 180 0.034593593 
763 330 222 285 0.034593593 
418 481 239 315 0.034593593 
-25 319 188 264 0.03163486 
533 187 232 306 0.03163486 
467 686 21 29 0.030461596 
484 705 17 22 0.030282615 
501 683 7 10 0.030282615 
521 583 134 197 0.028921604 
440 655 23 29 0.027884193 
947 33 30 34 0.027884193 
565 654 69 97 0.027884185 
811 183 51 63 0.027884185 
960 458 8 11 0.027838783 
453 653 14 18 0.027838783 
463 731 18 22 0.027838778 
825 247 49 72 0.025519116 
329 221 62 105 0.025519116 
437 669 25 29 0.025519116 
513 708 26 35 0.025519116 
513 649 21 29 0.025519116 
401 646 30 39 0.025519116 
481 501 64 76 0.025519116 
440 730 25 27 0.025519116 
457 738 20 24 0.02351288 
511 721 18 26 0.02351288 
406 645 50 62 0.023349825 
863 410 78 84 0.023349825 
723 298 65 89 0.023349825 
445 742 29 25 0.023349825 
446 148 121 191 0.022069868 
509 296 203 285 0.022069868 
-2 340 111 177 0.022069868 
494 682 12 19 0.021603195 
497 683 7 11 0.021603195 
543 664 7 10 0.021603195 
438 666 16 18 0.021603195 
460 648 25 30 0.021360898 
662 294 73 102 0.021360898 
451 651 24 30 0.021360898 
666 526 78 113 0.021360898 
406 679 25 33 0.021360898 
499 678 24 31 0.021360898 
3 43 69 97 0.021360898 
364 30 61 84 0.021360898 
872 151 58 76 0.021360898 
454 680 22 30 0.021360898 
610 83 61 64 0.021360898 
337 318 153 218 0.020159906 
