35_Basketball_basketballgame_ball_35_197
73
260 182 60 82 0.9998542 
721 205 64 94 0.9998084 
44 95 65 79 0.9997242 
244 98 64 75 0.9996376 
803 9 49 75 0.9995652 
446 156 58 75 0.9994784 
825 276 59 70 0.9992494 
628 150 56 82 0.99844605 
700 169 46 71 0.9953797 
23 35 61 77 0.96367437 
317 23 64 91 0.9275556 
0 0 45 50 0.8989386 
709 184 55 86 0.73138905 
786 427 215 288 0.4085711 
886 11 74 88 0.34582692 
8 4 58 70 0.2032784 
812 483 140 174 0.14717786 
447 0 18 17 0.13944872 
719 326 249 280 0.13594593 
27 58 69 99 0.118850335 
468 2 30 26 0.109639935 
546 199 48 77 0.10106142 
246 135 68 101 0.10106142 
666 328 75 92 0.09308395 
994 -1 27 42 0.09308395 
489 579 28 41 0.072444364 
185 340 200 297 0.06984133 
156 0 30 22 0.06111947 
930 569 26 28 0.056098126 
311 459 25 41 0.047198545 
26 673 53 63 0.04326818 
659 167 60 78 0.039651494 
114 186 203 252 0.03781825 
943 569 25 30 0.036325652 
174 191 51 62 0.036325652 
718 136 17 22 0.035808332 
627 278 111 138 0.034593605 
277 491 29 38 0.033269096 
876 133 57 83 0.033269096 
161 207 58 74 0.033269096 
312 452 215 276 0.03163486 
929 156 24 30 0.030461604 
910 592 37 35 0.030461604 
996 364 27 49 0.030461596 
933 696 9 12 0.030282615 
621 141 15 23 0.030282615 
416 116 78 109 0.028921604 
350 78 52 67 0.027884193 
765 344 68 97 0.027884193 
478 569 46 68 0.027884185 
778 76 8 12 0.027838783 
916 714 17 17 0.027838778 
257 54 78 107 0.026434705 
5 4 10 14 0.02558696 
3 1 16 26 0.02558696 
475 167 47 73 0.025519116 
954 246 64 79 0.025519116 
142 212 88 121 0.025519116 
746 306 151 196 0.024156325 
470 477 228 260 0.024156325 
202 50 85 120 0.024156325 
243 536 14 20 0.02351288 
419 612 15 26 0.02351288 
263 532 21 36 0.023349825 
450 255 51 69 0.023349825 
453 -4 61 62 0.023349825 
714 133 29 36 0.023349825 
271 378 203 264 0.022069868 
362 0 16 24 0.021603195 
890 578 60 64 0.021360898 
721 401 57 69 0.021360898 
990 163 28 54 0.021360898 
809 105 75 117 0.021360893 
