35_Basketball_basketballgame_ball_35_276
108
671 124 64 85 0.9997242 
278 164 55 77 0.9996376 
938 152 62 74 0.99952376 
492 128 56 68 0.99931467 
68 180 56 69 0.9991779 
960 40 54 71 0.99870443 
236 0 57 51 0.9975521 
15 0 57 54 0.99614596 
18 125 43 66 0.98957527 
432 51 49 47 0.5900683 
740 -1 41 24 0.28687313 
414 27 45 56 0.21842524 
38 126 43 62 0.21842523 
469 290 75 85 0.188928 
518 394 232 303 0.18550259 
402 29 30 40 0.1753677 
372 97 200 257 0.17193554 
987 0 21 20 0.1293704 
577 0 28 25 0.118850335 
716 367 222 307 0.1065206 
166 -2 53 55 0.09308395 
-59 415 200 269 0.090156734 
611 432 239 269 0.08285364 
835 4 34 44 0.07880669 
497 182 64 97 0.07244435 
44 150 49 79 0.06655858 
363 167 12 18 0.06377564 
112 587 31 37 0.06111947 
374 23 50 61 0.06111947 
402 143 106 168 0.05874174 
737 324 71 92 0.056098126 
609 -1 12 11 0.054176662 
39 489 117 142 0.053832818 
610 44 25 33 0.051466707 
219 439 67 83 0.051466707 
151 504 53 58 0.051466707 
428 225 107 156 0.04931264 
54 131 36 40 0.047198545 
979 -5 34 35 0.047198545 
368 415 25 33 0.047198545 
243 546 29 35 0.047198545 
589 41 18 25 0.04595155 
414 37 20 27 0.04595155 
412 533 23 29 0.04326818 
247 569 25 36 0.04326818 
680 290 26 32 0.04326818 
503 295 61 69 0.04326818 
172 333 34 54 0.04326818 
-7 364 209 222 0.04133061 
149 572 46 63 0.039651502 
401 451 21 30 0.039651494 
393 392 23 26 0.039651494 
31 440 188 236 0.03781825 
275 433 51 79 0.036325652 
602 37 21 31 0.036325652 
435 35 37 44 0.036325652 
249 587 29 39 0.036325645 
587 48 25 33 0.036325645 
42 121 18 25 0.035808332 
237 559 26 35 0.033269096 
89 154 27 30 0.033269096 
265 585 28 39 0.033269096 
377 31 31 38 0.033269096 
114 574 45 66 0.033269096 
749 13 41 35 0.033269096 
589 33 14 20 0.032933712 
942 586 25 27 0.030461604 
66 520 68 89 0.030461596 
126 475 73 69 0.030461596 
615 85 9 12 0.030282615 
949 493 15 19 0.030282615 
497 164 197 246 0.028921604 
594 153 200 281 0.028921604 
155 460 228 236 0.028921604 
53 158 30 46 0.027884193 
694 556 52 68 0.027884193 
179 320 46 81 0.027884185 
138 529 57 60 0.027884185 
572 45 53 67 0.027884185 
400 436 21 22 0.027838783 
13 454 15 23 0.027838783 
599 47 14 20 0.027838783 
425 526 6 8 0.027838783 
302 70 82 112 0.026434705 
153 31 19 22 0.02558696 
340 196 7 11 0.02558696 
590 1 19 20 0.02558696 
300 0 57 74 0.025519116 
-22 -24 188 229 0.024156325 
612 42 16 20 0.02351288 
1 0 10 12 0.02351288 
407 492 16 19 0.02351288 
47 128 18 24 0.02351288 
419 29 16 21 0.02351288 
344 434 62 101 0.023349825 
679 391 70 52 0.023349825 
230 574 26 38 0.023349825 
470 345 87 116 0.022069868 
400 36 19 27 0.021603195 
92 558 50 66 0.021360904 
499 353 53 67 0.021360904 
22 115 30 45 0.021360904 
727 522 32 39 0.021360898 
160 545 36 37 0.021360898 
952 9 52 64 0.021360898 
516 375 30 33 0.021360898 
581 59 26 34 0.021360898 
436 448 212 277 0.0201599 
