35_Basketball_basketballgame_ball_35_827
38
384 372 160 361 0.9964618 
690 878 212 515 0.96836513 
720 1007 239 633 0.3864298 
283 288 212 588 0.30317584 
559 474 261 723 0.17193556 
859 670 140 312 0.13594593 
-10 247 212 615 0.1254451 
637 391 285 672 0.09803478 
549 148 249 692 0.076092646 
173 836 57 134 0.06655858 
236 456 209 554 0.064067975 
458 1299 123 294 0.05874174 
808 540 209 563 0.053832818 
300 771 65 161 0.051466707 
597 1310 86 201 0.051466707 
793 815 215 615 0.04931264 
223 1090 257 662 0.045153897 
588 27 75 170 0.04326818 
424 1198 203 546 0.04133061 
157 791 54 136 0.039651502 
123 696 253 563 0.034593605 
523 1178 200 530 0.034593593 
841 1250 126 351 0.03163486 
767 749 54 134 0.030461596 
115 195 18 49 0.030282615 
208 848 56 153 0.027884193 
350 1291 69 164 0.027884193 
652 141 281 642 0.02643471 
677 855 124 389 0.026434705 
208 681 19 55 0.02558696 
473 1295 68 170 0.023349825 
299 850 60 146 0.023349825 
957 1205 56 161 0.023349825 
753 697 200 530 0.022069868 
982 1204 32 99 0.021360893 
710 753 63 151 0.021360893 
616 675 130 406 0.0201599 
786 1224 136 336 0.0201599 
