35_Basketball_playingbasketball_35_764
42
490 247 26 41 0.99204755 
303 190 28 41 0.96034855 
490 239 112 181 0.30317584 
100 95 34 40 0.21842524 
530 193 194 266 0.13594593 
163 174 17 23 0.09507551 
339 1 235 300 0.06984133 
653 261 246 318 0.064067975 
238 20 6 8 0.05879275 
580 251 26 32 0.047198545 
91 103 209 318 0.045153886 
510 369 75 95 0.04326818 
602 194 218 287 0.03781825 
283 192 23 37 0.036325652 
589 346 29 40 0.036325645 
608 417 13 16 0.035808332 
286 311 56 74 0.033269096 
265 302 203 274 0.03163486 
880 541 31 39 0.030461604 
440 430 13 14 0.030282615 
867 46 31 36 0.027884193 
477 253 44 59 0.027884185 
591 359 17 21 0.02558696 
439 270 46 60 0.025519116 
521 80 261 291 0.024156325 
305 278 130 179 0.024156325 
198 336 53 68 0.023349825 
278 339 55 70 0.023349825 
153 609 50 65 0.023349825 
802 362 4 6 0.021603195 
313 210 16 22 0.021603195 
610 437 18 21 0.021603195 
685 384 6 10 0.021603195 
211 343 29 37 0.021360904 
534 578 56 73 0.021360898 
832 195 34 39 0.021360898 
593 417 46 65 0.021360898 
600 356 27 37 0.021360898 
96 75 54 51 0.021360898 
388 338 117 163 0.0201599 
182 443 235 295 0.0201599 
-7 458 138 147 0.0201599 
