35_Basketball_playingbasketball_35_279
35
758 974 307 742 0.52310073 
279 438 130 388 0.5 
6 149 88 193 0.2511021 
416 996 94 147 0.23436873 
285 1011 232 613 0.19988178 
185 1190 232 650 0.17193556 
373 -71 194 586 0.14717786 
201 312 218 622 0.09803478 
345 1159 239 679 0.05874174 
129 63 17 51 0.054176662 
111 1055 222 650 0.045153897 
147 7 44 133 0.04326818 
426 844 222 477 0.04133061 
382 926 124 276 0.03781825 
71 44 16 41 0.035808332 
109 99 18 48 0.035808332 
138 47 14 41 0.035808332 
264 1213 128 393 0.034593593 
-2 58 44 137 0.030461596 
87 45 8 20 0.030282615 
498 949 126 280 0.026434705 
23 107 107 293 0.026434705 
17 71 73 171 0.025519116 
7 1077 121 350 0.024156325 
-25 1063 188 586 0.024156325 
138 59 17 52 0.02351288 
97 81 58 155 0.023349825 
597 469 29 84 0.023349825 
109 27 49 130 0.023349825 
139 53 28 90 0.021360898 
710 781 29 85 0.021360898 
679 1316 60 152 0.021360898 
76 655 206 669 0.020159906 
643 464 117 350 0.0201599 
318 1138 140 382 0.0201599 
