35_Basketball_Basketball_35_209
1325
417 110 35 40 0.9977647 
500 135 35 45 0.993937 
978 224 13 14 0.97839683 
897 183 20 23 0.9540484 
50 220 6 7 0.9308502 
598 378 225 223 0.88435316 
17 233 10 10 0.8263381 
108 212 7 8 0.8135483 
50 244 9 9 0.78582007 
928 193 9 10 0.77087367 
173 191 19 21 0.77087367 
84 266 9 10 0.77087367 
712 266 8 9 0.7708736 
9 262 12 14 0.755209 
613 237 8 10 0.7388364 
178 294 8 8 0.7388364 
742 270 8 8 0.64717066 
115 268 7 7 0.5858033 
175 277 8 8 0.5858033 
77 227 7 7 0.5858033 
485 383 68 74 0.56787485 
319 248 8 8 0.56463194 
664 262 8 8 0.5432222 
85 240 8 8 0.5 
152 229 7 7 0.45677772 
182 249 6 7 0.45677772 
127 274 7 7 0.43536806 
126 198 6 6 0.3933377 
65 270 9 10 0.3933377 
88 207 7 8 0.3728605 
127 79 8 9 0.3728605 
684 213 6 6 0.3728605 
145 257 7 7 0.3728605 
204 184 11 12 0.3728605 
140 276 8 9 0.35282937 
66 263 9 9 0.35282937 
161 240 6 6 0.35282937 
340 213 5 5 0.33330244 
121 289 13 15 0.33330244 
109 239 7 7 0.33330244 
134 230 7 8 0.31433135 
182 231 7 8 0.29596066 
49 189 6 7 0.29596066 
299 202 6 6 0.29596066 
30 268 13 16 0.29596066 
21 182 6 6 0.27822798 
147 194 5 5 0.27822798 
627 282 16 20 0.26116365 
149 268 8 7 0.26116365 
954 206 7 8 0.26116365 
667 231 6 6 0.24479094 
864 192 8 9 0.24479094 
163 213 7 7 0.24479094 
135 235 7 7 0.24479094 
77 233 7 8 0.22912638 
664 267 7 8 0.22912635 
317 243 6 7 0.22912635 
822 160 6 7 0.2141799 
150 229 10 12 0.2141799 
97 209 6 6 0.2141799 
1014 233 8 10 0.2141799 
113 252 7 7 0.2141799 
387 93 6 7 0.19995552 
180 80 6 7 0.1864517 
331 199 5 5 0.1864517 
638 211 5 5 0.1864517 
978 139 5 5 0.1864517 
728 299 7 9 0.1864517 
315 225 5 5 0.18645167 
860 168 6 8 0.18645167 
770 146 6 7 0.18645167 
289 270 6 6 0.17366187 
919 166 7 7 0.17366187 
337 213 5 5 0.17366187 
111 211 8 8 0.16157512 
332 85 4 4 0.16157512 
6 48 5 6 0.16157512 
36 242 7 7 0.16157512 
117 198 5 5 0.16157512 
638 144 13 13 0.16157512 
461 366 117 110 0.15916684 
999 167 6 6 0.15017675 
1011 123 5 5 0.15017675 
900 149 4 4 0.15017675 
925 150 5 6 0.15017675 
950 182 7 7 0.15017675 
927 182 7 8 0.15017675 
890 163 6 7 0.15017675 
700 226 5 5 0.15017675 
948 203 11 13 0.15017675 
31 203 8 8 0.15017675 
633 236 8 10 0.15017675 
971 149 6 6 0.15017675 
104 54 11 11 0.15017675 
951 191 7 8 0.15017675 
781 418 200 217 0.14717786 
710 247 7 7 0.13944872 
277 214 4 5 0.13944872 
286 215 6 6 0.13944872 
137 200 5 5 0.13944872 
132 207 6 6 0.13944872 
94 200 6 6 0.13944872 
693 232 5 5 0.13944872 
108 268 7 8 0.1293704 
68 187 12 13 0.1293704 
1001 288 14 16 0.1293704 
144 254 7 7 0.1293704 
877 188 7 7 0.1293704 
713 236 6 7 0.1293704 
174 213 6 7 0.1293704 
895 171 7 7 0.1293704 
867 171 7 9 0.1293704 
306 82 4 4 0.11991897 
676 240 6 7 0.11991897 
968 152 6 6 0.11991897 
988 157 5 5 0.11991897 
954 147 5 5 0.11991897 
88 292 8 8 0.11991897 
289 216 6 6 0.11991897 
-4 394 183 207 0.115646794 
918 174 8 9 0.111069925 
218 75 5 5 0.111069925 
1018 213 6 8 0.111069925 
129 245 7 7 0.111069925 
297 81 5 5 0.111069925 
40 242 7 8 0.111069925 
999 128 4 4 0.111069925 
66 195 8 8 0.111069925 
276 199 5 5 0.111069925 
173 241 8 9 0.111069925 
652 227 6 7 0.111069925 
302 212 6 6 0.111069925 
23 272 14 15 0.111069925 
870 257 26 39 0.109639935 
939 129 4 4 0.10279763 
1009 168 5 5 0.10279763 
694 222 5 5 0.10279763 
267 228 5 5 0.10279763 
923 136 5 5 0.10279763 
639 233 5 5 0.102797605 
208 183 22 22 0.10106142 
958 142 5 6 0.09507551 
662 239 7 8 0.09507551 
942 136 4 4 0.09507551 
647 225 7 8 0.09507551 
26 54 6 7 0.09507551 
639 204 4 4 0.09507551 
95 69 6 7 0.09507551 
167 273 9 9 0.09507551 
991 175 7 7 0.09507551 
947 150 4 4 0.09507551 
240 41 8 8 0.09507551 
807 185 8 8 0.09507551 
93 242 6 7 0.08787667 
704 121 4 4 0.08787667 
168 267 8 8 0.08787667 
702 215 4 5 0.08787667 
293 78 5 5 0.08787667 
76 210 6 6 0.08787667 
51 67 6 6 0.08787667 
637 238 8 9 0.08787667 
690 239 5 6 0.08117401 
972 147 6 6 0.08117401 
917 146 4 5 0.08117401 
659 260 8 8 0.08117401 
150 279 7 8 0.08117401 
158 81 5 5 0.08117401 
31 219 8 9 0.08117401 
134 209 6 6 0.08117401 
69 293 8 8 0.08117401 
509 115 7 8 0.08117401 
834 264 8 10 0.08117401 
886 163 7 8 0.08117401 
63 198 6 7 0.08117401 
790 32 106 125 0.076092646 
626 262 11 13 0.074940585 
93 246 7 8 0.074940585 
919 170 7 8 0.074940585 
855 179 8 9 0.074940585 
152 67 11 11 0.074940585 
293 57 5 6 0.074940585 
267 225 5 6 0.074940585 
162 216 9 10 0.074940585 
202 88 5 6 0.074940585 
31 266 9 9 0.074940585 
956 139 5 5 0.074940585 
983 149 5 6 0.074940585 
233 67 5 6 0.074940585 
742 140 4 5 0.074940585 
1005 215 7 8 0.074940585 
178 229 8 9 0.074940585 
1002 126 4 4 0.074940585 
150 295 7 7 0.074940585 
687 239 5 6 0.07494057 
698 249 7 7 0.07494057 
700 257 8 8 0.07494057 
725 222 5 5 0.07494057 
195 226 16 20 0.07494057 
185 64 5 5 0.07494057 
182 255 8 9 0.07494057 
919 199 8 9 0.07494057 
74 188 8 8 0.07494057 
713 211 4 4 0.07494057 
941 138 4 5 0.07494057 
283 110 7 8 0.07494057 
725 125 4 4 0.07494057 
877 147 5 6 0.07494057 
861 163 6 7 0.069149815 
19 206 8 9 0.069149815 
969 132 4 4 0.069149815 
698 232 6 6 0.069149815 
21 276 9 9 0.069149815 
19 212 7 8 0.0691498 
192 60 5 5 0.0691498 
332 249 6 7 0.0691498 
339 250 5 6 0.0691498 
734 136 4 4 0.0691498 
635 224 6 7 0.0691498 
864 181 6 6 0.0691498 
62 209 8 8 0.0691498 
648 202 3 4 0.0691498 
298 99 4 5 0.0691498 
660 208 4 4 0.0691498 
116 319 8 8 0.0691498 
541 318 222 223 0.064067975 
645 204 4 4 0.06377564 
132 253 6 7 0.06377564 
165 291 7 8 0.06377564 
650 207 5 5 0.06377564 
638 208 5 5 0.06377564 
319 84 5 5 0.06377564 
1002 119 4 4 0.06377564 
34 263 9 10 0.06377564 
160 292 6 7 0.06377564 
53 291 8 9 0.06377564 
942 133 4 4 0.06377564 
308 220 6 6 0.06377564 
669 125 5 5 0.06377564 
840 194 6 6 0.06377564 
316 94 5 6 0.06377564 
15 240 13 13 0.06377564 
879 122 4 4 0.06377564 
939 139 4 5 0.06377564 
70 184 9 9 0.06377564 
319 72 4 4 0.06377564 
839 120 7 7 0.05879275 
720 192 4 4 0.05879275 
833 124 7 8 0.05879275 
856 167 7 8 0.05879275 
950 147 5 5 0.05879275 
990 131 5 5 0.05879275 
812 168 6 6 0.05879275 
135 270 7 7 0.05879275 
336 86 4 4 0.05879275 
119 177 6 6 0.05879275 
711 141 5 5 0.05879275 
322 84 5 5 0.05879275 
687 190 4 4 0.05879275 
869 110 4 4 0.05879275 
646 262 8 8 0.05879275 
698 222 5 5 0.05879275 
117 211 5 6 0.05879275 
670 205 5 5 0.05879275 
308 204 5 5 0.05879275 
44 241 10 11 0.05879275 
261 204 6 6 0.05879275 
134 204 6 6 0.05879275 
349 216 4 4 0.05879275 
665 219 4 4 0.05879275 
284 239 5 5 0.05879275 
316 82 4 5 0.05879275 
691 223 5 6 0.05879275 
0 221 6 9 0.05879275 
121 229 7 7 0.05879275 
294 210 5 5 0.05879275 
644 229 5 6 0.05879275 
254 200 7 7 0.05879275 
715 209 4 5 0.054176662 
641 271 6 7 0.054176662 
216 60 4 5 0.054176662 
110 208 7 7 0.054176662 
170 57 6 6 0.054176662 
245 66 7 8 0.054176662 
305 211 5 6 0.054176662 
335 249 8 8 0.054176662 
279 71 5 5 0.054176662 
967 223 8 9 0.054176662 
350 250 4 5 0.054176662 
957 263 13 15 0.054176662 
824 162 6 6 0.054176662 
301 82 5 5 0.054176662 
41 193 6 7 0.054176662 
15 175 5 5 0.054176662 
78 253 8 8 0.054176662 
216 67 6 6 0.054176662 
0 184 7 10 0.054176662 
332 83 4 4 0.054176662 
655 262 8 9 0.054176662 
949 142 5 5 0.054176662 
169 174 6 6 0.054176662 
150 196 7 7 0.054176662 
958 176 7 7 0.054176662 
713 247 6 6 0.054176662 
263 233 206 255 0.053832814 
656 56 114 129 0.053832814 
825 64 67 71 0.051466707 
83 236 7 7 0.04990379 
203 60 4 5 0.04990379 
711 197 4 4 0.04990379 
879 191 13 14 0.04990379 
703 193 4 4 0.04990379 
61 66 6 6 0.04990379 
658 208 4 4 0.04990379 
1013 122 5 5 0.04990379 
967 219 7 8 0.04990379 
140 292 6 7 0.04990379 
331 106 5 5 0.04990379 
680 240 6 6 0.04990379 
947 140 5 5 0.04990379 
727 139 4 4 0.04990379 
989 128 5 5 0.04990379 
149 274 7 8 0.04990379 
707 149 6 7 0.04990379 
947 153 5 5 0.04990379 
95 202 6 6 0.04990379 
307 207 5 5 0.04990379 
696 204 4 4 0.04990379 
828 170 6 7 0.04990379 
997 148 5 5 0.04990379 
807 164 5 5 0.04990379 
626 238 7 8 0.04990379 
31 228 8 10 0.04990379 
693 236 6 6 0.04990379 
821 158 6 6 0.049903784 
652 221 5 6 0.049903784 
861 161 6 6 0.049903784 
864 162 6 6 0.049903784 
709 140 4 4 0.049903784 
997 215 12 12 0.049903784 
915 164 7 8 0.049903784 
305 214 5 5 0.049903784 
835 122 6 7 0.049903784 
420 324 183 195 0.04931264 
603 289 24 27 0.047198545 
708 196 4 4 0.04595155 
136 274 9 10 0.04595155 
965 160 7 8 0.04595155 
15 72 6 7 0.04595155 
113 175 6 6 0.04595155 
894 167 6 6 0.04595155 
664 250 7 7 0.04595155 
3 56 4 5 0.04595155 
159 261 7 7 0.04595155 
838 159 6 7 0.04595155 
870 156 5 5 0.04595155 
303 63 4 4 0.04595155 
244 42 6 6 0.04595155 
647 203 4 5 0.04595155 
328 249 5 6 0.04595155 
165 295 7 8 0.04595155 
137 268 7 7 0.04595155 
972 125 3 4 0.04595155 
291 217 6 6 0.04595155 
706 120 5 5 0.04595155 
150 289 7 7 0.04595155 
707 110 4 4 0.04595155 
665 212 4 4 0.04595155 
745 256 11 11 0.04595155 
735 211 5 5 0.04595155 
689 290 7 7 0.04595155 
288 99 5 5 0.04595155 
804 144 7 8 0.04595155 
168 213 7 8 0.04595155 
959 132 4 4 0.04595155 
704 124 4 4 0.04595155 
695 137 5 5 0.04595155 
117 291 7 10 0.045951538 
677 193 4 4 0.045951538 
49 240 9 9 0.045951538 
358 247 5 5 0.045951538 
22 179 6 6 0.045951538 
182 250 9 10 0.045951538 
70 249 8 8 0.045951538 
88 245 12 13 0.045951538 
107 292 8 9 0.045951538 
84 292 8 8 0.045951538 
749 143 6 7 0.045951538 
138 271 7 7 0.045951538 
938 137 4 5 0.045951538 
713 229 5 5 0.045951538 
149 290 10 11 0.045951538 
147 198 6 6 0.045951538 
33 68 6 6 0.045951538 
116 265 8 8 0.045951538 
826 66 123 116 0.045153897 
931 40 106 122 0.045153897 
920 282 22 27 0.04326818 
556 384 79 82 0.04326818 
955 261 21 25 0.04326818 
633 250 7 8 0.04229837 
1008 216 7 8 0.04229837 
891 150 4 5 0.04229837 
954 117 5 5 0.04229837 
140 213 7 6 0.04229837 
61 204 11 12 0.04229837 
677 236 6 6 0.04229837 
175 202 11 14 0.04229837 
70 52 7 6 0.04229837 
647 222 6 6 0.04229837 
996 218 7 7 0.04229837 
928 178 8 8 0.04229837 
137 65 7 7 0.04229837 
980 114 5 5 0.04229837 
949 149 5 5 0.04229837 
297 218 6 6 0.04229837 
127 292 9 9 0.04229837 
637 213 5 6 0.04229837 
665 215 4 4 0.04229837 
840 179 7 8 0.04229837 
699 207 5 5 0.04229837 
911 163 7 8 0.04229837 
67 50 6 6 0.04229837 
877 184 12 13 0.04229837 
865 154 4 5 0.04229837 
283 87 6 7 0.04229837 
110 168 6 5 0.04229837 
635 208 4 5 0.04229837 
91 239 8 8 0.04229837 
643 262 7 8 0.04229837 
186 79 7 8 0.04229837 
682 190 4 4 0.04229837 
882 158 5 5 0.04229837 
303 84 5 5 0.04229837 
302 89 4 4 0.04229837 
253 222 6 7 0.04229837 
155 59 5 5 0.04229837 
256 61 5 5 0.04229837 
62 175 7 7 0.04229837 
155 55 6 6 0.04229837 
687 193 4 4 0.04229837 
138 76 7 8 0.04229837 
218 193 9 9 0.04229837 
106 175 6 6 0.04229837 
136 456 25 25 0.039651494 
306 38 64 74 0.039651494 
0 242 7 8 0.038923774 
345 91 5 5 0.038923774 
738 117 4 4 0.038923774 
800 108 12 14 0.038923774 
153 225 8 8 0.038923774 
91 294 7 7 0.038923774 
180 278 7 8 0.038923774 
258 235 6 8 0.038923774 
741 225 5 6 0.038923774 
930 156 6 6 0.038923774 
693 124 5 5 0.038923774 
678 111 4 5 0.038923774 
296 105 5 6 0.038923774 
374 104 5 5 0.038923774 
981 146 6 6 0.038923774 
963 125 5 4 0.038923774 
942 159 6 6 0.038923774 
988 126 4 4 0.038923774 
720 135 5 5 0.038923774 
177 208 7 9 0.038923774 
641 235 6 7 0.038923774 
697 135 5 6 0.038923774 
322 106 5 6 0.038923774 
161 275 7 8 0.038923774 
712 199 5 5 0.038923774 
721 200 4 5 0.038923774 
883 194 13 13 0.038923774 
140 211 5 6 0.038923774 
72 182 7 7 0.038923774 
806 182 7 7 0.038923774 
90 48 6 7 0.038923774 
346 218 4 5 0.038923774 
284 45 4 5 0.038923774 
251 46 5 5 0.038923774 
863 167 8 9 0.038923774 
338 267 6 6 0.038923774 
859 179 8 8 0.038923774 
933 145 6 6 0.038923774 
882 143 4 4 0.038923774 
50 46 4 4 0.038923774 
281 43 4 4 0.038923774 
750 215 6 6 0.038923774 
1002 359 6 7 0.038923774 
109 174 6 7 0.038923774 
990 121 4 4 0.038923774 
87 84 7 8 0.038923774 
272 183 4 4 0.038923774 
153 51 7 7 0.038923774 
355 253 6 7 0.038923774 
937 143 5 5 0.038923774 
634 233 6 7 0.038923774 
199 60 5 5 0.038923774 
312 198 4 4 0.038923774 
691 228 6 6 0.038923774 
155 425 130 139 0.03781825 
828 -17 212 227 0.03781825 
834 229 203 220 0.03781825 
925 121 4 5 0.035808332 
924 164 5 6 0.035808332 
677 230 5 5 0.035808332 
353 78 5 5 0.035808332 
276 81 6 6 0.035808332 
620 264 13 13 0.035808332 
154 279 8 9 0.035808332 
29 67 5 5 0.035808332 
353 250 6 6 0.035808332 
705 150 5 5 0.035808332 
801 146 8 9 0.035808332 
661 211 4 4 0.035808332 
317 243 11 11 0.035808332 
65 184 10 9 0.035808332 
126 88 6 7 0.035808332 
746 135 4 5 0.035808332 
361 193 5 5 0.035808332 
609 265 14 14 0.035808332 
982 111 4 4 0.035808332 
704 111 4 4 0.035808332 
648 231 6 6 0.035808332 
819 163 6 7 0.035808332 
680 232 5 6 0.035808332 
183 31 4 4 0.035808332 
808 179 7 7 0.035808332 
859 163 11 12 0.035808332 
28 200 7 8 0.035808332 
175 228 6 6 0.035808332 
868 160 5 6 0.035808332 
929 175 6 6 0.035808332 
903 121 5 4 0.035808332 
701 232 6 6 0.035808332 
280 103 6 6 0.035808332 
632 208 4 4 0.035808332 
920 181 11 13 0.035808332 
336 88 5 5 0.035808332 
758 132 5 5 0.035808332 
662 259 7 7 0.035808332 
153 312 6 6 0.035808332 
964 205 4 5 0.035808332 
749 132 4 5 0.035808332 
934 143 5 5 0.035808332 
85 209 7 8 0.035808332 
200 91 5 6 0.035808332 
754 208 4 5 0.035808332 
643 207 4 5 0.035808332 
242 66 7 7 0.035808332 
921 176 10 10 0.035808332 
254 53 4 5 0.035808332 
301 68 4 4 0.035808332 
724 253 8 8 0.035808332 
184 247 7 8 0.035808332 
809 143 6 7 0.035808332 
733 214 5 5 0.035808332 
69 323 9 9 0.035808332 
220 67 5 6 0.035808332 
288 211 5 5 0.035808332 
704 118 4 5 0.035808332 
992 217 13 13 0.035808332 
317 93 6 6 0.035808332 
789 96 4 5 0.035808332 
272 56 5 6 0.035808332 
97 212 6 7 0.035808332 
724 128 4 4 0.035808332 
111 170 6 6 0.035808332 
204 63 5 6 0.035808332 
349 110 4 4 0.035808332 
149 35 5 5 0.035808332 
32 175 5 6 0.035808332 
865 157 5 5 0.035808332 
306 200 5 5 0.035808332 
1001 297 8 10 0.035808332 
22 203 6 7 0.035808332 
171 45 5 5 0.035808332 
311 75 4 4 0.035808332 
0 223 10 14 0.035808332 
311 201 5 5 0.035808332 
1 438 121 118 0.034593605 
873 30 117 129 0.034593593 
562 329 47 48 0.033269096 
318 463 22 27 0.033269096 
750 204 5 5 0.03293372 
242 47 6 6 0.03293372 
9 228 6 8 0.03293372 
241 84 5 5 0.03293372 
70 291 10 12 0.03293372 
694 107 4 4 0.03293372 
187 60 5 5 0.03293372 
980 136 5 5 0.03293372 
6 230 8 9 0.03293372 
959 289 8 10 0.03293372 
90 185 5 5 0.03293372 
256 201 10 11 0.03293372 
810 169 6 6 0.03293372 
678 191 4 4 0.03293372 
248 93 4 4 0.03293372 
775 82 4 5 0.03293372 
370 252 5 5 0.03293372 
250 93 5 5 0.03293372 
712 208 4 5 0.03293372 
151 174 5 5 0.032933712 
723 232 5 6 0.032933712 
310 82 4 4 0.032933712 
701 227 5 6 0.032933712 
156 292 7 8 0.032933712 
719 139 5 6 0.032933712 
79 191 6 7 0.032933712 
160 278 8 9 0.032933712 
921 129 4 4 0.032933712 
340 86 4 4 0.032933712 
941 129 4 4 0.032933712 
977 160 5 5 0.032933712 
44 191 6 7 0.032933712 
28 64 5 5 0.032933712 
204 182 6 7 0.032933712 
948 147 5 5 0.032933712 
113 183 6 6 0.032933712 
729 147 4 5 0.032933712 
177 245 7 7 0.032933712 
172 42 5 5 0.032933712 
65 174 7 7 0.032933712 
724 265 7 7 0.032933712 
868 125 5 5 0.032933712 
963 128 4 4 0.032933712 
148 265 7 7 0.032933712 
853 166 6 7 0.032933712 
920 195 7 8 0.032933712 
297 211 6 6 0.032933712 
332 87 4 5 0.032933712 
70 224 7 8 0.032933712 
898 117 5 5 0.032933712 
119 204 6 6 0.032933712 
177 226 7 8 0.032933712 
652 204 4 5 0.032933712 
298 243 4 5 0.032933712 
299 71 4 5 0.032933712 
306 92 5 5 0.032933712 
660 205 4 4 0.032933712 
251 49 5 6 0.032933712 
357 100 4 4 0.032933712 
203 70 6 7 0.032933712 
164 253 7 8 0.032933712 
716 132 4 4 0.032933712 
74 53 6 6 0.032933712 
225 206 7 8 0.032933712 
318 222 5 6 0.032933712 
953 178 7 8 0.032933712 
731 239 5 5 0.032933712 
250 52 6 6 0.032933712 
204 205 188 227 0.03163486 
711 204 4 5 0.030282615 
175 239 7 8 0.030282615 
628 255 13 15 0.030282615 
669 214 5 5 0.030282615 
44 290 8 8 0.030282615 
968 125 4 4 0.030282615 
960 125 4 4 0.030282615 
930 124 5 6 0.030282615 
690 132 4 4 0.030282615 
650 254 7 7 0.030282615 
698 253 8 8 0.030282615 
237 69 6 6 0.030282615 
746 231 6 7 0.030282615 
294 80 6 6 0.030282615 
681 230 5 5 0.030282615 
699 275 6 7 0.030282615 
310 60 4 4 0.030282615 
99 218 6 7 0.030282615 
721 216 4 4 0.030282615 
267 88 4 5 0.030282615 
338 252 6 8 0.030282615 
159 68 8 8 0.030282615 
377 122 7 8 0.030282615 
183 66 5 5 0.030282615 
962 142 6 7 0.030282615 
268 207 5 5 0.030282615 
285 208 5 5 0.030282615 
994 150 5 5 0.030282615 
992 154 5 6 0.030282615 
197 91 5 5 0.030282615 
119 54 7 6 0.030282615 
704 113 4 4 0.030282615 
157 238 7 7 0.030282615 
928 152 6 6 0.030282615 
387 90 6 6 0.030282615 
845 250 12 15 0.030282615 
917 149 5 5 0.030282615 
324 226 5 5 0.030282615 
712 131 4 5 0.030282615 
951 184 8 8 0.030282615 
3 53 5 6 0.030282615 
917 125 4 4 0.030282615 
74 251 9 9 0.030282615 
660 126 5 4 0.030282615 
899 152 5 5 0.030282615 
773 64 3 3 0.030282615 
922 149 5 6 0.030282615 
272 44 5 5 0.030282615 
737 115 4 4 0.030282615 
668 136 7 7 0.030282615 
1003 121 4 4 0.030282615 
993 120 4 4 0.030282615 
698 201 5 5 0.030282615 
644 145 9 9 0.030282615 
704 191 4 4 0.030282615 
699 129 4 4 0.030282615 
17 263 8 9 0.030282615 
685 216 6 6 0.030282615 
986 122 3 3 0.030282615 
873 157 5 5 0.030282615 
705 108 4 4 0.030282615 
934 139 5 5 0.030282615 
306 75 4 4 0.030282615 
912 156 4 5 0.030282615 
293 75 5 5 0.030282615 
145 200 5 5 0.030282615 
687 225 5 6 0.030282615 
858 160 4 4 0.030282615 
321 216 7 7 0.030282615 
208 78 5 5 0.030282615 
712 137 4 4 0.030282615 
861 157 5 5 0.030282615 
754 140 5 6 0.030282615 
220 76 5 5 0.030282615 
742 115 4 4 0.030282615 
246 39 5 5 0.030282615 
722 128 4 4 0.030282615 
930 139 4 5 0.030282615 
358 271 5 6 0.030282615 
981 133 4 4 0.030282615 
754 122 6 6 0.030282615 
811 182 7 7 0.030282615 
285 190 5 6 0.030282615 
337 78 4 4 0.030282615 
91 236 7 7 0.030282615 
878 129 4 4 0.030282615 
25 64 5 5 0.030282615 
505 113 7 10 0.030282615 
937 165 5 5 0.030282615 
169 245 7 7 0.030282615 
333 214 5 5 0.030282615 
105 87 6 6 0.030282615 
306 78 4 4 0.030282615 
302 78 4 5 0.030282615 
615 233 9 9 0.030282615 
139 198 5 5 0.030282615 
673 241 6 7 0.030282615 
672 231 6 6 0.030282615 
59 218 6 7 0.030282615 
1016 191 7 9 0.030282615 
258 60 5 5 0.030282615 
171 271 8 9 0.030282615 
187 27 4 4 0.030282615 
197 34 5 5 0.030282615 
163 288 86 127 0.028921604 
829 257 22 23 0.027884193 
408 115 29 33 0.027884193 
906 35 75 74 0.027884193 
18 393 67 85 0.027884185 
461 387 70 46 0.027884185 
929 146 5 5 0.027838783 
297 206 6 6 0.027838783 
345 67 4 5 0.027838783 
328 61 4 4 0.027838783 
708 215 4 4 0.027838783 
637 260 7 9 0.027838783 
673 267 7 8 0.027838783 
698 143 4 4 0.027838783 
371 77 4 4 0.027838783 
886 132 4 4 0.027838783 
929 206 13 13 0.027838783 
366 64 4 4 0.027838783 
199 67 5 6 0.027838783 
1006 124 4 4 0.027838783 
669 212 4 5 0.027838783 
707 263 10 11 0.027838783 
349 63 5 5 0.027838783 
204 66 6 6 0.027838783 
720 250 6 7 0.027838783 
879 124 4 4 0.027838783 
194 61 6 6 0.027838783 
153 63 6 6 0.027838783 
16 209 8 8 0.027838783 
641 143 7 8 0.027838783 
174 78 4 4 0.027838783 
752 142 5 6 0.027838783 
677 223 5 5 0.027838783 
645 202 4 4 0.027838783 
174 198 8 9 0.027838783 
881 121 4 5 0.027838783 
212 78 5 5 0.027838783 
11 225 6 6 0.027838783 
276 79 5 5 0.027838783 
942 142 4 5 0.027838783 
690 211 4 5 0.027838783 
8 238 8 9 0.027838783 
866 133 4 4 0.027838783 
648 236 5 6 0.027838783 
93 225 6 7 0.027838783 
212 35 5 5 0.027838783 
879 136 4 5 0.027838783 
666 270 7 7 0.027838783 
945 136 4 4 0.027838783 
724 193 4 4 0.027838783 
288 208 4 5 0.027838783 
306 61 4 4 0.027838783 
800 96 4 5 0.027838783 
887 174 6 6 0.027838783 
700 122 4 4 0.027838783 
950 170 5 5 0.027838783 
168 96 6 6 0.027838783 
177 96 6 6 0.027838783 
95 278 6 7 0.027838783 
111 185 6 6 0.027838783 
298 92 4 5 0.027838783 
866 85 3 4 0.027838783 
263 87 5 5 0.027838783 
682 193 4 4 0.027838783 
867 96 5 5 0.027838783 
203 92 6 7 0.027838783 
992 115 4 4 0.027838783 
278 85 8 7 0.027838783 
348 92 4 5 0.027838783 
216 188 9 9 0.027838783 
118 286 6 7 0.027838783 
149 286 6 7 0.027838783 
893 176 9 9 0.027838783 
196 56 5 5 0.027838783 
88 216 7 7 0.027838783 
904 153 5 5 0.027838783 
951 129 4 4 0.027838783 
314 218 5 5 0.027838783 
922 153 6 7 0.027838783 
700 218 5 5 0.027838783 
144 203 5 5 0.027838783 
279 74 5 5 0.027838783 
309 85 5 5 0.027838783 
699 203 5 5 0.027838783 
728 215 5 5 0.027838783 
254 70 5 6 0.027838783 
310 92 4 5 0.027838783 
741 117 4 4 0.027838783 
280 278 6 6 0.027838783 
951 136 5 5 0.027838783 
711 194 4 4 0.027838783 
686 242 5 6 0.027838783 
139 207 6 6 0.027838783 
119 207 5 6 0.027838783 
295 59 6 6 0.027838783 
231 69 5 5 0.027838783 
127 207 5 6 0.027838783 
192 195 7 8 0.027838778 
142 272 7 7 0.027838778 
315 84 5 5 0.027838778 
70 198 8 8 0.027838778 
644 265 11 12 0.027838778 
956 136 4 5 0.027838778 
278 69 5 5 0.027838778 
417 66 7 9 0.027838778 
789 68 4 5 0.027838778 
161 257 7 7 0.027838778 
212 67 6 6 0.027838778 
754 205 4 4 0.027838778 
263 70 5 6 0.027838778 
220 64 5 5 0.027838778 
71 172 5 5 0.027838778 
638 229 6 6 0.027838778 
606 222 4 4 0.027838778 
972 143 5 5 0.027838778 
892 136 4 4 0.027838778 
637 222 5 6 0.027838778 
2 259 13 16 0.027838778 
354 74 4 5 0.027838778 
857 158 4 5 0.027838778 
789 70 5 6 0.027838778 
643 210 4 5 0.027838778 
343 213 4 5 0.027838778 
683 136 4 4 0.027838778 
289 224 5 5 0.02558696 
71 220 7 7 0.02558696 
969 217 7 8 0.02558696 
198 56 5 5 0.02558696 
724 218 5 5 0.02558696 
276 54 5 5 0.02558696 
270 56 5 5 0.02558696 
668 219 4 5 0.02558696 
314 223 6 6 0.02558696 
134 227 7 7 0.02558696 
738 223 4 4 0.02558696 
46 49 5 5 0.02558696 
162 221 9 9 0.02558696 
219 198 8 9 0.02558696 
866 94 5 5 0.02558696 
16 275 14 16 0.02558696 
255 100 7 6 0.02558696 
163 274 10 12 0.02558696 
667 242 6 7 0.02558696 
186 95 6 6 0.02558696 
664 235 8 9 0.02558696 
183 43 4 5 0.02558696 
324 229 4 5 0.02558696 
10 235 7 8 0.02558696 
966 243 8 7 0.02558696 
840 227 7 7 0.02558696 
196 32 5 5 0.02558696 
306 27 4 4 0.02558696 
630 233 7 7 0.02558696 
1 230 8 9 0.02558696 
191 23 4 4 0.02558696 
613 225 5 5 0.02558696 
0 218 5 7 0.02558696 
668 226 5 6 0.02558696 
352 92 5 5 0.02558696 
978 174 7 7 0.02558696 
310 78 5 5 0.02558696 
293 84 6 6 0.02558696 
846 92 4 4 0.02558696 
879 107 4 4 0.02558696 
945 193 12 15 0.02558696 
75 86 6 7 0.02558696 
647 270 7 7 0.02558696 
878 174 7 7 0.02558696 
632 262 9 10 0.02558696 
113 294 8 9 0.02558696 
701 298 6 6 0.02558696 
968 177 6 6 0.02558696 
146 192 9 9 0.02558696 
288 274 5 6 0.02558696 
211 190 7 8 0.02558696 
728 194 4 4 0.02558696 
314 104 5 6 0.02558696 
5 188 8 8 0.02558696 
20 187 7 7 0.02558696 
873 89 4 4 0.02558696 
1018 280 6 8 0.02558696 
686 188 4 4 0.02558696 
1008 169 7 7 0.02558696 
960 128 4 4 0.02558696 
932 154 5 5 0.02558696 
704 147 4 5 0.02558696 
916 154 5 5 0.02558696 
908 154 4 5 0.02558696 
882 166 6 7 0.02558696 
886 153 4 5 0.02558696 
881 164 11 12 0.02558696 
707 113 4 4 0.02558696 
895 133 4 4 0.02558696 
932 159 6 6 0.02558696 
734 114 4 4 0.02558696 
724 142 4 5 0.02558696 
958 172 6 6 0.02558696 
729 131 5 5 0.02558696 
0 171 4 5 0.02558696 
884 132 3 4 0.02558696 
172 174 6 6 0.02558696 
725 209 5 5 0.02558696 
662 146 5 5 0.02558696 
959 153 5 5 0.02558696 
869 164 6 7 0.02558696 
984 140 4 4 0.02558696 
472 117 5 5 0.02558696 
881 139 4 4 0.02558696 
339 117 5 6 0.02558696 
934 136 5 5 0.02558696 
887 151 4 5 0.02558696 
780 134 11 12 0.02558696 
758 140 5 5 0.02558696 
873 154 5 5 0.02558696 
813 166 5 6 0.02558696 
1004 134 6 6 0.02558696 
887 136 4 4 0.02558696 
642 139 6 6 0.02558696 
884 154 4 4 0.02558696 
946 168 6 6 0.02558696 
921 156 5 5 0.02558696 
921 118 4 4 0.02558696 
717 141 5 5 0.02558696 
374 75 5 5 0.02558696 
59 204 6 7 0.02558696 
136 70 11 12 0.02558696 
637 205 4 4 0.02558696 
633 255 9 10 0.02558696 
715 200 4 5 0.02558696 
724 203 5 5 0.02558696 
335 256 8 8 0.02558696 
745 253 7 7 0.02558696 
112 68 8 9 0.02558696 
664 225 6 6 0.02558696 
826 74 5 5 0.02558696 
656 205 4 5 0.02558696 
65 212 7 7 0.02558696 
700 247 11 12 0.02558696 
673 250 8 8 0.02558696 
356 249 6 7 0.02558696 
118 250 6 7 0.02558696 
293 62 5 6 0.02558696 
110 249 7 8 0.02558696 
299 214 6 6 0.02558696 
345 254 5 6 0.02558696 
665 208 4 4 0.02558696 
352 61 4 4 0.02558696 
650 347 128 171 0.024156325 
298 193 5 5 0.02351288 
97 190 6 6 0.02351288 
652 202 4 4 0.02351288 
370 258 5 5 0.02351288 
723 201 5 5 0.02351288 
632 210 5 5 0.02351288 
64 199 13 13 0.02351288 
648 210 5 5 0.02351288 
320 211 5 6 0.02351288 
757 211 5 5 0.02351288 
657 210 5 5 0.02351288 
268 190 4 4 0.02351288 
708 211 4 5 0.02351288 
139 202 6 6 0.02351288 
923 187 8 9 0.02351288 
699 211 4 5 0.02351288 
701 203 5 5 0.02351288 
125 261 7 7 0.02351288 
733 218 4 4 0.02351288 
667 221 5 5 0.02351288 
122 286 7 7 0.02351288 
964 218 7 7 0.02351288 
738 219 4 4 0.02351288 
730 297 6 7 0.02351288 
721 218 4 4 0.02351288 
629 239 7 8 0.02351288 
121 264 8 8 0.02351288 
631 267 8 9 0.02351288 
967 207 5 6 0.02351288 
121 253 6 7 0.02351288 
746 207 5 5 0.02351288 
126 268 8 8 0.02351288 
747 261 9 9 0.02351288 
745 142 6 6 0.02351288 
933 164 6 6 0.02351288 
683 142 5 6 0.02351288 
957 145 6 6 0.02351288 
677 146 5 5 0.02351288 
136 228 7 8 0.02351288 
861 143 5 5 0.02351288 
879 144 5 5 0.02351288 
920 143 5 5 0.02351288 
315 241 6 6 0.02351288 
704 139 4 5 0.02351288 
723 239 6 7 0.02351288 
666 238 8 9 0.02351288 
971 134 5 5 0.02351288 
306 235 5 5 0.02351288 
908 150 5 5 0.02351288 
95 236 6 7 0.02351288 
61 240 7 8 0.02351288 
718 193 4 4 0.02351288 
176 272 7 8 0.02351288 
923 149 10 10 0.02351288 
78 237 8 9 0.02351288 
874 149 5 5 0.02351288 
841 160 6 6 0.02351288 
967 157 6 6 0.02351288 
964 153 5 5 0.02351288 
869 139 5 5 0.02351288 
681 153 6 6 0.02351288 
376 218 4 5 0.02351288 
328 82 5 5 0.02351288 
1007 122 4 4 0.02351288 
207 74 6 6 0.02351288 
174 74 5 6 0.02351288 
349 71 4 4 0.02351288 
341 71 4 4 0.02351288 
301 70 4 5 0.02351288 
302 75 4 5 0.02351288 
896 82 4 5 0.02351288 
815 121 6 7 0.02351288 
28 70 7 7 0.02351288 
362 77 5 5 0.02351288 
315 74 4 4 0.02351288 
699 118 4 4 0.02351288 
359 53 4 4 0.02351288 
124 91 6 6 0.02351288 
969 129 4 4 0.02351288 
336 91 5 6 0.02351288 
102 55 8 9 0.02351288 
0 55 5 6 0.02351288 
978 115 4 4 0.02351288 
378 75 4 5 0.02351288 
848 92 4 4 0.02351288 
934 127 5 5 0.02351288 
1006 118 4 4 0.02351288 
329 85 5 5 0.02351288 
956 125 4 4 0.02351288 
14 13 7 8 0.02351288 
152 42 5 5 0.02351288 
158 38 4 5 0.02351288 
681 103 4 4 0.02351288 
873 102 4 5 0.02351288 
234 31 5 6 0.02351288 
852 136 4 5 0.02351288 
294 97 5 6 0.02351288 
895 85 4 5 0.02351288 
264 96 5 5 0.02351288 
879 92 4 4 0.02351288 
874 92 4 4 0.02351288 
254 49 5 5 0.02351288 
290 45 5 5 0.02351288 
264 48 4 5 0.02351288 
91 86 13 14 0.02351288 
720 133 4 5 0.02351288 
6 51 5 6 0.02351288 
350 61 4 4 0.02351288 
685 136 4 5 0.02351288 
913 132 5 5 0.02351288 
322 96 5 5 0.02351288 
938 131 4 5 0.02351288 
4 46 6 6 0.02351288 
297 42 4 4 0.02351288 
207 42 5 5 0.02351288 
337 57 4 4 0.02351288 
323 78 5 5 0.02351288 
105 90 6 7 0.02351288 
733 246 6 7 0.02351288 
110 173 12 13 0.02351288 
728 247 6 6 0.02351288 
683 187 4 4 0.02351288 
860 180 11 13 0.02351288 
114 289 7 9 0.02351288 
870 89 4 4 0.02351288 
640 241 7 8 0.02351288 
63 172 6 7 0.02351288 
74 174 6 6 0.02351288 
352 63 6 5 0.02351288 
256 89 5 5 0.02351288 
930 117 4 4 0.02351288 
926 118 4 4 0.02351288 
53 64 5 5 0.02351288 
362 60 4 4 0.02351288 
883 129 4 4 0.02351288 
319 89 5 5 0.02351288 
224 58 6 7 0.02351288 
108 88 7 7 0.02351288 
889 174 7 8 0.02351288 
35 216 8 10 0.02351288 
29 218 8 9 0.02351288 
65 181 8 8 0.02351288 
712 214 5 5 0.02351288 
92 182 5 5 0.02351288 
868 244 22 28 0.023349825 
615 288 21 23 0.023349825 
43 454 69 82 0.023349825 
110 205 6 6 0.0216032 
382 64 5 5 0.0216032 
975 172 7 7 0.0216032 
666 125 4 5 0.021603195 
703 152 5 5 0.021603195 
827 122 5 5 0.021603195 
767 121 5 5 0.021603195 
942 160 11 12 0.021603195 
999 118 4 4 0.021603195 
763 140 5 5 0.021603195 
703 128 5 5 0.021603195 
977 117 4 5 0.021603195 
707 128 5 5 0.021603195 
924 129 5 5 0.021603195 
866 136 4 5 0.021603195 
958 150 5 5 0.021603195 
768 124 6 6 0.021603195 
339 77 4 5 0.021603195 
332 79 4 5 0.021603195 
320 79 4 5 0.021603195 
59 177 7 7 0.021603195 
1002 292 8 9 0.021603195 
691 129 4 4 0.021603195 
721 150 4 5 0.021603195 
896 150 4 4 0.021603195 
882 124 4 4 0.021603195 
767 140 5 5 0.021603195 
696 143 5 5 0.021603195 
679 103 4 4 0.021603195 
1007 103 4 4 0.021603195 
879 139 4 4 0.021603195 
168 176 8 8 0.021603195 
848 100 4 4 0.021603195 
387 97 6 7 0.021603195 
897 177 9 8 0.021603195 
949 175 7 7 0.021603195 
958 118 4 4 0.021603195 
984 132 5 5 0.021603195 
963 132 5 5 0.021603195 
930 133 4 4 0.021603195 
893 133 4 4 0.021603195 
739 142 4 4 0.021603195 
755 132 5 5 0.021603195 
768 143 5 6 0.021603195 
683 133 4 4 0.021603195 
972 128 4 4 0.021603195 
695 147 5 5 0.021603195 
721 147 5 5 0.021603195 
738 147 5 6 0.021603195 
328 92 5 5 0.021603195 
72 184 13 13 0.021603195 
302 91 5 5 0.021603195 
323 89 4 4 0.021603195 
314 89 5 5 0.021603195 
143 280 7 8 0.021603195 
12 269 14 16 0.021603195 
273 197 6 6 0.021603195 
384 92 6 6 0.021603195 
928 189 8 9 0.021603195 
123 274 7 8 0.021603195 
1 1 9 9 0.021603195 
274 190 4 5 0.021603195 
882 178 12 14 0.021603195 
841 92 4 4 0.021603195 
208 85 5 6 0.021603195 
924 192 8 9 0.021603195 
87 196 6 6 0.021603195 
967 134 5 5 0.021603195 
306 197 4 5 0.021603195 
208 80 5 5 0.021603195 
675 197 4 4 0.021603195 
146 81 7 8 0.021603195 
363 264 5 5 0.021603195 
286 201 4 4 0.021603195 
29 264 8 9 0.021603195 
357 74 4 5 0.021603195 
933 196 12 12 0.021603195 
100 204 6 7 0.021603195 
328 50 4 4 0.021603195 
648 242 6 6 0.021603195 
45 291 12 14 0.021603195 
183 61 5 5 0.021603195 
300 216 6 7 0.021603195 
179 232 11 13 0.021603195 
233 39 5 5 0.021603195 
73 247 8 8 0.021603195 
273 211 5 5 0.021603195 
956 208 7 8 0.021603195 
338 46 4 4 0.021603195 
746 223 5 5 0.021603195 
264 223 6 6 0.021603195 
68 55 7 6 0.021603195 
371 53 4 4 0.021603195 
673 222 5 5 0.021603195 
302 53 4 4 0.021603195 
707 217 5 5 0.021603195 
724 215 5 5 0.021603195 
753 214 6 6 0.021603195 
757 214 7 7 0.021603195 
191 66 5 5 0.021603195 
691 204 4 4 0.021603195 
650 239 6 6 0.021603195 
324 72 4 5 0.021603195 
298 39 4 4 0.021603195 
149 42 5 5 0.021603195 
191 21 5 5 0.021603195 
260 70 6 6 0.021603195 
127 253 7 7 0.021603195 
323 232 5 5 0.021603195 
275 201 6 7 0.021603195 
314 203 6 6 0.021603195 
217 38 5 5 0.021603195 
267 232 6 6 0.021603195 
315 31 4 4 0.021603195 
141 253 6 7 0.021603195 
742 208 4 5 0.021603195 
677 204 5 5 0.021603195 
695 207 5 5 0.021603195 
367 253 6 6 0.021603195 
721 229 6 6 0.021603195 
148 69 7 7 0.021603195 
121 206 6 6 0.021603195 
105 208 6 7 0.021603195 
228 56 6 6 0.021603195 
170 239 8 8 0.021603195 
896 72 4 4 0.021603195 
126 176 4 5 0.021603195 
711 111 4 4 0.021603195 
858 171 12 12 0.021603195 
694 110 4 5 0.021603195 
691 109 4 5 0.021603195 
70 298 7 7 0.021603195 
964 135 5 5 0.021603195 
91 46 5 5 0.021603195 
272 203 5 6 0.021603195 
714 225 5 5 0.021603195 
216 63 5 6 0.021603195 
136 214 6 6 0.021603195 
719 247 5 6 0.021603195 
329 114 5 5 0.021603195 
706 108 4 4 0.021603195 
877 167 5 6 0.021603195 
976 168 6 6 0.021603195 
132 304 5 6 0.021603195 
695 114 4 4 0.021603195 
755 210 5 5 0.021603195 
776 65 3 3 0.021603195 
80 247 13 13 0.021603195 
276 41 5 5 0.021603195 
319 64 4 5 0.021603195 
57 239 8 9 0.021603195 
343 250 5 5 0.021603195 
662 214 5 5 0.021603195 
260 46 4 5 0.021603195 
729 218 4 4 0.021603195 
293 48 6 6 0.021603195 
666 247 7 7 0.021603195 
31 66 11 12 0.021603195 
721 225 5 5 0.021603195 
44 239 7 8 0.021603195 
310 215 5 5 0.021603195 
164 245 7 8 0.021603195 
344 215 5 5 0.021603195 
644 215 5 5 0.021603195 
651 214 5 5 0.021603195 
324 42 4 4 0.021603195 
246 63 11 12 0.021603195 
608 235 7 9 0.021603195 
190 251 6 6 0.021603195 
669 233 11 12 0.021603195 
514 249 29 26 0.021360898 
939 197 19 20 0.021360898 
119 366 215 223 0.020159906 
630 143 109 124 0.0201599 
