35_Basketball_Basketball_35_664
117
44 323 9 9 0.60666233 
6 447 12 14 0.3728605 
24 317 8 8 0.29596066 
100 308 6 7 0.29596066 
0 389 26 35 0.268611 
746 187 16 17 0.24479094 
917 37 34 32 0.2032784 
515 102 249 240 0.18550259 
372 105 222 259 0.17193554 
470 -36 218 237 0.15916684 
21 320 11 13 0.15017675 
640 -14 239 248 0.14717786 
108 340 209 240 0.13594593 
736 344 285 220 0.12544508 
681 17 51 53 0.118850335 
494 372 7 7 0.111069925 
116 351 8 9 0.111069925 
153 56 218 182 0.1065206 
90 341 12 18 0.10279763 
701 357 11 15 0.102797605 
136 337 6 7 0.102797605 
41 326 8 10 0.08787667 
0 338 6 10 0.08117401 
80 46 64 59 0.07880669 
35 331 7 8 0.074940585 
370 391 50 48 0.072444364 
543 201 138 145 0.06984133 
0 463 21 25 0.06655858 
137 350 12 14 0.06377564 
539 378 7 7 0.05879275 
502 370 4 5 0.05879275 
215 -41 239 270 0.05874174 
496 370 6 6 0.054176662 
173 340 7 8 0.054176662 
536 377 6 7 0.054176662 
166 175 57 52 0.051466707 
153 332 5 6 0.04990379 
745 238 27 27 0.047198545 
92 333 13 20 0.045951538 
339 -7 242 233 0.045153886 
123 337 5 6 0.04229837 
0 447 20 25 0.039651494 
144 344 6 6 0.038923774 
64 314 9 9 0.038923774 
161 342 7 9 0.038923774 
126 313 7 8 0.038923774 
20 318 8 9 0.038923774 
175 362 5 6 0.038923774 
49 343 12 12 0.038923774 
77 310 6 6 0.038923774 
193 351 8 8 0.035808332 
883 377 12 13 0.035808332 
168 340 8 8 0.035808332 
135 348 7 8 0.035808332 
476 263 65 59 0.033269096 
169 346 6 7 0.03293372 
165 346 6 7 0.03293372 
895 392 17 17 0.032933712 
103 310 7 7 0.032933712 
114 326 6 7 0.032933712 
145 376 109 174 0.03163486 
163 197 57 55 0.030461596 
123 309 5 5 0.030282615 
73 334 10 17 0.030282615 
892 389 13 15 0.030282615 
56 340 7 7 0.030282615 
148 317 5 6 0.030282615 
133 345 12 15 0.030282615 
418 181 114 156 0.028921604 
527 371 5 5 0.027838783 
20 429 14 15 0.027838778 
135 353 8 9 0.027838778 
883 410 13 12 0.027838778 
140 314 6 7 0.02558696 
155 330 5 6 0.02558696 
104 362 6 7 0.02558696 
114 348 8 9 0.02558696 
526 373 7 6 0.02558696 
15 304 6 6 0.02558696 
205 352 5 7 0.02558696 
661 22 54 58 0.025519116 
875 20 29 30 0.025519116 
642 474 54 53 0.025519116 
-7 436 46 54 0.025519116 
461 60 197 240 0.024156325 
119 353 8 9 0.02351288 
62 310 9 10 0.02351288 
677 352 15 18 0.02351288 
756 189 14 17 0.02351288 
703 333 18 18 0.02351288 
88 329 14 17 0.02351288 
114 352 12 15 0.02351288 
132 336 11 12 0.02351288 
888 387 12 14 0.02351288 
542 380 6 7 0.02351288 
132 336 7 7 0.02351288 
33 334 7 7 0.02351288 
881 416 8 8 0.02351288 
438 446 51 50 0.023349825 
45 337 20 21 0.023349825 
908 15 59 52 0.023349825 
481 140 28 33 0.023349825 
268 123 212 240 0.022069868 
125 337 6 7 0.021603195 
118 336 6 6 0.021603195 
905 397 15 16 0.021603195 
105 305 6 6 0.021603195 
110 328 12 13 0.021603195 
78 308 7 7 0.021603195 
122 311 7 9 0.021603195 
66 295 7 8 0.021603195 
100 364 8 8 0.021603195 
8 378 48 47 0.021360904 
641 267 54 56 0.021360898 
684 34 30 34 0.021360898 
10 17 209 201 0.020159906 
724 21 121 152 0.0201599 
