35_Basketball_Basketball_35_791
310
768 41 82 123 0.9964803 
542 304 9 13 0.5216516 
516 281 8 12 0.47834834 
244 572 9 13 0.45677772 
221 544 8 11 0.45677772 
619 289 8 11 0.4141967 
520 303 9 11 0.3933377 
490 171 13 18 0.3933377 
536 164 8 11 0.33330244 
453 336 8 12 0.31433135 
558 280 8 12 0.31433132 
504 286 9 12 0.29596066 
570 275 8 12 0.29596066 
508 305 8 11 0.27822798 
162 284 15 20 0.26116365 
594 272 8 13 0.22912635 
516 222 12 17 0.19995552 
793 164 194 302 0.19988178 
613 327 9 13 0.1864517 
442 321 9 12 0.18645167 
192 554 6 9 0.17366187 
141 563 7 11 0.17366186 
532 216 14 19 0.17366186 
193 566 8 11 0.16157512 
62 261 14 19 0.16157512 
129 564 8 12 0.16157512 
212 534 7 9 0.16157512 
564 555 116 172 0.15916686 
571 299 9 12 0.13944872 
220 579 7 11 0.13944872 
164 544 7 9 0.1293704 
585 296 9 11 0.1293704 
433 338 9 11 0.1293704 
224 527 7 10 0.1293704 
108 271 9 12 0.11991897 
232 558 9 12 0.11991897 
648 445 8 12 0.111069925 
563 321 8 11 0.111069925 
234 269 8 11 0.111069925 
210 549 6 9 0.111069925 
703 211 69 123 0.109639935 
496 250 7 9 0.10279763 
223 270 8 11 0.10279763 
174 569 6 8 0.102797605 
279 569 8 11 0.102797605 
612 286 5 7 0.09507551 
617 455 8 12 0.09507551 
157 559 7 11 0.09507551 
518 150 8 11 0.09507551 
5 509 78 117 0.09308395 
505 217 8 11 0.08787667 
588 261 6 9 0.08787667 
82 626 19 27 0.08787667 
503 155 8 10 0.08787667 
237 143 100 162 0.08285364 
174 639 8 11 0.08117401 
177 569 6 9 0.08117401 
637 449 8 12 0.08117401 
593 316 8 11 0.08117401 
298 576 20 30 0.074940585 
240 244 8 11 0.074940585 
175 252 14 19 0.074940585 
192 256 7 10 0.07494057 
449 298 12 17 0.069149815 
449 397 13 17 0.069149815 
507 323 9 11 0.0691498 
464 295 7 10 0.0691498 
286 279 7 9 0.0691498 
234 289 8 10 0.0691498 
534 406 56 75 0.06655857 
95 276 7 10 0.06377564 
219 267 6 10 0.06377564 
540 145 9 11 0.06377564 
494 259 8 12 0.06377564 
568 251 6 8 0.06377564 
531 126 7 11 0.06377564 
199 582 7 9 0.05879275 
514 131 8 11 0.05879275 
191 551 6 9 0.05879275 
268 420 7 10 0.05879275 
547 213 12 17 0.05879275 
563 277 11 15 0.05879275 
431 362 8 10 0.05879275 
208 566 8 10 0.05879275 
632 422 13 18 0.054176662 
626 321 11 18 0.054176662 
543 282 12 17 0.054176662 
559 251 6 8 0.054176662 
866 203 112 206 0.053832818 
337 530 30 43 0.051466707 
226 268 10 15 0.04990379 
595 289 6 9 0.04990379 
574 262 6 9 0.04990379 
320 557 7 10 0.04990379 
442 357 8 10 0.04990379 
465 268 6 9 0.04990379 
189 584 7 9 0.049903784 
602 293 7 10 0.049903784 
482 346 12 16 0.049903784 
791 444 203 316 0.04931264 
689 435 12 18 0.04595155 
180 569 5 9 0.04595155 
455 370 9 12 0.04595155 
268 572 7 9 0.04595155 
598 330 11 17 0.045951538 
474 268 5 8 0.045951538 
520 168 9 12 0.045951538 
511 249 13 16 0.045951538 
479 219 15 21 0.045951538 
443 285 6 9 0.045951538 
490 225 15 18 0.045951538 
108 364 18 24 0.045951538 
199 564 7 9 0.045951538 
306 564 7 9 0.045951538 
508 216 12 17 0.04229837 
530 244 12 17 0.04229837 
469 368 10 16 0.04229837 
294 396 15 20 0.04229837 
488 311 9 11 0.04229837 
464 313 7 10 0.04229837 
159 284 10 14 0.04229837 
608 475 15 23 0.04229837 
305 287 4 6 0.04229837 
217 295 7 10 0.04229837 
869 2 121 170 0.04133062 
96 315 212 289 0.04133061 
564 265 7 9 0.038923774 
258 572 7 9 0.038923774 
561 229 7 10 0.038923774 
570 265 6 9 0.038923774 
209 582 6 8 0.038923774 
541 301 7 11 0.038923774 
102 335 6 8 0.038923774 
92 335 7 10 0.038923774 
705 199 104 206 0.03781825 
547 443 31 40 0.036325652 
163 227 28 41 0.036325652 
178 543 8 10 0.035808332 
165 578 7 9 0.035808332 
64 328 7 9 0.035808332 
527 478 8 11 0.035808332 
194 540 5 7 0.035808332 
199 549 5 8 0.035808332 
262 317 9 11 0.035808332 
225 320 6 10 0.035808332 
253 569 12 16 0.035808332 
90 369 8 11 0.035808332 
573 156 8 11 0.035808332 
304 606 13 17 0.035808332 
211 552 7 9 0.035808332 
547 231 6 9 0.035808332 
435 304 9 12 0.035808332 
222 306 6 10 0.035808332 
550 252 7 9 0.035808332 
204 292 11 15 0.035808332 
513 271 7 9 0.035808332 
699 143 218 289 0.034593605 
217 48 183 289 0.034593593 
229 324 107 146 0.034593593 
258 185 69 92 0.033269096 
284 551 9 12 0.03293372 
174 589 5 7 0.03293372 
267 568 12 16 0.03293372 
617 347 12 16 0.03293372 
111 330 6 9 0.03293372 
149 229 6 10 0.032933712 
202 546 6 8 0.032933712 
553 279 11 17 0.032933712 
487 246 7 10 0.032933712 
141 549 6 8 0.032933712 
299 567 8 10 0.032933712 
243 286 7 9 0.032933712 
501 257 6 10 0.032933712 
484 332 8 11 0.032933712 
497 -21 194 273 0.03163486 
342 36 69 106 0.030461596 
73 327 7 9 0.030282615 
259 301 6 8 0.030282615 
264 334 6 8 0.030282615 
231 405 11 17 0.030282615 
216 634 9 11 0.030282615 
502 219 9 13 0.030282615 
224 243 10 16 0.030282615 
246 283 6 8 0.030282615 
45 329 8 11 0.030282615 
169 498 6 8 0.030282615 
269 586 8 11 0.030282615 
208 535 7 9 0.030282615 
181 539 8 10 0.030282615 
579 181 15 18 0.030282615 
553 143 8 11 0.030282615 
133 552 7 10 0.030282615 
170 287 9 13 0.030282615 
445 379 8 12 0.030282615 
464 232 14 19 0.030282615 
232 308 7 9 0.030282615 
95 271 14 18 0.030282615 
203 567 7 10 0.030282615 
546 267 6 9 0.030282615 
547 270 7 9 0.030282615 
468 311 6 8 0.030282615 
554 232 6 8 0.030282615 
23 460 106 175 0.028921604 
411 1 222 316 0.028921604 
675 10 29 35 0.027884193 
290 332 7 10 0.027838783 
151 636 16 21 0.027838783 
597 260 6 8 0.027838783 
527 146 7 11 0.027838783 
293 613 17 20 0.027838783 
186 567 7 11 0.027838783 
232 530 6 9 0.027838783 
227 529 8 11 0.027838783 
217 578 7 11 0.027838783 
228 243 7 10 0.027838783 
512 269 12 16 0.027838778 
454 352 11 14 0.027838778 
298 294 6 9 0.027838778 
200 561 5 8 0.027838778 
219 245 8 13 0.027838778 
437 320 8 10 0.027838778 
673 445 9 11 0.027838778 
491 159 7 10 0.027838778 
190 255 11 16 0.027838778 
258 263 6 7 0.027838778 
315 69 206 293 0.026434705 
545 225 11 15 0.02558696 
452 285 5 7 0.02558696 
587 355 9 12 0.02558696 
199 553 6 8 0.02558696 
169 224 6 8 0.02558696 
514 219 9 11 0.02558696 
272 553 6 9 0.02558696 
232 245 8 11 0.02558696 
575 315 7 11 0.02558696 
606 327 14 19 0.02558696 
182 564 6 9 0.02558696 
523 146 8 11 0.02558696 
431 318 11 16 0.02558696 
151 263 9 11 0.02558696 
506 326 12 17 0.02558696 
277 571 8 10 0.02558696 
196 583 6 9 0.02558696 
207 275 8 12 0.02558696 
184 559 7 9 0.02558696 
823 317 55 76 0.025519116 
542 518 186 277 0.024156325 
182 536 6 8 0.02351288 
249 282 5 8 0.02351288 
582 464 8 11 0.02351288 
257 431 9 11 0.02351288 
210 579 7 10 0.02351288 
280 560 12 17 0.02351288 
166 596 8 11 0.02351288 
179 262 9 12 0.02351288 
551 319 7 10 0.02351288 
221 575 7 10 0.02351288 
258 567 12 16 0.02351288 
496 219 15 20 0.02351288 
588 203 12 16 0.02351288 
582 178 8 10 0.02351288 
195 226 12 18 0.02351288 
168 261 6 10 0.02351288 
616 255 6 8 0.02351288 
497 252 12 18 0.02351288 
261 555 7 9 0.02351288 
156 547 6 9 0.02351288 
265 277 5 6 0.02351288 
182 252 12 17 0.02351288 
548 297 11 17 0.02351288 
110 578 15 19 0.02351288 
582 455 28 41 0.023349825 
550 383 101 149 0.022069868 
286 618 104 140 0.022069868 
255 218 232 350 0.022069868 
245 620 18 22 0.021603195 
121 581 6 9 0.021603195 
518 261 11 17 0.021603195 
165 593 6 9 0.021603195 
175 239 10 11 0.021603195 
177 597 7 9 0.021603195 
155 644 8 10 0.021603195 
501 274 7 9 0.021603195 
224 531 8 11 0.021603195 
179 225 6 7 0.021603195 
204 539 6 8 0.021603195 
541 284 8 11 0.021603195 
609 429 6 10 0.021603195 
215 538 7 10 0.021603195 
531 191 12 19 0.021603195 
613 288 6 10 0.021603195 
479 293 9 10 0.021603195 
656 404 6 8 0.021603195 
455 314 7 10 0.021603195 
70 304 12 16 0.021603195 
238 340 6 8 0.021603195 
589 294 8 10 0.021603195 
502 248 7 9 0.021603195 
98 275 8 11 0.021603195 
92 243 16 20 0.021603195 
98 250 17 20 0.021603195 
215 559 6 8 0.021603195 
608 313 8 10 0.021603195 
228 342 5 8 0.021603195 
510 273 8 11 0.021603195 
554 434 50 63 0.021360904 
389 447 48 69 0.021360898 
120 619 23 32 0.021360898 
554 25 119 172 0.0201599 
90 88 183 265 0.0201599 
