35_Basketball_playingbasketball_35_377
41
568 640 39 91 0.79672164 
622 637 136 356 0.3436022 
293 488 200 530 0.17193554 
574 507 215 571 0.15916684 
306 73 249 652 0.08285364 
641 738 75 191 0.06655857 
41 -59 170 478 0.05874174 
153 -2 58 121 0.051466707 
191 1048 239 606 0.04931264 
440 466 218 633 0.04931264 
16 5 58 134 0.047198545 
566 656 56 141 0.039651494 
163 1202 16 42 0.038923774 
384 1197 6 17 0.038923774 
9 1204 29 76 0.033269096 
928 1008 67 156 0.033269096 
317 1122 281 507 0.03163486 
339 93 76 191 0.027884193 
666 706 29 68 0.027884193 
108 683 29 82 0.027884193 
657 911 54 119 0.027884185 
-7 125 94 326 0.026434705 
122 1280 6 17 0.02558696 
670 737 23 57 0.02558696 
412 1173 5 15 0.02558696 
653 689 55 123 0.025519116 
671 724 82 223 0.025519116 
585 769 121 273 0.024156325 
642 595 222 579 0.024156325 
137 1209 16 40 0.02351288 
413 376 7 22 0.02351288 
388 1178 4 13 0.02351288 
0 129 62 191 0.023349825 
388 1169 5 15 0.021603195 
162 1305 8 22 0.021603195 
118 1278 7 17 0.021603195 
144 1178 6 18 0.021603195 
23 1215 54 161 0.021360898 
135 1208 26 70 0.021360898 
652 770 34 89 0.021360898 
591 1040 29 69 0.021360898 
