35_Basketball_Basketball_35_457
1334
938 319 15 15 0.99080336 
607 144 41 49 0.96367437 
377 328 9 10 0.9458233 
409 336 8 8 0.92505944 
50 381 9 10 0.8384248 
287 77 307 287 0.7688974 
19 200 6 6 0.755209 
195 371 6 7 0.7217721 
158 372 6 6 0.6856687 
247 391 6 7 0.66669756 
212 384 7 7 0.60666233 
213 359 6 6 0.5858033 
170 386 7 7 0.5432222 
783 185 218 227 0.52310073 
80 347 8 8 0.47834834 
304 365 6 7 0.47834834 
151 297 7 8 0.43536806 
3 200 6 6 0.4141967 
37 187 6 6 0.4141967 
172 405 8 8 0.3933377 
372 180 232 240 0.36474833 
81 257 8 8 0.35282937 
19 248 6 6 0.35282937 
264 279 5 5 0.33330244 
233 314 5 6 0.33330244 
41 351 7 8 0.31433135 
192 280 5 5 0.29596066 
281 376 5 6 0.29596066 
177 340 5 5 0.29596066 
183 268 6 6 0.29596066 
193 118 235 240 0.28400344 
451 359 4 5 0.27822798 
67 207 5 5 0.26116365 
67 182 6 6 0.26116365 
183 308 5 5 0.24479094 
177 298 5 6 0.22912635 
153 352 7 7 0.22912635 
333 336 5 5 0.22912635 
63 304 8 7 0.2141799 
166 317 6 6 0.19995552 
11 358 8 7 0.19995552 
62 215 5 5 0.19995552 
52 246 7 7 0.19995552 
137 284 8 9 0.19995552 
83 244 5 6 0.19995552 
434 330 4 4 0.19995552 
156 299 6 9 0.19995552 
94 196 5 6 0.19995552 
140 246 4 5 0.1864517 
59 224 5 5 0.1864517 
26 210 5 6 0.1864517 
378 349 8 11 0.1864517 
114 231 6 6 0.1864517 
0 331 7 10 0.18645167 
133 228 5 5 0.18645167 
323 341 5 5 0.18645167 
225 302 5 5 0.18645167 
55 225 5 5 0.17366187 
89 283 7 7 0.17366187 
84 229 4 5 0.17366187 
126 371 7 7 0.17366187 
251 375 7 8 0.16157512 
394 329 6 7 0.16157512 
518 390 5 6 0.16157512 
517 313 4 4 0.15017675 
354 279 4 5 0.15017675 
324 262 4 4 0.15017675 
247 320 7 7 0.15017675 
235 283 5 5 0.15017675 
265 302 4 5 0.15017675 
119 353 7 7 0.15017675 
117 231 5 5 0.15017675 
211 403 13 13 0.15017675 
513 362 6 6 0.13944872 
360 322 6 7 0.13944872 
336 314 5 5 0.13944872 
18 274 16 15 0.13944872 
162 248 4 4 0.13944872 
35 302 6 7 0.13944872 
70 211 5 5 0.1293704 
486 316 5 5 0.1293704 
392 318 5 5 0.1293704 
216 323 5 5 0.1293704 
439 301 4 4 0.1293704 
245 250 4 5 0.1293704 
96 228 5 5 0.1293704 
117 219 4 4 0.1293704 
269 364 6 6 0.1293704 
282 365 7 8 0.1293704 
50 228 5 5 0.1293704 
62 225 5 5 0.1293704 
24 225 6 7 0.1293704 
250 282 5 5 0.1293704 
103 201 4 4 0.12937039 
13 391 14 14 0.11991897 
157 240 5 5 0.11991897 
142 227 4 4 0.11991897 
209 313 6 6 0.111069925 
40 333 7 7 0.111069925 
114 264 6 7 0.111069925 
461 316 4 4 0.111069925 
178 246 5 5 0.111069925 
142 337 6 6 0.111069925 
184 250 5 5 0.111069925 
0 351 6 8 0.111069925 
206 340 6 6 0.111069925 
165 274 7 7 0.111069925 
111 232 5 6 0.111069925 
102 204 5 5 0.111069925 
156 258 4 5 0.111069925 
109 226 5 6 0.111069925 
124 228 5 5 0.111069925 
80 233 5 6 0.111069925 
486 363 5 4 0.10279763 
48 207 6 6 0.10279763 
349 307 4 5 0.10279763 
315 312 6 6 0.10279763 
498 394 5 5 0.10279763 
510 383 5 5 0.10279763 
93 379 8 8 0.10279763 
153 236 4 4 0.10279763 
191 318 4 5 0.10279763 
262 382 6 7 0.102797605 
50 204 5 5 0.102797605 
474 316 4 4 0.102797605 
100 140 203 210 0.09803478 
41 197 6 6 0.09507551 
200 301 6 6 0.09507551 
311 293 4 4 0.09507551 
121 303 8 8 0.09507551 
81 310 6 7 0.09507551 
442 323 4 5 0.09507551 
440 323 4 4 0.09507551 
9 193 5 5 0.09507551 
341 261 4 4 0.09507551 
28 221 6 6 0.09507551 
124 232 4 5 0.09507551 
1010 393 6 6 0.09507551 
304 343 5 5 0.09507551 
521 331 4 4 0.09507551 
376 279 4 4 0.09507551 
573 346 239 207 0.09015675 
37 192 6 6 0.08787667 
68 275 8 8 0.08787667 
375 284 4 4 0.08787667 
451 331 5 5 0.08787667 
285 287 5 5 0.08787667 
327 294 4 5 0.08787667 
124 226 4 4 0.08787667 
489 365 5 5 0.08787667 
117 407 14 13 0.08787667 
260 379 7 8 0.08787667 
67 407 14 14 0.08787667 
344 299 4 4 0.08787667 
83 274 8 9 0.08787667 
352 291 5 5 0.08787667 
177 261 5 5 0.08787667 
541 405 4 5 0.08787667 
523 332 4 4 0.08787667 
469 366 5 5 0.08117401 
234 351 6 6 0.08117401 
137 296 7 8 0.08117401 
219 275 6 6 0.08117401 
106 225 5 5 0.08117401 
0 418 6 7 0.08117401 
46 240 6 6 0.08117401 
438 400 6 8 0.08117401 
70 402 14 13 0.08117401 
75 221 5 5 0.08117401 
481 354 4 5 0.08117401 
42 254 7 7 0.08117401 
405 330 4 5 0.08117401 
290 330 5 6 0.08117401 
422 309 5 5 0.08117401 
516 389 4 5 0.08117401 
273 311 5 6 0.074940585 
153 270 6 6 0.074940585 
482 353 4 4 0.074940585 
84 207 5 5 0.074940585 
370 326 6 7 0.074940585 
77 208 5 5 0.074940585 
243 237 4 4 0.074940585 
443 321 4 4 0.07494057 
463 316 4 4 0.07494057 
231 247 4 4 0.07494057 
476 392 5 5 0.07494057 
217 316 5 6 0.07494057 
81 245 6 7 0.07494057 
182 353 6 7 0.07494057 
123 339 6 7 0.07494057 
358 324 6 6 0.07494057 
303 297 5 5 0.07494057 
431 297 4 5 0.07494057 
207 390 7 8 0.07494057 
316 337 5 5 0.07494057 
115 221 5 5 0.07494057 
285 295 5 5 0.07494057 
471 322 5 5 0.07494057 
290 302 4 4 0.07494057 
153 255 5 5 0.07494057 
76 413 144 139 0.06984133 
199 266 5 6 0.069149815 
167 390 9 9 0.069149815 
66 180 5 5 0.069149815 
154 223 3 4 0.069149815 
153 286 5 5 0.069149815 
456 305 4 4 0.0691498 
877 396 4 5 0.0691498 
38 195 5 6 0.0691498 
293 301 5 5 0.0691498 
217 319 5 5 0.0691498 
24 287 13 14 0.0691498 
239 277 5 6 0.0691498 
255 332 7 7 0.0691498 
447 291 4 4 0.0691498 
459 377 4 4 0.0691498 
444 340 4 4 0.0691498 
470 352 4 4 0.0691498 
389 309 4 4 0.0691498 
495 382 4 5 0.0691498 
451 371 5 5 0.0691498 
170 238 4 4 0.0691498 
315 299 4 4 0.0691498 
371 286 4 5 0.0691498 
398 283 124 131 0.064067975 
0 84 218 220 0.064067975 
208 297 7 7 0.06377564 
495 315 4 4 0.06377564 
53 203 5 5 0.06377564 
33 193 5 5 0.06377564 
424 323 4 5 0.06377564 
328 284 5 5 0.06377564 
125 385 11 12 0.06377564 
345 313 4 4 0.06377564 
356 284 5 5 0.06377564 
152 248 4 4 0.06377564 
83 227 5 5 0.06377564 
461 309 4 4 0.06377564 
452 316 4 4 0.06377564 
477 385 5 5 0.06377564 
375 302 4 4 0.06377564 
16 194 5 5 0.06377564 
353 270 3 3 0.06377564 
225 253 4 5 0.06377564 
357 316 5 4 0.06377564 
81 196 4 4 0.06377564 
107 259 5 5 0.06377564 
11 193 5 5 0.06377564 
164 269 6 6 0.06377564 
201 379 7 7 0.06377564 
446 338 4 5 0.06377564 
175 240 4 4 0.06377564 
495 363 4 4 0.05879275 
447 299 4 4 0.05879275 
166 233 4 4 0.05879275 
177 263 5 6 0.05879275 
452 313 4 4 0.05879275 
187 412 6 6 0.05879275 
242 273 5 5 0.05879275 
82 289 8 9 0.05879275 
434 315 4 4 0.05879275 
375 277 3 4 0.05879275 
110 228 6 6 0.05879275 
490 341 4 4 0.05879275 
482 344 4 4 0.05879275 
255 283 5 5 0.05879275 
27 284 7 7 0.05879275 
101 224 5 6 0.05879275 
309 321 6 6 0.05879275 
521 320 4 4 0.05879275 
63 221 6 6 0.05879275 
417 284 4 4 0.05879275 
367 343 8 9 0.05879275 
162 272 6 6 0.05879275 
202 262 5 5 0.05879275 
209 264 5 5 0.05879275 
392 309 4 4 0.05879275 
246 253 5 5 0.05879275 
405 282 4 4 0.054176662 
442 298 4 4 0.054176662 
79 200 5 5 0.054176662 
394 318 5 5 0.054176662 
404 275 4 4 0.054176662 
464 395 6 6 0.054176662 
129 270 7 7 0.054176662 
40 352 11 13 0.054176662 
344 340 5 5 0.054176662 
34 195 5 5 0.054176662 
174 258 6 6 0.054176662 
47 218 5 5 0.054176662 
456 309 4 4 0.054176662 
49 244 7 7 0.054176662 
136 211 5 5 0.054176662 
452 320 4 4 0.054176662 
469 316 4 4 0.054176662 
76 201 5 5 0.054176662 
175 243 5 5 0.054176662 
254 335 8 8 0.054176662 
395 326 6 7 0.054176662 
324 264 4 4 0.054176662 
17 196 5 5 0.054176662 
379 345 5 6 0.054176662 
443 348 4 5 0.054176662 
351 293 4 5 0.054176662 
428 352 5 6 0.054176662 
387 287 5 5 0.054176662 
447 322 5 5 0.054176662 
1005 334 4 5 0.054176662 
432 329 5 5 0.054176662 
407 366 8 8 0.054176662 
519 363 4 4 0.054176662 
166 239 4 5 0.054176662 
132 237 5 5 0.054176662 
323 238 61 63 0.051466707 
274 298 4 4 0.04990379 
248 280 5 5 0.04990379 
185 308 6 6 0.04990379 
181 301 5 6 0.04990379 
192 310 6 7 0.04990379 
113 335 6 7 0.04990379 
217 311 5 5 0.04990379 
30 246 5 6 0.04990379 
233 247 4 4 0.04990379 
211 300 7 6 0.04990379 
126 358 6 6 0.04990379 
387 339 6 7 0.04990379 
412 290 4 5 0.04990379 
490 402 5 5 0.04990379 
502 374 4 4 0.04990379 
541 341 4 4 0.04990379 
32 244 5 6 0.04990379 
330 355 5 6 0.04990379 
49 231 5 6 0.04990379 
495 323 4 4 0.04990379 
229 412 5 5 0.04990379 
343 301 4 5 0.04990379 
438 326 4 5 0.04990379 
506 315 4 4 0.04990379 
399 325 5 6 0.04990379 
421 287 4 5 0.04990379 
476 315 4 4 0.04990379 
246 287 5 5 0.04990379 
498 351 4 5 0.04990379 
136 251 5 5 0.04990379 
260 262 4 4 0.04990379 
493 331 5 5 0.04990379 
38 203 5 5 0.04990379 
60 215 5 6 0.04990379 
437 330 5 5 0.04990379 
461 312 4 4 0.04990379 
456 395 5 5 0.04990379 
49 216 5 5 0.04990379 
374 326 9 9 0.049903784 
55 223 5 5 0.049903784 
138 292 7 8 0.049903784 
66 231 5 6 0.049903784 
394 352 7 8 0.049903784 
55 393 11 15 0.049903784 
399 292 6 6 0.049903784 
50 248 7 7 0.049903784 
163 401 12 12 0.049903784 
86 287 9 9 0.049903784 
1 201 10 10 0.049903784 
212 246 119 139 0.04931264 
96 292 6 7 0.04595155 
318 279 5 6 0.04595155 
72 218 5 6 0.04595155 
535 380 5 5 0.04595155 
551 308 4 4 0.04595155 
515 326 4 4 0.04595155 
488 315 4 4 0.04595155 
238 307 6 6 0.04595155 
21 178 4 5 0.04595155 
480 385 4 5 0.04595155 
456 341 4 4 0.04595155 
289 297 4 4 0.04595155 
12 207 5 5 0.04595155 
345 343 7 7 0.04595155 
31 289 8 9 0.04595155 
490 377 4 5 0.04595155 
477 313 4 4 0.04595155 
498 323 4 5 0.04595155 
281 294 4 5 0.04595155 
255 262 4 5 0.04595155 
326 344 5 5 0.04595155 
135 353 8 8 0.04595155 
472 319 5 5 0.04595155 
116 268 8 8 0.04595155 
251 257 4 4 0.04595155 
320 301 4 4 0.04595155 
521 354 5 5 0.04595155 
286 302 4 4 0.04595155 
228 303 5 6 0.04595155 
498 381 4 4 0.04595155 
93 216 4 5 0.04595155 
486 342 4 4 0.04595155 
41 360 7 8 0.04595155 
435 312 4 5 0.04595155 
251 340 6 7 0.045951538 
38 183 5 5 0.045951538 
508 309 4 4 0.045951538 
80 208 6 6 0.045951538 
298 278 5 5 0.045951538 
427 345 4 4 0.045951538 
234 295 7 7 0.045951538 
218 406 8 8 0.045951538 
47 205 5 5 0.045951538 
134 385 7 8 0.045951538 
65 205 5 5 0.045951538 
210 401 9 10 0.045951538 
350 270 4 4 0.045951538 
440 321 4 4 0.045951538 
207 386 7 7 0.045951538 
134 227 5 5 0.045951538 
323 269 4 5 0.04229837 
287 377 6 6 0.04229837 
426 374 6 8 0.04229837 
363 278 4 5 0.04229837 
67 214 5 5 0.04229837 
277 294 4 4 0.04229837 
288 295 4 5 0.04229837 
332 266 4 4 0.04229837 
6 197 6 6 0.04229837 
7 243 7 8 0.04229837 
170 320 6 7 0.04229837 
512 359 5 5 0.04229837 
161 244 4 4 0.04229837 
915 314 13 13 0.04229837 
76 186 4 4 0.04229837 
258 243 4 4 0.04229837 
260 283 5 5 0.04229837 
283 363 6 6 0.04229837 
370 332 7 8 0.04229837 
371 284 4 4 0.04229837 
276 297 4 4 0.04229837 
67 197 5 5 0.04229837 
425 311 5 5 0.04229837 
354 282 5 5 0.04229837 
396 291 5 6 0.04229837 
356 277 4 4 0.04229837 
285 269 4 4 0.04229837 
487 313 4 4 0.04229837 
390 354 8 10 0.04229837 
289 304 4 5 0.04229837 
485 344 4 5 0.04229837 
44 198 6 6 0.04229837 
453 306 4 4 0.04229837 
392 343 5 6 0.04229837 
242 287 5 5 0.04229837 
418 300 4 4 0.04229837 
53 227 6 6 0.04229837 
468 347 4 4 0.04229837 
179 307 6 6 0.04229837 
489 313 4 4 0.04229837 
508 356 4 4 0.04229837 
159 342 6 6 0.04229837 
301 287 5 5 0.04229837 
313 330 6 6 0.04229837 
131 207 4 4 0.04229837 
100 292 6 7 0.04229837 
332 348 4 4 0.04229837 
395 315 5 6 0.04229837 
431 316 4 4 0.04229837 
10 409 13 12 0.04229837 
253 373 7 7 0.04229837 
201 235 4 4 0.04229837 
23 330 6 7 0.04229837 
-9 385 172 204 0.04133061 
567 300 65 71 0.039651494 
533 354 4 4 0.038923774 
478 355 4 4 0.038923774 
931 401 6 6 0.038923774 
379 380 7 8 0.038923774 
185 351 5 6 0.038923774 
97 208 4 4 0.038923774 
202 269 5 6 0.038923774 
465 359 4 5 0.038923774 
350 272 4 4 0.038923774 
367 284 4 3 0.038923774 
219 393 6 6 0.038923774 
510 356 4 4 0.038923774 
346 272 4 4 0.038923774 
155 255 5 6 0.038923774 
448 370 4 5 0.038923774 
403 362 13 15 0.038923774 
212 282 6 6 0.038923774 
447 348 5 5 0.038923774 
498 362 4 4 0.038923774 
891 398 4 5 0.038923774 
59 187 4 5 0.038923774 
86 259 7 8 0.038923774 
111 361 8 9 0.038923774 
130 315 13 17 0.038923774 
247 234 3 3 0.038923774 
418 311 4 4 0.038923774 
409 298 5 5 0.038923774 
469 319 4 5 0.038923774 
160 240 5 5 0.038923774 
418 309 4 4 0.038923774 
424 309 5 5 0.038923774 
507 337 4 5 0.038923774 
373 334 8 8 0.038923774 
222 301 5 5 0.038923774 
174 298 9 10 0.038923774 
121 267 11 11 0.038923774 
101 309 5 5 0.038923774 
434 298 4 5 0.038923774 
476 322 5 5 0.038923774 
456 334 4 4 0.038923774 
239 237 4 4 0.038923774 
323 302 4 4 0.038923774 
457 344 5 5 0.038923774 
287 304 4 5 0.038923774 
516 314 4 4 0.038923774 
452 328 4 4 0.038923774 
152 289 6 6 0.038923774 
392 311 4 5 0.038923774 
183 248 5 5 0.038923774 
201 303 7 8 0.038923774 
318 334 5 5 0.038923774 
545 341 4 5 0.038923774 
293 268 4 5 0.035808332 
82 159 6 6 0.035808332 
352 320 5 5 0.035808332 
436 300 4 4 0.035808332 
1018 310 5 7 0.035808332 
87 229 5 5 0.035808332 
318 336 5 5 0.035808332 
81 229 6 5 0.035808332 
98 205 4 4 0.035808332 
81 225 5 5 0.035808332 
149 293 7 7 0.035808332 
72 221 6 6 0.035808332 
521 327 4 4 0.035808332 
465 373 4 5 0.035808332 
16 219 5 5 0.035808332 
502 376 5 5 0.035808332 
438 388 5 5 0.035808332 
387 282 5 5 0.035808332 
327 291 4 4 0.035808332 
85 361 7 7 0.035808332 
30 193 5 5 0.035808332 
314 287 4 5 0.035808332 
401 286 4 4 0.035808332 
260 249 4 4 0.035808332 
222 251 4 4 0.035808332 
117 357 9 9 0.035808332 
127 253 7 8 0.035808332 
284 247 4 4 0.035808332 
113 225 6 6 0.035808332 
457 338 4 4 0.035808332 
34 189 5 5 0.035808332 
256 286 5 5 0.035808332 
410 272 4 4 0.035808332 
220 322 5 5 0.035808332 
435 332 5 5 0.035808332 
330 284 4 4 0.035808332 
281 316 5 6 0.035808332 
275 314 5 6 0.035808332 
610 399 5 6 0.035808332 
206 373 6 6 0.035808332 
375 310 6 7 0.035808332 
59 204 4 5 0.035808332 
533 315 4 4 0.035808332 
208 275 5 6 0.035808332 
441 330 5 5 0.035808332 
955 298 5 5 0.035808332 
110 401 7 8 0.035808332 
476 331 4 5 0.035808332 
499 331 5 5 0.035808332 
512 331 4 4 0.035808332 
520 370 5 5 0.035808332 
453 308 4 4 0.035808332 
127 223 5 5 0.035808332 
220 240 5 5 0.035808332 
410 293 5 5 0.035808332 
483 319 5 5 0.035808332 
297 298 5 5 0.035808332 
367 270 3 4 0.035808332 
447 320 4 4 0.035808332 
508 381 5 5 0.035808332 
364 322 6 6 0.035808332 
431 295 4 4 0.035808332 
414 307 5 5 0.035808332 
384 316 5 5 0.035808332 
365 276 5 5 0.035808332 
140 295 11 11 0.035808332 
182 368 7 8 0.035808332 
176 394 6 6 0.035808332 
199 412 7 8 0.035808332 
514 334 4 4 0.035808332 
208 181 140 154 0.034593605 
40 375 21 22 0.033269096 
873 447 6 6 0.03293372 
41 222 5 5 0.03293372 
212 339 5 6 0.03293372 
259 311 6 6 0.03293372 
105 222 5 6 0.03293372 
336 289 5 5 0.03293372 
415 283 4 4 0.03293372 
285 266 4 4 0.03293372 
397 287 4 4 0.03293372 
1 200 5 6 0.03293372 
384 270 4 4 0.03293372 
477 358 5 5 0.03293372 
173 302 8 8 0.03293372 
246 375 7 7 0.03293372 
82 235 6 6 0.03293372 
434 294 4 4 0.03293372 
516 310 4 4 0.03293372 
477 341 4 4 0.03293372 
112 404 13 13 0.03293372 
57 421 12 12 0.03293372 
246 236 4 4 0.03293372 
83 262 8 8 0.03293372 
371 265 4 4 0.03293372 
218 236 4 4 0.03293372 
378 309 5 5 0.03293372 
113 419 8 8 0.032933712 
328 337 5 5 0.032933712 
206 376 6 6 0.032933712 
320 304 4 4 0.032933712 
136 419 7 7 0.032933712 
264 303 6 6 0.032933712 
212 262 5 5 0.032933712 
468 372 5 5 0.032933712 
367 273 3 4 0.032933712 
477 338 3 3 0.032933712 
353 272 4 4 0.032933712 
323 338 5 5 0.032933712 
21 225 6 6 0.032933712 
42 240 5 5 0.032933712 
158 247 4 4 0.032933712 
203 233 4 5 0.032933712 
442 300 5 5 0.032933712 
220 237 5 5 0.032933712 
451 322 4 4 0.032933712 
515 324 4 4 0.032933712 
447 300 4 5 0.032933712 
255 264 4 4 0.032933712 
325 341 5 5 0.032933712 
404 291 5 5 0.032933712 
118 301 7 9 0.032933712 
481 308 4 4 0.032933712 
144 362 6 6 0.032933712 
150 236 4 4 0.032933712 
154 225 4 4 0.032933712 
354 321 5 6 0.032933712 
379 277 4 4 0.032933712 
484 352 4 4 0.032933712 
343 262 4 4 0.032933712 
108 259 6 6 0.032933712 
170 390 11 11 0.032933712 
215 301 5 6 0.032933712 
929 397 6 6 0.032933712 
8 231 5 6 0.032933712 
503 380 5 5 0.032933712 
188 279 6 6 0.032933712 
97 210 5 5 0.032933712 
474 385 5 5 0.032933712 
371 263 3 3 0.032933712 
110 223 5 6 0.032933712 
530 362 4 4 0.032933712 
105 206 5 5 0.032933712 
161 400 7 9 0.032933712 
28 200 5 5 0.032933712 
11 229 5 6 0.032933712 
142 244 5 5 0.032933712 
501 392 5 5 0.032933712 
100 233 5 5 0.032933712 
389 318 5 5 0.032933712 
542 349 4 4 0.032933712 
122 254 5 6 0.032933712 
126 296 6 7 0.032933712 
83 231 6 6 0.032933712 
290 268 4 4 0.032933712 
761 217 52 56 0.030461604 
962 521 70 61 0.030461596 
329 347 5 5 0.030282615 
42 224 6 7 0.030282615 
351 279 4 4 0.030282615 
344 280 4 5 0.030282615 
83 248 7 8 0.030282615 
529 316 4 4 0.030282615 
219 319 5 6 0.030282615 
456 390 5 5 0.030282615 
249 387 8 8 0.030282615 
60 214 9 9 0.030282615 
444 295 4 4 0.030282615 
272 283 4 4 0.030282615 
79 392 7 8 0.030282615 
127 215 4 4 0.030282615 
358 319 5 6 0.030282615 
238 264 5 5 0.030282615 
464 366 4 5 0.030282615 
494 365 5 5 0.030282615 
207 337 6 7 0.030282615 
226 361 6 7 0.030282615 
81 194 4 4 0.030282615 
77 235 5 6 0.030282615 
320 340 6 6 0.030282615 
471 369 5 6 0.030282615 
418 290 4 5 0.030282615 
144 282 6 6 0.030282615 
382 276 4 4 0.030282615 
149 219 4 4 0.030282615 
57 257 7 7 0.030282615 
164 249 5 5 0.030282615 
536 353 4 4 0.030282615 
207 379 7 7 0.030282615 
46 228 5 6 0.030282615 
242 321 6 6 0.030282615 
325 291 4 4 0.030282615 
86 278 8 9 0.030282615 
114 211 4 5 0.030282615 
873 384 5 5 0.030282615 
465 344 4 5 0.030282615 
29 196 5 5 0.030282615 
374 349 8 10 0.030282615 
457 352 4 5 0.030282615 
283 377 7 7 0.030282615 
140 219 4 4 0.030282615 
136 218 4 4 0.030282615 
426 316 4 4 0.030282615 
545 349 5 5 0.030282615 
372 277 4 4 0.030282615 
387 316 5 5 0.030282615 
980 392 7 8 0.030282615 
520 348 4 4 0.030282615 
29 174 4 5 0.030282615 
215 397 8 8 0.030282615 
294 266 4 4 0.030282615 
128 382 11 12 0.030282615 
237 285 6 6 0.030282615 
982 379 8 9 0.030282615 
339 323 5 5 0.030282615 
477 380 4 4 0.030282615 
384 318 5 6 0.030282615 
469 363 4 5 0.030282615 
170 307 6 6 0.030282615 
85 205 5 5 0.030282615 
267 312 6 7 0.030282615 
117 404 8 7 0.030282615 
379 298 4 4 0.030282615 
363 273 4 4 0.030282615 
477 305 4 5 0.030282615 
911 421 7 7 0.030282615 
456 311 4 4 0.030282615 
447 305 4 4 0.030282615 
460 302 4 4 0.030282615 
339 313 5 5 0.030282615 
155 403 7 8 0.030282615 
375 266 3 3 0.030282615 
208 247 4 4 0.030282615 
426 302 4 4 0.030282615 
125 300 7 7 0.030282615 
256 358 6 6 0.030282615 
890 421 6 7 0.030282615 
464 309 3 4 0.030282615 
211 421 8 8 0.030282615 
397 302 4 5 0.030282615 
79 203 5 5 0.030282615 
450 298 4 4 0.030282615 
550 322 4 4 0.030282615 
396 312 5 5 0.030282615 
1007 341 4 4 0.030282615 
289 328 5 6 0.030282615 
262 376 6 6 0.030282615 
418 280 3 4 0.030282615 
97 265 7 8 0.030282615 
528 341 5 5 0.030282615 
1009 279 5 5 0.030282615 
430 327 5 5 0.030282615 
530 370 4 4 0.030282615 
501 331 5 5 0.030282615 
512 370 4 5 0.030282615 
173 251 4 5 0.030282615 
80 221 6 6 0.030282615 
34 329 7 7 0.030282615 
204 311 6 7 0.030282615 
440 348 4 5 0.030282615 
398 329 5 6 0.030282615 
233 264 5 5 0.030282615 
173 238 4 4 0.030282615 
167 237 4 4 0.030282615 
65 179 4 4 0.030282615 
157 226 4 4 0.030282615 
199 288 5 6 0.030282615 
89 38 249 227 0.028921604 
776 0 34 26 0.027884193 
225 370 5 6 0.027838783 
65 217 6 6 0.027838783 
158 229 4 4 0.027838783 
125 225 5 5 0.027838783 
537 344 4 4 0.027838783 
260 348 6 6 0.027838783 
274 347 6 7 0.027838783 
490 348 4 4 0.027838783 
171 222 4 4 0.027838783 
429 376 5 6 0.027838783 
25 222 7 7 0.027838783 
156 237 5 5 0.027838783 
88 232 5 5 0.027838783 
490 344 4 4 0.027838783 
532 362 4 4 0.027838783 
148 364 7 7 0.027838783 
125 374 12 14 0.027838783 
501 367 4 5 0.027838783 
921 378 5 5 0.027838783 
76 349 7 8 0.027838783 
72 200 5 5 0.027838783 
90 215 4 5 0.027838783 
314 304 4 5 0.027838783 
83 194 5 5 0.027838783 
422 315 4 5 0.027838783 
97 307 5 6 0.027838783 
553 306 3 4 0.027838783 
375 304 5 5 0.027838783 
129 305 6 6 0.027838783 
23 200 5 6 0.027838783 
51 201 5 5 0.027838783 
311 314 5 5 0.027838783 
182 244 5 5 0.027838783 
332 352 4 4 0.027838783 
498 320 4 4 0.027838783 
503 351 4 4 0.027838783 
124 215 4 4 0.027838783 
28 227 6 7 0.027838783 
121 311 13 17 0.027838783 
443 304 4 4 0.027838783 
326 312 5 5 0.027838783 
541 310 5 5 0.027838783 
110 205 4 4 0.027838783 
109 407 8 8 0.027838783 
378 279 4 4 0.027838783 
318 299 4 5 0.027838783 
412 272 4 4 0.027838783 
289 266 4 4 0.027838783 
187 254 5 6 0.027838783 
383 294 4 4 0.027838783 
380 273 4 4 0.027838783 
170 258 5 6 0.027838783 
259 285 5 5 0.027838783 
91 279 7 8 0.027838783 
392 291 4 4 0.027838783 
150 250 4 5 0.027838783 
45 155 4 5 0.027838783 
362 284 4 4 0.027838783 
250 255 4 4 0.027838783 
111 264 7 7 0.027838783 
447 294 4 4 0.027838783 
413 288 4 4 0.027838783 
46 250 6 6 0.027838783 
405 287 4 4 0.027838783 
362 267 3 3 0.027838783 
387 270 4 4 0.027838783 
22 277 10 9 0.027838783 
93 275 6 7 0.027838783 
147 282 6 6 0.027838783 
507 334 4 4 0.027838783 
272 280 4 5 0.027838783 
449 333 5 5 0.027838783 
88 210 5 5 0.027838783 
523 320 4 4 0.027838783 
135 238 5 5 0.027838783 
196 412 6 6 0.027838783 
83 240 5 6 0.027838783 
477 333 4 4 0.027838783 
391 326 7 7 0.027838783 
404 326 5 5 0.027838783 
490 333 4 5 0.027838783 
114 208 4 4 0.027838783 
37 332 11 11 0.027838783 
161 421 12 13 0.027838783 
464 342 4 4 0.027838783 
168 397 9 9 0.027838783 
62 212 5 5 0.027838783 
290 396 5 5 0.027838778 
299 287 5 5 0.027838778 
400 296 5 5 0.027838778 
474 314 3 4 0.027838778 
32 230 5 5 0.027838778 
202 318 7 8 0.027838778 
123 317 15 19 0.027838778 
497 315 4 4 0.027838778 
994 327 4 4 0.027838778 
534 313 4 4 0.027838778 
127 274 7 7 0.027838778 
491 301 4 4 0.027838778 
421 350 5 6 0.027838778 
100 258 5 5 0.027838778 
503 383 5 5 0.027838778 
924 395 7 7 0.027838778 
388 311 4 4 0.027838778 
426 347 5 5 0.027838778 
380 351 11 14 0.027838778 
216 277 6 7 0.027838778 
65 224 6 6 0.027838778 
212 364 6 6 0.027838778 
312 286 5 5 0.027838778 
324 315 5 5 0.02558696 
438 315 5 5 0.02558696 
504 316 4 4 0.02558696 
193 313 7 8 0.02558696 
435 309 5 5 0.02558696 
324 298 4 4 0.02558696 
311 298 5 5 0.02558696 
504 313 4 4 0.02558696 
225 298 5 5 0.02558696 
399 313 5 5 0.02558696 
267 299 5 5 0.02558696 
158 301 7 8 0.02558696 
281 297 5 5 0.02558696 
237 311 7 7 0.02558696 
388 322 6 6 0.02558696 
464 362 4 5 0.02558696 
171 254 4 4 0.02558696 
421 289 5 5 0.02558696 
162 237 4 5 0.02558696 
179 250 5 6 0.02558696 
328 334 5 5 0.02558696 
425 320 4 4 0.02558696 
313 290 5 5 0.02558696 
469 293 5 5 0.02558696 
325 309 4 5 0.02558696 
404 298 5 5 0.02558696 
412 298 4 4 0.02558696 
180 306 9 10 0.02558696 
537 305 4 4 0.02558696 
460 305 4 4 0.02558696 
439 303 5 5 0.02558696 
345 304 5 6 0.02558696 
182 304 5 6 0.02558696 
139 250 5 5 0.02558696 
387 354 7 8 0.02558696 
326 262 4 4 0.02558696 
149 234 4 4 0.02558696 
354 286 5 5 0.02558696 
75 343 12 13 0.02558696 
457 347 4 5 0.02558696 
545 344 4 5 0.02558696 
438 287 5 5 0.02558696 
448 288 4 4 0.02558696 
451 287 4 4 0.02558696 
482 348 4 4 0.02558696 
421 284 4 4 0.02558696 
234 290 6 7 0.02558696 
472 344 5 5 0.02558696 
63 228 5 5 0.02558696 
145 233 4 4 0.02558696 
11 254 5 6 0.02558696 
132 231 5 5 0.02558696 
477 353 4 4 0.02558696 
149 290 6 6 0.02558696 
116 336 7 8 0.02558696 
309 366 5 5 0.02558696 
190 254 6 6 0.02558696 
161 226 4 4 0.02558696 
490 355 4 5 0.02558696 
0 229 4 5 0.02558696 
472 363 5 5 0.02558696 
341 282 4 5 0.02558696 
454 370 5 5 0.02558696 
359 366 9 9 0.02558696 
228 369 6 7 0.02558696 
499 366 4 4 0.02558696 
307 294 4 4 0.02558696 
211 398 8 8 0.02558696 
290 279 4 4 0.02558696 
421 279 4 4 0.02558696 
255 376 10 11 0.02558696 
368 265 3 3 0.02558696 
402 275 4 4 0.02558696 
93 199 5 5 0.02558696 
452 394 5 6 0.02558696 
41 206 6 6 0.02558696 
89 401 8 9 0.02558696 
92 257 6 7 0.02558696 
289 276 4 4 0.02558696 
23 398 11 14 0.02558696 
45 220 6 6 0.02558696 
252 262 5 5 0.02558696 
102 198 4 4 0.02558696 
260 264 5 5 0.02558696 
76 257 7 7 0.02558696 
194 256 6 6 0.02558696 
627 378 6 6 0.02558696 
536 378 4 5 0.02558696 
321 262 4 4 0.02558696 
324 259 4 4 0.02558696 
358 273 4 4 0.02558696 
15 220 6 6 0.02558696 
259 255 5 4 0.02558696 
290 384 5 5 0.02558696 
113 414 14 14 0.02558696 
164 397 8 9 0.02558696 
455 372 5 4 0.02558696 
272 269 4 4 0.02558696 
213 236 4 4 0.02558696 
142 292 7 7 0.02558696 
154 293 7 7 0.02558696 
228 293 5 6 0.02558696 
404 322 5 6 0.02558696 
395 322 6 7 0.02558696 
274 295 4 5 0.02558696 
204 273 6 7 0.02558696 
303 295 5 5 0.02558696 
183 241 4 4 0.02558696 
922 317 7 7 0.02558696 
447 326 4 4 0.02558696 
90 289 11 11 0.02558696 
12 236 5 5 0.02558696 
333 290 4 5 0.02558696 
283 373 7 7 0.02558696 
273 300 5 5 0.02558696 
864 398 5 5 0.02558696 
523 392 4 5 0.02558696 
10 273 13 13 0.02558696 
380 270 3 4 0.02558696 
89 197 5 5 0.02558696 
435 387 5 6 0.02558696 
71 184 5 5 0.02558696 
363 269 3 3 0.02558696 
207 403 9 9 0.02558696 
379 266 3 3 0.02558696 
71 213 6 6 0.02558696 
199 409 6 7 0.02558696 
114 214 5 5 0.02558696 
875 397 5 5 0.02558696 
890 301 48 55 0.025519116 
73 467 73 63 0.025519116 
118 176 123 129 0.024156325 
113 349 8 9 0.02351288 
503 319 4 4 0.02351288 
495 319 4 4 0.02351288 
459 351 4 5 0.02351288 
423 320 5 5 0.02351288 
204 334 5 5 0.02351288 
246 297 4 5 0.02351288 
344 438 5 5 0.02351288 
211 279 6 7 0.02351288 
322 279 6 6 0.02351288 
322 319 5 6 0.02351288 
122 432 14 16 0.02351288 
371 280 4 4 0.02351288 
195 415 7 8 0.02351288 
350 283 4 5 0.02351288 
314 319 5 6 0.02351288 
482 342 4 4 0.02351288 
35 324 8 8 0.02351288 
442 325 5 5 0.02351288 
431 333 4 5 0.02351288 
357 328 7 8 0.02351288 
407 330 5 5 0.02351288 
190 347 6 6 0.02351288 
395 347 6 6 0.02351288 
916 318 7 7 0.02351288 
536 315 4 4 0.02351288 
472 354 4 5 0.02351288 
237 318 6 6 0.02351288 
2 416 8 8 0.02351288 
294 276 4 4 0.02351288 
401 283 4 4 0.02351288 
54 399 8 10 0.02351288 
330 293 5 5 0.02351288 
392 293 4 5 0.02351288 
427 295 4 4 0.02351288 
439 295 4 4 0.02351288 
937 395 5 5 0.02351288 
923 388 12 12 0.02351288 
230 391 6 6 0.02351288 
251 290 5 6 0.02351288 
156 289 6 7 0.02351288 
331 287 5 5 0.02351288 
282 287 4 5 0.02351288 
538 342 4 4 0.02351288 
487 401 5 6 0.02351288 
529 392 4 5 0.02351288 
432 277 3 3 0.02351288 
130 265 7 8 0.02351288 
179 267 6 6 0.02351288 
242 270 5 5 0.02351288 
276 269 4 5 0.02351288 
282 269 4 5 0.02351288 
370 268 4 4 0.02351288 
69 271 8 8 0.02351288 
148 286 6 7 0.02351288 
285 272 4 5 0.02351288 
320 272 5 5 0.02351288 
376 274 3 3 0.02351288 
384 272 4 4 0.02351288 
538 403 4 5 0.02351288 
374 290 4 5 0.02351288 
435 291 4 4 0.02351288 
481 322 4 5 0.02351288 
430 323 5 5 0.02351288 
486 309 4 4 0.02351288 
319 257 4 4 0.02351288 
98 199 11 10 0.02351288 
58 196 5 5 0.02351288 
165 244 4 4 0.02351288 
46 245 7 7 0.02351288 
107 233 5 5 0.02351288 
56 246 6 6 0.02351288 
53 223 9 10 0.02351288 
47 188 5 5 0.02351288 
63 189 5 6 0.02351288 
215 258 5 5 0.02351288 
145 219 4 4 0.02351288 
88 226 5 5 0.02351288 
94 226 5 5 0.02351288 
76 189 4 5 0.02351288 
387 329 6 7 0.02351288 
460 348 4 5 0.02351288 
212 368 6 6 0.02351288 
35 186 5 6 0.02351288 
391 321 6 6 0.02351288 
33 175 4 4 0.02351288 
11 210 5 6 0.02351288 
140 233 5 5 0.02351288 
137 246 5 5 0.02351288 
94 208 5 5 0.02351288 
63 185 6 5 0.02351288 
247 262 5 6 0.02351288 
1 248 12 16 0.02351288 
27 213 5 6 0.02351288 
51 180 4 4 0.02351288 
237 260 5 6 0.02351288 
86 253 8 9 0.02351288 
11 191 4 5 0.02351288 
83 196 5 5 0.02351288 
93 243 5 5 0.02351288 
12 214 5 5 0.02351288 
42 260 6 7 0.02351288 
88 250 6 6 0.02351288 
395 310 4 4 0.02351288 
139 257 5 5 0.02351288 
151 369 7 7 0.02351288 
312 301 5 5 0.02351288 
400 301 5 5 0.02351288 
491 380 5 5 0.02351288 
185 380 7 7 0.02351288 
220 373 5 5 0.02351288 
473 377 5 5 0.02351288 
490 374 4 5 0.02351288 
340 303 6 6 0.02351288 
422 306 5 5 0.02351288 
467 358 5 5 0.02351288 
203 315 6 7 0.02351288 
453 358 6 6 0.02351288 
453 341 4 4 0.02351288 
541 344 4 5 0.02351288 
290 342 6 6 0.02351288 
264 344 6 6 0.02351288 
170 301 5 7 0.02351288 
533 360 4 4 0.02351288 
510 309 4 4 0.02351288 
256 312 6 6 0.02351288 
482 362 5 5 0.02351288 
429 312 4 4 0.02351288 
443 312 4 5 0.02351288 
448 313 4 4 0.02351288 
463 313 4 4 0.02351288 
288 379 5 5 0.02351288 
123 388 8 8 0.02351288 
444 370 5 5 0.02351288 
165 315 10 11 0.02351288 
473 358 5 5 0.02351288 
497 313 4 4 0.02351288 
167 401 20 21 0.023349825 
960 30 67 85 0.023349825 
906 306 26 29 0.023349825 
11 408 24 24 0.023349825 
725 37 121 110 0.022069868 
162 230 11 11 0.021603195 
422 325 4 4 0.021603195 
320 339 10 10 0.021603195 
178 294 6 7 0.021603195 
340 327 5 5 0.021603195 
163 233 4 4 0.021603195 
244 234 4 3 0.021603195 
532 331 3 4 0.021603195 
320 325 6 6 0.021603195 
97 236 5 5 0.021603195 
529 324 4 4 0.021603195 
156 233 5 4 0.021603195 
169 344 5 5 0.021603195 
524 323 4 4 0.021603195 
435 324 4 4 0.021603195 
32 232 5 6 0.021603195 
140 241 4 4 0.021603195 
321 322 6 6 0.021603195 
478 344 4 5 0.021603195 
238 322 5 5 0.021603195 
187 347 5 6 0.021603195 
166 231 4 4 0.021603195 
161 229 4 4 0.021603195 
251 346 5 5 0.021603195 
280 347 6 6 0.021603195 
429 348 5 6 0.021603195 
468 354 5 5 0.021603195 
277 262 4 4 0.021603195 
464 347 5 5 0.021603195 
478 347 4 5 0.021603195 
495 348 4 4 0.021603195 
375 299 4 4 0.021603195 
523 348 4 4 0.021603195 
465 318 4 4 0.021603195 
460 318 4 5 0.021603195 
430 318 4 5 0.021603195 
43 242 6 6 0.021603195 
425 349 11 11 0.021603195 
378 319 5 6 0.021603195 
374 319 5 6 0.021603195 
16 228 7 6 0.021603195 
919 344 6 6 0.021603195 
170 247 4 5 0.021603195 
269 244 4 4 0.021603195 
956 351 17 17 0.021603195 
282 244 4 4 0.021603195 
116 360 8 9 0.021603195 
477 361 4 5 0.021603195 
263 373 6 6 0.021603195 
494 359 4 4 0.021603195 
481 358 5 5 0.021603195 
507 312 4 4 0.021603195 
212 244 5 5 0.021603195 
318 314 5 6 0.021603195 
455 316 4 4 0.021603195 
272 358 6 6 0.021603195 
354 262 3 4 0.021603195 
156 368 10 11 0.021603195 
495 309 4 4 0.021603195 
489 308 4 4 0.021603195 
336 366 6 6 0.021603195 
409 301 5 5 0.021603195 
336 308 5 6 0.021603195 
212 376 7 7 0.021603195 
331 305 5 5 0.021603195 
388 306 4 4 0.021603195 
226 359 5 6 0.021603195 
215 374 6 6 0.021603195 
86 246 6 7 0.021603195 
333 308 5 5 0.021603195 
123 223 5 5 0.021603195 
130 223 5 5 0.021603195 
232 379 7 7 0.021603195 
49 221 6 6 0.021603195 
215 304 6 6 0.021603195 
302 380 5 5 0.021603195 
144 300 7 7 0.021603195 
226 247 5 4 0.021603195 
430 380 5 5 0.021603195 
221 248 4 4 0.021603195 
208 304 6 6 0.021603195 
222 219 3 4 0.021603195 
353 296 4 5 0.021603195 
164 261 5 5 0.021603195 
252 382 8 8 0.021603195 
29 249 6 6 0.021603195 
371 289 5 6 0.021603195 
243 296 6 6 0.021603195 
529 394 5 5 0.021603195 
92 295 8 8 0.021603195 
130 250 6 7 0.021603195 
54 217 5 6 0.021603195 
315 332 6 6 0.021603195 
239 274 10 10 0.021603195 
906 388 8 7 0.021603195 
431 291 4 4 0.021603195 
209 393 8 7 0.021603195 
94 210 4 5 0.021603195 
496 394 5 5 0.021603195 
516 393 5 6 0.021603195 
339 290 5 5 0.021603195 
444 283 4 4 0.021603195 
311 331 6 6 0.021603195 
111 207 4 4 0.021603195 
958 251 5 5 0.021603195 
298 251 4 4 0.021603195 
886 398 4 5 0.021603195 
281 291 4 5 0.021603195 
64 205 9 9 0.021603195 
12 395 9 9 0.021603195 
409 288 4 4 0.021603195 
155 286 6 6 0.021603195 
500 401 5 6 0.021603195 
22 208 5 5 0.021603195 
177 403 11 11 0.021603195 
388 289 4 5 0.021603195 
202 408 8 8 0.021603195 
1018 419 5 7 0.021603195 
390 283 5 5 0.021603195 
377 283 4 5 0.021603195 
160 414 7 7 0.021603195 
324 282 5 5 0.021603195 
67 411 8 8 0.021603195 
197 413 11 12 0.021603195 
194 276 6 7 0.021603195 
256 254 4 4 0.021603195 
89 201 4 4 0.021603195 
336 280 4 4 0.021603195 
876 447 5 6 0.021603195 
281 279 4 4 0.021603195 
261 279 6 6 0.021603195 
254 280 6 6 0.021603195 
198 278 6 6 0.021603195 
152 280 5 6 0.021603195 
64 276 11 13 0.021603195 
300 275 6 6 0.021603195 
149 255 5 5 0.021603195 
165 258 5 5 0.021603195 
156 260 5 5 0.021603195 
374 263 4 3 0.021603195 
289 272 5 5 0.021603195 
253 272 6 7 0.021603195 
245 272 5 5 0.021603195 
12 195 5 6 0.021603195 
208 272 6 6 0.021603195 
345 270 4 5 0.021603195 
190 268 6 6 0.021603195 
50 188 5 6 0.021603195 
233 261 6 6 0.021603195 
90 168 4 4 0.021603195 
121 264 7 8 0.021603195 
29 178 4 5 0.021603195 
33 179 4 4 0.021603195 
230 264 5 6 0.021603195 
125 264 11 12 0.021603195 
46 186 5 5 0.021603195 
83 266 8 8 0.021603195 
481 299 61 69 0.021360898 
904 287 27 28 0.021360898 
785 31 94 108 0.0201599 
