35_Basketball_playingbasketball_35_156
60
814 395 51 87 0.98046196 
405 437 97 94 0.9667309 
803 460 191 262 0.73441863 
118 -9 197 274 0.4085711 
887 428 69 79 0.36670664 
498 338 49 76 0.12872262 
469 322 25 31 0.08567618 
303 107 232 317 0.08285364 
645 626 65 65 0.07880669 
379 447 78 82 0.07244435 
88 30 117 163 0.064067975 
48 40 194 270 0.064067975 
246 651 6 9 0.06377564 
849 401 68 87 0.06111947 
432 292 101 147 0.053832814 
400 377 107 116 0.053832814 
515 485 76 94 0.051466707 
76 103 67 86 0.047198545 
502 350 15 20 0.045951538 
315 624 7 9 0.045951538 
404 354 31 50 0.04326818 
230 616 5 7 0.04229837 
196 499 222 278 0.04133061 
473 329 51 72 0.039651502 
138 72 62 89 0.039651502 
528 227 14 20 0.038923774 
192 9 144 186 0.03781825 
696 46 55 70 0.036325652 
520 218 14 23 0.035808332 
392 245 194 274 0.03163486 
815 430 99 98 0.030461596 
246 643 5 7 0.030282615 
535 231 7 11 0.030282615 
48 90 123 158 0.028921604 
448 436 85 113 0.028921604 
500 478 61 77 0.027884193 
772 15 29 34 0.027884193 
459 329 34 38 0.027884193 
5 632 23 34 0.027884193 
221 623 5 7 0.027838783 
521 217 9 14 0.027838778 
238 628 7 9 0.02558696 
102 659 6 8 0.02558696 
38 122 69 100 0.025519116 
449 322 54 70 0.025519116 
112 91 59 79 0.025519116 
677 481 249 326 0.024156325 
252 633 5 7 0.02351288 
481 334 29 39 0.023349825 
400 340 51 77 0.023349825 
127 171 17 22 0.021603195 
238 597 5 7 0.021603195 
358 699 4 5 0.021603195 
483 325 17 22 0.021603195 
116 184 7 9 0.021603195 
242 636 6 8 0.021603195 
494 345 31 47 0.021360904 
907 308 35 41 0.021360898 
561 64 24 32 0.021360898 
147 258 269 213 0.0201599 
