35_Basketball_playingbasketball_35_135
45
490 254 33 48 0.98859274 
68 285 140 227 0.6135702 
747 497 232 300 0.3864298 
-13 314 239 338 0.3647484 
492 472 46 70 0.268611 
411 282 79 89 0.21842524 
490 152 218 275 0.2150812 
800 404 242 323 0.19988176 
179 448 138 143 0.1254451 
276 531 142 169 0.1065206 
407 320 70 75 0.10106142 
200 480 225 271 0.09803478 
378 280 170 244 0.09803478 
157 354 212 271 0.09803478 
16 389 142 220 0.09803478 
580 236 232 292 0.08285364 
966 501 51 64 0.07880669 
503 237 48 72 0.06111947 
400 414 232 275 0.05874174 
514 411 51 62 0.051466707 
507 209 78 102 0.047198545 
395 349 67 72 0.04326818 
469 261 32 46 0.04326818 
446 410 117 159 0.04133061 
127 583 215 271 0.04133061 
588 501 212 305 0.04133061 
272 0 215 283 0.034593605 
512 467 31 51 0.033269096 
524 434 29 45 0.030461596 
394 296 106 135 0.028921604 
2 3 75 86 0.027884193 
953 215 74 134 0.027884193 
303 493 215 234 0.026434705 
403 391 37 43 0.023349825 
956 516 41 46 0.023349825 
472 249 48 75 0.023349825 
0 67 106 157 0.022069868 
79 260 235 305 0.022069868 
879 235 124 171 0.022069868 
472 154 142 198 0.022069868 
807 542 140 196 0.022069868 
96 44 106 139 0.022069868 
587 50 79 77 0.021360904 
518 379 70 83 0.021360898 
651 48 225 271 0.0201599 
