35_Basketball_basketballgame_ball_35_309
71
398 68 75 106 0.99952376 
132 47 71 108 0.99870443 
227 0 63 68 0.9979589 
793 53 153 242 0.9961204 
-4 510 69 160 0.93593204 
301 380 30 39 0.61190087 
940 184 60 89 0.5 
664 90 281 366 0.24794048 
959 67 18 28 0.1864517 
661 437 253 302 0.18550259 
662 4 73 92 0.16258557 
192 15 191 311 0.14717786 
534 352 19 27 0.13928533 
594 336 29 37 0.12872262 
921 43 57 86 0.109639935 
33 -1 73 77 0.09308395 
683 42 57 85 0.08567618 
74 139 222 316 0.08285364 
764 298 242 261 0.08285364 
988 93 16 24 0.08117401 
946 62 28 40 0.07880669 
730 81 153 242 0.076092646 
672 16 98 136 0.06984133 
242 61 104 215 0.06984133 
567 505 25 36 0.06111947 
168 442 242 335 0.05874174 
715 46 51 85 0.047198545 
285 382 34 40 0.047198545 
207 10 55 73 0.04326818 
433 396 228 316 0.04133061 
587 374 25 37 0.039651494 
429 346 12 16 0.038923774 
597 424 12 18 0.038923774 
656 122 111 185 0.03781825 
932 47 34 48 0.036325652 
111 72 76 114 0.036325652 
337 383 59 78 0.036325652 
117 354 71 88 0.036325652 
983 410 45 82 0.036325652 
430 289 26 42 0.033269096 
292 366 51 58 0.033269096 
827 408 136 151 0.03163486 
691 75 50 83 0.030461596 
975 136 25 37 0.030461596 
209 618 51 82 0.030461596 
480 657 18 25 0.030282615 
117 0 42 36 0.027884193 
726 151 51 69 0.027884185 
253 185 74 122 0.027884185 
588 429 13 24 0.027838778 
319 144 188 257 0.026434705 
686 63 17 23 0.02558696 
23 10 36 45 0.025519116 
428 269 46 73 0.025519116 
681 63 34 45 0.025519116 
15 106 206 242 0.024156325 
617 469 8 14 0.02351288 
116 -6 62 73 0.023349825 
85 100 76 112 0.023349825 
175 66 59 82 0.023349825 
936 448 75 70 0.023349825 
593 73 191 276 0.022069868 
638 556 206 268 0.022069868 
319 353 235 293 0.022069868 
493 333 13 16 0.021603195 
987 99 22 34 0.021360898 
942 617 76 122 0.021360898 
940 141 56 92 0.021360898 
592 350 31 44 0.021360898 
564 399 27 46 0.021360898 
185 59 95 151 0.0201599 
