35_Basketball_basketballgame_ball_35_460
64
483 373 160 384 0.9943938 
56 85 218 517 0.89347935 
506 862 194 487 0.85282207 
186 1075 249 573 0.71599656 
710 780 200 532 0.5461031 
597 919 140 368 0.52310073 
775 994 124 396 0.45389688 
88 1058 249 664 0.30317584 
521 263 235 674 0.24794048 
728 850 121 337 0.24794048 
465 668 200 452 0.21508123 
86 670 249 644 0.17193556 
469 504 140 390 0.15916686 
233 122 130 342 0.15916686 
347 1018 222 540 0.13594593 
675 179 200 524 0.13594593 
361 1267 35 96 0.118850335 
479 721 119 286 0.115646794 
751 918 79 190 0.10106142 
469 115 206 548 0.09803478 
366 812 67 163 0.08567618 
555 573 239 635 0.08285364 
544 466 94 254 0.07880669 
112 840 142 414 0.076092646 
774 176 212 494 0.06984132 
540 -14 261 674 0.064067975 
654 907 132 322 0.064067975 
784 1084 80 237 0.06111947 
148 48 212 524 0.05874174 
267 1119 130 368 0.058741733 
406 1187 45 124 0.056098126 
446 1157 24 64 0.051466707 
350 1209 57 152 0.051466707 
-4 146 194 573 0.04931264 
775 281 69 187 0.047198545 
579 945 215 599 0.045153897 
116 934 82 203 0.04326818 
387 842 37 95 0.04326818 
225 718 134 327 0.04133061 
368 237 9 26 0.038923774 
797 1005 206 487 0.03781825 
735 250 123 295 0.03781825 
198 582 239 524 0.03781825 
468 448 102 263 0.033269096 
396 1221 49 137 0.033269096 
219 1276 60 147 0.033269096 
256 846 277 540 0.03163486 
419 948 222 502 0.03163486 
741 278 62 166 0.030461596 
662 1024 75 187 0.030461596 
398 221 188 502 0.028921604 
692 975 191 590 0.028921604 
537 286 82 163 0.027884193 
88 130 65 135 0.027884185 
390 45 100 254 0.026434705 
318 662 194 466 0.026434705 
857 61 7 19 0.02558696 
103 254 94 225 0.025519116 
753 970 39 87 0.025519116 
398 235 8 21 0.02351288 
764 479 277 644 0.022069868 
172 1156 67 142 0.021360898 
430 1132 26 64 0.021360898 
821 1054 79 184 0.021360898 
