35_Basketball_basketballgame_ball_35_513
35
631 127 142 281 0.99796546 
219 -10 194 401 0.9831867 
223 811 249 501 0.8745549 
100 418 197 458 0.8144974 
166 662 257 493 0.71599656 
66 579 269 531 0.5 
259 358 246 516 0.47689918 
197 308 200 472 0.3436022 
398 314 215 523 0.3436022 
-9 749 269 589 0.2311026 
599 28 218 516 0.2150812 
476 673 194 452 0.18550259 
334 466 249 523 0.17193554 
264 514 63 153 0.07880669 
455 399 132 290 0.06984133 
780 126 188 479 0.05874174 
861 251 69 151 0.056098126 
207 78 273 625 0.04931264 
399 60 116 286 0.045153897 
779 251 30 75 0.04326818 
70 378 144 362 0.03781825 
568 759 257 531 0.03781825 
417 304 128 362 0.03163486 
755 222 58 131 0.030461596 
800 614 277 634 0.028921604 
517 403 124 277 0.028921604 
883 285 35 80 0.027884185 
501 277 215 452 0.02643471 
838 381 132 326 0.026434705 
822 174 103 294 0.022069868 
315 541 144 307 0.022069868 
762 308 212 516 0.022069868 
416 217 9 20 0.021603195 
413 150 70 161 0.021360898 
131 365 138 321 0.0201599 
