35_Basketball_playingbasketball_35_818
41
440 85 75 153 0.99678564 
598 178 35 104 0.9334414 
363 608 242 519 0.4310897 
371 152 60 155 0.2511021 
540 262 88 148 0.2511021 
605 180 55 131 0.2032784 
635 219 65 178 0.1753677 
492 351 218 535 0.12544508 
617 179 119 283 0.09803478 
483 257 116 214 0.09803478 
603 222 222 559 0.09015675 
359 263 58 143 0.07244435 
576 235 106 224 0.064067975 
242 120 61 136 0.056098126 
484 341 51 136 0.051466707 
117 71 232 559 0.04931264 
375 74 91 214 0.045153897 
402 844 200 448 0.045153886 
354 61 218 461 0.045153886 
236 436 175 475 0.03781825 
655 258 34 82 0.036325652 
446 164 130 279 0.034593605 
218 63 228 512 0.034593593 
651 200 36 79 0.033269096 
814 1110 128 279 0.03163486 
208 598 232 543 0.03163486 
529 547 246 611 0.028921604 
584 205 47 118 0.027884185 
642 180 57 127 0.025519116 
459 386 61 143 0.025519116 
389 185 37 94 0.025519116 
355 206 103 237 0.024156325 
269 1079 126 208 0.024156325 
195 139 73 166 0.023349825 
666 221 27 72 0.023349825 
792 1136 28 70 0.021360898 
495 390 30 86 0.021360898 
633 212 35 86 0.021360898 
563 296 52 83 0.021360898 
385 175 126 296 0.020159906 
162 145 114 301 0.0201599 
