35_Basketball_Basketball_35_635
66
755 314 29 39 0.9997482 
815 303 27 38 0.9996376 
621 304 31 40 0.99937433 
423 317 25 37 0.99931467 
699 342 26 35 0.9990996 
545 290 26 37 0.99891996 
599 265 27 39 0.99891996 
449 418 29 40 0.9988171 
282 310 27 35 0.99844605 
278 275 25 35 0.9975521 
486 322 24 35 0.9964803 
312 452 24 39 0.9944617 
459 278 25 33 0.9944617 
360 334 24 32 0.993937 
568 449 30 38 0.99204755 
511 477 26 33 0.99204755 
371 414 23 31 0.98751885 
212 317 23 30 0.96367437 
645 452 218 302 0.6352516 
261 351 56 72 0.34582695 
270 531 63 115 0.12872262 
84 324 8 11 0.111069925 
358 523 61 57 0.109639935 
417 442 14 19 0.102797605 
630 556 54 82 0.10106142 
293 605 78 88 0.08567618 
185 368 180 293 0.076092646 
218 397 14 18 0.074940585 
718 388 26 46 0.07244435 
2 19 119 172 0.06984133 
848 295 14 27 0.0691498 
14 198 225 302 0.064067975 
561 506 19 23 0.06377564 
608 508 17 28 0.05879275 
660 328 15 24 0.05879275 
609 279 30 41 0.051466707 
798 221 228 307 0.04931264 
240 351 15 26 0.045951538 
558 228 183 293 0.045153897 
394 418 232 269 0.045153886 
788 325 25 36 0.039651494 
624 266 15 23 0.038923774 
274 312 18 26 0.035808332 
302 470 15 26 0.035808332 
560 357 194 298 0.034593593 
431 298 23 34 0.033269096 
491 296 21 27 0.03293372 
239 461 94 209 0.03163486 
-22 -25 203 269 0.03163486 
877 414 128 165 0.03163486 
785 343 25 34 0.030461604 
117 310 8 10 0.030282615 
408 634 30 39 0.027884193 
313 618 43 44 0.027884185 
370 290 6 9 0.027838778 
79 320 15 20 0.02558696 
646 431 55 79 0.025519116 
795 353 178 289 0.024156325 
559 590 13 20 0.02351288 
240 656 26 33 0.023349825 
539 500 21 31 0.023349825 
850 300 20 32 0.023349825 
668 300 7 10 0.021603195 
135 579 25 35 0.021360898 
436 556 64 74 0.021360898 
602 512 25 44 0.021360898 
