35_Basketball_playingbasketball_35_405
122
826 296 14 23 0.8135483 
73 195 218 293 0.3864298 
876 249 138 200 0.3647484 
355 320 119 155 0.24794048 
347 328 7 12 0.19995552 
216 238 119 188 0.14717786 
337 219 206 257 0.13594593 
-23 194 225 307 0.09015675 
587 320 7 9 0.08117401 
342 324 13 18 0.08117401 
486 178 22 29 0.07244435 
584 457 200 302 0.06984133 
834 341 25 37 0.06655857 
592 442 13 23 0.06377564 
343 350 27 43 0.06111947 
340 322 23 31 0.06111947 
548 306 8 11 0.054176662 
345 316 14 20 0.054176662 
559 142 8 10 0.054176662 
966 57 47 76 0.051466707 
483 7 6 9 0.04990379 
788 292 51 76 0.047198545 
661 300 5 7 0.04595155 
357 309 14 20 0.045951538 
791 195 222 311 0.045153897 
336 332 31 41 0.04326818 
352 316 14 20 0.04229837 
743 348 242 307 0.04133061 
831 353 48 68 0.039651502 
707 442 76 111 0.039651502 
558 90 4 6 0.038923774 
583 322 8 12 0.038923774 
273 383 46 71 0.036325652 
793 300 31 45 0.036325652 
495 180 24 30 0.036325652 
557 320 12 19 0.035808332 
571 318 11 18 0.035808332 
334 363 32 47 0.033269096 
363 346 63 94 0.033269096 
821 328 27 41 0.033269096 
336 319 17 20 0.03293372 
558 85 5 6 0.032933712 
538 67 4 6 0.032933712 
672 306 5 8 0.032933712 
559 132 7 9 0.032933712 
515 83 6 8 0.032933712 
323 140 8 11 0.032933712 
826 333 42 64 0.030461596 
527 64 5 7 0.030282615 
540 66 5 7 0.030282615 
489 81 5 7 0.030282615 
399 110 8 10 0.030282615 
793 18 4 6 0.030282615 
356 178 8 12 0.030282615 
451 37 5 7 0.030282615 
836 302 9 14 0.030282615 
850 380 31 47 0.027884193 
403 265 46 74 0.027884185 
518 119 6 9 0.027838783 
532 81 4 6 0.027838783 
554 70 4 6 0.027838783 
460 3 6 8 0.027838778 
332 326 17 19 0.027838778 
716 164 7 10 0.02558696 
490 185 6 9 0.02558696 
559 69 4 6 0.02558696 
651 304 5 8 0.02558696 
452 15 7 9 0.02558696 
568 66 4 6 0.02558696 
589 89 5 7 0.02558696 
373 323 6 8 0.02558696 
569 325 8 12 0.02558696 
442 91 6 8 0.02558696 
323 358 54 78 0.025519116 
545 323 24 32 0.025519116 
273 410 209 277 0.02415633 
269 246 186 257 0.024156325 
963 455 70 172 0.024156325 
746 279 119 146 0.024156325 
554 81 4 6 0.02351288 
544 331 15 20 0.02351288 
544 70 5 7 0.02351288 
564 322 8 12 0.02351288 
508 85 5 7 0.02351288 
524 33 5 6 0.02351288 
606 329 5 7 0.02351288 
558 114 5 7 0.02351288 
546 77 5 6 0.02351288 
559 93 5 6 0.02351288 
597 95 5 6 0.02351288 
572 86 4 6 0.02351288 
493 187 8 11 0.02351288 
572 112 6 8 0.02351288 
555 91 4 6 0.02351288 
560 319 8 11 0.02351288 
339 311 15 20 0.02351288 
687 306 6 7 0.02351288 
850 337 25 37 0.023349825 
667 620 61 86 0.023349825 
517 205 25 38 0.023349825 
345 351 46 75 0.023349825 
820 287 25 37 0.023349825 
808 300 30 41 0.023349825 
570 297 6 9 0.021603195 
359 322 9 11 0.021603195 
577 308 14 20 0.021603195 
582 311 8 11 0.021603195 
586 312 9 11 0.021603195 
566 142 6 8 0.021603195 
294 127 14 17 0.021603195 
472 2 7 9 0.021603195 
510 189 8 10 0.021603195 
772 12 5 7 0.021603195 
750 21 6 8 0.021603195 
510 87 6 8 0.021603195 
537 90 4 6 0.021603195 
546 80 5 7 0.021603195 
533 90 4 6 0.021603195 
523 90 4 6 0.021603195 
530 131 7 9 0.021603195 
541 294 25 35 0.021360898 
351 319 26 35 0.021360898 
