35_Basketball_playingbasketball_35_523
24
163 70 97 125 0.99902797 
909 206 20 22 0.90492445 
408 343 269 227 0.3647484 
472 222 232 287 0.28400344 
306 314 277 318 0.26558137 
697 -16 222 220 0.2150812 
356 -3 273 263 0.115646794 
890 268 8 9 0.05879275 
-31 -6 235 230 0.053832814 
178 -27 293 266 0.04931264 
737 41 249 270 0.03781825 
487 210 15 16 0.035808332 
916 201 94 110 0.034593605 
820 171 203 240 0.034593593 
380 401 165 190 0.03163486 
478 -25 273 263 0.03163486 
161 232 61 69 0.030461604 
857 278 73 76 0.030461604 
255 236 222 210 0.028921604 
573 231 121 184 0.028921604 
832 235 75 94 0.027884185 
102 85 269 240 0.022069868 
11 358 228 244 0.022069868 
-59 207 257 259 0.0201599 
