35_Basketball_basketballgame_ball_35_479
3843
468 528 7 10 0.8263381 
125 426 7 9 0.8135483 
107 617 23 39 0.811072 
353 496 7 11 0.66669756 
830 367 6 8 0.60666233 
138 529 9 17 0.5858033 
353 592 10 18 0.5432222 
831 290 5 7 0.5432222 
218 483 7 10 0.5216516 
539 349 5 8 0.5 
36 401 5 9 0.47834834 
211 695 30 39 0.47725022 
501 542 7 12 0.4141967 
12 476 7 12 0.4141967 
886 296 5 7 0.4141967 
919 354 5 7 0.4141967 
861 372 5 8 0.4141967 
483 584 8 12 0.3933377 
336 278 5 6 0.3933377 
869 282 6 8 0.3728605 
2 420 6 8 0.3728605 
797 364 6 8 0.3728605 
61 435 6 8 0.3728605 
92 463 6 9 0.3728605 
459 487 7 10 0.3728605 
194 477 6 8 0.35282937 
199 277 6 9 0.35282937 
86 524 11 15 0.35282937 
136 438 7 10 0.35282937 
876 267 5 7 0.33330244 
592 330 5 7 0.33330244 
766 361 5 7 0.33330244 
857 361 6 8 0.33330244 
374 290 4 6 0.33330244 
42 382 6 9 0.33330244 
917 238 6 8 0.31433135 
636 193 6 8 0.31433135 
843 315 5 8 0.31433135 
965 204 5 7 0.31433135 
889 309 5 7 0.31433135 
364 577 9 13 0.31433135 
313 563 8 11 0.31433135 
831 340 5 8 0.29596066 
795 288 5 7 0.29596066 
190 503 6 9 0.29596066 
544 678 23 31 0.28687313 
848 273 5 7 0.27822798 
861 338 5 7 0.27822798 
416 475 6 8 0.27822798 
109 434 6 9 0.27822798 
905 213 5 7 0.27822798 
36 443 6 9 0.27822798 
758 220 4 6 0.26116365 
274 485 8 10 0.26116365 
8 330 7 10 0.26116365 
626 339 5 7 0.26116365 
184 253 6 9 0.26116365 
369 267 6 9 0.26116365 
421 366 5 8 0.26116365 
559 325 4 5 0.26116365 
864 268 5 7 0.26116365 
847 348 5 7 0.24479094 
842 162 5 6 0.24479094 
891 190 5 7 0.24479094 
894 201 4 6 0.24479094 
170 290 7 10 0.24479094 
271 577 7 13 0.24479094 
819 277 4 6 0.24479094 
113 520 10 17 0.24479094 
627 195 4 5 0.24479094 
84 416 6 8 0.22912638 
90 518 9 13 0.22912635 
845 272 4 6 0.22912635 
488 360 7 9 0.22912635 
447 608 12 18 0.22912635 
906 244 5 6 0.22912635 
932 277 6 8 0.22912635 
380 282 4 6 0.22912635 
993 265 7 10 0.2141799 
563 342 6 9 0.2141799 
818 650 12 17 0.2141799 
345 228 6 8 0.2141799 
852 254 4 6 0.2141799 
754 351 5 8 0.2141799 
177 534 10 18 0.19995552 
161 448 6 9 0.19995552 
242 576 10 16 0.19995552 
810 370 5 8 0.19995552 
768 334 5 8 0.19995552 
593 309 5 6 0.19995552 
643 337 5 7 0.19995552 
837 279 5 6 0.19995552 
360 523 8 12 0.19995552 
903 188 4 6 0.19995552 
24 509 8 12 0.1864517 
58 402 5 7 0.1864517 
416 248 5 6 0.1864517 
148 515 9 13 0.1864517 
685 228 5 7 0.1864517 
298 309 6 9 0.1864517 
859 324 6 8 0.1864517 
656 528 7 11 0.1864517 
42 461 7 10 0.1864517 
371 213 5 8 0.1864517 
333 574 9 13 0.18645167 
199 478 7 8 0.18645167 
823 391 6 8 0.18645167 
575 355 5 8 0.18645167 
605 206 4 6 0.17366187 
397 270 5 7 0.17366187 
669 539 7 11 0.17366187 
891 143 4 6 0.17366187 
336 229 5 7 0.17366187 
859 305 6 8 0.17366187 
584 329 4 7 0.17366187 
800 325 5 7 0.17366187 
941 325 5 7 0.17366187 
897 377 5 7 0.17366187 
101 424 5 8 0.17366187 
886 242 5 7 0.17366187 
309 270 7 10 0.17366187 
173 524 12 19 0.17366186 
505 592 12 18 0.17366186 
195 276 6 9 0.17366186 
594 633 12 21 0.17366186 
309 237 6 8 0.16157512 
416 200 4 6 0.16157512 
499 289 5 8 0.16157512 
170 253 5 7 0.16157512 
614 201 5 7 0.16157512 
112 496 6 10 0.16157512 
502 358 6 8 0.16157512 
31 483 7 13 0.16157512 
891 354 5 6 0.16157512 
350 191 5 7 0.16157512 
100 297 5 6 0.16157512 
345 209 5 7 0.16157512 
364 502 6 9 0.16157512 
400 199 5 6 0.16157512 
895 223 5 6 0.16157512 
616 301 5 7 0.16157512 
650 527 8 11 0.16157512 
84 449 5 8 0.16157512 
425 242 5 7 0.16157512 
386 679 30 37 0.15056497 
28 485 7 12 0.15017675 
326 190 5 7 0.15017675 
538 505 8 11 0.15017675 
345 214 5 7 0.15017675 
815 315 5 7 0.15017675 
844 305 6 7 0.15017675 
349 497 7 10 0.15017675 
323 257 4 6 0.15017675 
54 390 6 8 0.15017675 
993 185 5 7 0.15017675 
841 385 6 8 0.15017675 
491 287 4 6 0.15017675 
593 167 5 6 0.15017675 
869 205 5 6 0.13944872 
882 254 5 7 0.13944872 
7 394 7 10 0.13944872 
868 253 5 8 0.13944872 
47 407 8 10 0.13944872 
486 275 5 7 0.13944872 
595 185 5 7 0.13944872 
62 306 6 8 0.13944872 
464 243 5 7 0.13944872 
895 220 5 6 0.13944872 
753 234 6 8 0.13944872 
678 208 4 6 0.13944872 
860 281 5 7 0.13944872 
166 278 6 10 0.13944872 
387 502 8 12 0.13944872 
434 520 7 11 0.13944872 
866 316 5 7 0.13944872 
888 239 4 7 0.13944872 
601 330 4 6 0.13944872 
558 350 5 7 0.13944872 
509 511 7 10 0.13944872 
676 308 5 7 0.13944872 
764 233 5 7 0.1293704 
709 314 4 6 0.1293704 
426 192 3 5 0.1293704 
202 277 6 8 0.1293704 
322 553 9 12 0.1293704 
173 277 5 7 0.1293704 
843 254 5 7 0.1293704 
823 340 5 7 0.1293704 
779 335 6 8 0.1293704 
895 228 5 7 0.1293704 
654 219 4 6 0.1293704 
642 281 4 6 0.1293704 
148 509 8 11 0.1293704 
570 328 5 7 0.1293704 
655 216 4 6 0.1293704 
913 304 5 7 0.1293704 
945 248 5 7 0.1293704 
412 592 8 11 0.1293704 
335 491 6 9 0.1293704 
326 212 6 8 0.1293704 
796 312 5 7 0.12937039 
619 335 4 6 0.12937039 
617 203 4 6 0.11991897 
608 215 4 5 0.11991897 
674 209 4 6 0.11991897 
338 525 8 11 0.11991897 
89 477 11 16 0.11991897 
256 547 7 10 0.11991897 
875 364 5 8 0.11991897 
984 266 6 9 0.11991897 
842 370 6 8 0.11991897 
552 622 15 22 0.11991897 
803 390 6 10 0.11991897 
926 190 4 6 0.11991897 
630 305 4 6 0.11991897 
941 181 4 6 0.11991897 
904 233 5 7 0.11991897 
851 272 5 7 0.11991897 
870 307 5 7 0.11991897 
462 489 7 10 0.11991897 
751 335 4 6 0.11991897 
587 330 5 8 0.11991897 
161 170 4 6 0.111069925 
915 195 4 6 0.111069925 
765 348 6 8 0.111069925 
81 520 13 17 0.111069925 
845 292 4 6 0.111069925 
876 196 4 5 0.111069925 
938 285 7 10 0.111069925 
923 286 5 7 0.111069925 
75 442 6 9 0.111069925 
375 186 4 6 0.111069925 
819 292 4 6 0.111069925 
634 237 5 7 0.111069925 
315 558 11 15 0.111069925 
308 511 6 10 0.111069925 
729 241 4 5 0.111069925 
373 583 6 11 0.111069925 
810 285 5 6 0.111069925 
25 462 6 9 0.111069925 
125 509 7 11 0.111069925 
568 368 6 9 0.111069925 
346 205 5 7 0.111069925 
1014 218 5 8 0.111069925 
371 228 5 8 0.111069925 
993 205 5 7 0.111069925 
797 354 5 7 0.111069925 
665 283 4 6 0.111069925 
429 476 7 10 0.111069925 
422 632 11 16 0.111069925 
191 538 13 21 0.111069925 
915 200 4 6 0.111069925 
558 313 5 7 0.111069925 
955 203 5 6 0.111069925 
86 476 8 11 0.111069925 
130 284 6 8 0.111069925 
886 320 5 7 0.111069925 
868 221 5 7 0.111069925 
916 192 4 6 0.111069925 
821 584 8 12 0.111069925 
197 534 13 18 0.111069925 
826 325 6 8 0.10279763 
858 338 5 7 0.10279763 
15 339 5 7 0.10279763 
823 361 5 7 0.10279763 
24 366 7 10 0.10279763 
23 371 7 10 0.10279763 
68 401 6 8 0.10279763 
828 189 5 7 0.10279763 
170 256 5 8 0.10279763 
924 220 4 6 0.10279763 
409 268 4 6 0.10279763 
830 302 5 7 0.10279763 
482 299 6 8 0.10279763 
50 482 7 12 0.10279763 
769 659 9 13 0.10279763 
570 167 4 6 0.10279763 
531 321 5 7 0.10279763 
157 245 6 9 0.10279763 
46 513 12 18 0.10279763 
905 377 5 7 0.10279763 
887 285 5 7 0.10279763 
323 239 6 8 0.10279763 
882 201 4 6 0.10279763 
123 527 10 17 0.102797605 
1016 390 7 13 0.102797605 
862 239 5 6 0.102797605 
576 200 5 7 0.102797605 
915 311 7 9 0.102797605 
836 149 4 5 0.102797605 
362 224 5 7 0.102797605 
357 277 5 8 0.102797605 
940 282 6 8 0.102797605 
902 271 5 8 0.102797605 
389 509 8 11 0.102797605 
117 523 9 18 0.102797605 
605 196 5 6 0.102797605 
785 363 5 7 0.102797605 
734 220 4 6 0.102797605 
377 613 21 29 0.10106142 
858 321 5 7 0.09507551 
326 194 5 7 0.09507551 
657 258 4 6 0.09507551 
614 325 5 7 0.09507551 
571 319 4 6 0.09507551 
864 242 5 7 0.09507551 
974 251 7 10 0.09507551 
362 611 17 22 0.09507551 
501 315 6 8 0.09507551 
379 575 12 18 0.09507551 
169 261 5 8 0.09507551 
623 316 4 6 0.09507551 
453 296 7 10 0.09507551 
914 302 5 7 0.09507551 
375 247 5 7 0.09507551 
924 262 6 8 0.09507551 
840 361 5 7 0.09507551 
442 524 6 9 0.09507551 
843 166 5 7 0.09507551 
747 229 4 6 0.09507551 
915 229 5 7 0.09507551 
323 230 4 6 0.09507551 
480 286 5 7 0.09507551 
347 252 5 7 0.09507551 
48 429 6 9 0.09507551 
930 279 6 8 0.09507551 
338 668 8 11 0.09507551 
563 220 4 6 0.09507551 
98 421 5 7 0.09507551 
866 220 4 6 0.08787667 
629 214 5 6 0.08787667 
928 209 4 6 0.08787667 
971 230 5 7 0.08787667 
813 356 6 9 0.08787667 
900 271 5 8 0.08787667 
917 223 4 6 0.08787667 
183 539 11 19 0.08787667 
717 226 4 6 0.08787667 
928 186 4 6 0.08787667 
640 749 11 14 0.08787667 
6 409 5 8 0.08787667 
584 199 5 7 0.08787667 
825 668 11 19 0.08787667 
921 263 5 7 0.08787667 
939 181 4 6 0.08787667 
892 230 4 6 0.08787667 
841 148 4 6 0.08787667 
935 238 4 7 0.08787667 
806 273 4 6 0.08787667 
899 229 4 6 0.08787667 
938 290 7 9 0.08787667 
815 299 4 6 0.08787667 
90 433 6 9 0.08787667 
891 363 6 8 0.08787667 
128 282 5 7 0.08787667 
418 515 8 12 0.08787667 
579 521 6 11 0.08787667 
916 157 4 6 0.08787667 
243 181 5 8 0.08787667 
7 476 8 11 0.08787667 
472 297 4 5 0.08787667 
396 292 5 7 0.08787667 
432 594 8 12 0.08787667 
544 316 5 6 0.08787667 
546 307 4 6 0.08787667 
768 325 4 6 0.08787667 
646 330 5 7 0.08787667 
783 720 25 37 0.08567618 
803 59 206 277 0.08285364 
479 588 10 13 0.081174016 
982 228 5 7 0.08117401 
954 185 4 6 0.08117401 
929 206 4 6 0.08117401 
986 204 4 6 0.08117401 
1002 203 5 7 0.08117401 
613 520 6 10 0.08117401 
578 358 6 8 0.08117401 
208 210 6 8 0.08117401 
315 210 6 8 0.08117401 
436 523 8 10 0.08117401 
137 478 7 10 0.08117401 
67 462 7 10 0.08117401 
817 658 11 20 0.08117401 
820 277 5 7 0.08117401 
861 271 5 6 0.08117401 
102 282 4 6 0.08117401 
186 282 5 7 0.08117401 
794 362 6 8 0.08117401 
335 189 4 6 0.08117401 
921 219 5 7 0.08117401 
934 219 4 6 0.08117401 
937 220 5 6 0.08117401 
1002 198 6 7 0.08117401 
183 455 5 7 0.08117401 
395 218 5 7 0.08117401 
894 180 4 6 0.08117401 
924 295 7 10 0.08117401 
61 514 8 13 0.08117401 
220 575 8 14 0.08117401 
907 233 5 7 0.08117401 
510 325 5 8 0.08117401 
603 147 3 5 0.08117401 
369 581 8 12 0.08117401 
976 175 5 7 0.08117401 
813 328 5 7 0.08117401 
697 311 6 8 0.08117401 
718 294 6 8 0.08117401 
934 243 5 7 0.08117401 
405 216 4 6 0.08117401 
662 214 4 6 0.08117401 
862 216 4 5 0.08117401 
647 233 7 9 0.08117401 
587 320 4 6 0.08117401 
699 340 5 7 0.08117401 
898 258 5 7 0.08117401 
917 247 5 7 0.08117401 
665 296 5 7 0.08117401 
314 310 6 9 0.08117401 
626 192 5 7 0.08117401 
896 69 117 153 0.076092646 
584 196 5 7 0.074940585 
361 504 8 10 0.074940585 
548 503 6 12 0.074940585 
173 452 6 8 0.074940585 
110 452 6 9 0.074940585 
142 530 11 19 0.074940585 
895 215 5 6 0.074940585 
922 216 4 5 0.074940585 
931 215 4 6 0.074940585 
72 411 5 7 0.074940585 
361 219 5 7 0.074940585 
55 295 5 7 0.074940585 
891 273 4 6 0.074940585 
468 286 4 6 0.074940585 
644 292 5 7 0.074940585 
723 561 8 12 0.074940585 
27 365 5 7 0.074940585 
788 220 5 8 0.074940585 
755 320 5 7 0.074940585 
559 321 5 6 0.074940585 
810 353 7 10 0.074940585 
843 311 6 9 0.074940585 
208 477 6 8 0.074940585 
634 185 4 6 0.074940585 
357 596 11 18 0.074940585 
220 268 5 7 0.07494057 
379 172 4 5 0.07494057 
903 176 5 7 0.07494057 
609 205 4 7 0.07494057 
998 223 6 8 0.07494057 
76 466 7 11 0.07494057 
169 167 4 6 0.07494057 
828 253 4 5 0.07494057 
561 574 8 11 0.07494057 
490 291 5 7 0.07494057 
617 190 4 6 0.07494057 
396 243 4 6 0.07494057 
679 221 4 6 0.07494057 
989 204 5 7 0.07494057 
617 315 4 6 0.07494057 
963 271 7 9 0.07494057 
832 175 4 6 0.07494057 
545 319 5 8 0.07494057 
934 247 5 7 0.07494057 
4 419 6 10 0.07494057 
600 220 4 6 0.07494057 
984 191 5 7 0.07494057 
378 285 5 7 0.07494057 
605 305 4 6 0.07494057 
400 180 4 6 0.07494057 
818 295 5 7 0.07494057 
587 152 4 6 0.07494057 
609 186 4 6 0.07494057 
795 187 4 6 0.07494057 
148 440 5 7 0.07494057 
971 190 5 7 0.07494057 
371 576 11 17 0.07494057 
856 254 5 6 0.07494057 
575 177 4 6 0.07494057 
953 251 7 10 0.07494057 
495 275 5 7 0.07494057 
256 535 6 8 0.07494057 
953 286 5 8 0.07494057 
644 328 5 8 0.07494057 
54 406 5 8 0.07494057 
7 406 6 8 0.07494057 
455 629 59 71 0.072444364 
318 76 117 172 0.06984132 
896 375 5 7 0.069149815 
256 262 7 9 0.069149815 
476 507 6 10 0.069149815 
388 172 5 6 0.069149815 
2 294 8 11 0.069149815 
595 307 5 7 0.069149815 
596 182 5 7 0.069149815 
160 525 11 19 0.069149815 
425 475 6 10 0.069149815 
310 258 4 6 0.0691498 
926 229 5 7 0.0691498 
869 239 5 6 0.0691498 
27 372 7 9 0.0691498 
636 258 4 6 0.0691498 
891 233 4 6 0.0691498 
74 494 8 13 0.0691498 
981 205 4 6 0.0691498 
647 528 7 11 0.0691498 
721 228 4 6 0.0691498 
972 215 5 7 0.0691498 
750 349 6 8 0.0691498 
156 177 4 6 0.0691498 
844 329 5 7 0.0691498 
585 228 5 7 0.0691498 
66 396 6 9 0.0691498 
1016 195 6 9 0.0691498 
19 510 9 12 0.0691498 
766 230 4 6 0.0691498 
804 711 14 25 0.0691498 
635 304 5 7 0.0691498 
657 304 5 7 0.0691498 
471 506 7 9 0.0691498 
748 306 5 7 0.0691498 
313 236 6 8 0.0691498 
561 346 6 9 0.0691498 
381 610 14 20 0.0691498 
896 258 4 6 0.0691498 
177 232 6 8 0.0691498 
660 282 4 6 0.0691498 
793 319 4 6 0.0691498 
784 320 5 7 0.0691498 
737 220 4 6 0.0691498 
818 177 5 6 0.0691498 
623 204 4 6 0.0691498 
673 215 4 5 0.0691498 
874 242 4 6 0.0691498 
794 315 5 7 0.0691498 
226 296 6 8 0.0691498 
733 223 4 6 0.0691498 
168 277 6 8 0.0691498 
477 311 4 6 0.0691498 
554 310 4 7 0.0691498 
958 344 6 9 0.0691498 
348 175 4 6 0.0691498 
542 211 4 5 0.0691498 
411 147 5 7 0.0691498 
579 362 6 8 0.0691498 
916 261 5 8 0.0691498 
430 177 4 5 0.0691498 
987 241 5 7 0.0691498 
83 472 9 12 0.0691498 
690 261 4 6 0.0691498 
310 518 7 10 0.0691498 
348 231 7 9 0.0691498 
849 261 5 7 0.0691498 
904 247 5 7 0.0691498 
164 629 27 32 0.06655858 
349 277 4 6 0.06377564 
367 162 4 6 0.06377564 
929 243 5 7 0.06377564 
875 199 4 6 0.06377564 
817 585 7 12 0.06377564 
50 477 7 11 0.06377564 
788 186 4 6 0.06377564 
1014 206 5 7 0.06377564 
397 553 8 11 0.06377564 
408 248 4 6 0.06377564 
625 205 5 6 0.06377564 
677 272 4 6 0.06377564 
826 339 5 8 0.06377564 
572 177 4 6 0.06377564 
32 440 7 9 0.06377564 
95 480 8 12 0.06377564 
664 211 4 6 0.06377564 
359 592 8 13 0.06377564 
175 230 5 7 0.06377564 
966 201 5 7 0.06377564 
585 210 4 6 0.06377564 
254 306 4 6 0.06377564 
300 306 6 9 0.06377564 
417 245 4 6 0.06377564 
770 324 5 7 0.06377564 
907 357 5 7 0.06377564 
799 366 6 8 0.06377564 
97 452 7 9 0.06377564 
738 243 5 7 0.06377564 
661 254 4 6 0.06377564 
695 225 4 6 0.06377564 
933 182 4 6 0.06377564 
549 307 5 6 0.06377564 
734 234 4 6 0.06377564 
296 649 14 18 0.06377564 
779 225 5 7 0.06377564 
975 248 7 9 0.06377564 
439 175 4 6 0.06377564 
522 545 13 17 0.06377564 
868 319 5 7 0.06377564 
768 337 7 9 0.06377564 
285 325 4 7 0.06377564 
675 271 4 6 0.06377564 
248 162 4 5 0.06377564 
377 243 5 7 0.06377564 
226 271 5 7 0.06377564 
213 566 12 19 0.06377564 
971 237 5 7 0.06377564 
375 196 4 6 0.06377564 
919 368 5 7 0.06377564 
583 176 4 6 0.06377564 
593 170 5 7 0.06377564 
63 401 5 8 0.06377564 
976 191 4 6 0.06377564 
183 190 5 6 0.06377564 
852 237 4 6 0.06377564 
600 301 4 6 0.06377564 
54 424 7 11 0.06377564 
417 224 5 7 0.06377564 
806 286 4 6 0.06377564 
943 407 5 8 0.06377564 
80 302 4 5 0.06377564 
584 185 4 5 0.06377564 
375 294 5 7 0.06377564 
682 287 6 8 0.06377564 
187 190 5 7 0.06377564 
720 300 5 7 0.06377564 
571 340 5 7 0.06377564 
361 191 5 6 0.06377564 
867 285 6 8 0.06377564 
312 531 12 17 0.06377564 
566 219 4 6 0.06377564 
632 632 11 19 0.06377564 
797 266 4 6 0.06377564 
81 515 9 12 0.06377564 
28 52 5 8 0.06377564 
584 341 4 6 0.06377564 
360 195 5 7 0.06377564 
307 287 6 8 0.06377564 
673 615 7 13 0.06377564 
139 291 5 7 0.06377564 
907 381 5 7 0.06377564 
923 290 7 9 0.06377564 
689 335 6 9 0.06377564 
981 190 5 7 0.06377564 
867 267 5 7 0.06377564 
258 511 6 10 0.06377564 
271 628 26 34 0.06111947 
710 301 5 7 0.05879275 
209 324 5 8 0.05879275 
290 310 5 8 0.05879275 
1018 182 5 8 0.05879275 
865 159 4 6 0.05879275 
392 291 4 6 0.05879275 
874 321 6 8 0.05879275 
374 252 5 7 0.05879275 
498 248 4 5 0.05879275 
965 310 5 8 0.05879275 
363 237 5 7 0.05879275 
885 254 5 7 0.05879275 
811 338 5 7 0.05879275 
682 209 4 6 0.05879275 
78 443 6 9 0.05879275 
1011 209 5 7 0.05879275 
906 210 5 7 0.05879275 
397 276 5 7 0.05879275 
542 268 4 6 0.05879275 
173 273 5 7 0.05879275 
668 282 5 7 0.05879275 
592 320 5 6 0.05879275 
557 251 4 6 0.05879275 
695 254 4 6 0.05879275 
746 254 4 6 0.05879275 
762 305 4 6 0.05879275 
122 159 5 7 0.05879275 
818 280 4 6 0.05879275 
635 182 4 5 0.05879275 
976 238 5 7 0.05879275 
850 349 5 8 0.05879275 
865 350 6 9 0.05879275 
580 330 4 6 0.05879275 
444 270 5 7 0.05879275 
216 282 5 7 0.05879275 
900 296 5 8 0.05879275 
235 301 4 6 0.05879275 
852 687 15 22 0.05879275 
267 302 5 7 0.05879275 
84 571 11 20 0.05879275 
620 257 5 7 0.05879275 
399 243 5 8 0.05879275 
237 295 4 6 0.05879275 
617 311 5 7 0.05879275 
725 345 5 7 0.05879275 
537 321 4 7 0.05879275 
533 312 5 6 0.05879275 
523 311 4 6 0.05879275 
823 327 6 8 0.05879275 
870 339 5 6 0.05879275 
918 173 4 5 0.05879275 
706 239 4 6 0.05879275 
598 296 5 6 0.05879275 
946 344 5 7 0.05879275 
777 229 6 9 0.05879275 
388 520 7 10 0.05879275 
596 200 5 6 0.05879275 
174 522 8 11 0.05879275 
623 168 4 5 0.05879275 
313 521 6 8 0.05879275 
977 201 4 6 0.05879275 
242 192 4 5 0.05879275 
396 205 5 7 0.05879275 
858 272 5 7 0.05879275 
841 272 4 6 0.05879275 
622 520 6 11 0.05879275 
517 268 4 6 0.05879275 
912 204 4 6 0.05879275 
947 143 4 5 0.05879275 
440 187 4 6 0.05879275 
446 271 5 7 0.05879275 
925 224 4 5 0.05879275 
981 225 5 7 0.05879275 
843 360 6 8 0.05879275 
826 362 5 7 0.05879275 
848 351 6 8 0.05879275 
670 224 4 6 0.05879275 
664 228 5 7 0.05879275 
860 277 5 8 0.05879275 
144 230 4 6 0.05879275 
904 374 5 6 0.05879275 
316 190 5 6 0.05879275 
673 220 4 6 0.05879275 
933 215 4 6 0.05879275 
57 396 6 9 0.05879275 
592 164 4 6 0.05879275 
580 219 4 6 0.05879275 
242 143 4 6 0.05879275 
883 210 4 6 0.05879275 
318 210 5 8 0.05879275 
323 211 6 8 0.05879275 
86 467 9 13 0.05879275 
544 505 8 11 0.05879275 
287 505 7 10 0.05879275 
395 513 7 10 0.05879275 
167 167 4 6 0.05879275 
409 168 4 5 0.05879275 
150 499 7 11 0.05879275 
315 525 6 9 0.05879275 
388 614 22 31 0.056098126 
816 725 32 45 0.056098126 
378 218 5 7 0.054176662 
549 310 5 6 0.054176662 
987 266 7 10 0.054176662 
335 204 5 6 0.054176662 
381 205 5 6 0.054176662 
736 215 4 6 0.054176662 
741 368 5 7 0.054176662 
934 235 5 7 0.054176662 
376 172 4 5 0.054176662 
641 338 5 7 0.054176662 
323 234 5 7 0.054176662 
817 358 5 7 0.054176662 
600 340 5 6 0.054176662 
904 173 5 6 0.054176662 
959 260 7 9 0.054176662 
756 206 3 5 0.054176662 
798 166 4 6 0.054176662 
789 206 4 6 0.054176662 
873 206 4 6 0.054176662 
826 249 4 6 0.054176662 
433 475 6 9 0.054176662 
898 374 6 7 0.054176662 
400 202 6 8 0.054176662 
971 248 6 9 0.054176662 
369 151 5 7 0.054176662 
623 201 4 6 0.054176662 
852 283 5 7 0.054176662 
501 310 5 8 0.054176662 
662 219 4 6 0.054176662 
604 330 5 6 0.054176662 
874 172 4 6 0.054176662 
347 225 5 7 0.054176662 
938 159 4 5 0.054176662 
787 332 6 8 0.054176662 
858 373 6 8 0.054176662 
763 238 4 6 0.054176662 
267 185 5 6 0.054176662 
916 233 5 7 0.054176662 
920 223 4 6 0.054176662 
572 353 6 8 0.054176662 
834 287 5 8 0.054176662 
825 359 6 8 0.054176662 
177 267 4 7 0.054176662 
856 405 6 9 0.054176662 
918 221 4 6 0.054176662 
769 330 5 8 0.054176662 
733 278 5 7 0.054176662 
503 538 9 13 0.054176662 
891 357 6 8 0.054176662 
86 334 5 7 0.054176662 
576 219 4 6 0.054176662 
977 234 5 6 0.054176662 
954 171 5 7 0.054176662 
702 276 5 6 0.054176662 
860 285 5 7 0.054176662 
853 150 4 6 0.054176662 
882 267 5 7 0.054176662 
874 210 5 6 0.054176662 
772 321 5 7 0.054176662 
657 282 4 6 0.054176662 
150 622 12 19 0.054176662 
396 436 5 7 0.054176662 
507 266 4 6 0.054176662 
884 243 5 6 0.054176662 
843 151 4 6 0.054176662 
829 320 6 7 0.054176662 
199 187 4 6 0.054176662 
170 449 6 9 0.054176662 
245 174 5 7 0.054176662 
810 273 4 6 0.054176662 
81 430 6 8 0.054176662 
755 316 4 6 0.054176662 
616 519 7 10 0.054176662 
601 326 5 6 0.054176662 
750 283 4 6 0.054176662 
682 274 4 6 0.054176662 
108 472 7 10 0.054176662 
754 186 4 5 0.054176662 
624 157 4 6 0.054176662 
784 324 5 7 0.054176662 
790 297 4 6 0.054176662 
932 273 6 9 0.054176662 
320 297 4 6 0.054176662 
252 192 4 6 0.054176662 
821 175 5 7 0.054176662 
844 269 5 6 0.054176662 
942 161 4 5 0.054176662 
439 205 4 6 0.054176662 
555 206 4 6 0.054176662 
926 187 4 6 0.054176662 
333 201 5 7 0.054176662 
574 297 4 6 0.054176662 
369 502 6 10 0.054176662 
595 196 5 6 0.054176662 
630 195 4 6 0.054176662 
730 302 5 7 0.054176662 
383 287 5 7 0.054176662 
401 511 12 16 0.054176662 
554 306 4 6 0.054176662 
796 296 5 7 0.054176662 
444 196 5 6 0.054176662 
438 287 5 7 0.054176662 
981 195 4 6 0.054176662 
467 490 6 10 0.054176662 
335 29 209 281 0.053832818 
582 282 5 7 0.04990379 
583 173 4 5 0.04990379 
180 172 3 5 0.04990379 
883 326 5 8 0.04990379 
105 422 5 7 0.04990379 
82 434 6 9 0.04990379 
460 267 5 6 0.04990379 
754 268 4 6 0.04990379 
310 242 5 7 0.04990379 
751 195 5 6 0.04990379 
87 419 5 8 0.04990379 
384 191 4 6 0.04990379 
885 324 6 8 0.04990379 
892 213 5 7 0.04990379 
746 216 4 6 0.04990379 
930 226 4 6 0.04990379 
542 242 4 6 0.04990379 
608 197 4 6 0.04990379 
883 319 5 7 0.04990379 
345 217 5 7 0.04990379 
345 249 5 7 0.04990379 
188 187 4 6 0.04990379 
361 269 4 6 0.04990379 
544 214 5 6 0.04990379 
908 301 5 7 0.04990379 
427 180 4 6 0.04990379 
762 224 4 6 0.04990379 
998 228 5 7 0.04990379 
866 209 4 6 0.04990379 
155 181 5 7 0.04990379 
343 672 19 25 0.04990379 
921 182 4 5 0.04990379 
387 288 4 6 0.04990379 
548 321 5 7 0.04990379 
244 325 7 9 0.04990379 
787 315 5 7 0.04990379 
597 211 4 6 0.04990379 
809 391 6 9 0.04990379 
589 161 4 6 0.04990379 
904 357 5 7 0.04990379 
148 199 4 6 0.04990379 
963 180 5 7 0.04990379 
52 473 6 9 0.04990379 
320 275 5 7 0.04990379 
195 227 5 7 0.04990379 
276 302 4 6 0.04990379 
967 248 5 7 0.04990379 
983 224 5 8 0.04990379 
873 309 5 7 0.04990379 
858 276 5 8 0.04990379 
823 381 6 8 0.04990379 
871 214 5 6 0.04990379 
950 200 5 6 0.04990379 
198 516 12 16 0.04990379 
878 219 4 6 0.04990379 
818 166 4 6 0.04990379 
949 263 7 10 0.04990379 
460 502 6 8 0.04990379 
1002 187 4 6 0.04990379 
313 200 5 7 0.04990379 
947 146 4 5 0.04990379 
217 208 6 7 0.04990379 
772 311 5 7 0.04990379 
841 305 5 7 0.04990379 
968 232 5 8 0.04990379 
800 166 4 6 0.04990379 
736 278 5 7 0.04990379 
195 223 6 8 0.04990379 
600 180 4 6 0.04990379 
959 225 5 7 0.04990379 
879 301 5 7 0.04990379 
144 439 6 8 0.04990379 
992 208 5 7 0.04990379 
584 181 4 6 0.04990379 
562 297 4 5 0.04990379 
190 191 5 6 0.04990379 
945 233 5 7 0.04990379 
928 232 5 7 0.04990379 
185 277 5 7 0.04990379 
249 576 7 13 0.04990379 
417 204 4 6 0.04990379 
519 269 4 6 0.04990379 
661 272 5 7 0.04990379 
792 297 5 7 0.04990379 
930 218 5 7 0.04990379 
874 247 5 7 0.04990379 
207 275 6 8 0.04990379 
107 524 12 17 0.049903784 
401 178 4 5 0.049903784 
777 330 5 7 0.049903784 
166 623 16 23 0.049903784 
597 163 4 5 0.049903784 
393 240 4 6 0.049903784 
303 545 12 15 0.049903784 
629 598 7 11 0.049903784 
802 388 5 8 0.049903784 
845 345 5 7 0.049903784 
819 172 5 6 0.049903784 
833 364 6 8 0.049903784 
575 235 5 7 0.049903784 
314 301 5 7 0.049903784 
558 305 4 6 0.049903784 
28 507 10 15 0.049903784 
332 187 5 7 0.049903784 
385 153 61 89 0.047198545 
164 642 35 41 0.047198545 
891 248 5 7 0.04595155 
482 304 5 8 0.04595155 
81 306 4 6 0.04595155 
333 256 4 6 0.04595155 
546 256 5 7 0.04595155 
760 195 4 5 0.04595155 
948 200 4 6 0.04595155 
208 217 6 8 0.04595155 
996 204 5 7 0.04595155 
201 237 4 6 0.04595155 
901 232 4 7 0.04595155 
900 261 6 8 0.04595155 
711 233 4 6 0.04595155 
1004 195 6 8 0.04595155 
243 208 5 6 0.04595155 
396 224 5 6 0.04595155 
806 200 4 6 0.04595155 
144 488 5 8 0.04595155 
421 225 4 5 0.04595155 
110 278 4 5 0.04595155 
664 224 5 7 0.04595155 
733 338 5 8 0.04595155 
564 200 4 6 0.04595155 
614 304 5 7 0.04595155 
801 281 5 6 0.04595155 
570 164 4 6 0.04595155 
389 515 8 10 0.04595155 
814 163 4 6 0.04595155 
222 166 4 6 0.04595155 
639 629 13 19 0.04595155 
938 161 4 5 0.04595155 
584 205 4 6 0.04595155 
818 311 5 7 0.04595155 
793 167 4 5 0.04595155 
917 378 5 7 0.04595155 
570 311 5 7 0.04595155 
218 266 5 7 0.04595155 
810 228 5 7 0.04595155 
843 324 6 8 0.04595155 
76 579 16 20 0.04595155 
529 323 5 7 0.04595155 
567 196 4 6 0.04595155 
255 192 4 6 0.04595155 
136 294 6 8 0.04595155 
801 342 5 8 0.04595155 
901 267 6 8 0.04595155 
873 214 5 7 0.04595155 
355 499 7 11 0.04595155 
899 211 4 6 0.04595155 
793 324 4 6 0.04595155 
959 257 6 8 0.04595155 
651 181 4 5 0.04595155 
499 359 5 7 0.04595155 
214 506 9 12 0.04595155 
212 190 5 7 0.04595155 
92 280 5 7 0.04595155 
869 296 6 8 0.04595155 
856 257 5 6 0.04595155 
602 244 5 6 0.04595155 
645 263 5 6 0.04595155 
785 329 6 8 0.04595155 
216 218 6 8 0.04595155 
480 282 5 7 0.04595155 
895 239 5 7 0.04595155 
986 170 5 7 0.04595155 
633 281 5 7 0.04595155 
945 237 6 8 0.04595155 
752 237 5 8 0.04595155 
899 215 4 6 0.04595155 
384 290 5 7 0.04595155 
924 215 4 6 0.04595155 
687 243 5 6 0.04595155 
572 211 4 6 0.04595155 
596 321 5 7 0.04595155 
798 328 5 7 0.04595155 
348 247 6 8 0.04595155 
511 287 4 7 0.04595155 
890 242 5 6 0.04595155 
618 210 4 6 0.04595155 
926 242 4 7 0.04595155 
507 287 5 7 0.04595155 
717 316 4 6 0.04595155 
366 209 4 6 0.04595155 
648 220 4 6 0.04595155 
164 464 6 9 0.04595155 
906 270 6 9 0.045951538 
665 258 5 7 0.045951538 
363 182 4 5 0.045951538 
381 599 13 18 0.045951538 
148 216 4 6 0.045951538 
665 168 3 5 0.045951538 
893 194 5 7 0.045951538 
250 123 5 8 0.045951538 
283 523 7 10 0.045951538 
876 320 6 7 0.045951538 
742 354 5 7 0.045951538 
128 528 12 18 0.045951538 
901 177 4 6 0.045951538 
217 222 6 8 0.045951538 
555 249 4 6 0.045951538 
511 322 4 6 0.045951538 
899 253 5 7 0.045951538 
843 158 5 6 0.045951538 
413 223 5 7 0.045951538 
885 328 7 9 0.045951538 
862 158 4 5 0.045951538 
358 272 4 6 0.045951538 
325 187 4 6 0.045951538 
604 326 4 6 0.045951538 
396 618 12 21 0.045951538 
438 283 4 6 0.045951538 
361 601 13 21 0.045951538 
121 507 8 11 0.045951538 
501 307 5 6 0.045951538 
35 482 8 13 0.045951538 
1002 190 5 7 0.045951538 
157 448 7 9 0.045951538 
895 211 4 6 0.045951538 
575 197 4 6 0.045951538 
920 259 5 8 0.045951538 
713 210 4 5 0.045951538 
853 162 4 6 0.045951538 
656 359 7 9 0.045951538 
132 439 6 9 0.045951538 
971 188 5 6 0.045951538 
980 187 5 6 0.045951538 
507 514 7 10 0.045951538 
818 288 5 7 0.045951538 
336 253 6 8 0.045951538 
543 516 8 11 0.045951538 
172 497 7 9 0.045951538 
876 263 6 9 0.045951538 
455 215 126 167 0.045153897 
126 144 123 177 0.045153897 
368 406 32 53 0.04326818 
831 716 31 38 0.04326818 
799 715 23 34 0.04326818 
106 606 45 58 0.04326818 
693 277 5 6 0.04229837 
583 219 4 6 0.04229837 
647 224 4 5 0.04229837 
674 243 4 6 0.04229837 
661 211 5 6 0.04229837 
746 219 5 7 0.04229837 
741 229 4 6 0.04229837 
516 252 5 7 0.04229837 
664 333 5 6 0.04229837 
627 209 5 7 0.04229837 
315 196 5 6 0.04229837 
758 317 4 6 0.04229837 
273 574 12 18 0.04229837 
653 223 5 6 0.04229837 
383 272 5 7 0.04229837 
950 138 4 5 0.04229837 
956 234 5 6 0.04229837 
879 257 5 7 0.04229837 
553 220 4 6 0.04229837 
646 333 5 8 0.04229837 
720 334 5 7 0.04229837 
807 156 4 6 0.04229837 
177 209 5 6 0.04229837 
166 261 5 7 0.04229837 
516 249 5 6 0.04229837 
809 276 4 6 0.04229837 
527 367 6 7 0.04229837 
925 259 5 8 0.04229837 
225 299 5 7 0.04229837 
134 286 5 7 0.04229837 
434 187 4 6 0.04229837 
801 278 4 6 0.04229837 
839 151 4 6 0.04229837 
954 319 7 8 0.04229837 
916 351 9 13 0.04229837 
459 326 5 6 0.04229837 
177 454 5 8 0.04229837 
951 167 4 6 0.04229837 
942 205 5 6 0.04229837 
508 258 5 6 0.04229837 
6 449 6 10 0.04229837 
373 225 6 8 0.04229837 
914 157 4 6 0.04229837 
554 167 5 6 0.04229837 
613 187 5 6 0.04229837 
349 238 7 10 0.04229837 
764 242 5 7 0.04229837 
934 166 4 6 0.04229837 
95 457 7 10 0.04229837 
951 171 4 6 0.04229837 
414 220 4 6 0.04229837 
410 187 4 6 0.04229837 
88 292 5 6 0.04229837 
469 296 4 6 0.04229837 
417 216 4 5 0.04229837 
900 363 5 8 0.04229837 
86 292 4 5 0.04229837 
882 333 6 9 0.04229837 
675 306 5 8 0.04229837 
617 187 4 6 0.04229837 
892 187 5 7 0.04229837 
692 225 4 6 0.04229837 
370 243 5 7 0.04229837 
364 227 6 8 0.04229837 
255 181 4 6 0.04229837 
737 240 5 7 0.04229837 
585 214 4 6 0.04229837 
19 559 8 12 0.04229837 
869 200 4 6 0.04229837 
191 158 4 6 0.04229837 
610 325 4 6 0.04229837 
559 550 12 20 0.04229837 
756 348 6 8 0.04229837 
857 206 4 6 0.04229837 
907 167 4 5 0.04229837 
618 262 5 7 0.04229837 
809 669 11 19 0.04229837 
172 501 7 9 0.04229837 
783 199 4 6 0.04229837 
726 240 4 6 0.04229837 
850 254 5 6 0.04229837 
361 248 5 8 0.04229837 
635 326 6 9 0.04229837 
244 172 5 6 0.04229837 
936 373 5 7 0.04229837 
388 206 4 6 0.04229837 
339 228 6 8 0.04229837 
410 238 4 6 0.04229837 
752 338 6 8 0.04229837 
241 471 7 9 0.04229837 
928 194 5 7 0.04229837 
801 263 4 6 0.04229837 
878 224 4 6 0.04229837 
781 325 4 6 0.04229837 
631 177 4 6 0.04229837 
862 149 4 6 0.04229837 
849 283 5 7 0.04229837 
984 276 6 9 0.04229837 
435 290 4 6 0.04229837 
914 244 4 6 0.04229837 
921 210 4 6 0.04229837 
645 302 5 7 0.04229837 
933 258 6 8 0.04229837 
966 207 6 8 0.04229837 
316 166 4 6 0.04229837 
933 210 4 6 0.04229837 
65 466 9 11 0.04229837 
886 378 4 6 0.04229837 
730 224 4 6 0.04229837 
737 358 6 8 0.04229837 
854 305 5 7 0.04229837 
11 419 8 11 0.04229837 
695 240 4 5 0.04229837 
715 277 5 6 0.04229837 
499 245 3 5 0.04229837 
580 157 3 5 0.04229837 
815 165 4 6 0.04229837 
593 205 3 5 0.04229837 
947 196 4 6 0.04229837 
987 339 6 9 0.04229837 
195 158 4 5 0.04229837 
364 234 5 7 0.04229837 
957 313 6 8 0.04229837 
174 266 6 8 0.04229837 
488 522 6 10 0.04229837 
772 224 4 6 0.04229837 
703 326 4 6 0.04229837 
691 286 5 7 0.04229837 
191 169 4 5 0.04229837 
422 206 4 6 0.04229837 
335 247 6 8 0.04229837 
155 185 5 8 0.04229837 
511 310 4 6 0.04229837 
323 199 4 6 0.04229837 
562 223 4 6 0.04229837 
707 267 4 6 0.04229837 
532 302 4 6 0.04229837 
856 162 4 6 0.04229837 
582 519 8 11 0.04229837 
164 529 14 22 0.04229837 
864 214 5 6 0.04229837 
434 201 4 6 0.04229837 
149 256 6 8 0.04229837 
819 163 4 6 0.04229837 
175 181 4 6 0.04229837 
373 231 6 8 0.04229837 
661 229 5 7 0.04229837 
558 327 5 8 0.04229837 
732 253 4 6 0.04229837 
648 230 6 8 0.04229836 
717 157 4 6 0.04229836 
857 120 121 165 0.04133062 
825 187 119 162 0.04133062 
18 -11 225 302 0.04133061 
685 108 24 34 0.039651494 
820 670 19 27 0.039651494 
770 714 25 32 0.039651494 
359 220 4 6 0.038923774 
761 220 5 6 0.038923774 
375 219 5 7 0.038923774 
870 323 6 8 0.038923774 
47 182 4 5 0.038923774 
376 168 4 6 0.038923774 
831 158 5 7 0.038923774 
529 305 4 6 0.038923774 
872 299 6 7 0.038923774 
366 165 4 6 0.038923774 
928 171 4 6 0.038923774 
914 191 4 6 0.038923774 
861 247 5 7 0.038923774 
587 324 5 7 0.038923774 
597 220 5 6 0.038923774 
328 254 5 7 0.038923774 
345 495 7 10 0.038923774 
730 221 4 5 0.038923774 
431 187 4 6 0.038923774 
367 263 4 6 0.038923774 
864 336 5 8 0.038923774 
356 493 6 10 0.038923774 
793 189 4 6 0.038923774 
942 178 4 6 0.038923774 
955 228 5 6 0.038923774 
804 290 5 7 0.038923774 
311 230 5 7 0.038923774 
996 163 5 7 0.038923774 
656 230 4 6 0.038923774 
997 213 6 8 0.038923774 
950 196 4 6 0.038923774 
568 190 5 6 0.038923774 
553 190 5 6 0.038923774 
925 182 4 5 0.038923774 
593 325 5 7 0.038923774 
208 481 7 10 0.038923774 
382 240 4 6 0.038923774 
593 263 4 6 0.038923774 
559 221 4 6 0.038923774 
754 230 6 8 0.038923774 
779 191 4 6 0.038923774 
547 254 5 7 0.038923774 
900 327 6 9 0.038923774 
783 333 6 8 0.038923774 
251 158 4 6 0.038923774 
3 473 7 11 0.038923774 
708 230 5 6 0.038923774 
379 202 4 6 0.038923774 
353 273 4 6 0.038923774 
979 200 5 7 0.038923774 
596 330 5 7 0.038923774 
339 266 5 7 0.038923774 
943 219 5 7 0.038923774 
359 269 4 5 0.038923774 
350 273 4 6 0.038923774 
899 239 4 6 0.038923774 
59 478 6 9 0.038923774 
1016 185 5 8 0.038923774 
938 223 4 6 0.038923774 
604 345 5 8 0.038923774 
252 201 4 6 0.038923774 
614 344 5 7 0.038923774 
481 310 5 7 0.038923774 
485 310 5 7 0.038923774 
818 200 5 7 0.038923774 
242 307 4 5 0.038923774 
469 509 6 9 0.038923774 
371 200 4 6 0.038923774 
489 311 5 7 0.038923774 
268 166 4 6 0.038923774 
954 219 5 7 0.038923774 
908 201 4 6 0.038923774 
789 217 5 6 0.038923774 
19 458 7 10 0.038923774 
154 229 4 5 0.038923774 
600 310 5 7 0.038923774 
780 266 5 6 0.038923774 
822 347 5 7 0.038923774 
659 269 6 7 0.038923774 
779 213 5 7 0.038923774 
246 166 4 6 0.038923774 
652 287 5 6 0.038923774 
772 216 4 6 0.038923774 
968 218 5 7 0.038923774 
957 253 6 9 0.038923774 
967 172 5 6 0.038923774 
422 215 4 5 0.038923774 
597 324 4 6 0.038923774 
860 349 6 8 0.038923774 
529 268 4 6 0.038923774 
430 191 4 5 0.038923774 
161 153 4 6 0.038923774 
536 311 4 6 0.038923774 
221 307 5 7 0.038923774 
446 176 4 6 0.038923774 
609 200 4 6 0.038923774 
579 216 4 5 0.038923774 
946 265 6 8 0.038923774 
567 311 5 7 0.038923774 
878 200 5 7 0.038923774 
770 349 6 8 0.038923774 
997 219 6 8 0.038923774 
875 167 4 6 0.038923774 
601 214 4 5 0.038923774 
79 463 7 10 0.038923774 
101 307 5 6 0.038923774 
625 598 8 12 0.038923774 
913 232 4 7 0.038923774 
772 392 6 8 0.038923774 
587 297 4 6 0.038923774 
372 186 4 6 0.038923774 
889 282 6 8 0.038923774 
742 319 4 6 0.038923774 
605 153 4 5 0.038923774 
1010 143 4 6 0.038923774 
63 393 6 8 0.038923774 
384 224 5 7 0.038923774 
908 187 4 6 0.038923774 
656 210 4 6 0.038923774 
414 244 4 6 0.038923774 
635 320 5 7 0.038923774 
393 243 4 6 0.038923774 
19 404 7 9 0.038923774 
154 171 4 6 0.038923774 
574 320 5 7 0.038923774 
375 182 4 6 0.038923774 
377 579 9 13 0.038923774 
921 186 3 5 0.038923774 
964 238 5 7 0.038923774 
896 272 4 7 0.038923774 
815 273 4 6 0.038923774 
214 281 5 7 0.038923774 
793 377 5 7 0.038923774 
667 542 11 14 0.038923774 
366 269 6 9 0.038923774 
105 429 6 10 0.038923774 
818 235 4 6 0.038923774 
892 204 5 7 0.038923774 
392 206 5 7 0.038923774 
345 280 5 6 0.038923774 
208 206 5 6 0.038923774 
222 163 4 6 0.038923774 
912 220 4 6 0.038923774 
878 211 4 6 0.038923774 
923 282 6 8 0.038923774 
651 318 6 8 0.038923774 
807 371 6 9 0.038923774 
867 351 7 9 0.038923774 
926 207 4 6 0.038923774 
546 297 4 6 0.038923774 
815 147 4 5 0.038923774 
393 247 5 7 0.038923774 
720 316 4 5 0.038923774 
367 158 4 5 0.038923774 
363 185 4 6 0.038923774 
157 171 4 6 0.038923774 
711 331 5 6 0.038923774 
396 240 4 6 0.038923774 
865 306 5 8 0.038923774 
840 262 4 6 0.038923774 
427 595 12 18 0.038923774 
821 172 5 7 0.038923774 
989 224 5 7 0.038923774 
917 210 4 6 0.038923774 
358 249 5 7 0.038923774 
166 191 5 6 0.038923774 
334 528 12 16 0.038923774 
233 485 7 12 0.038923774 
218 478 8 11 0.038923774 
870 158 4 6 0.038923774 
738 229 4 6 0.038923774 
605 263 5 7 0.038923774 
840 329 5 8 0.038923774 
636 261 4 6 0.038923774 
366 259 4 6 0.038923774 
624 195 4 6 0.038923774 
670 204 4 6 0.038923774 
864 264 6 7 0.038923774 
544 603 16 21 0.038923774 
181 591 17 21 0.038923774 
44 425 7 9 0.038923774 
947 358 6 7 0.038923774 
986 367 5 8 0.038923774 
889 276 5 7 0.038923774 
832 273 4 6 0.038923774 
88 296 5 7 0.038923774 
966 238 6 8 0.038923774 
797 177 4 6 0.038923774 
464 315 4 6 0.038923774 
886 366 5 7 0.038923774 
895 178 4 6 0.038923774 
802 297 4 6 0.038923774 
746 224 4 6 0.038923774 
175 244 4 6 0.038923774 
6 148 5 7 0.038923774 
660 296 4 6 0.038923774 
338 277 5 7 0.038923774 
647 282 4 6 0.038923774 
217 15 206 298 0.03781825 
337 302 215 285 0.03781825 
415 634 23 29 0.036325652 
162 674 58 68 0.036325652 
242 646 22 30 0.036325652 
911 636 67 60 0.036325652 
765 704 25 31 0.036325645 
384 195 5 6 0.035808332 
864 247 5 7 0.035808332 
391 262 6 8 0.035808332 
409 263 4 6 0.035808332 
821 306 5 6 0.035808332 
233 254 4 6 0.035808332 
824 257 4 5 0.035808332 
947 180 4 6 0.035808332 
264 192 4 5 0.035808332 
903 179 5 7 0.035808332 
731 304 5 7 0.035808332 
543 190 5 7 0.035808332 
668 228 5 7 0.035808332 
429 195 4 6 0.035808332 
217 263 5 7 0.035808332 
76 518 13 17 0.035808332 
993 188 5 7 0.035808332 
579 306 4 6 0.035808332 
576 306 4 6 0.035808332 
952 182 4 5 0.035808332 
162 196 4 6 0.035808332 
841 257 5 7 0.035808332 
724 229 4 6 0.035808332 
646 305 6 7 0.035808332 
102 518 12 18 0.035808332 
238 307 4 6 0.035808332 
729 229 4 6 0.035808332 
273 301 4 6 0.035808332 
930 182 4 5 0.035808332 
293 306 5 7 0.035808332 
672 195 5 7 0.035808332 
115 463 5 8 0.035808332 
962 185 5 6 0.035808332 
575 310 4 6 0.035808332 
580 154 3 5 0.035808332 
794 267 5 6 0.035808332 
1010 229 5 7 0.035808332 
412 258 4 6 0.035808332 
689 228 4 7 0.035808332 
409 150 5 7 0.035808332 
835 181 5 7 0.035808332 
634 254 5 7 0.035808332 
668 258 5 7 0.035808332 
659 256 5 7 0.035808332 
443 308 4 5 0.035808332 
644 258 5 7 0.035808332 
305 508 7 9 0.035808332 
516 272 4 6 0.035808332 
1011 190 4 6 0.035808332 
346 596 15 19 0.035808332 
939 134 4 6 0.035808332 
845 133 4 6 0.035808332 
33 397 6 9 0.035808332 
568 315 4 6 0.035808332 
519 277 4 6 0.035808332 
601 161 4 6 0.035808332 
363 209 4 6 0.035808332 
366 246 5 8 0.035808332 
840 311 5 7 0.035808332 
587 205 5 6 0.035808332 
805 296 5 6 0.035808332 
136 533 14 21 0.035808332 
797 278 5 7 0.035808332 
345 277 5 7 0.035808332 
520 245 4 5 0.035808332 
156 443 8 10 0.035808332 
188 541 9 15 0.035808332 
371 247 5 7 0.035808332 
853 244 4 7 0.035808332 
912 378 5 7 0.035808332 
90 321 4 6 0.035808332 
853 310 5 8 0.035808332 
541 319 5 8 0.035808332 
911 382 4 6 0.035808332 
798 161 4 6 0.035808332 
875 651 14 19 0.035808332 
660 275 5 7 0.035808332 
670 279 5 6 0.035808332 
902 312 6 8 0.035808332 
908 204 4 6 0.035808332 
896 133 4 5 0.035808332 
426 315 5 7 0.035808332 
27 437 8 11 0.035808332 
964 235 5 7 0.035808332 
933 223 4 6 0.035808332 
801 229 4 6 0.035808332 
945 408 7 9 0.035808332 
651 277 4 6 0.035808332 
789 276 4 6 0.035808332 
886 204 4 6 0.035808332 
495 314 4 6 0.035808332 
101 427 7 10 0.035808332 
526 635 14 20 0.035808332 
542 206 4 5 0.035808332 
857 137 5 6 0.035808332 
512 315 4 6 0.035808332 
951 135 4 5 0.035808332 
398 182 4 6 0.035808332 
137 467 7 9 0.035808332 
425 200 4 6 0.035808332 
192 225 5 7 0.035808332 
733 239 4 6 0.035808332 
358 284 5 7 0.035808332 
919 350 6 8 0.035808332 
315 566 9 11 0.035808332 
597 353 5 8 0.035808332 
120 158 5 7 0.035808332 
331 214 5 7 0.035808332 
501 287 5 7 0.035808332 
860 291 5 7 0.035808332 
660 621 10 17 0.035808332 
874 218 5 7 0.035808332 
551 220 4 5 0.035808332 
801 336 5 7 0.035808332 
709 333 5 7 0.035808332 
427 219 4 5 0.035808332 
485 279 5 7 0.035808332 
811 210 5 6 0.035808332 
830 336 6 8 0.035808332 
853 335 5 7 0.035808332 
422 143 4 6 0.035808332 
587 282 5 6 0.035808332 
123 334 5 7 0.035808332 
470 362 6 8 0.035808332 
485 287 5 6 0.035808332 
755 323 6 8 0.035808332 
413 173 3 5 0.035808332 
360 281 5 8 0.035808332 
601 210 4 6 0.035808332 
430 292 5 6 0.035808332 
366 243 5 7 0.035808332 
873 155 4 6 0.035808332 
139 329 5 7 0.035808332 
802 287 4 6 0.035808332 
900 367 5 8 0.035808332 
454 293 6 8 0.035808332 
377 290 5 7 0.035808332 
826 143 4 6 0.035808332 
935 369 4 6 0.035808332 
437 582 7 10 0.035808332 
643 177 4 6 0.035808332 
617 320 5 7 0.035808332 
71 577 12 20 0.035808332 
409 172 4 5 0.035808332 
409 224 5 7 0.035808332 
637 237 5 7 0.035808332 
776 287 4 5 0.035808332 
809 156 5 6 0.035808332 
848 234 4 6 0.035808332 
144 161 4 6 0.035808332 
945 219 5 7 0.035808332 
820 344 5 7 0.035808332 
277 185 4 5 0.035808332 
354 214 4 6 0.035808332 
700 330 5 7 0.035808332 
508 328 5 7 0.035808332 
642 219 5 7 0.035808332 
605 219 5 6 0.035808332 
499 331 5 7 0.035808332 
254 577 7 13 0.035808332 
363 520 8 13 0.035808332 
868 263 5 7 0.035808332 
805 196 4 5 0.035808332 
305 517 9 12 0.035808332 
58 484 8 11 0.035808332 
139 486 7 10 0.035808332 
664 299 5 8 0.035808332 
159 521 8 12 0.035808332 
610 302 4 6 0.035808332 
91 471 8 10 0.035808332 
961 267 7 10 0.035808332 
511 266 4 6 0.035808332 
963 224 5 7 0.035808332 
972 201 5 7 0.035808332 
932 201 4 6 0.035808332 
930 200 5 6 0.035808332 
165 451 6 9 0.035808332 
228 271 5 7 0.035808332 
946 224 4 6 0.035808332 
435 177 3 5 0.035808332 
0 464 5 7 0.035808332 
636 309 6 8 0.035808332 
605 339 5 7 0.035808332 
809 362 6 8 0.035808332 
623 338 5 8 0.035808332 
379 574 7 11 0.035808332 
943 234 5 7 0.035808332 
197 219 5 7 0.035808332 
683 282 5 7 0.035808332 
872 284 6 8 0.035808332 
797 339 5 7 0.035808332 
865 324 5 7 0.035808332 
597 281 5 7 0.035808332 
494 311 5 7 0.035808332 
605 334 4 7 0.035808332 
544 210 4 6 0.035808332 
44 476 8 11 0.035808332 
245 471 7 9 0.035808332 
900 249 4 6 0.035808332 
329 153 4 5 0.035808332 
461 311 4 6 0.035808332 
336 266 7 9 0.035808332 
976 230 4 7 0.035808332 
572 153 4 6 0.035808332 
300 595 14 19 0.035808332 
593 674 20 30 0.033269096 
159 617 51 59 0.033269096 
808 647 21 28 0.033269096 
170 710 29 31 0.033269096 
519 248 5 6 0.03293372 
41 447 6 9 0.03293372 
559 352 6 9 0.03293372 
986 167 5 6 0.03293372 
21 152 5 7 0.03293372 
28 302 5 7 0.03293372 
911 290 6 9 0.03293372 
340 248 6 8 0.03293372 
475 529 7 11 0.03293372 
216 119 5 6 0.03293372 
783 359 5 8 0.03293372 
559 561 12 19 0.03293372 
553 186 4 6 0.03293372 
922 119 4 6 0.03293372 
647 326 5 8 0.03293372 
729 197 4 6 0.03293372 
908 287 5 8 0.03293372 
696 264 4 6 0.03293372 
920 175 4 6 0.03293372 
24 481 8 12 0.03293372 
339 224 5 7 0.03293372 
777 337 6 8 0.03293372 
950 248 7 10 0.03293372 
209 267 5 7 0.03293372 
311 224 5 7 0.03293372 
803 656 15 22 0.03293372 
928 264 6 9 0.03293372 
883 292 5 7 0.03293372 
648 273 4 6 0.03293372 
264 216 4 6 0.03293372 
99 292 4 6 0.03293372 
856 365 7 10 0.03293372 
670 220 4 6 0.03293372 
574 210 5 6 0.03293372 
720 220 4 5 0.03293372 
682 224 4 6 0.03293372 
768 322 4 6 0.03293372 
221 114 4 6 0.03293372 
65 147 5 7 0.03293372 
813 361 6 8 0.03293372 
912 187 5 6 0.03293372 
87 337 5 7 0.03293372 
919 235 6 8 0.03293372 
358 172 4 6 0.03293372 
379 168 4 6 0.03293372 
467 258 4 6 0.03293372 
93 336 5 7 0.03293372 
617 195 5 6 0.03293372 
984 219 5 7 0.03293372 
981 220 5 7 0.03293372 
840 269 5 6 0.03293372 
698 335 5 7 0.03293372 
279 591 7 13 0.03293372 
187 158 4 6 0.03293372 
597 292 4 6 0.03293372 
742 211 4 5 0.03293372 
874 183 4 6 0.03293372 
830 317 5 6 0.03293372 
662 225 4 6 0.03293372 
802 272 4 6 0.032933712 
482 273 4 6 0.032933712 
512 273 4 6 0.032933712 
520 272 4 6 0.032933712 
24 444 6 9 0.032933712 
140 173 4 6 0.032933712 
937 184 5 6 0.032933712 
486 582 7 12 0.032933712 
585 157 4 5 0.032933712 
977 224 4 6 0.032933712 
734 316 4 6 0.032933712 
272 146 4 6 0.032933712 
181 234 5 7 0.032933712 
893 225 5 7 0.032933712 
737 316 4 6 0.032933712 
449 186 4 5 0.032933712 
561 311 5 7 0.032933712 
878 291 5 7 0.032933712 
311 247 5 6 0.032933712 
366 206 5 7 0.032933712 
588 316 4 6 0.032933712 
69 459 7 10 0.032933712 
562 249 5 7 0.032933712 
866 199 5 6 0.032933712 
558 182 4 6 0.032933712 
191 462 5 8 0.032933712 
562 183 4 6 0.032933712 
451 271 4 6 0.032933712 
128 425 6 9 0.032933712 
59 431 6 9 0.032933712 
183 172 4 5 0.032933712 
23 434 8 11 0.032933712 
947 230 5 6 0.032933712 
477 296 4 6 0.032933712 
400 158 4 6 0.032933712 
436 592 7 11 0.032933712 
723 302 4 6 0.032933712 
169 301 6 10 0.032933712 
601 305 4 6 0.032933712 
672 223 5 7 0.032933712 
191 233 5 7 0.032933712 
772 219 4 5 0.032933712 
775 297 4 6 0.032933712 
866 310 5 7 0.032933712 
400 225 4 6 0.032933712 
716 310 4 6 0.032933712 
648 315 5 6 0.032933712 
234 309 4 6 0.032933712 
840 301 4 6 0.032933712 
254 301 5 6 0.032933712 
508 307 5 6 0.032933712 
601 177 5 7 0.032933712 
704 219 4 6 0.032933712 
305 296 6 9 0.032933712 
418 176 4 5 0.032933712 
901 300 6 8 0.032933712 
785 222 5 8 0.032933712 
787 319 5 7 0.032933712 
797 300 4 6 0.032933712 
86 296 4 6 0.032933712 
644 224 5 6 0.032933712 
742 220 4 6 0.032933712 
874 224 4 6 0.032933712 
508 234 4 5 0.032933712 
857 220 4 6 0.032933712 
425 300 5 7 0.032933712 
967 307 4 6 0.032933712 
827 315 5 7 0.032933712 
476 584 9 12 0.032933712 
873 228 4 6 0.032933712 
777 224 4 6 0.032933712 
349 187 5 6 0.032933712 
907 230 5 7 0.032933712 
312 271 6 8 0.032933712 
958 167 5 6 0.032933712 
943 215 4 6 0.032933712 
588 343 5 7 0.032933712 
183 243 5 7 0.032933712 
843 210 4 6 0.032933712 
515 281 5 6 0.032933712 
255 216 5 7 0.032933712 
970 338 7 9 0.032933712 
515 286 5 7 0.032933712 
648 184 4 7 0.032933712 
849 238 4 6 0.032933712 
766 343 6 9 0.032933712 
929 240 5 7 0.032933712 
230 213 6 8 0.032933712 
209 214 6 8 0.032933712 
907 238 5 7 0.032933712 
843 282 5 7 0.032933712 
401 216 4 6 0.032933712 
890 350 6 8 0.032933712 
699 240 4 5 0.032933712 
566 215 4 6 0.032933712 
209 486 7 10 0.032933712 
154 189 5 7 0.032933712 
429 152 4 6 0.032933712 
964 249 4 7 0.032933712 
857 262 5 7 0.032933712 
618 181 4 6 0.032933712 
211 482 7 10 0.032933712 
630 287 5 7 0.032933712 
380 209 5 7 0.032933712 
321 535 6 11 0.032933712 
73 305 5 6 0.032933712 
814 283 4 6 0.032933712 
819 187 5 6 0.032933712 
580 285 5 6 0.032933712 
954 344 6 9 0.032933712 
775 282 5 6 0.032933712 
106 552 13 25 0.032933712 
979 233 5 7 0.032933712 
702 330 4 6 0.032933712 
939 137 4 6 0.032933712 
823 147 4 6 0.032933712 
336 218 5 7 0.032933712 
858 285 5 7 0.032933712 
896 286 5 7 0.032933712 
706 339 5 7 0.032933712 
695 338 5 7 0.032933712 
618 337 5 7 0.032933712 
598 340 4 6 0.032933712 
945 286 5 8 0.032933712 
608 209 5 7 0.032933712 
957 285 7 10 0.032933712 
562 173 4 6 0.032933712 
236 580 9 13 0.032933712 
250 161 4 6 0.032933712 
580 210 4 6 0.032933712 
153 215 4 6 0.032933712 
587 148 4 5 0.032933712 
686 216 5 6 0.032933712 
841 186 4 6 0.032933712 
729 210 4 6 0.032933712 
843 168 6 8 0.032933712 
166 291 6 9 0.032933712 
609 334 5 7 0.032933712 
262 575 11 16 0.032933712 
555 209 5 6 0.032933712 
2 331 6 9 0.032933712 
889 329 6 9 0.032933712 
200 519 7 10 0.032933712 
869 196 4 6 0.032933712 
967 257 5 8 0.032933712 
230 172 5 7 0.032933712 
877 243 5 6 0.032933712 
220 277 5 7 0.032933712 
255 172 4 5 0.032933712 
70 405 6 8 0.032933712 
814 152 4 6 0.032933712 
0 406 5 8 0.032933712 
802 243 4 6 0.032933712 
921 206 4 6 0.032933712 
847 269 5 8 0.032933712 
801 258 4 6 0.032933712 
416 251 5 6 0.032933712 
849 258 5 6 0.032933712 
922 191 4 6 0.032933712 
231 191 4 6 0.032933712 
617 329 5 7 0.032933712 
163 185 4 6 0.032933712 
816 276 4 6 0.032933712 
580 635 17 23 0.032933712 
955 387 6 8 0.032933712 
336 171 4 6 0.032933712 
1019 206 4 7 0.032933712 
831 277 4 6 0.032933712 
246 209 5 6 0.032933712 
42 379 6 9 0.032933712 
899 275 5 7 0.032933712 
812 390 6 9 0.032933712 
933 205 4 6 0.032933712 
1015 190 5 8 0.032933712 
670 201 4 5 0.032933712 
374 200 4 6 0.032933712 
510 263 5 7 0.032933712 
832 267 4 6 0.032933712 
166 266 5 7 0.032933712 
1010 195 5 7 0.032933712 
66 477 7 9 0.032933712 
372 266 6 8 0.032933712 
796 189 4 6 0.032933712 
495 268 4 6 0.032933712 
423 201 4 5 0.032933712 
605 266 5 6 0.032933712 
657 268 5 7 0.032933712 
801 267 4 6 0.032933712 
814 267 4 6 0.032933712 
742 733 19 24 0.032933712 
230 252 5 7 0.032933712 
627 258 5 7 0.032933712 
379 196 4 6 0.032933712 
416 197 5 7 0.032933712 
901 190 4 6 0.032933712 
129 506 7 11 0.032933712 
871 251 6 8 0.032933712 
78 495 7 11 0.032933712 
907 252 6 7 0.032933712 
188 507 8 12 0.032933712 
442 190 4 6 0.032933712 
234 256 5 7 0.032933712 
260 192 4 6 0.032933712 
609 252 4 7 0.032933712 
407 65 225 269 0.03163486 
107 86 130 160 0.03163486 
54 607 23 35 0.030461604 
923 87 79 86 0.030461596 
536 664 40 56 0.030461596 
154 646 57 72 0.030461596 
17 623 58 79 0.030461596 
234 465 5 7 0.030282615 
681 220 4 5 0.030282615 
758 216 5 6 0.030282615 
829 328 6 8 0.030282615 
977 187 4 6 0.030282615 
131 443 6 9 0.030282615 
149 171 4 6 0.030282615 
818 348 5 7 0.030282615 
114 472 6 9 0.030282615 
95 473 7 10 0.030282615 
716 214 4 5 0.030282615 
938 322 10 14 0.030282615 
238 468 6 9 0.030282615 
844 143 4 6 0.030282615 
566 200 4 7 0.030282615 
62 330 5 7 0.030282615 
572 201 5 7 0.030282615 
610 330 5 6 0.030282615 
249 470 5 7 0.030282615 
848 167 4 6 0.030282615 
703 215 4 6 0.030282615 
101 310 6 8 0.030282615 
116 514 11 17 0.030282615 
117 509 9 12 0.030282615 
891 372 5 7 0.030282615 
84 512 13 18 0.030282615 
877 373 5 7 0.030282615 
631 191 4 7 0.030282615 
945 205 4 6 0.030282615 
781 373 5 7 0.030282615 
601 199 4 6 0.030282615 
413 594 11 17 0.030282615 
58 511 7 12 0.030282615 
553 194 4 6 0.030282615 
954 167 5 7 0.030282615 
18 442 6 10 0.030282615 
245 206 5 6 0.030282615 
202 473 7 9 0.030282615 
793 335 5 7 0.030282615 
798 214 4 6 0.030282615 
33 446 7 10 0.030282615 
648 172 3 5 0.030282615 
911 357 5 7 0.030282615 
829 323 6 9 0.030282615 
33 426 6 8 0.030282615 
57 424 6 10 0.030282615 
210 173 3 5 0.030282615 
554 321 5 6 0.030282615 
342 214 5 8 0.030282615 
857 196 4 6 0.030282615 
341 515 11 17 0.030282615 
682 191 4 6 0.030282615 
105 449 6 9 0.030282615 
792 216 5 7 0.030282615 
788 338 5 7 0.030282615 
745 319 5 6 0.030282615 
926 167 5 7 0.030282615 
632 186 4 6 0.030282615 
624 185 4 6 0.030282615 
61 337 7 9 0.030282615 
15 452 8 11 0.030282615 
103 527 9 13 0.030282615 
555 333 5 7 0.030282615 
702 339 5 7 0.030282615 
113 458 6 8 0.030282615 
199 462 7 9 0.030282615 
187 458 5 7 0.030282615 
160 443 10 15 0.030282615 
763 344 5 8 0.030282615 
82 462 8 11 0.030282615 
589 310 4 6 0.030282615 
192 505 7 10 0.030282615 
724 225 4 6 0.030282615 
635 316 6 7 0.030282615 
443 172 4 6 0.030282615 
704 224 4 5 0.030282615 
745 317 4 6 0.030282615 
629 204 5 7 0.030282615 
21 419 6 9 0.030282615 
542 316 5 7 0.030282615 
548 516 6 10 0.030282615 
387 498 7 10 0.030282615 
738 211 4 6 0.030282615 
598 598 10 15 0.030282615 
917 186 4 6 0.030282615 
908 223 5 7 0.030282615 
128 168 4 5 0.030282615 
409 511 11 16 0.030282615 
932 310 6 9 0.030282615 
391 175 5 6 0.030282615 
806 203 4 6 0.030282615 
856 209 4 6 0.030282615 
887 210 4 6 0.030282615 
737 223 4 6 0.030282615 
945 402 7 10 0.030282615 
351 515 12 17 0.030282615 
410 163 4 5 0.030282615 
715 211 4 5 0.030282615 
347 514 8 13 0.030282615 
303 81 4 5 0.030282615 
2 406 6 9 0.030282615 
319 196 4 6 0.030282615 
144 535 13 20 0.030282615 
623 210 4 6 0.030282615 
597 157 4 6 0.030282615 
412 163 4 5 0.030282615 
774 311 5 7 0.030282615 
806 310 6 8 0.030282615 
819 361 5 8 0.030282615 
442 167 4 5 0.030282615 
196 190 5 6 0.030282615 
400 73 5 7 0.030282615 
313 305 7 9 0.030282615 
597 230 5 6 0.030282615 
524 306 4 6 0.030282615 
239 209 4 6 0.030282615 
554 228 4 6 0.030282615 
644 228 5 7 0.030282615 
906 374 5 7 0.030282615 
352 230 6 8 0.030282615 
241 310 4 6 0.030282615 
290 306 5 7 0.030282615 
563 210 4 5 0.030282615 
443 311 5 7 0.030282615 
451 312 4 6 0.030282615 
32 373 5 7 0.030282615 
879 204 4 6 0.030282615 
594 210 4 6 0.030282615 
443 176 4 6 0.030282615 
158 143 4 5 0.030282615 
38 399 7 10 0.030282615 
51 388 4 6 0.030282615 
215 544 8 12 0.030282615 
529 311 5 7 0.030282615 
943 375 6 9 0.030282615 
416 227 5 8 0.030282615 
559 176 4 5 0.030282615 
863 376 6 8 0.030282615 
396 227 5 7 0.030282615 
796 377 5 7 0.030282615 
717 307 4 6 0.030282615 
584 306 5 6 0.030282615 
261 509 7 10 0.030282615 
369 157 4 6 0.030282615 
884 383 5 7 0.030282615 
370 172 5 6 0.030282615 
235 306 4 6 0.030282615 
686 273 4 6 0.030282615 
216 285 5 8 0.030282615 
181 186 5 7 0.030282615 
482 276 4 6 0.030282615 
828 276 4 6 0.030282615 
827 256 4 6 0.030282615 
207 280 6 8 0.030282615 
405 252 4 6 0.030282615 
400 254 4 6 0.030282615 
549 297 4 6 0.030282615 
101 292 4 6 0.030282615 
814 286 4 6 0.030282615 
721 234 4 6 0.030282615 
452 607 9 13 0.030282615 
801 153 3 5 0.030282615 
524 248 4 6 0.030282615 
413 234 5 6 0.030282615 
352 247 6 8 0.030282615 
772 186 4 5 0.030282615 
921 294 6 9 0.030282615 
909 295 5 8 0.030282615 
877 295 5 7 0.030282615 
388 182 4 6 0.030282615 
821 280 5 6 0.030282615 
166 284 6 9 0.030282615 
204 235 4 6 0.030282615 
318 300 5 7 0.030282615 
887 273 4 6 0.030282615 
716 239 4 6 0.030282615 
285 301 4 6 0.030282615 
377 181 5 7 0.030282615 
720 249 4 6 0.030282615 
938 266 6 8 0.030282615 
174 248 4 6 0.030282615 
860 295 5 7 0.030282615 
190 186 5 6 0.030282615 
992 276 6 9 0.030282615 
156 250 6 8 0.030282615 
660 301 5 8 0.030282615 
781 263 5 7 0.030282615 
515 278 4 6 0.030282615 
978 246 6 8 0.030282615 
817 646 8 13 0.030282615 
627 296 5 7 0.030282615 
833 148 3 5 0.030282615 
590 613 8 11 0.030282615 
464 262 5 7 0.030282615 
747 182 3 5 0.030282615 
745 244 5 7 0.030282615 
596 176 5 6 0.030282615 
318 186 5 6 0.030282615 
751 182 4 5 0.030282615 
873 175 4 6 0.030282615 
754 183 4 5 0.030282615 
208 262 6 7 0.030282615 
444 262 4 6 0.030282615 
73 293 4 5 0.030282615 
761 290 5 7 0.030282615 
903 251 5 7 0.030282615 
368 149 4 6 0.030282615 
667 616 12 20 0.030282615 
834 177 5 6 0.030282615 
726 243 4 5 0.030282615 
865 276 5 8 0.030282615 
921 299 6 9 0.030282615 
346 256 5 7 0.030282615 
618 253 6 8 0.030282615 
425 296 5 7 0.030282615 
428 153 4 5 0.030282615 
652 291 5 7 0.030282615 
634 278 5 6 0.030282615 
603 602 12 15 0.030282615 
595 264 5 6 0.030282615 
321 242 6 8 0.030282615 
604 273 4 6 0.030282615 
336 271 6 8 0.030282615 
542 213 4 6 0.030282615 
169 163 4 5 0.030282615 
841 318 6 8 0.030282615 
1000 220 6 8 0.030282615 
963 162 4 6 0.030282615 
766 352 6 9 0.030282615 
40 481 8 12 0.030282615 
904 216 5 7 0.030282615 
442 206 4 6 0.030282615 
406 586 9 13 0.030282615 
267 477 6 9 0.030282615 
571 171 4 5 0.030282615 
62 325 5 6 0.030282615 
379 215 6 8 0.030282615 
138 325 6 9 0.030282615 
420 476 6 10 0.030282615 
496 272 6 8 0.030282615 
740 356 6 9 0.030282615 
596 204 4 6 0.030282615 
133 215 6 8 0.030282615 
71 491 7 11 0.030282615 
164 214 5 7 0.030282615 
799 357 6 8 0.030282615 
211 322 5 8 0.030282615 
655 195 4 6 0.030282615 
166 143 4 5 0.030282615 
769 358 6 8 0.030282615 
80 320 4 6 0.030282615 
521 324 5 7 0.030282615 
682 194 4 6 0.030282615 
362 216 5 6 0.030282615 
226 225 5 7 0.030282615 
370 205 6 8 0.030282615 
586 519 7 12 0.030282615 
212 172 4 5 0.030282615 
789 168 4 5 0.030282615 
1001 181 5 7 0.030282615 
217 278 5 7 0.030282615 
586 300 5 6 0.030282615 
822 675 8 13 0.030282615 
575 299 5 7 0.030282615 
264 242 6 9 0.030282615 
494 280 5 7 0.030282615 
814 671 13 20 0.030282615 
383 276 6 8 0.030282615 
824 248 4 5 0.030282615 
111 288 4 5 0.030282615 
822 273 5 7 0.030282615 
73 301 5 7 0.030282615 
265 184 4 6 0.030282615 
440 614 15 20 0.030282615 
628 301 5 6 0.030282615 
670 237 4 6 0.030282615 
667 285 5 7 0.030282615 
755 296 4 6 0.030282615 
468 265 5 7 0.030282615 
106 297 4 6 0.030282615 
690 240 4 6 0.030282615 
120 623 15 24 0.030282615 
165 182 4 5 0.030282615 
958 248 6 8 0.030282615 
913 247 4 6 0.030282615 
818 267 4 6 0.030282615 
633 235 5 7 0.030282615 
535 210 126 165 0.028921604 
335 656 24 32 0.027884193 
485 653 30 41 0.027884193 
288 649 25 27 0.027884193 
788 704 23 34 0.027884193 
709 596 24 36 0.027884193 
794 714 42 56 0.027884185 
772 110 64 86 0.027884185 
252 651 23 32 0.027884185 
110 555 18 28 0.027884185 
911 710 52 61 0.027884185 
442 291 4 6 0.027838783 
661 331 5 7 0.027838783 
868 290 5 7 0.027838783 
720 331 4 6 0.027838783 
896 291 5 8 0.027838783 
750 331 5 7 0.027838783 
468 290 5 8 0.027838783 
894 232 5 6 0.027838783 
753 329 5 7 0.027838783 
232 580 8 13 0.027838783 
746 185 4 6 0.027838783 
470 340 4 6 0.027838783 
318 220 5 8 0.027838783 
506 315 5 7 0.027838783 
52 347 5 7 0.027838783 
617 171 4 6 0.027838783 
865 290 5 7 0.027838783 
322 568 8 11 0.027838783 
580 223 5 6 0.027838783 
45 340 5 7 0.027838783 
600 223 5 7 0.027838783 
465 324 5 7 0.027838783 
570 187 4 5 0.027838783 
810 290 4 6 0.027838783 
519 291 4 6 0.027838783 
614 291 4 6 0.027838783 
723 324 5 7 0.027838783 
907 218 5 7 0.027838783 
405 545 6 9 0.027838783 
579 291 5 6 0.027838783 
362 580 9 14 0.027838783 
439 315 6 9 0.027838783 
773 297 4 6 0.027838783 
422 239 5 7 0.027838783 
861 315 5 7 0.027838783 
655 223 5 7 0.027838783 
793 339 5 6 0.027838783 
429 591 8 12 0.027838783 
654 315 6 8 0.027838783 
610 316 4 6 0.027838783 
741 225 4 6 0.027838783 
877 214 5 6 0.027838783 
595 234 6 8 0.027838783 
412 239 4 6 0.027838783 
736 234 4 6 0.027838783 
205 159 4 5 0.027838783 
426 216 4 5 0.027838783 
670 214 4 6 0.027838783 
764 214 5 6 0.027838783 
579 349 5 8 0.027838783 
853 325 5 7 0.027838783 
454 286 5 7 0.027838783 
746 348 6 8 0.027838783 
784 177 4 6 0.027838783 
896 311 4 7 0.027838783 
384 186 4 6 0.027838783 
767 215 4 6 0.027838783 
515 314 5 6 0.027838783 
541 223 5 7 0.027838783 
818 335 5 7 0.027838783 
575 361 7 9 0.027838783 
169 157 4 6 0.027838783 
976 210 5 6 0.027838783 
935 376 5 7 0.027838783 
348 156 4 6 0.027838783 
188 234 4 6 0.027838783 
967 223 5 7 0.027838783 
358 147 4 6 0.027838783 
522 556 12 16 0.027838783 
575 171 3 5 0.027838783 
618 281 4 6 0.027838783 
399 183 5 7 0.027838783 
194 182 4 6 0.027838783 
209 180 4 6 0.027838783 
457 176 4 6 0.027838783 
530 280 5 6 0.027838783 
285 305 5 8 0.027838783 
512 592 9 15 0.027838783 
406 152 4 6 0.027838783 
703 300 5 6 0.027838783 
653 175 4 6 0.027838783 
249 215 5 7 0.027838783 
461 243 5 7 0.027838783 
397 171 4 6 0.027838783 
247 234 5 7 0.027838783 
575 156 4 6 0.027838783 
599 353 6 9 0.027838783 
859 381 6 8 0.027838783 
387 185 4 6 0.027838783 
388 215 4 7 0.027838783 
830 187 5 7 0.027838783 
613 210 5 7 0.027838783 
796 334 6 8 0.027838783 
430 172 4 5 0.027838783 
937 209 5 7 0.027838783 
712 240 4 6 0.027838783 
89 324 4 6 0.027838783 
210 176 4 6 0.027838783 
567 186 4 6 0.027838783 
336 600 13 18 0.027838783 
72 334 5 6 0.027838783 
593 220 4 6 0.027838783 
400 148 4 6 0.027838783 
623 319 5 7 0.027838783 
1017 218 5 8 0.027838783 
166 158 4 5 0.027838783 
408 243 5 6 0.027838783 
828 301 5 7 0.027838783 
588 307 4 7 0.027838783 
20 555 7 10 0.027838783 
395 279 5 7 0.027838783 
528 177 4 6 0.027838783 
23 557 14 19 0.027838783 
430 156 4 5 0.027838783 
810 301 4 6 0.027838783 
776 307 4 6 0.027838783 
822 186 5 7 0.027838783 
550 300 5 6 0.027838783 
835 370 6 8 0.027838783 
941 209 5 7 0.027838783 
397 185 4 6 0.027838783 
370 609 15 22 0.027838783 
699 282 5 7 0.027838783 
895 380 6 9 0.027838783 
409 196 4 6 0.027838783 
385 603 12 20 0.027838783 
968 252 6 8 0.027838783 
810 244 4 6 0.027838783 
847 137 4 6 0.027838783 
952 204 5 6 0.027838783 
281 167 4 6 0.027838783 
733 244 4 6 0.027838783 
640 278 4 6 0.027838783 
237 257 5 8 0.027838783 
939 396 5 7 0.027838783 
656 191 4 6 0.027838783 
819 152 4 5 0.027838783 
938 401 5 7 0.027838783 
753 192 4 6 0.027838783 
492 524 7 10 0.027838783 
938 148 4 5 0.027838783 
857 267 5 7 0.027838783 
109 493 7 11 0.027838783 
108 519 9 14 0.027838783 
478 276 5 6 0.027838783 
165 510 6 10 0.027838783 
156 515 7 10 0.027838783 
951 386 5 7 0.027838783 
732 402 5 7 0.027838783 
258 506 7 11 0.027838783 
163 537 8 14 0.027838783 
218 252 4 6 0.027838783 
681 258 4 6 0.027838783 
971 204 5 7 0.027838783 
721 204 4 6 0.027838783 
832 179 4 6 0.027838783 
821 386 10 14 0.027838783 
225 277 5 7 0.027838783 
131 501 12 17 0.027838783 
933 250 7 9 0.027838783 
172 262 6 8 0.027838783 
251 172 4 6 0.027838783 
765 54 7 10 0.027838783 
539 512 9 12 0.027838783 
361 172 4 6 0.027838783 
311 254 5 7 0.027838783 
899 411 6 8 0.027838783 
824 254 4 6 0.027838783 
658 530 8 12 0.027838783 
336 195 6 8 0.027838783 
895 242 4 6 0.027838783 
386 196 4 6 0.027838783 
346 191 4 7 0.027838783 
0 416 10 15 0.027838783 
422 195 3 5 0.027838783 
165 186 4 6 0.027838783 
446 263 4 6 0.027838783 
453 196 4 6 0.027838783 
326 535 7 10 0.027838783 
861 252 5 7 0.027838783 
328 179 5 7 0.027838783 
621 277 4 7 0.027838783 
856 199 5 6 0.027838783 
832 262 5 6 0.027838783 
632 181 4 5 0.027838783 
976 243 7 8 0.027838783 
623 182 4 5 0.027838783 
869 249 6 8 0.027838783 
989 163 4 6 0.027838783 
959 271 7 10 0.027838783 
802 196 4 6 0.027838783 
83 424 6 9 0.027838783 
283 534 6 9 0.027838783 
144 189 5 6 0.027838783 
395 518 8 12 0.027838783 
883 271 4 6 0.027838783 
929 247 5 7 0.027838783 
942 263 6 8 0.027838783 
323 247 5 7 0.027838783 
185 250 6 7 0.027838783 
989 195 4 6 0.027838783 
127 199 4 6 0.027838783 
195 463 6 8 0.027838783 
821 161 4 6 0.027838783 
146 200 4 5 0.027838783 
935 162 4 5 0.027838783 
345 202 5 7 0.027838783 
262 204 6 8 0.027838783 
192 474 6 9 0.027838783 
574 153 4 6 0.027838783 
192 172 4 5 0.027838783 
762 196 4 5 0.027838783 
50 453 6 8 0.027838783 
127 453 6 9 0.027838783 
593 154 4 6 0.027838783 
151 459 6 9 0.027838783 
602 196 4 6 0.027838783 
50 463 7 10 0.027838783 
942 148 4 5 0.027838783 
357 526 8 11 0.027838783 
617 265 6 8 0.027838783 
567 182 4 5 0.027838783 
137 172 4 5 0.027838783 
416 522 8 11 0.027838783 
804 671 12 17 0.027838783 
149 442 6 8 0.027838783 
252 205 4 6 0.027838783 
448 181 4 6 0.027838783 
140 206 4 6 0.027838783 
929 167 4 6 0.027838783 
135 186 4 5 0.027838783 
886 201 4 6 0.027838783 
205 205 5 7 0.027838783 
960 186 4 6 0.027838783 
461 270 5 7 0.027838783 
71 446 7 10 0.027838783 
117 449 6 8 0.027838783 
153 271 4 7 0.027838783 
496 248 4 5 0.027838783 
165 273 5 8 0.027838783 
545 369 6 8 0.027838778 
847 333 5 7 0.027838778 
952 153 4 5 0.027838778 
827 273 4 6 0.027838778 
472 354 6 7 0.027838778 
247 144 4 5 0.027838778 
402 204 5 7 0.027838778 
776 273 5 7 0.027838778 
815 650 6 10 0.027838778 
904 238 5 6 0.027838778 
648 215 5 6 0.027838778 
869 335 5 7 0.027838778 
945 243 6 8 0.027838778 
90 278 4 6 0.027838778 
344 273 5 7 0.027838778 
550 628 11 21 0.027838778 
942 202 5 6 0.027838778 
45 162 4 5 0.027838778 
27 460 7 10 0.027838778 
625 186 5 6 0.027838778 
687 206 4 7 0.027838778 
945 282 5 7 0.027838778 
627 273 5 7 0.027838778 
619 278 4 6 0.027838778 
639 327 6 8 0.027838778 
964 172 4 6 0.027838778 
409 199 5 7 0.027838778 
661 334 6 7 0.027838778 
916 266 5 7 0.027838778 
964 368 4 6 0.027838778 
653 173 4 5 0.027838778 
648 286 4 6 0.027838778 
167 162 4 5 0.027838778 
753 343 6 9 0.027838778 
949 237 6 8 0.027838778 
905 403 4 6 0.027838778 
400 172 4 5 0.027838778 
809 374 6 9 0.027838778 
614 195 5 6 0.027838778 
178 176 4 6 0.027838778 
889 252 6 8 0.027838778 
219 509 7 11 0.027838778 
990 182 4 6 0.027838778 
280 302 4 6 0.027838778 
767 225 5 6 0.027838778 
195 196 5 6 0.027838778 
167 230 4 6 0.027838778 
790 221 6 9 0.027838778 
579 309 4 6 0.027838778 
917 183 4 5 0.027838778 
360 584 10 17 0.027838778 
161 258 6 8 0.027838778 
423 192 4 5 0.027838778 
692 254 4 6 0.027838778 
864 235 4 5 0.027838778 
977 251 6 9 0.027838778 
721 253 4 6 0.027838778 
929 162 4 5 0.027838778 
134 191 5 7 0.027838778 
758 228 5 6 0.027838778 
566 306 5 7 0.027838778 
411 612 8 13 0.027838778 
874 192 4 6 0.027838778 
188 168 4 5 0.027838778 
419 597 11 17 0.027838778 
482 606 12 19 0.027838778 
464 320 5 7 0.027838778 
374 255 6 9 0.027838778 
515 264 4 6 0.027838778 
217 227 5 7 0.027838778 
217 75 5 7 0.027838778 
966 180 5 6 0.027838778 
870 182 4 6 0.027838778 
844 220 5 7 0.027838778 
322 297 4 6 0.027838778 
856 308 6 8 0.027838778 
475 512 8 12 0.027838778 
238 235 5 6 0.027838778 
222 85 5 7 0.027838778 
320 253 4 6 0.027838778 
798 158 4 6 0.027838778 
248 148 4 5 0.027838778 
440 158 4 5 0.027838778 
609 182 5 7 0.02558696 
396 421 4 6 0.02558696 
523 325 4 6 0.02558696 
507 634 15 17 0.02558696 
24 335 6 8 0.02558696 
832 281 4 6 0.02558696 
196 272 10 15 0.02558696 
871 663 13 17 0.02558696 
165 303 6 9 0.02558696 
441 497 6 8 0.02558696 
177 270 5 7 0.02558696 
11 499 8 12 0.02558696 
953 265 5 8 0.02558696 
175 177 4 6 0.02558696 
131 325 5 7 0.02558696 
464 306 4 6 0.02558696 
559 344 6 9 0.02558696 
568 177 3 5 0.02558696 
380 158 4 6 0.02558696 
281 305 5 7 0.02558696 
264 304 5 7 0.02558696 
101 344 5 7 0.02558696 
912 267 5 7 0.02558696 
267 272 6 9 0.02558696 
429 180 5 7 0.02558696 
772 273 4 6 0.02558696 
64 517 9 12 0.02558696 
542 168 4 5 0.02558696 
797 272 5 6 0.02558696 
788 272 5 7 0.02558696 
780 271 4 6 0.02558696 
663 342 7 9 0.02558696 
788 359 7 10 0.02558696 
852 268 5 7 0.02558696 
835 268 4 6 0.02558696 
440 166 4 6 0.02558696 
573 354 10 13 0.02558696 
645 172 3 5 0.02558696 
486 315 4 6 0.02558696 
805 384 6 8 0.02558696 
683 315 4 6 0.02558696 
576 161 4 5 0.02558696 
626 376 7 10 0.02558696 
529 315 4 6 0.02558696 
379 176 4 6 0.02558696 
898 386 6 8 0.02558696 
801 157 4 5 0.02558696 
474 314 4 6 0.02558696 
814 585 6 12 0.02558696 
911 302 10 13 0.02558696 
138 315 7 9 0.02558696 
606 156 4 6 0.02558696 
461 314 4 6 0.02558696 
769 315 4 6 0.02558696 
852 314 6 8 0.02558696 
835 315 5 7 0.02558696 
954 378 5 7 0.02558696 
778 315 5 7 0.02558696 
776 314 6 8 0.02558696 
916 406 4 6 0.02558696 
608 162 4 5 0.02558696 
469 300 4 6 0.02558696 
166 177 5 6 0.02558696 
883 367 5 7 0.02558696 
398 435 5 7 0.02558696 
579 528 7 10 0.02558696 
712 325 5 7 0.02558696 
88 437 6 10 0.02558696 
511 302 5 6 0.02558696 
640 177 4 5 0.02558696 
939 425 6 8 0.02558696 
431 163 4 5 0.02558696 
829 305 4 6 0.02558696 
835 320 5 7 0.02558696 
539 602 14 19 0.02558696 
852 301 5 8 0.02558696 
427 163 3 5 0.02558696 
846 300 6 8 0.02558696 
625 324 6 8 0.02558696 
760 302 4 6 0.02558696 
391 181 4 6 0.02558696 
238 280 6 8 0.02558696 
12 167 4 5 0.02558696 
464 275 5 7 0.02558696 
865 152 4 6 0.02558696 
333 280 5 8 0.02558696 
220 281 5 7 0.02558696 
763 338 5 8 0.02558696 
335 520 9 11 0.02558696 
581 340 4 6 0.02558696 
625 167 4 6 0.02558696 
712 339 5 7 0.02558696 
489 282 5 7 0.02558696 
452 171 4 5 0.02558696 
152 517 11 15 0.02558696 
126 516 13 19 0.02558696 
649 277 4 6 0.02558696 
716 339 5 7 0.02558696 
853 358 5 8 0.02558696 
386 275 6 8 0.02558696 
391 277 5 7 0.02558696 
421 486 6 9 0.02558696 
354 276 6 8 0.02558696 
212 277 5 7 0.02558696 
903 275 5 7 0.02558696 
504 276 4 6 0.02558696 
672 279 5 7 0.02558696 
773 656 9 12 0.02558696 
820 338 5 7 0.02558696 
856 151 4 6 0.02558696 
963 312 5 8 0.02558696 
652 273 4 6 0.02558696 
499 258 4 6 0.02558696 
849 180 5 7 0.02558696 
810 350 6 8 0.02558696 
503 258 4 6 0.02558696 
554 349 5 8 0.02558696 
205 258 5 7 0.02558696 
250 166 4 6 0.02558696 
271 511 5 8 0.02558696 
412 151 4 6 0.02558696 
156 510 7 10 0.02558696 
661 172 4 5 0.02558696 
635 272 5 6 0.02558696 
403 180 5 7 0.02558696 
21 512 14 18 0.02558696 
744 356 5 8 0.02558696 
620 517 6 10 0.02558696 
452 167 4 5 0.02558696 
827 282 4 6 0.02558696 
302 512 7 10 0.02558696 
963 252 4 7 0.02558696 
967 342 8 10 0.02558696 
538 681 17 25 0.02558696 
157 162 4 5 0.02558696 
833 341 6 8 0.02558696 
323 261 5 7 0.02558696 
792 683 12 18 0.02558696 
126 508 12 17 0.02558696 
1017 344 6 10 0.02558696 
362 166 4 5 0.02558696 
928 258 7 9 0.02558696 
243 485 12 17 0.02558696 
168 501 11 15 0.02558696 
798 342 5 8 0.02558696 
626 181 4 5 0.02558696 
749 344 6 8 0.02558696 
416 511 8 11 0.02558696 
919 252 5 7 0.02558696 
78 511 9 13 0.02558696 
179 168 4 6 0.02558696 
788 353 5 7 0.02558696 
770 354 5 8 0.02558696 
882 261 5 8 0.02558696 
400 168 4 5 0.02558696 
15 512 8 11 0.02558696 
575 223 5 6 0.02558696 
830 249 4 6 0.02558696 
157 239 6 8 0.02558696 
627 218 5 7 0.02558696 
976 195 4 6 0.02558696 
703 196 5 6 0.02558696 
152 252 5 8 0.02558696 
852 249 5 7 0.02558696 
397 148 4 6 0.02558696 
902 211 10 13 0.02558696 
673 239 5 7 0.02558696 
849 248 4 6 0.02558696 
687 219 4 5 0.02558696 
550 225 4 5 0.02558696 
936 234 5 7 0.02558696 
985 180 4 6 0.02558696 
567 223 4 6 0.02558696 
174 232 11 14 0.02558696 
599 185 5 7 0.02558696 
626 199 5 6 0.02558696 
359 198 5 7 0.02558696 
402 200 5 7 0.02558696 
925 142 4 5 0.02558696 
779 220 5 6 0.02558696 
319 199 4 6 0.02558696 
882 220 4 6 0.02558696 
542 201 4 5 0.02558696 
192 200 4 6 0.02558696 
162 200 4 6 0.02558696 
897 224 5 6 0.02558696 
913 224 4 6 0.02558696 
904 201 4 6 0.02558696 
729 233 4 6 0.02558696 
579 196 4 6 0.02558696 
512 248 4 6 0.02558696 
717 234 4 5 0.02558696 
1011 214 6 8 0.02558696 
338 231 6 9 0.02558696 
994 213 5 8 0.02558696 
543 187 4 5 0.02558696 
336 209 5 6 0.02558696 
575 293 4 6 0.02558696 
614 171 4 6 0.02558696 
92 296 5 6 0.02558696 
149 153 4 5 0.02558696 
354 220 5 7 0.02558696 
989 190 5 7 0.02558696 
313 203 6 9 0.02558696 
952 190 4 6 0.02558696 
341 204 5 7 0.02558696 
883 240 5 7 0.02558696 
885 236 10 13 0.02558696 
392 215 5 7 0.02558696 
217 115 4 6 0.02558696 
601 247 4 6 0.02558696 
578 237 6 8 0.02558696 
756 234 6 7 0.02558696 
370 217 5 7 0.02558696 
365 220 5 7 0.02558696 
626 248 5 7 0.02558696 
353 188 4 6 0.02558696 
834 161 5 7 0.02558696 
562 230 4 6 0.02558696 
286 148 4 6 0.02558696 
311 208 5 8 0.02558696 
663 253 5 7 0.02558696 
400 208 5 6 0.02558696 
848 244 4 6 0.02558696 
508 254 4 6 0.02558696 
919 229 5 7 0.02558696 
638 253 5 7 0.02558696 
840 245 4 6 0.02558696 
134 234 5 7 0.02558696 
579 204 4 6 0.02558696 
644 247 5 6 0.02558696 
152 247 6 9 0.02558696 
647 243 5 7 0.02558696 
942 223 4 6 0.02558696 
673 229 4 6 0.02558696 
395 209 4 6 0.02558696 
184 248 5 6 0.02558696 
802 191 4 6 0.02558696 
720 244 4 6 0.02558696 
140 209 4 6 0.02558696 
958 204 4 7 0.02558696 
498 253 4 6 0.02558696 
239 192 4 6 0.02558696 
379 146 4 6 0.02558696 
570 190 4 6 0.02558696 
717 248 4 6 0.02558696 
607 186 4 6 0.02558696 
869 234 5 6 0.02558696 
969 187 4 6 0.02558696 
358 223 5 7 0.02558696 
386 225 4 7 0.02558696 
848 148 4 6 0.02558696 
842 193 6 8 0.02558696 
708 249 4 6 0.02558696 
404 224 4 6 0.02558696 
857 134 4 5 0.02558696 
670 249 5 7 0.02558696 
337 238 5 7 0.02558696 
158 152 4 5 0.02558696 
584 192 5 6 0.02558696 
1006 228 5 7 0.02558696 
417 210 4 6 0.02558696 
247 230 5 6 0.02558696 
220 229 5 7 0.02558696 
831 228 4 6 0.02558696 
887 229 5 7 0.02558696 
177 244 5 7 0.02558696 
226 74 4 6 0.02558696 
209 229 5 7 0.02558696 
653 192 4 6 0.02558696 
405 244 4 7 0.02558696 
187 228 5 7 0.02558696 
333 243 5 7 0.02558696 
958 237 5 7 0.02558696 
844 230 5 6 0.02558696 
948 167 3 5 0.02558696 
487 249 4 5 0.02558696 
489 293 5 8 0.02558696 
203 468 7 10 0.02558696 
477 290 5 7 0.02558696 
966 176 5 7 0.02558696 
418 173 4 5 0.02558696 
974 176 4 6 0.02558696 
506 369 5 8 0.02558696 
309 521 12 16 0.02558696 
132 182 4 6 0.02558696 
862 161 4 6 0.02558696 
903 362 5 8 0.02558696 
62 471 8 11 0.02558696 
192 474 10 13 0.02558696 
249 472 6 9 0.02558696 
899 282 4 7 0.02558696 
114 287 4 6 0.02558696 
337 160 5 6 0.02558696 
610 520 6 11 0.02558696 
590 520 7 12 0.02558696 
908 281 5 8 0.02558696 
894 282 5 7 0.02558696 
295 554 6 10 0.02558696 
207 556 8 11 0.02558696 
813 335 5 7 0.02558696 
878 281 5 7 0.02558696 
485 521 6 9 0.02558696 
445 521 6 10 0.02558696 
80 292 5 6 0.02558696 
427 177 4 6 0.02558696 
587 157 4 6 0.02558696 
930 390 5 7 0.02558696 
621 312 5 6 0.02558696 
870 372 5 7 0.02558696 
821 167 4 6 0.02558696 
520 310 5 7 0.02558696 
895 395 5 7 0.02558696 
310 306 11 15 0.02558696 
884 287 5 7 0.02558696 
117 472 7 10 0.02558696 
827 287 4 7 0.02558696 
419 162 4 5 0.02558696 
429 300 5 7 0.02558696 
918 310 7 10 0.02558696 
214 286 5 7 0.02558696 
828 158 4 6 0.02558696 
829 290 5 7 0.02558696 
621 331 5 7 0.02558696 
676 328 7 8 0.02558696 
852 166 5 7 0.02558696 
938 178 4 6 0.02558696 
870 153 4 6 0.02558696 
144 172 4 6 0.02558696 
331 530 7 9 0.02558696 
237 301 5 6 0.02558696 
196 299 5 7 0.02558696 
575 330 4 6 0.02558696 
458 296 5 8 0.02558696 
911 167 4 5 0.02558696 
268 296 5 7 0.02558696 
895 168 4 6 0.02558696 
473 584 7 10 0.02558696 
203 464 5 8 0.02558696 
144 159 4 5 0.02558696 
152 444 6 9 0.02558696 
88 331 4 6 0.02558696 
87 452 6 9 0.02558696 
69 466 8 11 0.02558696 
533 292 4 6 0.02558696 
528 291 4 6 0.02558696 
627 287 5 7 0.02558696 
427 631 8 14 0.02558696 
675 296 4 6 0.02558696 
436 287 5 7 0.02558696 
391 288 5 8 0.02558696 
251 285 5 6 0.02558696 
921 156 4 6 0.02558696 
741 176 5 6 0.02558696 
582 365 7 9 0.02558696 
80 447 7 9 0.02558696 
44 448 6 9 0.02558696 
59 447 7 10 0.02558696 
896 295 5 8 0.02558696 
888 295 6 8 0.02558696 
954 296 5 7 0.02558696 
200 159 4 5 0.02558696 
822 158 4 6 0.02558696 
810 326 6 8 0.02558696 
872 656 25 33 0.025519116 
920 127 71 92 0.025519116 
350 647 50 67 0.025519116 
376 377 45 78 0.025519116 
742 722 25 27 0.025519116 
188 591 20 29 0.025519116 
440 631 31 39 0.025519116 
211 79 25 35 0.025519116 
13 592 43 62 0.025519116 
60 617 23 34 0.025519116 
270 130 121 175 0.024156325 
197 161 209 281 0.024156325 
154 55 124 155 0.024156325 
750 195 215 285 0.024156325 
131 89 197 273 0.024156325 
430 182 203 273 0.024156325 
489 253 4 6 0.02351288 
395 252 5 8 0.02351288 
487 252 4 6 0.02351288 
789 258 5 7 0.02351288 
464 253 5 7 0.02351288 
831 259 4 6 0.02351288 
835 259 5 7 0.02351288 
860 257 5 7 0.02351288 
866 252 10 14 0.02351288 
753 241 6 8 0.02351288 
392 251 6 8 0.02351288 
593 182 5 7 0.02351288 
490 266 5 6 0.02351288 
601 269 4 6 0.02351288 
890 257 5 7 0.02351288 
936 272 6 9 0.02351288 
348 181 4 6 0.02351288 
495 253 4 6 0.02351288 
729 258 5 6 0.02351288 
925 253 5 8 0.02351288 
378 266 6 9 0.02351288 
456 267 5 6 0.02351288 
902 258 6 8 0.02351288 
371 251 4 6 0.02351288 
687 259 4 6 0.02351288 
830 252 4 6 0.02351288 
73 255 5 8 0.02351288 
652 254 4 6 0.02351288 
516 256 5 7 0.02351288 
630 257 5 7 0.02351288 
162 276 6 9 0.02351288 
635 268 5 7 0.02351288 
695 267 4 6 0.02351288 
705 267 4 6 0.02351288 
724 248 4 6 0.02351288 
545 671 18 25 0.02351288 
555 182 4 5 0.02351288 
192 275 7 10 0.02351288 
133 186 4 5 0.02351288 
533 250 4 5 0.02351288 
503 248 4 5 0.02351288 
319 249 5 7 0.02351288 
314 248 5 7 0.02351288 
874 270 6 8 0.02351288 
878 276 5 7 0.02351288 
873 276 5 7 0.02351288 
179 184 6 8 0.02351288 
583 278 6 7 0.02351288 
737 153 4 6 0.02351288 
612 276 6 8 0.02351288 
251 181 4 6 0.02351288 
679 275 5 7 0.02351288 
712 243 4 6 0.02351288 
730 277 5 7 0.02351288 
825 146 5 7 0.02351288 
851 261 5 7 0.02351288 
834 295 5 8 0.02351288 
254 158 4 6 0.02351288 
950 229 5 6 0.02351288 
383 148 4 5 0.02351288 
617 176 4 6 0.02351288 
801 300 4 6 0.02351288 
806 300 5 6 0.02351288 
816 176 4 6 0.02351288 
183 158 5 6 0.02351288 
829 288 10 13 0.02351288 
72 295 4 6 0.02351288 
529 302 4 6 0.02351288 
655 175 4 6 0.02351288 
157 158 4 6 0.02351288 
915 295 6 10 0.02351288 
788 227 6 8 0.02351288 
925 176 4 6 0.02351288 
425 235 4 6 0.02351288 
794 177 4 6 0.02351288 
75 301 5 7 0.02351288 
391 147 4 6 0.02351288 
99 299 5 6 0.02351288 
308 234 5 8 0.02351288 
272 231 5 7 0.02351288 
209 157 4 5 0.02351288 
208 233 5 7 0.02351288 
252 301 4 6 0.02351288 
694 176 4 5 0.02351288 
892 178 4 6 0.02351288 
640 181 4 6 0.02351288 
971 254 6 9 0.02351288 
358 262 4 6 0.02351288 
362 263 5 6 0.02351288 
490 263 5 7 0.02351288 
494 263 4 6 0.02351288 
498 262 5 6 0.02351288 
542 264 4 5 0.02351288 
678 261 4 7 0.02351288 
951 255 7 10 0.02351288 
699 264 4 6 0.02351288 
814 264 5 7 0.02351288 
817 263 4 6 0.02351288 
843 262 4 6 0.02351288 
463 272 5 7 0.02351288 
861 264 5 7 0.02351288 
794 181 4 6 0.02351288 
197 187 4 6 0.02351288 
216 296 6 8 0.02351288 
540 296 5 7 0.02351288 
180 158 4 6 0.02351288 
377 296 5 7 0.02351288 
528 296 5 6 0.02351288 
560 297 4 6 0.02351288 
669 235 5 7 0.02351288 
360 613 9 15 0.02351288 
655 232 4 7 0.02351288 
337 666 13 19 0.02351288 
529 272 4 6 0.02351288 
468 273 5 7 0.02351288 
68 348 4 6 0.02351288 
733 229 5 7 0.02351288 
694 343 5 7 0.02351288 
638 186 5 6 0.02351288 
583 349 5 8 0.02351288 
592 230 4 6 0.02351288 
371 306 5 7 0.02351288 
574 350 6 9 0.02351288 
652 305 4 6 0.02351288 
571 349 5 8 0.02351288 
670 210 11 15 0.02351288 
947 300 6 8 0.02351288 
657 186 4 6 0.02351288 
76 305 4 6 0.02351288 
707 215 4 5 0.02351288 
341 147 4 6 0.02351288 
669 305 5 7 0.02351288 
448 602 9 13 0.02351288 
847 220 4 6 0.02351288 
392 223 5 7 0.02351288 
649 320 5 7 0.02351288 
708 318 5 7 0.02351288 
836 311 5 7 0.02351288 
80 309 4 6 0.02351288 
878 304 5 7 0.02351288 
858 215 4 6 0.02351288 
801 214 4 6 0.02351288 
562 305 4 6 0.02351288 
853 214 4 6 0.02351288 
422 228 4 6 0.02351288 
588 347 6 9 0.02351288 
644 186 4 6 0.02351288 
363 157 4 6 0.02351288 
474 272 5 6 0.02351288 
656 173 4 5 0.02351288 
231 310 4 6 0.02351288 
906 304 5 7 0.02351288 
946 216 4 6 0.02351288 
917 215 4 6 0.02351288 
881 305 5 7 0.02351288 
441 606 9 13 0.02351288 
689 311 5 7 0.02351288 
955 157 4 5 0.02351288 
622 213 5 7 0.02351288 
73 311 4 6 0.02351288 
77 311 4 6 0.02351288 
596 350 5 7 0.02351288 
959 339 5 8 0.02351288 
102 285 5 6 0.02351288 
634 214 4 7 0.02351288 
959 159 4 5 0.02351288 
229 306 5 6 0.02351288 
864 342 6 8 0.02351288 
627 562 12 23 0.02351288 
697 228 5 6 0.02351288 
166 147 4 6 0.02351288 
169 230 5 7 0.02351288 
629 308 5 8 0.02351288 
147 230 5 6 0.02351288 
1006 224 5 7 0.02351288 
848 339 5 7 0.02351288 
627 309 5 7 0.02351288 
145 218 5 8 0.02351288 
141 586 14 21 0.02351288 
574 340 5 6 0.02351288 
730 329 4 6 0.02351288 
763 316 4 6 0.02351288 
716 329 4 6 0.02351288 
560 315 5 7 0.02351288 
749 224 5 7 0.02351288 
856 315 5 8 0.02351288 
732 329 5 6 0.02351288 
409 175 4 6 0.02351288 
383 176 4 5 0.02351288 
263 219 5 7 0.02351288 
827 224 4 6 0.02351288 
828 172 4 6 0.02351288 
609 157 4 5 0.02351288 
751 315 5 6 0.02351288 
889 324 6 8 0.02351288 
823 143 4 6 0.02351288 
477 272 5 6 0.02351288 
488 273 5 7 0.02351288 
598 272 4 6 0.02351288 
834 301 5 6 0.02351288 
839 296 5 7 0.02351288 
559 185 4 6 0.02351288 
596 314 5 7 0.02351288 
97 336 4 5 0.02351288 
894 328 6 9 0.02351288 
554 313 5 7 0.02351288 
835 144 4 5 0.02351288 
555 324 5 7 0.02351288 
301 587 13 18 0.02351288 
733 325 5 7 0.02351288 
898 219 5 7 0.02351288 
964 220 5 7 0.02351288 
781 320 5 7 0.02351288 
755 217 9 12 0.02351288 
410 144 4 5 0.02351288 
997 170 5 7 0.02351288 
230 318 5 6 0.02351288 
285 322 5 7 0.02351288 
255 177 4 5 0.02351288 
366 585 12 18 0.02351288 
568 320 5 7 0.02351288 
886 219 4 6 0.02351288 
764 324 5 7 0.02351288 
775 324 5 7 0.02351288 
513 324 5 8 0.02351288 
413 144 4 5 0.02351288 
408 220 4 6 0.02351288 
828 310 5 7 0.02351288 
154 226 4 6 0.02351288 
551 187 4 6 0.02351288 
343 224 11 15 0.02351288 
855 301 8 10 0.02351288 
315 223 5 7 0.02351288 
41 325 5 6 0.02351288 
627 291 5 6 0.02351288 
681 325 5 6 0.02351288 
951 283 5 7 0.02351288 
1010 186 5 8 0.02351288 
195 200 4 6 0.02351288 
861 196 4 6 0.02351288 
636 167 4 6 0.02351288 
509 517 8 11 0.02351288 
0 481 5 10 0.02351288 
759 167 4 5 0.02351288 
317 521 7 10 0.02351288 
943 195 4 6 0.02351288 
148 492 6 9 0.02351288 
678 195 4 6 0.02351288 
224 487 7 10 0.02351288 
653 195 5 7 0.02351288 
332 489 6 8 0.02351288 
61 489 8 11 0.02351288 
575 168 4 5 0.02351288 
224 490 7 11 0.02351288 
563 196 4 6 0.02351288 
456 490 6 9 0.02351288 
907 195 4 6 0.02351288 
397 167 4 5 0.02351288 
283 508 8 11 0.02351288 
377 189 5 6 0.02351288 
358 191 4 6 0.02351288 
771 190 4 6 0.02351288 
211 193 6 8 0.02351288 
199 196 5 7 0.02351288 
132 195 4 6 0.02351288 
137 502 8 11 0.02351288 
215 94 6 8 0.02351288 
294 61 4 6 0.02351288 
1002 161 5 6 0.02351288 
222 110 4 6 0.02351288 
333 196 5 7 0.02351288 
272 211 4 6 0.02351288 
476 166 5 7 0.02351288 
463 505 6 9 0.02351288 
601 190 5 7 0.02351288 
213 167 4 5 0.02351288 
558 191 4 6 0.02351288 
268 191 4 5 0.02351288 
742 196 4 6 0.02351288 
789 196 4 5 0.02351288 
545 171 4 5 0.02351288 
805 376 6 9 0.02351288 
553 368 6 8 0.02351288 
893 366 5 8 0.02351288 
503 547 8 11 0.02351288 
259 216 5 6 0.02351288 
421 162 4 6 0.02351288 
315 163 4 6 0.02351288 
846 356 6 8 0.02351288 
787 365 6 8 0.02351288 
364 556 9 13 0.02351288 
234 162 4 5 0.02351288 
743 186 4 6 0.02351288 
792 196 4 5 0.02351288 
857 348 5 8 0.02351288 
187 161 4 6 0.02351288 
783 376 5 7 0.02351288 
891 377 5 6 0.02351288 
504 361 6 9 0.02351288 
435 172 3 5 0.02351288 
960 138 4 6 0.02351288 
805 349 5 8 0.02351288 
870 185 4 6 0.02351288 
575 215 5 6 0.02351288 
20 374 6 9 0.02351288 
358 210 4 6 0.02351288 
13 143 4 5 0.02351288 
765 363 8 11 0.02351288 
835 185 5 6 0.02351288 
949 366 6 8 0.02351288 
796 372 6 8 0.02351288 
414 210 4 6 0.02351288 
854 211 4 6 0.02351288 
1005 357 4 7 0.02351288 
447 172 4 5 0.02351288 
422 209 4 6 0.02351288 
542 171 3 5 0.02351288 
90 552 13 23 0.02351288 
567 211 4 6 0.02351288 
309 552 8 12 0.02351288 
744 368 5 7 0.02351288 
738 367 6 8 0.02351288 
792 358 7 9 0.02351288 
699 210 4 6 0.02351288 
472 368 6 8 0.02351288 
988 363 7 8 0.02351288 
440 162 4 6 0.02351288 
971 210 5 7 0.02351288 
382 215 5 7 0.02351288 
859 370 9 13 0.02351288 
501 551 7 10 0.02351288 
788 189 4 6 0.02351288 
406 168 4 5 0.02351288 
177 181 5 7 0.02351288 
3 452 7 9 0.02351288 
202 531 9 12 0.02351288 
614 214 4 6 0.02351288 
758 237 5 7 0.02351288 
1011 166 4 6 0.02351288 
487 284 11 14 0.02351288 
605 287 4 5 0.02351288 
679 287 5 7 0.02351288 
822 287 5 7 0.02351288 
572 238 4 6 0.02351288 
997 201 4 6 0.02351288 
921 166 5 7 0.02351288 
33 458 7 11 0.02351288 
309 529 9 11 0.02351288 
5 533 15 21 0.02351288 
152 435 6 8 0.02351288 
66 438 6 8 0.02351288 
327 531 6 8 0.02351288 
42 171 4 6 0.02351288 
175 206 4 6 0.02351288 
1010 199 5 7 0.02351288 
877 287 5 7 0.02351288 
403 472 5 8 0.02351288 
187 182 4 6 0.02351288 
204 187 4 6 0.02351288 
387 280 5 7 0.02351288 
205 181 4 6 0.02351288 
313 243 5 7 0.02351288 
400 279 5 7 0.02351288 
192 181 5 6 0.02351288 
806 283 5 7 0.02351288 
224 282 5 7 0.02351288 
996 239 6 9 0.02351288 
541 629 13 22 0.02351288 
820 148 4 5 0.02351288 
883 282 4 6 0.02351288 
349 280 5 7 0.02351288 
191 280 6 8 0.02351288 
898 287 5 7 0.02351288 
49 181 4 6 0.02351288 
57 292 5 6 0.02351288 
332 239 5 7 0.02351288 
955 153 4 5 0.02351288 
998 176 4 6 0.02351288 
242 292 5 7 0.02351288 
152 239 6 7 0.02351288 
1018 234 4 7 0.02351288 
998 232 5 7 0.02351288 
819 238 4 6 0.02351288 
225 286 6 8 0.02351288 
207 286 5 7 0.02351288 
685 282 4 6 0.02351288 
534 634 15 21 0.02351288 
123 440 5 8 0.02351288 
382 201 5 6 0.02351288 
195 172 4 6 0.02351288 
639 204 5 7 0.02351288 
21 424 6 9 0.02351288 
289 534 6 9 0.02351288 
88 425 6 8 0.02351288 
550 206 4 6 0.02351288 
448 206 3 5 0.02351288 
648 162 4 5 0.02351288 
798 204 4 6 0.02351288 
656 204 5 7 0.02351288 
233 171 5 7 0.02351288 
383 172 4 6 0.02351288 
926 163 4 6 0.02351288 
15 505 9 14 0.02351288 
907 190 4 6 0.02351288 
173 167 4 6 0.02351288 
183 169 4 6 0.02351288 
841 190 6 8 0.02351288 
348 202 5 6 0.02351288 
784 205 5 6 0.02351288 
746 205 4 5 0.02351288 
742 205 4 5 0.02351288 
498 533 11 17 0.02351288 
690 205 4 6 0.02351288 
800 383 5 7 0.02351288 
854 199 4 6 0.02351288 
848 202 4 6 0.02351288 
404 463 5 7 0.02351288 
739 200 4 5 0.02351288 
672 199 5 7 0.02351288 
814 381 5 8 0.02351288 
94 466 7 10 0.02351288 
195 467 6 8 0.02351288 
868 161 4 6 0.02351288 
456 199 5 7 0.02351288 
207 208 11 15 0.02351288 
169 210 4 6 0.02351288 
580 161 4 5 0.02351288 
4 395 6 9 0.02351288 
904 204 4 6 0.02351288 
3 401 6 9 0.02351288 
973 133 3 4 0.02351288 
853 401 6 9 0.02351288 
139 624 23 33 0.023349825 
433 642 49 64 0.023349825 
845 693 27 32 0.023349825 
369 666 55 61 0.023349825 
199 691 54 56 0.023349825 
799 694 22 32 0.023349825 
788 131 136 162 0.022069868 
334 570 8 10 0.0216032 
141 526 8 13 0.0216032 
661 248 5 7 0.021603195 
733 248 4 6 0.021603195 
411 245 10 14 0.021603195 
967 242 6 8 0.021603195 
338 199 6 8 0.021603195 
605 247 5 7 0.021603195 
621 247 5 8 0.021603195 
639 247 6 8 0.021603195 
968 195 5 6 0.021603195 
797 219 4 7 0.021603195 
450 219 4 6 0.021603195 
401 257 4 6 0.021603195 
900 196 4 6 0.021603195 
209 201 5 6 0.021603195 
212 200 5 7 0.021603195 
276 201 4 6 0.021603195 
858 242 5 7 0.021603195 
915 239 10 13 0.021603195 
631 253 5 7 0.021603195 
844 243 4 6 0.021603195 
408 252 4 6 0.021603195 
468 254 4 6 0.021603195 
626 252 5 7 0.021603195 
444 199 5 6 0.021603195 
648 254 5 7 0.021603195 
716 243 5 6 0.021603195 
362 257 5 7 0.021603195 
878 247 5 7 0.021603195 
739 246 5 7 0.021603195 
963 241 5 7 0.021603195 
482 244 5 6 0.021603195 
507 245 4 6 0.021603195 
617 243 6 9 0.021603195 
431 200 4 6 0.021603195 
656 201 5 6 0.021603195 
1014 188 9 16 0.021603195 
170 195 5 7 0.021603195 
188 194 5 7 0.021603195 
191 195 4 6 0.021603195 
351 192 5 8 0.021603195 
328 206 5 6 0.021603195 
545 206 5 6 0.021603195 
563 204 4 6 0.021603195 
226 214 5 7 0.021603195 
759 200 4 6 0.021603195 
367 214 5 7 0.021603195 
415 215 4 6 0.021603195 
597 214 4 6 0.021603195 
618 213 5 7 0.021603195 
683 215 4 6 0.021603195 
700 214 5 6 0.021603195 
712 215 5 6 0.021603195 
887 214 4 6 0.021603195 
998 189 4 7 0.021603195 
223 250 6 8 0.021603195 
772 202 5 6 0.021603195 
816 200 4 6 0.021603195 
821 200 5 7 0.021603195 
161 206 4 6 0.021603195 
211 206 5 6 0.021603195 
872 192 10 14 0.021603195 
439 220 4 5 0.021603195 
543 193 6 8 0.021603195 
400 191 5 7 0.021603195 
423 188 10 15 0.021603195 
447 191 4 6 0.021603195 
562 191 4 5 0.021603195 
759 192 4 5 0.021603195 
869 191 5 6 0.021603195 
878 192 4 6 0.021603195 
900 186 11 14 0.021603195 
365 252 5 7 0.021603195 
870 229 5 7 0.021603195 
310 558 8 12 0.021603195 
233 559 7 10 0.021603195 
292 556 8 11 0.021603195 
143 253 6 9 0.021603195 
91 525 11 17 0.021603195 
189 550 9 13 0.021603195 
326 570 12 17 0.021603195 
579 333 5 6 0.021603195 
813 387 6 9 0.021603195 
183 229 5 7 0.021603195 
959 220 4 6 0.021603195 
1006 220 5 7 0.021603195 
323 224 5 8 0.021603195 
354 223 5 7 0.021603195 
610 225 5 7 0.021603195 
707 224 4 6 0.021603195 
198 228 5 7 0.021603195 
399 228 5 6 0.021603195 
430 229 4 6 0.021603195 
862 230 4 6 0.021603195 
864 230 4 6 0.021603195 
138 243 5 7 0.021603195 
255 244 5 7 0.021603195 
340 243 6 7 0.021603195 
892 219 4 6 0.021603195 
1007 213 5 7 0.021603195 
609 218 4 6 0.021603195 
319 234 5 7 0.021603195 
383 233 5 7 0.021603195 
873 326 7 10 0.021603195 
772 233 4 7 0.021603195 
783 232 5 7 0.021603195 
798 234 5 6 0.021603195 
822 234 4 6 0.021603195 
845 233 5 7 0.021603195 
888 234 4 6 0.021603195 
186 239 5 7 0.021603195 
370 238 5 7 0.021603195 
544 239 4 6 0.021603195 
797 239 4 6 0.021603195 
914 239 5 7 0.021603195 
974 214 5 7 0.021603195 
395 257 5 7 0.021603195 
315 220 5 8 0.021603195 
225 264 5 7 0.021603195 
967 268 6 9 0.021603195 
218 270 6 8 0.021603195 
391 272 5 8 0.021603195 
525 272 4 5 0.021603195 
613 273 5 7 0.021603195 
906 262 6 8 0.021603195 
793 263 5 6 0.021603195 
789 261 5 7 0.021603195 
622 291 4 6 0.021603195 
873 264 9 13 0.021603195 
653 257 4 6 0.021603195 
936 258 5 7 0.021603195 
956 253 10 14 0.021603195 
212 263 5 7 0.021603195 
711 264 4 6 0.021603195 
313 262 5 7 0.021603195 
895 268 4 6 0.021603195 
788 267 5 7 0.021603195 
1016 311 4 6 0.021603195 
815 292 5 7 0.021603195 
481 315 4 6 0.021603195 
610 319 4 6 0.021603195 
519 315 5 6 0.021603195 
580 315 5 7 0.021603195 
663 315 6 9 0.021603195 
646 257 5 7 0.021603195 
889 314 6 9 0.021603195 
953 310 11 15 0.021603195 
477 320 5 7 0.021603195 
882 316 5 7 0.021603195 
627 268 5 7 0.021603195 
660 292 4 6 0.021603195 
690 273 5 7 0.021603195 
169 264 6 8 0.021603195 
411 267 5 7 0.021603195 
473 267 4 6 0.021603195 
497 268 4 6 0.021603195 
525 269 4 6 0.021603195 
412 262 4 6 0.021603195 
529 264 4 6 0.021603195 
733 286 6 8 0.021603195 
657 277 5 7 0.021603195 
924 272 6 9 0.021603195 
929 272 7 9 0.021603195 
971 270 5 9 0.021603195 
235 286 5 7 0.021603195 
558 292 4 6 0.021603195 
610 282 5 7 0.021603195 
816 273 10 14 0.021603195 
691 282 5 6 0.021603195 
597 286 5 6 0.021603195 
836 272 4 6 0.021603195 
555 292 4 6 0.021603195 
480 289 5 7 0.021603195 
700 274 4 6 0.021603195 
130 288 6 8 0.021603195 
600 286 5 6 0.021603195 
643 285 5 7 0.021603195 
779 288 4 6 0.021603195 
839 285 5 7 0.021603195 
961 285 7 9 0.021603195 
111 291 4 6 0.021603195 
214 291 5 7 0.021603195 
588 285 4 6 0.021603195 
216 291 6 8 0.021603195 
372 288 9 13 0.021603195 
472 291 5 7 0.021603195 
347 219 5 7 0.021603195 
882 300 6 7 0.021603195 
464 301 5 7 0.021603195 
598 300 5 7 0.021603195 
620 301 5 8 0.021603195 
638 302 5 7 0.021603195 
668 300 5 7 0.021603195 
717 298 6 8 0.021603195 
822 301 5 7 0.021603195 
889 300 6 8 0.021603195 
683 233 4 6 0.021603195 
571 307 5 6 0.021603195 
772 307 4 6 0.021603195 
834 305 5 7 0.021603195 
920 305 6 9 0.021603195 
327 302 5 6 0.021603195 
448 258 4 6 0.021603195 
912 209 5 7 0.021603195 
162 209 4 7 0.021603195 
382 219 5 7 0.021603195 
401 219 4 6 0.021603195 
196 216 5 7 0.021603195 
1001 210 6 8 0.021603195 
232 210 5 7 0.021603195 
567 205 4 6 0.021603195 
809 205 5 6 0.021603195 
845 205 5 6 0.021603195 
189 209 5 7 0.021603195 
862 211 4 6 0.021603195 
250 211 5 6 0.021603195 
980 209 4 6 0.021603195 
342 210 5 7 0.021603195 
704 210 4 5 0.021603195 
708 210 4 5 0.021603195 
841 211 4 6 0.021603195 
780 291 4 6 0.021603195 
323 300 5 6 0.021603195 
840 291 5 7 0.021603195 
669 330 6 8 0.021603195 
751 325 5 7 0.021603195 
795 322 10 13 0.021603195 
804 324 5 7 0.021603195 
916 324 6 8 0.021603195 
993 323 5 7 0.021603195 
42 328 5 7 0.021603195 
54 330 5 7 0.021603195 
528 328 5 7 0.021603195 
793 330 5 7 0.021603195 
898 292 6 9 0.021603195 
818 329 5 7 0.021603195 
857 327 6 8 0.021603195 
937 320 7 9 0.021603195 
800 321 6 8 0.021603195 
763 321 4 7 0.021603195 
467 315 4 6 0.021603195 
755 312 4 6 0.021603195 
759 309 4 6 0.021603195 
715 326 4 6 0.021603195 
575 324 5 8 0.021603195 
951 316 11 14 0.021603195 
902 290 6 9 0.021603195 
111 296 5 6 0.021603195 
199 297 5 7 0.021603195 
387 296 5 6 0.021603195 
465 296 4 6 0.021603195 
810 297 4 6 0.021603195 
856 295 6 8 0.021603195 
866 296 5 7 0.021603195 
62 301 6 8 0.021603195 
614 311 5 7 0.021603195 
687 311 5 7 0.021603195 
625 521 7 12 0.021603195 
828 337 9 13 0.021603195 
16 457 7 10 0.021603195 
118 444 5 8 0.021603195 
130 448 7 10 0.021603195 
11 451 7 10 0.021603195 
32 452 8 12 0.021603195 
81 448 10 15 0.021603195 
93 454 6 9 0.021603195 
36 457 8 11 0.021603195 
118 439 6 9 0.021603195 
88 460 7 10 0.021603195 
110 456 6 9 0.021603195 
153 473 5 7 0.021603195 
20 43 4 6 0.021603195 
372 185 10 14 0.021603195 
52 468 6 9 0.021603195 
156 469 5 8 0.021603195 
43 464 8 12 0.021603195 
32 477 8 13 0.021603195 
1 479 8 11 0.021603195 
83 479 8 11 0.021603195 
235 482 9 14 0.021603195 
266 511 7 10 0.021603195 
185 497 7 10 0.021603195 
331 493 8 11 0.021603195 
344 499 8 11 0.021603195 
151 439 7 10 0.021603195 
113 437 6 9 0.021603195 
580 344 5 7 0.021603195 
949 344 6 9 0.021603195 
523 348 4 6 0.021603195 
751 347 10 13 0.021603195 
812 350 6 8 0.021603195 
7 496 7 11 0.021603195 
75 514 9 12 0.021603195 
194 512 13 17 0.021603195 
221 514 7 10 0.021603195 
262 514 7 10 0.021603195 
513 515 8 11 0.021603195 
218 488 8 11 0.021603195 
375 176 4 6 0.021603195 
972 162 4 5 0.021603195 
871 172 4 6 0.021603195 
204 161 4 6 0.021603195 
212 179 4 6 0.021603195 
339 158 5 6 0.021603195 
405 171 4 5 0.021603195 
169 177 4 6 0.021603195 
627 177 4 6 0.021603195 
635 177 4 5 0.021603195 
389 148 4 5 0.021603195 
161 175 4 6 0.021603195 
221 159 4 5 0.021603195 
789 170 4 6 0.021603195 
225 171 4 6 0.021603195 
233 187 5 7 0.021603195 
568 172 4 5 0.021603195 
222 171 4 6 0.021603195 
256 161 4 6 0.021603195 
187 146 5 6 0.021603195 
162 182 4 6 0.021603195 
815 143 4 6 0.021603195 
174 171 4 5 0.021603195 
800 161 4 7 0.021603195 
188 171 4 6 0.021603195 
0 129 4 6 0.021603195 
639 171 4 5 0.021603195 
988 167 4 6 0.021603195 
725 182 4 6 0.021603195 
760 182 3 5 0.021603195 
319 142 4 6 0.021603195 
240 144 4 6 0.021603195 
231 162 4 5 0.021603195 
643 181 4 6 0.021603195 
938 166 4 6 0.021603195 
720 173 4 5 0.021603195 
801 148 4 5 0.021603195 
708 186 4 6 0.021603195 
960 181 4 6 0.021603195 
819 158 4 6 0.021603195 
593 175 5 6 0.021603195 
28 182 4 5 0.021603195 
366 172 5 6 0.021603195 
209 190 5 7 0.021603195 
954 175 5 7 0.021603195 
280 171 5 7 0.021603195 
614 182 5 6 0.021603195 
284 172 4 6 0.021603195 
649 148 4 5 0.021603195 
314 170 5 6 0.021603195 
906 176 5 6 0.021603195 
72 157 5 6 0.021603195 
866 167 4 6 0.021603195 
328 172 5 6 0.021603195 
157 147 4 5 0.021603195 
370 176 4 6 0.021603195 
260 152 4 6 0.021603195 
587 181 4 6 0.021603195 
571 180 4 6 0.021603195 
259 162 4 6 0.021603195 
1002 176 5 7 0.021603195 
269 163 5 6 0.021603195 
998 181 4 6 0.021603195 
271 162 4 6 0.021603195 
46 186 5 6 0.021603195 
152 147 4 6 0.021603195 
26 182 4 5 0.021603195 
891 171 4 6 0.021603195 
596 153 4 6 0.021603195 
473 147 4 6 0.021603195 
123 182 4 6 0.021603195 
422 173 4 5 0.021603195 
643 158 4 6 0.021603195 
848 157 4 6 0.021603195 
815 172 4 6 0.021603195 
626 153 5 6 0.021603195 
997 186 4 6 0.021603195 
934 148 4 6 0.021603195 
883 152 4 5 0.021603195 
840 157 4 6 0.021603195 
311 179 5 8 0.021603195 
143 176 4 6 0.021603195 
865 148 4 6 0.021603195 
545 168 4 5 0.021603195 
562 167 4 5 0.021603195 
33 352 6 8 0.021603195 
168 510 7 10 0.021603195 
728 353 6 8 0.021603195 
193 614 18 22 0.021603195 
813 662 9 15 0.021603195 
470 520 9 13 0.021603195 
0 595 12 22 0.021603195 
363 591 14 20 0.021603195 
497 597 8 11 0.021603195 
502 596 9 13 0.021603195 
586 613 8 12 0.021603195 
595 615 7 10 0.021603195 
499 547 6 11 0.021603195 
194 534 9 12 0.021603195 
662 529 7 10 0.021603195 
486 520 11 16 0.021603195 
134 525 9 14 0.021603195 
395 544 12 17 0.021603195 
378 534 11 18 0.021603195 
633 641 8 13 0.021603195 
275 583 11 18 0.021603195 
173 537 9 14 0.021603195 
934 340 5 7 0.021603195 
946 340 5 7 0.021603195 
992 338 6 8 0.021603195 
50 344 6 8 0.021603195 
739 362 6 9 0.021603195 
908 362 5 8 0.021603195 
82 412 6 8 0.021603195 
107 429 11 15 0.021603195 
42 414 7 10 0.021603195 
44 412 8 11 0.021603195 
81 415 6 9 0.021603195 
106 416 4 7 0.021603195 
393 421 4 6 0.021603195 
41 428 5 8 0.021603195 
608 338 5 7 0.021603195 
588 340 5 7 0.021603195 
903 333 6 9 0.021603195 
582 359 6 9 0.021603195 
835 359 6 7 0.021603195 
990 357 7 9 0.021603195 
492 361 6 9 0.021603195 
617 362 7 10 0.021603195 
540 345 6 9 0.021603195 
62 343 6 9 0.021603195 
629 336 5 8 0.021603195 
669 334 5 7 0.021603195 
763 334 5 8 0.021603195 
883 327 11 15 0.021603195 
21 434 6 10 0.021603195 
377 603 14 22 0.021603195 
96 608 17 24 0.021603195 
404 610 12 18 0.021603195 
24 391 5 8 0.021603195 
442 615 9 12 0.021603195 
453 610 12 19 0.021603195 
430 520 7 12 0.021603195 
46 432 6 9 0.021603195 
53 408 5 8 0.021603195 
0 396 5 8 0.021603195 
885 385 5 8 0.021603195 
806 368 6 8 0.021603195 
958 367 5 7 0.021603195 
412 381 5 7 0.021603195 
954 382 5 8 0.021603195 
38 387 5 7 0.021603195 
386 191 4 6 0.021603195 
835 378 6 8 0.021603195 
818 387 6 9 0.021603195 
44 106 31 44 0.021360898 
490 104 23 29 0.021360898 
356 135 65 95 0.021360898 
241 575 18 25 0.021360898 
580 620 22 31 0.021360898 
78 241 23 35 0.021360898 
699 135 56 83 0.021360898 
530 664 25 36 0.021360898 
774 681 21 30 0.021360898 
122 133 62 99 0.021360898 
670 711 24 34 0.021360898 
822 704 53 59 0.021360898 
378 94 134 170 0.0201599 
820 86 117 151 0.0201599 
835 237 228 281 0.0201599 
