35_Basketball_basketballgame_ball_35_446
84
471 294 97 201 0.8607147 
610 333 107 303 0.59142894 
878 819 29 66 0.28687313 
714 830 23 56 0.21842523 
481 307 123 317 0.14717786 
243 886 246 607 0.1254451 
88 830 130 395 0.1254451 
525 475 117 321 0.12544508 
811 784 28 71 0.118850335 
652 615 209 580 0.115646794 
109 299 55 138 0.08567618 
851 777 51 120 0.07880669 
892 999 35 83 0.07880669 
570 205 172 479 0.076092646 
257 805 18 44 0.07494057 
559 408 130 303 0.06984133 
432 255 197 501 0.06984133 
766 832 117 294 0.06984133 
328 1053 232 580 0.06984132 
327 758 46 110 0.06655858 
430 316 107 277 0.064067975 
633 420 212 486 0.064067975 
467 484 194 494 0.05874174 
907 765 13 36 0.054176662 
651 880 126 346 0.053832818 
586 978 35 76 0.051466707 
70 935 54 150 0.051466707 
234 854 22 57 0.051466707 
305 855 26 65 0.051466707 
762 832 16 40 0.04990379 
593 821 222 555 0.04931264 
109 1002 218 564 0.04931264 
182 1113 136 346 0.04931264 
826 746 25 65 0.047198545 
498 449 59 131 0.047198545 
552 553 78 187 0.047198545 
726 872 20 50 0.04595155 
489 571 61 153 0.04326818 
301 284 232 539 0.04133061 
254 818 24 57 0.039651502 
629 792 29 72 0.039651494 
810 735 111 286 0.03781825 
877 978 57 138 0.036325652 
643 584 62 131 0.036325645 
13 856 261 653 0.034593605 
661 838 22 55 0.033269096 
862 810 56 116 0.033269096 
824 741 53 138 0.033269096 
765 831 10 24 0.032933712 
157 106 107 239 0.03163486 
330 810 51 118 0.030461604 
554 337 65 148 0.030461596 
849 776 34 76 0.030461596 
360 464 68 148 0.030461596 
541 632 83 184 0.030461596 
420 454 57 122 0.030461596 
373 781 8 22 0.030282615 
4 347 209 523 0.028921604 
687 854 25 57 0.027884193 
191 1127 74 172 0.027884193 
331 779 28 69 0.027884193 
466 493 37 81 0.027884193 
756 725 25 59 0.027884185 
298 871 28 74 0.025519116 
773 836 58 153 0.025519116 
637 806 55 138 0.025519116 
906 752 23 59 0.025519116 
823 785 31 80 0.025519116 
804 762 46 120 0.025519116 
610 928 67 155 0.023349825 
759 840 25 62 0.023349825 
278 791 26 61 0.023349825 
328 300 71 145 0.023349825 
336 827 30 75 0.023349825 
720 670 29 70 0.023349825 
730 705 29 74 0.023349825 
521 581 209 479 0.022069868 
657 398 106 303 0.022069868 
733 753 191 472 0.022069868 
719 771 13 34 0.021603195 
643 897 22 55 0.021603195 
835 759 32 80 0.021360904 
745 812 25 61 0.021360898 
817 862 78 169 0.021360898 
