35_Basketball_playingbasketball_35_511
65
551 293 18 18 0.95009625 
699 168 218 301 0.21508123 
507 456 228 284 0.18550259 
200 238 225 288 0.15916684 
532 216 232 280 0.1254451 
377 213 194 293 0.115646794 
557 359 7 13 0.111069925 
220 11 109 162 0.09803478 
193 -39 178 260 0.09015675 
686 442 265 324 0.06984133 
41 66 19 31 0.06111947 
168 291 8 10 0.05879275 
13 10 9 12 0.05879275 
700 4 232 301 0.05874174 
583 217 130 182 0.053832818 
634 258 218 284 0.053832814 
577 319 7 9 0.04990379 
5 65 14 19 0.049903784 
-4 -19 222 276 0.04931264 
729 209 112 188 0.04931264 
86 36 29 36 0.047198545 
530 340 232 297 0.045153897 
287 1 261 293 0.045153886 
381 279 8 10 0.04229836 
700 116 142 214 0.04133061 
234 306 126 177 0.04133061 
510 425 121 172 0.04133061 
802 170 228 288 0.04133061 
221 5 68 110 0.039651502 
34 58 23 29 0.039651494 
40 52 16 21 0.038923774 
166 289 14 18 0.035808332 
562 297 11 12 0.035808332 
556 305 15 20 0.035808332 
245 475 235 324 0.034593593 
194 296 10 16 0.032933712 
561 366 15 15 0.032933712 
218 34 18 24 0.030282615 
189 299 8 12 0.030282615 
399 280 7 9 0.030282615 
22 426 140 136 0.028921604 
7 8 21 27 0.027884193 
598 4 239 320 0.02643471 
115 56 123 148 0.02643471 
213 320 5 6 0.02558696 
285 182 132 177 0.024156325 
12 425 10 15 0.02351288 
560 365 9 12 0.02351288 
74 484 60 70 0.023349825 
276 142 138 128 0.022069868 
787 24 232 334 0.022069868 
29 395 235 280 0.022069868 
365 259 8 10 0.021603195 
557 353 14 19 0.021603195 
203 320 5 6 0.021603195 
546 300 14 19 0.021603195 
149 306 6 8 0.021603195 
703 254 58 91 0.021360904 
599 274 50 68 0.021360904 
29 43 39 56 0.021360904 
201 274 58 67 0.021360898 
10 50 130 180 0.020159906 
570 427 119 224 0.0201599 
114 1 206 252 0.0201599 
346 599 126 140 0.0201599 
