35_Basketball_basketballgame_ball_35_937
53
547 87 111 155 0.99970764 
709 137 111 142 0.99961424 
215 190 94 128 0.9994417 
423 172 100 124 0.9957462 
494 272 126 245 0.9412582 
485 377 126 228 0.4310897 
50 352 68 106 0.38809907 
408 236 188 306 0.32305852 
769 -7 257 316 0.2840034 
676 438 206 285 0.2311026 
484 463 178 280 0.2311026 
251 517 93 175 0.13594593 
6 355 68 106 0.12872264 
37 404 188 261 0.12544508 
-16 -45 246 306 0.09803478 
806 307 114 162 0.06984133 
715 241 242 298 0.064067975 
683 506 128 177 0.064067975 
328 -1 31 28 0.06111947 
872 101 191 257 0.04931264 
272 205 242 325 0.045153897 
596 407 183 285 0.045153897 
457 195 235 268 0.045153897 
467 321 257 306 0.04133061 
166 76 53 71 0.039651494 
359 141 28 36 0.039651494 
345 325 194 246 0.03781825 
668 473 61 95 0.033269096 
501 311 88 139 0.033269096 
985 551 40 80 0.033269096 
166 112 6 9 0.032933712 
883 48 31 35 0.030461604 
41 145 121 155 0.028921604 
895 152 111 175 0.028921604 
390 70 51 71 0.027884193 
573 164 228 285 0.024156325 
523 570 112 142 0.024156325 
427 401 142 170 0.024156325 
106 -7 197 268 0.024156325 
24 494 5 6 0.02351288 
987 586 35 75 0.023349825 
391 35 70 82 0.023349825 
152 388 107 151 0.022069868 
272 379 269 325 0.022069868 
763 356 215 302 0.022069868 
768 117 186 253 0.022069868 
670 -11 225 276 0.022069868 
601 110 98 144 0.022069868 
524 -5 50 52 0.021360904 
861 310 65 76 0.021360898 
267 273 119 165 0.0201599 
53 315 116 151 0.0201599 
131 338 197 242 0.0201599 
