35_Basketball_Basketball_35_304
29
767 266 30 36 0.9973194 
704 251 25 31 0.96034855 
694 -7 209 220 0.30317584 
723 46 48 50 0.28687313 
857 350 63 61 0.28687313 
732 18 132 131 0.13594593 
730 34 78 67 0.08567618 
776 11 67 66 0.08567618 
618 404 186 207 0.064067975 
791 13 178 204 0.05874174 
714 264 17 20 0.04595155 
864 56 57 71 0.04326818 
792 283 197 230 0.04133061 
866 430 31 32 0.039651494 
742 69 16 18 0.038923774 
703 249 17 21 0.035808332 
773 434 95 120 0.034593605 
782 84 106 118 0.034593593 
735 285 26 26 0.033269096 
637 426 106 143 0.03163486 
790 146 212 230 0.03163486 
671 452 75 74 0.030461596 
864 17 80 73 0.030461596 
909 472 86 95 0.026434705 
854 434 33 35 0.025519116 
756 273 27 31 0.023349825 
711 416 54 62 0.021360904 
705 236 46 45 0.021360904 
855 316 98 111 0.0201599 
