35_Basketball_Basketball_35_327
110
790 170 29 37 0.9996979 
407 226 54 88 0.9991779 
85 163 26 33 0.9990996 
829 148 25 33 0.99891996 
539 153 26 34 0.99891996 
969 185 27 34 0.9973194 
763 148 26 32 0.99614596 
185 181 19 26 0.9961132 
26 177 23 30 0.9957801 
915 142 37 51 0.9957801 
436 163 19 25 0.9953811 
384 175 23 28 0.9944617 
491 178 16 21 0.99347997 
664 152 27 32 0.9933628 
466 181 20 27 0.99204755 
249 169 20 26 0.98997927 
599 163 19 24 0.98462796 
323 184 18 23 0.98015445 
636 171 19 26 0.98015445 
738 157 21 27 0.97448087 
983 159 21 26 0.92505944 
791 356 228 291 0.9098432 
565 162 14 20 0.8972024 
511 362 253 313 0.6769414 
676 350 249 363 0.6769414 
503 362 28 34 0.38809907 
276 147 7 9 0.3728605 
508 192 19 22 0.27822798 
609 -7 183 247 0.26558137 
-36 23 249 304 0.24794048 
91 318 117 176 0.21508123 
625 309 225 274 0.19988178 
460 458 232 266 0.18550259 
211 39 239 274 0.18550259 
431 230 57 77 0.1753677 
295 266 232 274 0.17193554 
976 168 27 36 0.15056497 
15 311 140 181 0.13594593 
480 -10 228 278 0.13594593 
270 147 10 10 0.111069925 
521 177 15 20 0.102797605 
514 182 22 27 0.09308395 
599 -5 107 189 0.09015675 
88 207 235 313 0.076092646 
-62 412 209 258 0.076092646 
737 16 225 236 0.076092646 
325 -1 242 282 0.06984132 
682 43 130 171 0.06984132 
88 491 225 308 0.064067975 
900 406 114 189 0.064067975 
-6 384 119 195 0.05874174 
589 417 34 38 0.056098126 
772 156 27 33 0.051466707 
140 173 21 25 0.051466707 
1014 141 10 17 0.04990379 
278 144 6 9 0.049903784 
309 428 206 286 0.04931264 
768 245 20 26 0.047198545 
526 181 9 12 0.04595155 
492 339 45 59 0.04326818 
264 312 4 6 0.038923774 
524 168 15 21 0.038923774 
488 330 20 26 0.038923774 
415 336 222 282 0.03781825 
498 412 175 198 0.03781825 
209 232 200 274 0.03781825 
755 183 13 16 0.035808332 
462 166 9 11 0.035808332 
529 371 57 72 0.033269096 
38 332 68 108 0.033269096 
590 410 17 21 0.032933712 
681 391 8 10 0.032933712 
101 369 76 101 0.030461596 
473 165 7 9 0.030282615 
642 391 73 82 0.027884193 
818 149 24 33 0.027884193 
477 181 20 27 0.027884193 
951 414 76 114 0.027884185 
521 357 51 60 0.027884185 
229 172 9 10 0.027838783 
1014 178 9 13 0.027838783 
739 293 15 17 0.027838778 
284 141 6 9 0.027838778 
531 274 188 282 0.02643471 
69 17 277 322 0.02643471 
170 328 218 291 0.026434705 
577 386 12 15 0.02558696 
1014 138 7 10 0.02558696 
693 372 14 19 0.02558696 
251 237 11 14 0.02558696 
281 165 21 27 0.025519116 
801 245 23 28 0.025519116 
559 137 206 282 0.024156325 
272 150 13 15 0.02351288 
305 205 5 7 0.02351288 
288 160 8 10 0.02351288 
243 289 5 7 0.02351288 
267 147 9 10 0.02351288 
278 149 7 10 0.02351288 
616 40 67 108 0.023349825 
763 108 212 233 0.022069868 
633 339 117 184 0.022069868 
720 370 126 181 0.022069868 
509 194 11 13 0.021603195 
267 140 15 16 0.021603195 
596 414 20 26 0.021603195 
544 371 29 34 0.021360904 
574 401 55 67 0.021360904 
700 328 21 31 0.021360898 
-9 498 126 184 0.0201599 
