3_Riot_Riot_3_415
112
842 418 28 36 0.97665024 
799 239 14 23 0.96706635 
978 363 15 23 0.9540484 
655 244 14 24 0.9540484 
389 267 24 29 0.9439019 
714 234 19 27 0.93344146 
517 268 20 26 0.88893 
136 208 22 27 0.849435 
444 224 15 25 0.7040394 
907 217 15 24 0.6271395 
747 263 17 20 0.56463194 
290 241 23 28 0.5227497 
560 260 12 20 0.33330244 
310 282 23 29 0.32552502 
367 293 23 28 0.32552502 
902 219 27 33 0.268611 
551 259 14 23 0.26116365 
669 309 51 78 0.23436876 
710 312 64 70 0.188928 
81 334 242 306 0.18550259 
547 263 24 30 0.13928533 
8 484 112 188 0.1254451 
139 201 16 21 0.11991897 
358 297 21 21 0.111069925 
620 290 46 66 0.10106142 
895 235 29 39 0.10106142 
701 293 30 39 0.10106142 
658 303 16 26 0.09507551 
911 216 8 11 0.09507551 
489 312 93 140 0.09015675 
248 327 31 41 0.07880669 
63 247 194 268 0.076092646 
642 294 85 126 0.076092646 
229 275 18 20 0.0691498 
999 273 23 30 0.06655857 
319 439 51 64 0.06111947 
620 315 16 26 0.05879275 
-42 357 261 329 0.05874174 
372 298 32 33 0.056098126 
641 293 46 67 0.056098126 
338 293 50 47 0.056098126 
867 392 23 28 0.056098126 
537 266 44 52 0.051466707 
645 300 27 39 0.051466707 
646 414 242 315 0.04931264 
688 306 58 75 0.047198545 
683 301 28 38 0.04326818 
506 250 35 48 0.04326818 
147 255 28 30 0.04326818 
446 227 8 14 0.04229837 
520 270 31 34 0.039651502 
619 306 29 42 0.039651502 
806 283 25 33 0.039651494 
213 269 19 24 0.039651494 
375 281 25 31 0.039651494 
805 239 16 21 0.038923774 
866 387 16 22 0.038923774 
905 418 121 140 0.03781825 
845 284 114 167 0.03781825 
880 233 100 144 0.03781825 
57 461 239 280 0.03781825 
741 301 60 73 0.036325652 
263 298 28 35 0.036325652 
279 244 24 28 0.036325645 
517 259 18 24 0.035808332 
256 283 50 64 0.033269096 
318 301 55 63 0.033269096 
703 289 49 64 0.033269096 
334 311 26 30 0.033269096 
658 240 22 33 0.033269096 
989 373 18 22 0.03293372 
504 477 58 70 0.030461604 
891 243 47 54 0.030461604 
254 310 30 41 0.030461596 
662 317 33 41 0.030461596 
688 289 28 32 0.030461596 
764 263 19 23 0.030282615 
451 231 15 21 0.030282615 
985 367 15 22 0.030282615 
665 310 16 23 0.030282615 
489 462 58 67 0.027884193 
873 403 25 34 0.027884193 
904 266 30 35 0.027884193 
342 443 56 66 0.027884185 
341 311 36 44 0.027884185 
231 277 10 11 0.027838783 
249 287 14 17 0.027838778 
907 218 9 13 0.027838778 
543 262 16 23 0.02558696 
686 243 16 23 0.02558696 
299 246 20 25 0.02558696 
294 253 44 50 0.025519116 
677 245 23 31 0.025519116 
914 213 9 12 0.02351288 
403 269 18 23 0.02351288 
984 320 20 27 0.023349825 
648 246 28 39 0.023349825 
798 291 43 62 0.023349825 
155 289 34 25 0.023349825 
0 269 175 256 0.022069868 
421 638 8 9 0.0216032 
288 252 18 25 0.021603195 
913 220 19 23 0.021603195 
935 220 16 22 0.021603195 
812 241 8 11 0.021603195 
721 257 52 50 0.021360904 
973 371 29 31 0.021360898 
499 262 23 32 0.021360898 
849 406 28 38 0.021360898 
302 250 27 31 0.021360898 
810 221 200 242 0.0201599 
690 341 209 231 0.0201599 
