3_Riot_Riot_3_963
43
300 235 269 570 0.991905 
-56 509 273 711 0.9846489 
843 13 142 360 0.93593204 
246 516 289 721 0.8408331 
498 820 289 680 0.8280645 
20 717 242 632 0.8144974 
803 715 200 537 0.8144974 
18 43 298 641 0.7520595 
221 807 261 641 0.73441863 
415 192 249 578 0.69682413 
597 708 186 450 0.69682413 
776 52 206 578 0.52310073 
727 612 215 537 0.47689918 
131 714 249 651 0.4310897 
248 321 206 545 0.32305852 
519 111 242 604 0.26558137 
-16 327 239 578 0.19988178 
-17 705 170 443 0.18550259 
474 633 242 613 0.14717786 
631 129 200 545 0.13594593 
860 72 85 227 0.12872262 
617 516 246 578 0.1254451 
690 290 269 641 0.12544508 
729 813 67 170 0.109639935 
652 789 253 529 0.1065206 
55 479 298 700 0.06984133 
132 -43 222 537 0.064067975 
-5 415 124 371 0.05874174 
152 233 225 545 0.053832814 
5 837 30 85 0.047198545 
323 859 265 477 0.045153886 
502 347 265 651 0.04133061 
585 260 151 382 0.03781825 
310 587 177 463 0.03781825 
497 795 67 161 0.030461596 
251 7 235 529 0.028921604 
418 544 209 545 0.028921604 
672 809 149 340 0.024156325 
33 1199 59 153 0.023349825 
-2 814 51 134 0.023349825 
208 39 134 311 0.022069868 
778 447 242 622 0.022069868 
87 88 59 156 0.021360904 
