3_Riot_Riot_3_199
824
846 176 12 14 0.99347997 
895 190 16 18 0.99225557 
771 184 13 15 0.9915604 
923 193 13 18 0.98997927 
978 335 29 36 0.98859274 
83 158 19 21 0.9801546 
331 181 18 20 0.97839683 
92 91 12 14 0.9697174 
606 172 12 15 0.9697174 
815 189 14 18 0.9641916 
853 204 16 18 0.95009613 
956 182 15 17 0.9362244 
528 187 14 16 0.92505944 
852 255 21 27 0.9211933 
1010 188 13 20 0.90492445 
67 295 34 50 0.8989386 
483 279 23 25 0.8989386 
661 172 12 15 0.8972024 
781 229 17 17 0.880081 
873 192 14 16 0.87062967 
196 235 21 23 0.82463235 
792 174 15 16 0.8000445 
238 320 59 74 0.76563126 
113 121 14 16 0.755209 
422 269 27 27 0.71312684 
997 162 8 9 0.6856687 
823 169 12 13 0.66669756 
25 56 6 7 0.64717066 
899 221 13 16 0.6271395 
391 112 8 8 0.60666233 
756 175 12 13 0.56463194 
634 138 9 9 0.56463194 
971 197 17 18 0.56463194 
396 197 17 19 0.56463194 
144 87 8 9 0.56463194 
476 147 11 12 0.5432222 
121 284 23 29 0.5227497 
716 184 13 16 0.45677772 
373 112 9 9 0.3933377 
722 135 6 7 0.3933377 
147 111 8 11 0.3728605 
276 76 5 5 0.3728605 
635 162 10 13 0.35282937 
81 123 16 17 0.33330244 
715 169 8 10 0.31433135 
578 165 15 17 0.31433135 
538 143 8 10 0.31433135 
883 168 11 12 0.29596066 
52 64 5 5 0.27822798 
976 193 16 17 0.27822798 
831 159 7 7 0.24479094 
467 153 9 10 0.24479094 
812 168 8 9 0.24479094 
389 158 9 8 0.22912638 
66 115 8 9 0.22912635 
278 120 8 8 0.22912635 
846 157 7 9 0.2141799 
631 556 20 19 0.19995552 
253 74 6 6 0.19995552 
444 195 16 17 0.19995552 
213 168 28 31 0.188928 
464 102 5 5 0.1864517 
569 125 6 7 0.1864517 
41 273 53 69 0.1753677 
867 149 9 8 0.16157512 
905 174 14 14 0.16157512 
210 183 17 21 0.16157512 
1005 172 7 8 0.16157512 
748 202 9 9 0.16157512 
492 118 7 9 0.16157512 
914 156 7 7 0.15017675 
934 180 11 12 0.15017675 
732 163 8 9 0.13944872 
573 124 6 6 0.13944872 
584 141 8 8 0.13944872 
576 386 107 141 0.13594593 
808 190 14 16 0.1293704 
788 164 7 8 0.1293704 
677 162 13 16 0.1293704 
714 178 15 16 0.12937039 
614 502 28 34 0.12872264 
410 159 12 14 0.11991897 
687 203 10 14 0.11991897 
733 184 12 13 0.11991897 
741 153 5 6 0.11991897 
310 101 8 10 0.11991897 
276 150 13 15 0.11991897 
201 140 14 17 0.11991897 
853 229 14 16 0.11991897 
982 320 23 23 0.118850335 
879 195 10 12 0.111069925 
838 222 16 16 0.111069925 
753 170 13 14 0.111069925 
377 161 9 9 0.111069925 
663 134 8 9 0.111069925 
629 140 8 9 0.111069925 
984 326 26 29 0.109639935 
980 158 7 7 0.10279763 
214 148 9 9 0.10279763 
976 321 18 18 0.10279763 
982 160 7 7 0.10279763 
957 175 12 13 0.102797605 
815 233 21 26 0.10106142 
430 325 29 28 0.10106142 
581 296 257 275 0.09803478 
838 370 132 146 0.09803478 
178 127 7 10 0.09507551 
207 145 14 14 0.09507551 
828 167 7 8 0.09507551 
903 180 15 15 0.09507551 
279 149 7 8 0.09507551 
495 115 10 12 0.09507551 
612 139 9 9 0.09507551 
158 175 15 16 0.09507551 
418 159 11 13 0.09507551 
546 165 11 13 0.09507551 
382 113 6 7 0.08787667 
215 107 9 10 0.08787667 
683 168 13 15 0.08787667 
154 111 8 10 0.08787667 
809 226 20 24 0.08567616 
706 113 7 7 0.08117401 
497 109 7 7 0.08117401 
928 172 7 9 0.08117401 
850 156 7 7 0.08117401 
318 149 12 14 0.08117401 
143 109 9 11 0.08117401 
617 155 8 8 0.08117401 
806 221 15 18 0.08117401 
391 285 25 28 0.07880669 
892 232 46 60 0.07880669 
815 167 13 13 0.074940585 
910 158 8 8 0.074940585 
959 157 6 7 0.074940585 
558 140 7 8 0.074940585 
568 276 14 16 0.074940585 
711 170 8 10 0.07494057 
867 191 14 15 0.07494057 
647 142 6 8 0.07494057 
246 127 8 9 0.07494057 
910 164 7 8 0.07494057 
494 109 6 7 0.07494057 
491 341 43 49 0.07244435 
221 166 13 14 0.069149815 
588 158 12 14 0.069149815 
900 184 15 16 0.069149815 
296 221 17 16 0.069149815 
671 156 7 9 0.069149815 
542 145 8 8 0.069149815 
888 170 8 8 0.0691498 
987 164 6 6 0.0691498 
260 94 6 7 0.0691498 
528 141 7 7 0.0691498 
933 168 7 8 0.0691498 
619 174 8 9 0.0691498 
931 175 11 13 0.0691498 
497 113 7 8 0.0691498 
627 526 12 14 0.0691498 
723 184 13 15 0.0691498 
141 84 18 21 0.06655858 
27 263 49 63 0.06655858 
439 181 20 22 0.06655857 
848 231 14 19 0.06377564 
176 114 12 14 0.06377564 
799 171 9 8 0.06377564 
717 167 12 13 0.06377564 
659 134 8 10 0.06377564 
167 68 4 5 0.06377564 
105 191 19 22 0.06111947 
844 242 38 43 0.06111947 
557 308 51 49 0.06111947 
913 176 9 9 0.05879275 
114 337 13 14 0.05879275 
736 134 6 6 0.05879275 
965 200 16 18 0.05879275 
293 80 7 7 0.05879275 
387 113 7 7 0.05879275 
373 181 12 18 0.05879275 
490 117 6 7 0.05879275 
446 141 6 7 0.05879275 
387 110 11 12 0.05879275 
832 195 8 11 0.05879275 
206 113 7 8 0.05879275 
405 115 8 8 0.05879275 
405 153 13 16 0.05879275 
655 161 12 14 0.05879275 
535 146 8 9 0.05879275 
470 355 47 44 0.056098126 
589 477 60 65 0.056098126 
901 188 19 21 0.056098126 
757 158 6 7 0.054176662 
987 161 5 6 0.054176662 
581 160 12 14 0.054176662 
888 326 14 16 0.054176662 
61 116 9 10 0.054176662 
167 179 7 8 0.054176662 
750 152 7 8 0.054176662 
408 152 7 9 0.054176662 
974 168 7 8 0.054176662 
860 185 12 13 0.054176662 
499 154 11 13 0.054176662 
114 268 40 47 0.051466707 
288 72 25 23 0.051466707 
225 289 32 27 0.051466707 
40 255 30 30 0.051466707 
500 116 8 9 0.04990379 
754 176 9 10 0.04990379 
673 154 5 6 0.04990379 
135 108 16 15 0.04990379 
228 67 6 7 0.04990379 
196 96 4 4 0.04990379 
519 205 8 9 0.04990379 
975 164 6 7 0.04990379 
880 226 15 16 0.04990379 
462 101 4 5 0.049903784 
363 146 11 13 0.049903784 
935 178 8 8 0.049903784 
118 193 15 16 0.049903784 
983 187 14 14 0.049903784 
401 151 11 13 0.049903784 
385 169 11 13 0.049903784 
423 161 8 10 0.049903784 
293 79 13 13 0.049903784 
181 114 7 7 0.049903784 
613 136 7 7 0.049903784 
757 352 222 224 0.04931264 
389 200 23 26 0.047198545 
265 331 51 65 0.047198545 
430 324 43 50 0.047198545 
783 171 8 8 0.04595155 
447 130 7 8 0.04595155 
268 120 6 7 0.04595155 
258 151 7 9 0.04595155 
939 180 9 10 0.04595155 
446 138 6 7 0.04595155 
926 237 15 16 0.04595155 
655 124 6 6 0.04595155 
655 132 6 8 0.045951538 
826 192 11 14 0.045951538 
795 201 14 14 0.045951538 
865 197 16 19 0.045951538 
979 161 8 9 0.045951538 
137 67 7 7 0.045951538 
516 466 107 107 0.045153886 
578 289 30 33 0.04326818 
525 185 24 26 0.04326818 
681 203 20 23 0.04326818 
853 240 21 26 0.04326818 
892 251 29 35 0.04326818 
234 182 25 27 0.04326818 
336 329 28 39 0.04326818 
347 161 13 13 0.04229837 
961 197 13 15 0.04229837 
907 160 7 9 0.04229837 
496 155 8 8 0.04229837 
850 158 9 9 0.04229837 
627 121 5 5 0.04229837 
594 158 8 10 0.04229837 
795 162 9 9 0.04229837 
300 84 8 8 0.04229837 
81 119 9 9 0.04229837 
941 177 8 9 0.04229837 
914 164 6 7 0.04229837 
683 166 8 9 0.04229837 
957 171 8 8 0.04229837 
709 172 13 15 0.04229837 
611 143 9 10 0.04229837 
833 174 7 7 0.04229837 
156 94 7 9 0.04229837 
578 168 9 10 0.04229837 
689 139 6 7 0.04229837 
532 170 7 8 0.04229837 
522 109 7 7 0.04229837 
539 165 13 13 0.04229837 
583 111 6 6 0.04229837 
578 163 9 10 0.04229836 
747 2 109 129 0.04133062 
785 71 45 57 0.039651502 
351 282 28 29 0.039651502 
824 240 21 25 0.039651502 
506 339 49 58 0.039651502 
968 431 24 26 0.039651494 
38 349 34 27 0.039651494 
372 160 10 9 0.038923774 
132 80 7 8 0.038923774 
530 139 7 8 0.038923774 
965 432 18 18 0.038923774 
506 146 7 8 0.038923774 
752 178 12 15 0.038923774 
577 125 5 6 0.038923774 
466 131 6 6 0.038923774 
272 110 5 5 0.038923774 
820 188 9 11 0.038923774 
961 199 8 8 0.038923774 
544 163 8 9 0.038923774 
332 118 14 14 0.038923774 
426 160 12 13 0.038923774 
687 174 9 10 0.038923774 
411 155 8 9 0.038923774 
609 140 8 9 0.038923774 
601 175 13 16 0.038923774 
979 171 6 7 0.038923774 
296 100 13 15 0.038923774 
268 82 5 5 0.038923774 
518 205 13 14 0.038923774 
695 132 7 7 0.038923774 
650 140 7 8 0.038923774 
527 110 7 8 0.038923774 
893 161 8 9 0.038923774 
935 169 7 8 0.038923774 
727 165 10 12 0.038923774 
454 371 51 43 0.036325652 
414 265 43 47 0.036325652 
430 222 20 25 0.036325652 
587 388 51 67 0.036325652 
201 172 28 30 0.036325652 
332 300 48 63 0.036325652 
793 228 21 25 0.036325645 
891 34 45 59 0.036325645 
795 159 8 8 0.035808332 
660 156 12 16 0.035808332 
844 240 15 18 0.035808332 
357 113 8 9 0.035808332 
80 116 8 8 0.035808332 
211 105 9 9 0.035808332 
121 80 7 7 0.035808332 
827 171 12 13 0.035808332 
949 168 7 7 0.035808332 
721 138 8 9 0.035808332 
790 161 8 8 0.035808332 
654 136 8 10 0.035808332 
534 171 9 9 0.035808332 
904 225 9 11 0.035808332 
373 133 11 13 0.035808332 
466 102 5 5 0.035808332 
64 109 13 16 0.035808332 
414 156 9 11 0.035808332 
947 169 11 12 0.035808332 
251 63 6 6 0.035808332 
665 177 9 11 0.035808332 
797 177 10 10 0.035808332 
928 158 5 6 0.035808332 
59 99 7 7 0.035808332 
1001 169 11 11 0.035808332 
761 153 7 7 0.035808332 
430 101 5 6 0.035808332 
540 140 6 7 0.035808332 
468 121 6 6 0.035808332 
929 185 14 16 0.035808332 
553 140 7 8 0.035808332 
273 77 6 6 0.035808332 
149 202 26 26 0.033269096 
873 261 25 29 0.033269096 
648 144 8 9 0.03293372 
212 145 8 8 0.03293372 
966 201 9 9 0.03293372 
746 181 14 16 0.03293372 
108 123 9 9 0.03293372 
304 101 12 14 0.03293372 
159 111 7 9 0.03293372 
528 115 8 8 0.03293372 
528 156 7 7 0.03293372 
744 152 8 8 0.03293372 
254 80 5 5 0.03293372 
203 103 5 6 0.03293372 
590 141 9 9 0.03293372 
859 181 9 10 0.03293372 
593 137 8 9 0.03293372 
890 193 14 16 0.03293372 
505 158 8 9 0.03293372 
121 84 8 8 0.03293372 
183 115 8 8 0.03293372 
647 196 7 8 0.032933712 
114 113 15 17 0.032933712 
680 200 13 16 0.032933712 
883 171 14 15 0.032933712 
180 123 8 10 0.032933712 
759 181 9 10 0.032933712 
917 197 13 15 0.032933712 
641 137 7 8 0.032933712 
771 179 11 14 0.032933712 
524 143 6 6 0.032933712 
450 128 6 7 0.032933712 
917 174 9 9 0.032933712 
450 102 5 6 0.032933712 
493 113 8 9 0.032933712 
622 132 5 5 0.032933712 
352 220 13 16 0.032933712 
263 89 6 7 0.032933712 
751 149 7 8 0.032933712 
753 156 7 8 0.032933712 
174 104 5 5 0.032933712 
878 165 11 13 0.032933712 
989 157 5 5 0.032933712 
150 89 12 14 0.032933712 
983 160 10 11 0.032933712 
753 168 8 8 0.032933712 
155 197 17 19 0.032933712 
389 124 6 6 0.032933712 
659 140 7 8 0.032933712 
201 133 7 8 0.032933712 
46 46 4 4 0.032933712 
578 304 53 51 0.030461604 
863 259 25 27 0.030461596 
556 398 61 51 0.030461596 
704 220 24 26 0.030461596 
689 113 6 6 0.030282615 
482 170 15 15 0.030282615 
471 148 9 10 0.030282615 
978 167 7 8 0.030282615 
627 140 6 7 0.030282615 
1010 168 7 8 0.030282615 
1013 168 5 6 0.030282615 
129 296 16 20 0.030282615 
850 202 9 10 0.030282615 
278 77 5 6 0.030282615 
614 175 10 10 0.030282615 
467 184 16 17 0.030282615 
471 115 5 5 0.030282615 
557 144 8 9 0.030282615 
759 170 10 9 0.030282615 
983 176 8 9 0.030282615 
788 170 15 15 0.030282615 
440 141 12 14 0.030282615 
275 145 8 8 0.030282615 
444 146 13 15 0.030282615 
750 146 6 7 0.030282615 
398 109 7 7 0.030282615 
375 164 12 15 0.030282615 
865 150 7 8 0.030282615 
716 127 5 5 0.030282615 
820 229 15 19 0.030282615 
173 127 8 10 0.030282615 
405 199 14 19 0.030282615 
670 157 13 16 0.030282615 
543 268 19 19 0.030282615 
456 142 5 5 0.030282615 
760 161 7 7 0.030282615 
330 124 16 17 0.030282615 
986 195 13 16 0.030282615 
165 119 7 8 0.030282615 
693 134 8 8 0.030282615 
743 156 7 7 0.030282615 
897 160 8 8 0.030282615 
528 136 6 7 0.030282615 
570 130 7 7 0.030282615 
550 166 9 9 0.030282615 
632 141 9 10 0.030282607 
226 175 26 28 0.027884193 
83 302 28 41 0.027884193 
115 295 23 27 0.027884193 
387 533 26 28 0.027884193 
297 173 23 25 0.027884185 
608 304 33 34 0.027884185 
823 191 9 12 0.027838783 
907 165 11 13 0.027838783 
271 112 7 7 0.027838783 
288 80 7 7 0.027838783 
985 193 10 11 0.027838783 
561 117 6 6 0.027838783 
528 170 7 7 0.027838783 
852 160 12 13 0.027838783 
818 182 7 7 0.027838783 
505 138 8 8 0.027838783 
279 75 5 5 0.027838783 
566 121 6 7 0.027838783 
268 78 5 5 0.027838783 
356 111 6 7 0.027838783 
288 77 12 12 0.027838783 
753 134 6 6 0.027838783 
803 179 8 9 0.027838783 
485 117 7 7 0.027838783 
685 154 8 8 0.027838783 
702 173 7 9 0.027838783 
11 73 5 5 0.027838783 
328 251 12 17 0.027838783 
381 172 12 17 0.027838783 
64 66 5 5 0.027838783 
734 160 8 9 0.027838783 
201 245 17 20 0.027838783 
448 101 4 4 0.027838783 
759 127 5 5 0.027838783 
890 223 14 16 0.027838783 
82 128 10 10 0.027838783 
680 158 13 15 0.027838783 
579 147 7 8 0.027838783 
707 173 7 9 0.027838783 
546 191 14 16 0.027838783 
267 85 6 6 0.027838783 
952 168 7 7 0.027838783 
399 150 9 10 0.027838783 
497 133 7 8 0.027838783 
722 149 6 7 0.027838783 
470 157 8 9 0.027838783 
778 172 11 11 0.027838778 
558 211 14 15 0.027838778 
970 206 14 15 0.027838778 
799 167 8 8 0.027838778 
584 163 14 16 0.027838778 
607 168 8 9 0.027838778 
903 161 10 11 0.027838778 
629 165 13 14 0.027838778 
672 201 15 16 0.027838778 
953 172 12 13 0.027838778 
210 108 11 12 0.027838778 
586 144 13 13 0.027838778 
348 127 6 6 0.027838778 
204 109 6 7 0.027838778 
135 78 6 6 0.027838778 
812 152 6 7 0.027838778 
690 136 6 7 0.027838778 
296 95 6 7 0.027838778 
80 127 7 8 0.027838778 
843 168 8 9 0.027838778 
587 150 14 14 0.027838778 
286 80 6 6 0.027838778 
117 81 8 8 0.027838778 
113 82 12 13 0.027838778 
501 123 5 6 0.027838778 
535 139 7 7 0.027838778 
689 20 5 5 0.027838778 
43 49 5 5 0.02558696 
738 158 10 11 0.02558696 
817 200 14 16 0.02558696 
434 139 7 7 0.02558696 
438 139 6 7 0.02558696 
132 78 5 6 0.02558696 
633 153 7 7 0.02558696 
184 131 13 15 0.02558696 
889 162 10 12 0.02558696 
143 81 8 9 0.02558696 
715 164 8 9 0.02558696 
178 104 5 5 0.02558696 
294 85 14 14 0.02558696 
159 97 6 7 0.02558696 
267 88 8 8 0.02558696 
295 91 7 7 0.02558696 
552 163 13 14 0.02558696 
908 155 5 6 0.02558696 
695 128 6 6 0.02558696 
978 192 10 11 0.02558696 
738 189 8 9 0.02558696 
292 96 12 14 0.02558696 
803 168 7 8 0.02558696 
532 145 14 15 0.02558696 
502 154 6 7 0.02558696 
987 166 6 6 0.02558696 
408 106 7 7 0.02558696 
477 143 7 7 0.02558696 
860 230 13 16 0.02558696 
804 192 9 9 0.02558696 
407 162 9 10 0.02558696 
866 188 8 8 0.02558696 
313 150 9 10 0.02558696 
940 185 9 10 0.02558696 
378 109 11 13 0.02558696 
774 175 8 9 0.02558696 
848 291 15 17 0.02558696 
710 180 9 9 0.02558696 
69 116 8 10 0.02558696 
871 147 9 9 0.02558696 
821 174 14 15 0.02558696 
218 171 17 18 0.02558696 
370 109 9 10 0.02558696 
1012 170 7 7 0.02558696 
461 184 14 16 0.02558696 
588 124 7 7 0.02558696 
964 184 11 11 0.02558696 
166 114 10 13 0.02558696 
455 147 5 6 0.02558696 
943 174 9 9 0.02558696 
207 105 7 7 0.02558696 
546 181 14 16 0.02558696 
804 231 16 21 0.02558696 
450 146 6 7 0.02558696 
330 113 13 13 0.02558696 
973 442 14 14 0.02558696 
445 144 8 8 0.02558696 
844 196 12 15 0.02558696 
852 179 13 14 0.02558696 
924 173 11 13 0.02558696 
547 146 8 8 0.02558696 
354 297 30 38 0.025519116 
543 291 24 24 0.025519116 
967 309 43 42 0.025519116 
650 153 20 24 0.025519116 
712 167 21 23 0.025519116 
521 322 46 53 0.025519116 
842 245 21 26 0.025519116 
337 502 45 61 0.025519116 
12 242 53 56 0.025519116 
507 304 93 101 0.024156325 
179 291 116 110 0.024156325 
271 146 13 15 0.02351288 
414 163 15 17 0.02351288 
277 175 15 19 0.02351288 
853 173 10 10 0.02351288 
984 165 7 7 0.02351288 
411 149 12 13 0.02351288 
899 174 7 8 0.02351288 
355 145 14 15 0.02351288 
493 148 8 8 0.02351288 
749 167 7 8 0.02351288 
505 153 7 8 0.02351288 
616 161 8 9 0.02351288 
432 140 12 11 0.02351288 
199 142 8 10 0.02351288 
472 169 15 16 0.02351288 
1017 185 7 8 0.02351288 
431 165 9 10 0.02351288 
505 142 7 8 0.02351288 
467 146 7 7 0.02351288 
590 173 8 9 0.02351288 
548 142 8 9 0.02351288 
872 189 9 9 0.02351288 
391 152 12 13 0.02351288 
835 193 11 12 0.02351288 
763 177 9 10 0.02351288 
838 160 7 7 0.02351288 
848 169 13 15 0.02351288 
442 139 7 8 0.02351288 
431 158 14 16 0.02351288 
725 137 7 7 0.02351288 
758 153 7 7 0.02351288 
855 157 7 7 0.02351288 
395 201 9 11 0.02351288 
401 200 11 11 0.02351288 
625 143 8 9 0.02351288 
930 166 5 6 0.02351288 
613 152 8 9 0.02351288 
847 167 7 8 0.02351288 
953 170 8 9 0.02351288 
925 159 5 6 0.02351288 
961 158 7 8 0.02351288 
976 160 7 8 0.02351288 
846 196 7 8 0.02351288 
685 159 7 7 0.02351288 
476 151 15 16 0.02351288 
992 157 5 5 0.02351288 
956 157 6 7 0.02351288 
258 73 6 6 0.02351288 
271 122 6 7 0.02351288 
505 117 6 6 0.02351288 
775 230 16 17 0.02351288 
531 120 6 7 0.02351288 
343 347 17 24 0.02351288 
977 445 8 8 0.02351288 
159 116 12 14 0.02351288 
335 131 14 15 0.02351288 
652 134 7 9 0.02351288 
522 135 7 7 0.02351288 
197 134 14 16 0.02351288 
761 128 5 5 0.02351288 
72 126 14 15 0.02351288 
59 49 4 4 0.02351288 
715 22 5 6 0.02351288 
492 134 7 8 0.02351288 
948 209 8 8 0.02351288 
861 207 10 12 0.02351288 
843 210 18 18 0.02351288 
374 132 7 8 0.02351288 
271 118 6 7 0.02351288 
697 125 5 5 0.02351288 
417 113 6 6 0.02351288 
498 122 6 7 0.02351288 
683 114 5 5 0.02351288 
490 122 6 7 0.02351288 
662 140 8 9 0.02351288 
944 184 7 8 0.02351288 
691 173 8 10 0.02351288 
699 113 5 6 0.02351288 
467 124 6 6 0.02351288 
626 117 5 5 0.02351288 
582 120 6 6 0.02351288 
660 122 5 5 0.02351288 
792 119 6 6 0.02351288 
750 114 6 6 0.02351288 
377 124 8 8 0.02351288 
753 121 5 6 0.02351288 
195 100 5 5 0.02351288 
548 127 6 7 0.02351288 
740 113 7 7 0.02351288 
908 238 28 34 0.023349825 
518 194 25 27 0.023349825 
624 210 21 22 0.023349825 
415 337 52 59 0.023349825 
669 203 23 28 0.023349825 
41 242 29 29 0.023349825 
810 224 39 44 0.023349825 
285 327 51 52 0.023349825 
30 335 53 45 0.023349825 
880 328 23 29 0.023349825 
97 199 21 23 0.023349825 
537 501 63 73 0.023349825 
699 156 43 46 0.023349825 
592 167 19 21 0.023349825 
797 211 41 43 0.023349825 
135 276 31 41 0.023349825 
482 207 24 35 0.023349825 
373 219 30 28 0.023349825 
97 306 26 32 0.023349825 
854 199 9 9 0.0216032 
222 165 9 9 0.0216032 
765 188 13 15 0.0216032 
467 128 6 6 0.021603195 
894 186 8 9 0.021603195 
686 140 7 7 0.021603195 
785 180 15 15 0.021603195 
214 192 10 12 0.021603195 
101 130 7 8 0.021603195 
734 130 10 10 0.021603195 
179 127 12 15 0.021603195 
524 139 6 7 0.021603195 
957 202 14 16 0.021603195 
258 136 7 7 0.021603195 
72 113 10 12 0.021603195 
616 139 12 13 0.021603195 
658 124 6 6 0.021603195 
417 146 7 7 0.021603195 
818 258 13 15 0.021603195 
762 191 7 8 0.021603195 
193 138 14 17 0.021603195 
583 128 6 7 0.021603195 
545 128 6 6 0.021603195 
984 178 12 12 0.021603195 
986 185 10 10 0.021603195 
184 127 7 8 0.021603195 
780 186 9 11 0.021603195 
564 141 6 7 0.021603195 
472 118 5 5 0.021603195 
902 174 9 10 0.021603195 
318 112 8 9 0.021603195 
925 171 8 9 0.021603195 
532 138 12 13 0.021603195 
591 132 6 6 0.021603195 
966 207 9 10 0.021603195 
92 137 7 8 0.021603195 
980 174 8 9 0.021603195 
666 132 8 9 0.021603195 
811 224 9 11 0.021603195 
970 199 11 11 0.021603195 
685 112 7 7 0.021603195 
591 135 7 7 0.021603195 
562 174 8 8 0.021603195 
489 113 6 7 0.021603195 
446 134 7 8 0.021603195 
424 134 6 7 0.021603195 
508 148 7 8 0.021603195 
637 136 10 11 0.021603195 
935 198 8 9 0.021603195 
846 206 11 10 0.021603195 
506 135 7 7 0.021603195 
808 170 11 13 0.021603195 
785 173 9 9 0.021603195 
445 390 18 21 0.021603195 
252 65 7 7 0.021603195 
50 62 9 9 0.021603195 
10 64 6 6 0.021603195 
799 156 7 7 0.021603195 
21 53 5 5 0.021603195 
26 48 5 5 0.021603195 
199 167 14 17 0.021603195 
529 149 12 13 0.021603195 
493 153 8 9 0.021603195 
268 107 7 7 0.021603195 
224 105 6 7 0.021603195 
155 107 9 10 0.021603195 
832 161 8 9 0.021603195 
215 103 8 8 0.021603195 
210 102 8 9 0.021603195 
199 103 6 6 0.021603195 
191 103 6 7 0.021603195 
858 169 8 9 0.021603195 
593 111 4 5 0.021603195 
599 170 8 10 0.021603195 
791 170 8 8 0.021603195 
884 164 8 10 0.021603195 
630 156 8 8 0.021603195 
482 161 14 15 0.021603195 
387 160 9 10 0.021603195 
623 156 8 8 0.021603195 
490 107 5 6 0.021603195 
488 144 8 8 0.021603195 
579 142 10 11 0.021603195 
829 175 13 15 0.021603195 
768 120 5 6 0.021603195 
648 121 5 5 0.021603195 
618 120 5 5 0.021603195 
788 127 6 7 0.021603195 
780 174 13 15 0.021603195 
508 174 12 14 0.021603195 
485 142 7 7 0.021603195 
364 155 13 15 0.021603195 
120 87 12 13 0.021603195 
809 151 7 8 0.021603195 
656 175 12 15 0.021603195 
187 93 5 5 0.021603195 
192 96 5 5 0.021603195 
60 109 10 10 0.021603195 
254 154 7 9 0.021603195 
603 121 6 6 0.021603195 
809 181 7 8 0.021603195 
705 166 13 15 0.021603195 
693 167 6 7 0.021603195 
378 274 41 45 0.021360904 
601 395 31 39 0.021360904 
448 330 50 53 0.021360898 
292 345 29 36 0.021360898 
415 153 20 21 0.021360898 
885 29 31 43 0.021360898 
198 51 26 28 0.021360898 
956 290 20 22 0.021360898 
572 342 73 62 0.021360898 
273 48 49 50 0.021360898 
382 105 21 21 0.021360898 
191 167 27 28 0.021360898 
371 167 20 21 0.021360898 
37 446 67 63 0.021360898 
226 210 23 26 0.021360898 
26 257 32 31 0.021360898 
1 227 52 52 0.021360898 
887 238 27 28 0.021360898 
219 291 69 69 0.021360893 
543 427 107 120 0.0201599 
