3_Riot_Riot_3_716
55
734 79 87 140 0.9993284 
107 67 86 140 0.9985935 
357 151 86 106 0.9863452 
441 181 212 272 0.7688974 
685 362 194 231 0.4085711 
530 248 124 180 0.30317584 
336 323 235 293 0.26558137 
224 163 218 289 0.26558137 
581 267 64 88 0.188928 
854 120 222 293 0.18550259 
555 -19 215 293 0.17193556 
122 528 30 31 0.12872262 
137 444 239 293 0.1065206 
574 264 28 44 0.10106142 
556 262 63 99 0.09308395 
548 105 222 293 0.090156734 
818 373 218 276 0.076092646 
583 330 85 85 0.07244435 
243 431 62 64 0.07244435 
588 247 55 67 0.06655857 
385 425 149 153 0.064067975 
391 -23 228 285 0.064067975 
453 314 261 335 0.05874174 
99 172 175 228 0.05874174 
573 228 126 172 0.04931264 
165 52 111 175 0.04931264 
490 59 200 249 0.04931264 
312 133 98 146 0.045153897 
272 454 38 32 0.039651494 
162 521 29 35 0.039651494 
47 169 55 73 0.036325652 
77 180 55 75 0.036325652 
139 238 75 106 0.036325652 
319 183 228 261 0.034593605 
767 4 200 280 0.034593593 
79 307 257 293 0.034593593 
207 393 121 167 0.034593593 
116 513 49 55 0.033269096 
263 234 63 71 0.033269096 
20 240 18 24 0.032933712 
551 243 60 70 0.030461596 
585 260 33 45 0.030461596 
591 295 39 55 0.030461596 
84 517 34 35 0.030461596 
842 570 12 16 0.030282615 
584 412 232 253 0.028921604 
153 300 5 6 0.02558696 
574 302 69 88 0.025519116 
259 446 70 64 0.025519116 
151 492 51 63 0.025519116 
137 508 48 58 0.023349825 
1 217 57 99 0.023349825 
276 195 71 99 0.023349825 
68 181 30 41 0.021360898 
10 393 225 238 0.020159906 
