3_Riot_Riot_3_765
103
728 342 74 164 0.9982981 
109 122 146 329 0.97793007 
237 575 215 630 0.864054 
938 417 19 56 0.56463194 
900 823 16 46 0.5 
137 643 246 730 0.4085711 
303 616 253 741 0.4085711 
895 578 53 148 0.32552502 
210 587 149 442 0.32305852 
512 711 222 612 0.28400344 
920 632 31 82 0.268611 
756 84 225 630 0.26558137 
397 519 265 741 0.2150812 
963 374 22 58 0.1753677 
19 290 61 146 0.1753677 
286 543 140 423 0.17193554 
800 568 25 66 0.16258557 
291 116 27 67 0.13928533 
957 626 23 60 0.13928533 
798 708 24 67 0.12872264 
901 577 29 82 0.12872262 
662 100 215 594 0.12544508 
487 80 186 512 0.115646794 
174 974 194 594 0.115646794 
953 807 22 59 0.109639935 
855 909 71 205 0.09308393 
40 73 249 630 0.090156734 
957 613 44 125 0.08567618 
569 147 123 315 0.08285364 
417 915 7 19 0.08117401 
920 889 21 57 0.07244435 
937 485 18 53 0.0691498 
955 887 13 35 0.0691498 
951 638 33 83 0.06655858 
518 140 116 315 0.064067975 
763 708 16 46 0.06377564 
989 810 13 36 0.05879275 
987 885 13 35 0.05879275 
660 689 180 505 0.05874174 
983 610 27 78 0.056098126 
969 594 57 162 0.056098126 
997 522 17 47 0.045951538 
880 514 86 238 0.045153897 
583 94 203 536 0.045153886 
575 223 60 170 0.04326818 
973 289 14 39 0.04229837 
687 231 101 276 0.04133062 
971 323 51 148 0.039651502 
908 372 46 127 0.039651502 
788 476 28 83 0.039651494 
1009 884 14 38 0.038923774 
235 819 146 429 0.03781825 
600 820 134 398 0.03781825 
326 230 23 69 0.036325652 
669 186 75 192 0.036325652 
950 892 22 58 0.036325652 
0 851 62 202 0.036325652 
299 199 17 50 0.035808332 
906 579 18 50 0.035808332 
433 985 4 13 0.035808332 
927 828 16 42 0.035808332 
943 453 58 156 0.033269096 
961 449 28 78 0.033269096 
803 647 27 69 0.033269096 
933 453 26 74 0.033269096 
933 645 18 49 0.032933712 
175 502 55 136 0.030461596 
959 516 28 75 0.027884185 
979 882 22 55 0.027884185 
901 397 31 83 0.027884185 
356 94 8 22 0.027838783 
983 1070 8 20 0.027838783 
427 208 8 23 0.02558696 
778 750 15 43 0.02558696 
-1 1081 56 192 0.025519116 
984 347 27 79 0.025519116 
491 442 246 612 0.024156325 
992 540 18 48 0.02351288 
333 249 13 45 0.02351288 
841 851 33 91 0.023349825 
828 869 53 132 0.023349825 
852 911 31 77 0.023349825 
822 710 30 68 0.023349825 
822 746 29 75 0.023349825 
949 467 29 82 0.023349825 
225 634 79 198 0.023349825 
821 733 50 129 0.023349825 
464 1227 121 238 0.022069868 
-32 1117 186 498 0.022069868 
902 336 94 264 0.022069868 
899 834 8 23 0.021603195 
972 370 17 45 0.021603195 
925 409 27 69 0.021360904 
900 430 31 91 0.021360898 
552 482 25 60 0.021360898 
976 803 24 61 0.021360898 
519 540 55 167 0.021360898 
596 579 64 167 0.021360898 
477 1386 32 53 0.021360898 
910 625 52 127 0.021360893 
121 358 215 577 0.020159906 
477 94 103 329 0.0201599 
911 633 95 272 0.0201599 
