3_Riot_Riot_3_26
476
205 208 30 37 0.99952376 
231 358 35 45 0.99937433 
257 332 29 34 0.99870443 
358 72 27 30 0.99813616 
249 230 32 36 0.9977647 
276 354 30 38 0.99706453 
657 64 26 32 0.99678564 
193 46 21 27 0.99614596 
936 165 27 33 0.9957801 
295 50 25 31 0.9957801 
465 208 29 34 0.9957801 
325 358 29 40 0.9953797 
674 229 29 32 0.9949414 
854 387 27 39 0.9949414 
986 187 32 39 0.9949414 
423 373 31 42 0.9944617 
719 394 30 44 0.9944617 
414 348 31 39 0.9944617 
817 11 23 27 0.9933628 
789 62 26 31 0.9927347 
846 35 26 28 0.9927347 
357 223 30 33 0.99047405 
673 353 34 36 0.98957527 
464 77 25 27 0.98957527 
783 214 31 34 0.98366195 
940 0 23 25 0.98046196 
645 0 25 22 0.97839683 
725 356 31 39 0.97665024 
15 99 27 28 0.97665024 
1001 42 22 32 0.9567318 
900 159 22 27 0.95280147 
559 239 24 28 0.94853324 
337 425 25 35 0.94853324 
250 95 22 25 0.9388805 
644 210 25 28 0.9388805 
538 98 19 22 0.9308502 
893 48 24 27 0.9275556 
779 370 23 28 0.89036 
940 410 27 36 0.88114965 
761 37 25 28 0.8607147 
792 343 20 23 0.84982324 
49 324 34 42 0.849435 
147 329 30 39 0.811072 
946 502 29 28 0.811072 
975 16 23 27 0.79672164 
734 491 23 34 0.7815747 
508 80 18 21 0.755209 
893 245 25 27 0.6941424 
233 559 20 32 0.6541731 
957 377 23 28 0.6332934 
52 194 27 30 0.6332934 
279 211 23 29 0.6332934 
896 480 21 33 0.61190087 
653 390 23 30 0.5900683 
830 376 16 18 0.56463194 
785 449 18 32 0.5227497 
211 495 21 34 0.5 
525 519 21 30 0.5 
53 245 28 29 0.5 
256 498 22 30 0.47725022 
991 533 27 32 0.45459446 
425 214 27 33 0.43212515 
468 438 21 32 0.43212515 
334 207 25 30 0.38809907 
347 421 17 25 0.33330244 
862 356 21 24 0.30585766 
640 347 25 36 0.28687313 
776 531 51 54 0.28687313 
94 362 26 33 0.28687313 
266 205 27 30 0.28687313 
890 241 17 20 0.278228 
321 422 13 25 0.27822798 
287 424 13 25 0.26116365 
220 495 15 24 0.26116365 
778 395 24 29 0.23436876 
658 558 23 27 0.23436876 
253 202 28 30 0.2032784 
578 533 25 32 0.188928 
153 524 26 34 0.188928 
204 440 23 32 0.1753677 
925 368 21 26 0.1753677 
887 247 19 23 0.17366187 
817 361 21 24 0.16258557 
19 540 46 48 0.16258557 
963 579 31 38 0.16258557 
859 469 14 23 0.16157512 
598 49 26 32 0.15056497 
340 406 23 27 0.15056497 
208 501 16 25 0.15017675 
630 585 16 23 0.15017675 
121 520 23 30 0.13928533 
463 551 21 34 0.13928533 
191 388 30 34 0.13928533 
893 307 18 22 0.1293704 
914 343 8 9 0.1293704 
651 460 22 29 0.12872264 
241 566 25 31 0.12872264 
614 337 53 67 0.12872262 
555 515 21 29 0.118850335 
254 213 30 34 0.118850335 
565 555 25 35 0.118850335 
826 526 33 32 0.118850335 
970 565 16 24 0.111069925 
336 205 38 47 0.109639935 
789 522 35 39 0.109639935 
580 494 51 52 0.109639935 
687 591 23 36 0.109639935 
733 557 20 26 0.109639935 
59 567 26 37 0.109639935 
921 548 29 31 0.10106142 
372 513 24 36 0.10106142 
891 432 21 26 0.10106142 
140 489 29 29 0.10106142 
150 348 20 24 0.09507551 
913 360 12 18 0.09507551 
879 348 8 10 0.09507551 
942 403 49 55 0.09308393 
892 240 12 11 0.08787667 
680 199 26 27 0.08567618 
700 562 26 28 0.08567618 
697 540 25 28 0.08567618 
618 537 21 28 0.08567618 
544 536 29 29 0.08567618 
969 378 23 28 0.08567618 
206 483 38 51 0.08567616 
881 401 11 15 0.074940585 
685 576 22 29 0.072444364 
609 222 24 28 0.072444364 
243 343 32 41 0.072444364 
787 37 24 26 0.072444364 
196 570 30 36 0.07244435 
646 360 46 52 0.07244435 
904 532 20 26 0.07244435 
959 446 7 9 0.0691498 
696 41 13 18 0.0691498 
917 364 14 19 0.0691498 
707 575 24 27 0.06655858 
600 497 37 36 0.06655858 
304 565 45 50 0.06655857 
990 380 16 19 0.06377564 
351 373 16 19 0.06377564 
694 553 26 28 0.06111947 
413 575 23 23 0.06111947 
554 548 29 32 0.06111947 
972 565 23 36 0.06111947 
959 576 24 30 0.06111947 
956 414 28 36 0.06111947 
380 615 21 25 0.06111947 
569 506 45 52 0.06111947 
881 431 20 26 0.06111947 
531 211 25 30 0.06111947 
691 64 19 23 0.06111947 
191 558 23 30 0.06111947 
963 567 16 21 0.05879275 
883 358 15 21 0.05879275 
549 355 97 105 0.058741733 
767 368 27 28 0.056098126 
359 498 39 56 0.056098126 
144 522 44 54 0.056098126 
731 320 21 25 0.056098126 
16 561 27 45 0.056098126 
567 481 24 29 0.056098126 
176 391 49 54 0.056098126 
575 239 28 36 0.056098126 
412 418 23 30 0.056098126 
719 479 35 51 0.056098126 
905 525 15 23 0.054176662 
975 28 19 23 0.054176662 
412 571 13 20 0.054176662 
62 327 19 26 0.054176662 
876 375 16 21 0.054176662 
992 429 7 9 0.054176662 
296 216 8 12 0.054176662 
912 457 25 29 0.051466707 
373 436 22 30 0.051466707 
921 450 22 28 0.051466707 
563 482 43 48 0.051466707 
862 357 11 12 0.04990379 
291 213 14 19 0.04990379 
956 443 12 16 0.049903784 
103 366 29 34 0.047198545 
563 522 23 32 0.047198545 
339 365 27 32 0.047198545 
796 404 23 29 0.047198545 
923 366 15 21 0.04595155 
1017 237 6 10 0.045951538 
875 350 13 15 0.045951538 
251 575 16 21 0.045951538 
893 486 44 47 0.04326818 
816 374 22 25 0.04326818 
329 190 28 36 0.04326818 
835 381 21 29 0.04326818 
680 567 22 28 0.04326818 
755 436 21 27 0.04326818 
595 477 60 61 0.04326818 
133 306 52 65 0.04326818 
714 585 22 26 0.04326818 
679 584 23 32 0.04326818 
801 366 23 27 0.04326818 
528 510 24 30 0.04326818 
814 449 21 31 0.04326818 
508 47 24 27 0.04326818 
750 378 20 23 0.04229837 
141 484 18 22 0.04229837 
955 386 15 16 0.04229837 
752 39 16 19 0.04229837 
316 362 24 36 0.039651502 
511 226 21 28 0.039651502 
671 472 49 57 0.039651502 
782 351 27 28 0.039651502 
876 476 40 49 0.039651502 
34 560 40 47 0.039651502 
947 372 26 28 0.039651494 
91 456 21 27 0.039651494 
813 272 27 32 0.039651494 
772 207 29 34 0.039651494 
951 569 21 29 0.039651494 
402 573 53 42 0.039651494 
88 508 23 25 0.039651494 
893 226 26 27 0.039651494 
421 540 23 25 0.039651494 
529 526 42 49 0.039651494 
572 491 25 28 0.039651494 
16 540 30 33 0.039651494 
984 473 27 36 0.039651494 
751 463 27 30 0.039651494 
659 40 24 27 0.039651494 
521 218 24 30 0.039651494 
872 365 22 26 0.039651494 
935 396 16 18 0.038923774 
254 576 9 12 0.038923774 
163 527 15 22 0.038923774 
660 569 16 19 0.038923774 
693 59 13 16 0.038923774 
968 422 17 23 0.038923774 
830 1 218 267 0.03781825 
870 348 24 28 0.036325652 
493 593 31 32 0.036325652 
933 558 27 34 0.036325652 
991 571 26 37 0.036325652 
530 523 27 33 0.036325652 
651 541 40 47 0.036325652 
197 500 42 51 0.036325652 
121 365 27 30 0.036325652 
695 606 23 31 0.036325652 
897 456 24 30 0.036325652 
791 392 24 30 0.036325652 
926 490 43 44 0.036325652 
844 387 23 34 0.036325652 
761 476 24 30 0.036325645 
354 418 14 22 0.035808332 
691 589 14 22 0.035808332 
838 279 14 17 0.035808332 
740 328 9 11 0.035808332 
1014 4 9 18 0.035808332 
980 369 7 8 0.035808332 
369 578 8 10 0.035808332 
911 359 8 13 0.035808332 
235 442 14 16 0.035808332 
505 64 29 32 0.033269096 
763 316 28 27 0.033269096 
117 488 48 47 0.033269096 
697 478 43 54 0.033269096 
663 206 28 32 0.033269096 
284 220 23 32 0.033269096 
777 547 28 36 0.033269096 
1000 442 21 29 0.033269096 
731 476 28 36 0.033269096 
247 487 29 33 0.033269096 
770 452 26 36 0.033269096 
321 426 23 32 0.033269096 
932 383 44 47 0.033269096 
975 411 28 39 0.033269096 
756 69 20 23 0.033269096 
973 532 40 48 0.033269096 
581 502 28 32 0.033269096 
650 345 27 34 0.033269096 
215 561 30 35 0.033269096 
586 539 32 34 0.033269096 
856 382 16 22 0.032933712 
252 516 19 21 0.032933712 
151 443 13 15 0.032933712 
904 357 12 16 0.032933712 
856 404 17 25 0.032933712 
36 150 203 275 0.03163486 
353 504 28 41 0.030461604 
791 48 26 30 0.030461604 
916 77 25 27 0.030461604 
376 389 23 25 0.030461604 
806 357 24 27 0.030461604 
121 514 40 48 0.030461604 
212 368 39 45 0.030461596 
6 559 26 39 0.030461596 
272 199 38 47 0.030461596 
677 497 54 57 0.030461596 
748 400 21 29 0.030461596 
976 544 25 30 0.030461596 
411 208 43 55 0.030461596 
598 225 26 31 0.030461596 
147 498 29 31 0.030461596 
555 525 38 44 0.030461596 
556 234 38 47 0.030461596 
991 424 25 37 0.030461596 
909 546 49 51 0.030461596 
905 242 23 28 0.030461596 
196 376 42 47 0.030461596 
958 579 13 19 0.030282615 
778 314 17 21 0.030282615 
207 510 7 12 0.030282615 
513 46 16 17 0.030282615 
893 425 15 21 0.030282615 
14 502 16 19 0.030282615 
950 405 14 17 0.030282615 
125 362 13 17 0.030282615 
266 508 15 22 0.030282615 
620 197 15 19 0.030282615 
809 376 16 18 0.030282615 
155 358 14 17 0.030282615 
381 446 16 28 0.030282615 
929 377 9 11 0.030282615 
912 339 8 9 0.030282607 
39 545 37 35 0.027884193 
884 473 23 31 0.027884193 
648 381 38 47 0.027884193 
767 490 22 34 0.027884193 
472 549 25 35 0.027884193 
894 446 23 29 0.027884193 
723 372 34 45 0.027884193 
504 438 28 37 0.027884193 
777 440 38 45 0.027884193 
369 611 24 28 0.027884185 
787 375 25 30 0.027884185 
191 416 34 40 0.027884185 
615 366 55 64 0.027884185 
384 512 30 33 0.027884185 
981 386 23 32 0.027884185 
650 455 50 49 0.027884185 
38 329 52 72 0.027884185 
182 550 40 52 0.027884185 
222 493 28 32 0.027884185 
908 340 13 14 0.027838783 
982 382 17 22 0.027838783 
45 193 19 22 0.027838783 
778 407 17 21 0.027838783 
895 429 6 8 0.027838783 
860 365 8 10 0.027838783 
0 469 12 18 0.027838783 
472 614 20 23 0.027838783 
936 368 19 22 0.027838783 
394 579 13 17 0.027838783 
396 515 17 21 0.027838778 
976 50 8 10 0.027838778 
700 39 8 12 0.027838778 
681 468 19 23 0.027838778 
593 496 9 12 0.02558696 
895 442 13 21 0.02558696 
429 488 14 20 0.02558696 
899 536 14 23 0.02558696 
882 350 14 18 0.02558696 
889 355 13 19 0.02558696 
909 352 12 17 0.02558696 
731 69 13 15 0.02558696 
871 234 6 7 0.02558696 
958 231 15 17 0.02558696 
743 403 16 23 0.02558696 
641 465 26 34 0.025519116 
902 463 27 34 0.025519116 
891 467 23 31 0.025519116 
736 360 35 38 0.025519116 
254 487 36 48 0.025519116 
210 427 26 33 0.025519116 
180 412 30 35 0.025519116 
659 459 26 27 0.025519116 
805 390 25 29 0.025519116 
588 230 27 33 0.025519116 
970 46 23 29 0.025519116 
144 509 29 35 0.025519116 
984 17 26 33 0.025519116 
474 440 31 34 0.025519116 
231 437 23 27 0.025519116 
605 536 28 32 0.025519116 
533 546 26 32 0.025519116 
738 328 17 19 0.02351288 
387 376 13 17 0.02351288 
730 329 14 18 0.02351288 
963 373 15 20 0.02351288 
672 573 15 20 0.02351288 
865 348 14 18 0.02351288 
584 493 14 20 0.02351288 
421 422 14 16 0.02351288 
772 417 14 17 0.02351288 
174 426 7 8 0.02351288 
144 474 19 25 0.02351288 
460 622 16 19 0.02351288 
203 505 13 20 0.02351288 
203 453 15 19 0.02351288 
902 503 28 37 0.023349825 
921 358 41 44 0.023349825 
255 559 32 30 0.023349825 
390 488 32 37 0.023349825 
940 511 27 29 0.023349825 
417 522 23 27 0.023349825 
748 478 27 32 0.023349825 
897 544 26 32 0.023349825 
735 347 28 32 0.023349825 
849 476 24 35 0.023349825 
671 552 26 29 0.023349825 
936 506 48 48 0.023349825 
49 184 44 51 0.023349825 
840 531 26 34 0.023349825 
415 537 46 44 0.023349825 
10 548 29 37 0.023349825 
932 344 25 26 0.023349825 
450 549 25 31 0.023349825 
28 385 55 68 0.023349825 
955 371 38 48 0.023349825 
864 338 43 54 0.023349825 
550 35 44 57 0.023349825 
905 19 111 196 0.022069868 
413 451 14 20 0.021603195 
68 465 14 16 0.021603195 
292 214 8 10 0.021603195 
791 425 7 9 0.021603195 
576 526 18 26 0.021603195 
553 240 16 20 0.021603195 
650 216 11 12 0.021603195 
885 437 9 12 0.021603195 
875 430 18 22 0.021603195 
398 582 17 18 0.021603195 
936 294 14 17 0.021603195 
894 269 7 9 0.021603195 
723 82 8 10 0.021603195 
509 84 11 12 0.021603195 
301 370 15 19 0.021603195 
695 535 18 22 0.021603195 
978 367 13 14 0.021603195 
428 393 21 23 0.021603195 
390 618 20 21 0.021603195 
653 215 26 32 0.021360904 
78 350 40 51 0.021360904 
581 42 43 54 0.021360904 
757 535 50 57 0.021360904 
670 566 38 47 0.021360904 
879 216 43 46 0.021360904 
420 446 43 54 0.021360904 
748 360 45 47 0.021360904 
862 398 28 34 0.021360904 
241 210 27 33 0.021360898 
715 562 25 28 0.021360898 
588 489 25 31 0.021360898 
904 551 30 36 0.021360898 
534 207 41 50 0.021360898 
939 568 25 36 0.021360898 
517 504 40 49 0.021360898 
150 484 24 28 0.021360898 
873 444 25 27 0.021360898 
860 461 23 28 0.021360898 
17 475 28 30 0.021360898 
924 460 27 31 0.021360898 
966 506 26 32 0.021360898 
697 583 23 30 0.021360898 
177 523 26 32 0.021360898 
791 435 26 28 0.021360898 
984 519 28 34 0.021360898 
927 251 25 27 0.021360898 
642 195 24 27 0.021360898 
407 587 34 34 0.021360898 
191 541 25 33 0.021360898 
344 228 33 36 0.021360898 
895 420 28 30 0.021360898 
962 396 31 36 0.021360898 
759 401 23 30 0.021360898 
187 526 43 51 0.021360898 
703 612 23 27 0.021360898 
468 -23 194 245 0.0201599 
798 447 101 107 0.0201599 
