3_Riot_Riot_3_958
130
236 11 24 34 0.99931467 
12 8 35 44 0.99813616 
863 16 37 48 0.99813616 
107 28 28 36 0.9979589 
568 105 51 77 0.9975521 
373 33 23 32 0.9964803 
521 44 24 35 0.99614596 
404 23 35 54 0.9927347 
53 24 25 33 0.99129593 
925 74 23 32 0.99047405 
139 4 22 30 0.98859274 
775 39 30 41 0.9863452 
666 55 20 29 0.96706635 
336 36 19 28 0.9577016 
70 4 23 28 0.9567318 
495 33 22 33 0.94853324 
707 30 23 33 0.94853324 
207 27 23 29 0.9275556 
956 59 25 35 0.9275556 
315 37 18 25 0.86055124 
823 46 24 28 0.7217721 
290 40 16 21 0.60666233 
973 18 16 23 0.5858033 
21 294 215 289 0.56891036 
607 48 12 16 0.56463194 
756 63 23 31 0.5454055 
395 20 18 29 0.5432222 
458 34 19 31 0.5 
307 31 16 22 0.33330244 
184 20 19 25 0.33330244 
964 15 18 24 0.31433135 
771 43 21 28 0.24479094 
764 55 27 39 0.23436876 
967 58 19 26 0.18645167 
105 163 253 361 0.18550259 
770 129 26 34 0.1753677 
485 51 15 24 0.17366187 
402 396 273 340 0.15916684 
565 74 27 40 0.12872264 
591 107 56 72 0.12872262 
466 39 18 28 0.11991897 
251 0 24 26 0.109639935 
176 30 24 31 0.09308395 
837 227 242 316 0.09015675 
617 103 50 72 0.08567618 
436 37 14 20 0.08117401 
227 2 16 22 0.08117401 
465 285 21 31 0.07880669 
1012 44 11 22 0.07494057 
942 64 24 36 0.072444364 
322 464 103 167 0.06984133 
309 4 14 17 0.069149815 
959 10 18 24 0.0691498 
1006 53 15 21 0.06377564 
704 46 15 20 0.05879275 
20 119 27 38 0.051466707 
903 29 22 32 0.051466707 
487 41 23 37 0.051466707 
703 75 19 29 0.051466707 
582 46 15 19 0.049903784 
575 51 14 18 0.049903784 
560 73 40 75 0.047198545 
868 61 29 36 0.047198545 
989 338 14 19 0.04595155 
112 0 15 18 0.04595155 
648 62 14 18 0.045951538 
926 300 93 170 0.045153897 
307 6 19 28 0.04326818 
143 94 285 298 0.04133061 
572 54 27 33 0.039651494 
714 73 20 28 0.039651494 
484 267 27 30 0.039651494 
734 48 21 30 0.036325652 
900 612 70 96 0.036325652 
632 59 14 17 0.035808332 
951 58 19 28 0.035808332 
451 22 36 55 0.033269096 
552 81 26 37 0.033269096 
475 44 18 28 0.03293372 
1002 60 17 26 0.03293372 
183 43 19 24 0.032933712 
172 31 14 21 0.032933712 
327 410 197 261 0.03163486 
535 619 69 93 0.030461604 
806 243 61 85 0.030461596 
742 0 10 11 0.030282615 
642 57 7 9 0.030282615 
688 55 8 12 0.030282615 
1002 238 19 28 0.030282615 
844 366 13 25 0.030282615 
314 42 9 14 0.030282615 
-1 20 12 29 0.030282615 
538 435 239 273 0.028921604 
927 60 25 35 0.027884193 
297 36 16 22 0.027838783 
445 0 17 17 0.027838783 
1010 82 13 22 0.027838783 
1010 31 8 13 0.027838783 
638 61 17 22 0.027838783 
255 73 253 253 0.02643471 
710 110 7 10 0.02558696 
298 45 9 13 0.02558696 
185 23 10 12 0.02558696 
575 55 8 11 0.02558696 
722 40 25 32 0.025519116 
77 39 23 31 0.025519116 
309 17 21 30 0.025519116 
563 54 46 56 0.025519116 
625 63 28 36 0.025519116 
850 25 29 39 0.025519116 
845 371 239 335 0.024156325 
743 58 17 25 0.02351288 
804 46 12 20 0.02351288 
955 52 15 21 0.02351288 
308 0 10 12 0.02351288 
582 48 9 12 0.02351288 
400 34 20 29 0.02351288 
592 544 69 84 0.023349825 
905 53 22 33 0.023349825 
4 16 27 39 0.023349825 
696 33 43 53 0.023349825 
488 53 10 14 0.0216032 
197 0 11 12 0.021603195 
700 88 19 25 0.021603195 
581 59 29 36 0.021360898 
598 47 27 32 0.021360898 
475 254 47 52 0.021360898 
938 41 23 28 0.021360898 
479 562 136 194 0.0201599 
798 257 101 153 0.0201599 
