3_Riot_Riot_3_993
26
281 47 111 149 0.99902797 
259 377 103 145 0.9983083 
562 360 94 141 0.9983083 
545 36 91 129 0.9943938 
320 225 225 362 0.36474833 
188 371 285 379 0.2311026 
510 31 74 156 0.19988178 
444 491 235 295 0.14717786 
391 183 183 290 0.13594593 
460 34 80 163 0.09015675 
275 139 200 317 0.06984133 
310 30 232 357 0.06984132 
475 128 215 327 0.05874174 
451 213 62 132 0.047198545 
7 367 225 278 0.03781825 
494 66 58 115 0.036325645 
962 686 61 107 0.033269096 
668 297 25 35 0.027884193 
74 213 7 10 0.02558696 
519 161 116 163 0.022069868 
191 165 206 327 0.022069868 
329 351 103 198 0.022069868 
366 39 53 80 0.021360904 
496 559 149 184 0.020159906 
449 89 172 250 0.0201599 
406 113 123 229 0.0201599 
