3_Riot_Riot_3_725
149
727 264 25 29 0.9973194 
278 214 17 22 0.9972487 
386 276 26 35 0.9949414 
817 250 25 27 0.99129593 
735 231 19 25 0.98997927 
306 222 20 21 0.989082 
390 230 21 27 0.98704255 
297 247 19 26 0.9832598 
637 216 37 44 0.9821322 
262 239 21 25 0.9697174 
516 284 25 30 0.9667309 
326 240 17 22 0.9641916 
463 243 21 26 0.9641916 
411 235 14 18 0.8384248 
900 584 17 20 0.8000445 
942 150 12 16 0.7708736 
687 250 23 29 0.71312684 
534 128 15 17 0.6271395 
543 120 16 19 0.5858033 
545 345 172 231 0.56891036 
863 145 15 18 0.4141967 
767 252 14 18 0.35282937 
301 230 25 29 0.30585766 
439 244 18 22 0.29596066 
401 233 21 26 0.28687313 
288 412 194 245 0.26558137 
547 269 25 32 0.2511021 
56 457 242 288 0.19988178 
526 145 11 16 0.1864517 
289 59 225 231 0.17193554 
898 156 13 16 0.16157512 
836 146 15 20 0.16157512 
837 132 9 11 0.16157512 
418 279 25 30 0.13928533 
694 245 15 23 0.11991897 
459 223 15 18 0.11991897 
417 271 17 25 0.111069925 
900 577 15 18 0.111069925 
953 558 29 30 0.109639935 
775 278 19 26 0.10106142 
544 85 111 164 0.09803478 
665 239 18 22 0.09507551 
227 287 11 12 0.09507551 
317 324 9 11 0.08787667 
844 177 21 28 0.08567618 
767 256 21 26 0.08567618 
859 -13 163 256 0.08285364 
439 334 212 276 0.08285364 
298 205 15 18 0.08117401 
520 116 51 72 0.07880669 
424 215 14 19 0.07494057 
409 492 65 76 0.072444364 
536 124 22 26 0.07244435 
888 189 8 11 0.0691498 
775 264 18 24 0.0691498 
948 285 69 80 0.06655857 
532 130 10 12 0.06377564 
612 57 27 28 0.06111947 
181 376 206 260 0.058741733 
259 370 25 35 0.056098126 
889 188 12 17 0.054176662 
561 400 64 90 0.051466707 
947 154 12 16 0.04990379 
829 346 25 29 0.047198545 
293 39 14 16 0.045951538 
838 129 6 8 0.045951538 
399 133 85 105 0.04326818 
860 147 22 31 0.04326818 
493 239 17 22 0.04229837 
376 243 7 10 0.04229837 
330 235 15 19 0.04229837 
353 348 14 19 0.04229837 
866 141 10 11 0.04229836 
646 58 111 144 0.04133061 
956 31 70 113 0.039651494 
373 237 12 18 0.038923774 
786 512 6 7 0.038923774 
101 10 63 61 0.036325652 
987 545 27 36 0.036325652 
874 246 32 34 0.036325645 
354 404 13 18 0.035808332 
444 233 15 22 0.035808332 
378 109 149 153 0.034593593 
700 291 34 42 0.033269096 
963 548 30 38 0.033269096 
921 141 13 19 0.03293372 
893 160 12 16 0.03293372 
904 574 9 11 0.032933712 
771 251 10 12 0.032933712 
618 393 104 148 0.03163486 
300 211 21 26 0.030461604 
616 352 56 76 0.030461604 
407 268 42 49 0.030461596 
654 225 27 37 0.030461596 
556 236 32 32 0.030461596 
907 311 75 86 0.030461596 
680 244 23 29 0.030461596 
751 263 13 20 0.030282615 
347 248 15 20 0.030282615 
764 364 13 17 0.030282615 
550 122 10 12 0.030282615 
538 257 44 50 0.027884193 
365 526 25 32 0.027884193 
409 260 22 29 0.027884193 
687 275 55 71 0.027884185 
545 130 29 49 0.027884185 
248 257 9 12 0.027838783 
838 149 7 9 0.027838783 
559 110 17 20 0.027838783 
496 260 18 22 0.027838783 
386 291 16 21 0.027838778 
517 268 112 148 0.026434705 
550 53 7 8 0.02558696 
759 255 17 22 0.02558696 
832 3 26 35 0.025519116 
228 318 38 46 0.025519116 
530 99 50 59 0.025519116 
863 154 9 11 0.02351288 
293 241 17 22 0.02351288 
549 115 16 21 0.02351288 
1017 533 7 11 0.02351288 
784 282 15 22 0.02351288 
802 100 48 72 0.023349825 
326 66 63 72 0.023349825 
893 266 58 63 0.023349825 
868 229 54 57 0.023349825 
208 276 65 83 0.023349825 
677 247 40 49 0.023349825 
839 341 29 39 0.023349825 
959 178 23 33 0.023349825 
552 247 30 33 0.023349825 
330 447 75 97 0.023349825 
479 201 203 238 0.022069868 
897 57 109 142 0.022069868 
831 358 16 19 0.0216032 
667 239 9 14 0.021603195 
423 293 20 24 0.021603195 
937 151 10 12 0.021603195 
838 144 7 9 0.021603195 
844 10 6 9 0.021603195 
543 279 18 24 0.021603195 
371 42 74 64 0.021360898 
352 67 71 79 0.021360898 
269 203 22 31 0.021360898 
891 187 21 26 0.021360898 
268 224 23 30 0.021360898 
832 248 21 27 0.021360898 
321 54 144 142 0.0201599 
32 137 269 268 0.0201599 
