39_Ice_Skating_iceskiing_39_901
145
664 415 27 36 0.99929774 
303 145 33 52 0.9328629 
916 300 29 31 0.45596147 
570 250 15 22 0.43987623 
628 412 25 28 0.4238244 
662 331 13 17 0.3985243 
707 331 13 16 0.36343393 
495 501 67 54 0.29406774 
451 198 16 20 0.2471818 
549 365 16 23 0.23128642 
720 359 12 15 0.1849365 
704 315 10 12 0.17670101 
964 312 14 19 0.16448256 
935 165 27 34 0.14184302 
875 320 23 27 0.13724737 
617 399 12 15 0.12591025 
692 326 11 13 0.11306321 
912 161 33 40 0.11158139 
801 267 16 19 0.098306976 
636 383 16 21 0.093159355 
636 393 15 19 0.07778371 
281 149 58 73 0.07327653 
610 353 22 27 0.07225444 
602 349 21 29 0.0718585 
623 423 29 34 0.07049684 
619 405 25 27 0.07018806 
666 361 18 20 0.069576465 
972 393 13 16 0.067808814 
449 147 15 17 0.06385162 
701 350 11 15 0.06369733 
685 341 10 13 0.05936389 
913 289 25 31 0.055737026 
652 412 26 34 0.054815117 
696 352 11 14 0.053146668 
708 363 17 19 0.052763738 
613 398 21 25 0.052561563 
657 327 10 13 0.05197628 
937 205 18 22 0.05195889 
688 332 10 13 0.051320244 
866 292 14 17 0.05128846 
1012 335 10 14 0.04952827 
728 -6 120 124 0.047744866 
969 313 16 20 0.04771964 
461 143 21 26 0.047327578 
705 337 12 16 0.046791546 
559 252 22 27 0.046686675 
626 393 22 27 0.043158986 
870 306 14 17 0.04309548 
713 360 21 24 0.042549744 
598 352 15 22 0.04249281 
657 320 8 11 0.04200753 
657 337 12 16 0.041668545 
670 351 12 14 0.041064285 
616 333 9 12 0.04100855 
679 340 11 13 0.04008445 
971 318 21 28 0.04001197 
668 335 13 16 0.039471284 
622 425 17 21 0.0374163 
641 378 15 20 0.037243392 
676 334 11 13 0.036670912 
927 299 19 21 0.036312785 
917 307 17 20 0.036001246 
668 328 12 15 0.03421285 
414 261 11 14 0.0339551 
587 363 15 19 0.033859383 
661 348 11 14 0.033144187 
382 251 12 13 0.03284527 
686 347 10 14 0.03230501 
644 371 13 18 0.031793684 
640 419 17 24 0.031718098 
603 423 42 49 0.03158214 
626 370 26 32 0.031530384 
980 406 17 20 0.031290382 
409 134 11 13 0.031201668 
461 286 15 17 0.03108637 
443 427 15 19 0.030708045 
451 376 15 19 0.030652558 
639 331 13 14 0.02983888 
509 371 13 17 0.029505385 
607 343 10 14 0.029437132 
768 267 45 66 0.029007357 
1012 357 12 19 0.028836107 
868 299 23 27 0.028820079 
765 337 23 29 0.028116794 
873 305 26 28 0.02794506 
403 307 15 17 0.027707374 
998 177 16 23 0.027464092 
882 316 17 20 0.027399873 
497 318 9 12 0.02721371 
775 332 10 13 0.027159907 
703 327 11 16 0.026828254 
782 248 25 33 0.02674168 
740 40 323 405 0.026656576 
683 364 12 15 0.026525345 
459 344 14 19 0.02641697 
389 279 25 29 0.026321094 
713 331 12 14 0.026320929 
743 319 11 14 0.026190864 
441 420 14 15 0.026066022 
510 301 14 17 0.026024008 
663 357 13 15 0.025950441 
763 412 13 17 0.025860505 
695 320 9 11 0.02579488 
629 332 11 13 0.02490769 
766 342 12 15 0.024573497 
580 333 9 13 0.024275664 
559 244 16 21 0.024200924 
397 147 11 13 0.024066532 
601 392 21 29 0.023974909 
674 357 13 16 0.023927603 
846 173 26 30 0.023901653 
406 341 10 12 0.023746915 
609 342 41 49 0.023517357 
632 380 15 18 0.02348935 
677 347 12 14 0.023459783 
778 307 47 65 0.02339981 
661 320 9 12 0.0232289 
707 312 10 12 0.023142898 
978 325 24 30 0.02310254 
940 315 12 16 0.022926526 
994 354 14 18 0.0226727 
782 360 15 22 0.02261486 
632 434 25 30 0.022467282 
594 283 16 19 0.022268 
843 373 13 16 0.021851271 
863 288 13 15 0.021670338 
405 283 12 16 0.021627387 
522 493 55 55 0.021501945 
701 339 22 25 0.021470327 
738 372 24 26 0.02146767 
957 371 15 18 0.02140085 
512 316 12 14 0.02127467 
659 365 19 22 0.021149714 
782 333 29 41 0.021020815 
656 347 11 15 0.020932565 
413 275 10 14 0.020854762 
691 340 13 15 0.020733455 
635 402 24 31 0.02060439 
1006 356 13 18 0.020408211 
296 116 53 76 0.020389678 
652 368 15 19 0.020359188 
931 291 16 19 0.020355145 
947 249 17 19 0.020293731 
464 302 12 14 0.020114988 
456 285 11 15 0.020056011 
