39_Ice_Skating_Ice_Skating_39_463
335
836 739 11 15 0.59474635 
900 734 12 16 0.456877 
800 751 8 11 0.41915575 
781 662 13 17 0.4149744 
957 726 9 12 0.41489387 
700 706 9 12 0.3167832 
912 759 9 13 0.24826908 
585 712 8 9 0.24592327 
750 685 13 16 0.23591423 
474 695 8 9 0.209558 
750 675 12 15 0.20649654 
648 671 9 11 0.19826253 
414 641 8 10 0.1950997 
335 684 8 10 0.18714088 
817 770 14 16 0.1823246 
788 665 10 14 0.17382322 
624 678 8 10 0.16745867 
514 703 7 9 0.16642888 
963 773 11 14 0.16611822 
856 675 9 12 0.16240618 
554 702 7 9 0.14031094 
496 704 8 9 0.13746935 
429 694 8 11 0.12993439 
639 704 8 10 0.1257113 
495 709 8 10 0.12356798 
377 616 7 10 0.10899875 
610 704 8 10 0.10865663 
429 679 7 9 0.10462868 
558 702 6 9 0.10323234 
834 735 10 14 0.10237059 
402 662 7 10 0.102101356 
538 711 8 9 0.10141386 
471 688 7 9 0.0989307 
843 758 17 21 0.09889193 
874 718 22 28 0.09495788 
888 688 10 12 0.08975907 
399 615 8 10 0.08791534 
335 705 9 11 0.08630076 
951 729 12 15 0.085990086 
424 696 9 10 0.08516615 
474 702 8 10 0.08450149 
478 696 7 9 0.08442397 
471 709 9 10 0.084413685 
637 688 8 10 0.08293333 
368 663 7 9 0.081354894 
673 662 10 12 0.08060056 
633 687 8 10 0.07865873 
411 640 7 9 0.07652888 
679 668 8 11 0.075274654 
887 671 8 11 0.07083622 
321 648 8 9 0.0708353 
829 539 11 13 0.06905905 
614 704 7 10 0.06870053 
696 333 10 11 0.06829759 
419 701 7 9 0.068212666 
649 686 8 10 0.06670352 
665 679 8 9 0.066550165 
713 664 8 10 0.06572401 
894 590 7 9 0.063312754 
714 668 9 11 0.06287716 
630 680 7 9 0.0628563 
673 656 7 8 0.062581494 
850 671 9 11 0.062459864 
410 646 7 8 0.06135513 
632 693 8 10 0.06106698 
422 701 8 10 0.060417186 
789 768 10 14 0.060123928 
311 631 7 9 0.059601784 
505 655 8 11 0.059376962 
410 687 7 9 0.058202468 
656 639 6 9 0.05785327 
226 620 9 12 0.057695646 
722 719 8 11 0.056343075 
795 751 9 12 0.056256495 
648 640 7 10 0.05520506 
375 661 7 9 0.05490242 
744 671 9 12 0.0546882 
745 655 7 10 0.05425843 
538 703 6 8 0.05379802 
579 677 7 9 0.05378671 
535 728 7 9 0.053673886 
517 703 7 9 0.053130653 
327 647 7 9 0.052943025 
534 606 7 9 0.052836042 
830 760 12 17 0.052835207 
583 677 8 10 0.052323725 
513 697 7 9 0.052091595 
429 688 8 10 0.051535428 
664 687 9 11 0.051489215 
359 626 7 9 0.050799504 
898 724 15 19 0.050572705 
384 663 7 9 0.05052988 
232 519 358 418 0.04970658 
746 676 9 12 0.048679493 
354 630 6 9 0.04843729 
497 696 7 9 0.04816832 
478 702 7 9 0.04762746 
402 703 7 8 0.047615696 
591 671 6 8 0.04761241 
426 663 6 8 0.04698333 
914 754 13 17 0.04646971 
401 656 7 9 0.046384703 
406 703 6 9 0.04607471 
858 591 8 11 0.04571464 
488 732 8 10 0.045050975 
592 679 7 10 0.0444096 
464 632 7 9 0.044106312 
536 758 8 10 0.04389523 
624 695 8 10 0.043818586 
837 757 14 19 0.04325703 
745 662 7 10 0.04254144 
686 670 8 11 0.04219276 
610 672 7 9 0.041514277 
921 693 9 10 0.041283254 
654 687 8 10 0.040527575 
303 632 7 9 0.040344063 
585 656 8 9 0.040258437 
536 696 7 9 0.039950147 
960 562 10 13 0.039804988 
688 694 8 10 0.03958141 
382 640 8 10 0.039412938 
615 664 7 9 0.039392862 
220 523 24 31 0.03912955 
633 703 7 9 0.03886566 
450 654 7 9 0.0387444 
465 703 6 8 0.038415156 
815 760 19 23 0.038314555 
852 730 13 16 0.038051695 
447 648 8 9 0.03746278 
681 711 8 10 0.037409183 
850 662 8 11 0.03714754 
478 612 213 232 0.036920782 
599 679 7 10 0.036838174 
669 687 8 11 0.03676132 
648 743 8 11 0.036609605 
608 695 6 9 0.036348913 
391 656 7 9 0.03620147 
439 633 6 8 0.03614759 
665 692 9 11 0.036034286 
666 703 6 9 0.035728917 
945 733 10 14 0.03548705 
350 680 8 10 0.035464875 
780 672 12 16 0.035341024 
458 639 6 8 0.035206676 
330 709 9 11 0.03505597 
943 740 10 15 0.034852438 
678 655 8 10 0.034576297 
480 407 9 11 0.033904992 
849 725 10 13 0.0335861 
417 696 7 10 0.03326756 
298 632 7 9 0.033261884 
334 640 7 8 0.033244666 
430 673 8 9 0.03313671 
36 341 193 296 0.03302509 
700 342 11 14 0.032873295 
351 640 7 9 0.032818154 
296 647 7 9 0.03256064 
849 719 9 11 0.03247739 
794 755 9 13 0.032474272 
542 715 8 10 0.032417107 
618 678 7 9 0.032259166 
384 670 8 10 0.032161295 
626 654 8 10 0.03213469 
860 678 8 10 0.032118402 
775 656 10 12 0.03210758 
880 674 11 13 0.031930663 
509 655 8 10 0.0318325 
608 688 6 8 0.031785533 
382 646 8 10 0.031755917 
817 696 8 10 0.03159944 
684 334 11 13 0.0315491 
590 655 7 9 0.031502947 
377 640 8 9 0.03145237 
625 647 8 10 0.031424724 
302 648 7 9 0.031334374 
517 567 9 10 0.031211095 
625 685 8 9 0.031210417 
537 753 8 10 0.031162068 
457 663 7 9 0.030972926 
817 701 10 13 0.030649949 
298 615 7 10 0.030446984 
406 655 8 9 0.030302908 
408 695 7 10 0.030150702 
534 734 7 10 0.030059045 
617 647 7 10 0.030015118 
615 670 8 10 0.029983176 
343 632 8 9 0.029836204 
400 648 7 9 0.029803397 
490 710 8 10 0.029730408 
531 607 6 9 0.029727357 
921 688 8 10 0.029681329 
434 633 6 9 0.029648846 
981 514 22 29 0.029591102 
535 664 7 9 0.029478787 
527 711 7 9 0.0294422 
377 646 7 9 0.029434238 
522 655 7 10 0.029409772 
832 746 11 15 0.02940344 
670 704 6 8 0.029376168 
524 281 13 17 0.029141804 
679 554 14 17 0.028875012 
393 616 8 10 0.028856458 
585 672 7 10 0.028834276 
273 648 8 10 0.028707005 
385 657 7 8 0.028590752 
995 510 24 35 0.02855141 
833 680 7 9 0.028473707 
401 669 8 10 0.02819436 
352 646 7 9 0.028075933 
782 658 10 13 0.027982792 
470 727 10 13 0.027890002 
955 748 14 18 0.027887778 
467 687 6 9 0.027656842 
586 662 8 9 0.027641036 
803 754 12 15 0.027618095 
744 684 11 16 0.0276011 
289 654 7 9 0.027436571 
672 648 7 10 0.027423602 
330 640 6 8 0.02739099 
530 736 7 9 0.027323497 
542 752 8 9 0.02719894 
278 648 7 9 0.027029583 
550 661 7 10 0.026873084 
641 646 7 9 0.026870351 
465 679 7 9 0.026749715 
838 687 10 11 0.026740054 
327 631 7 10 0.026541043 
849 655 8 11 0.026007224 
680 336 10 12 0.025948377 
587 527 17 21 0.02593029 
878 693 11 14 0.025883676 
489 678 7 9 0.02569709 
595 315 13 17 0.025640996 
376 670 7 10 0.025601376 
330 680 9 11 0.02554358 
687 655 8 10 0.025426358 
327 695 8 10 0.02541017 
602 695 8 9 0.025359781 
578 672 6 9 0.025272684 
590 663 7 9 0.025209617 
553 696 8 11 0.024958767 
641 671 9 10 0.024871571 
797 668 10 13 0.024853438 
798 663 9 12 0.024716157 
609 638 7 10 0.024577407 
632 736 8 10 0.024539104 
368 640 6 9 0.02444556 
910 685 9 12 0.024357295 
647 644 7 10 0.024342893 
177 828 24 33 0.02432346 
328 609 7 10 0.024282388 
623 673 7 9 0.024276966 
342 680 8 11 0.024252817 
513 707 8 10 0.024119278 
288 649 7 9 0.024009455 
813 778 14 18 0.023868257 
717 662 8 11 0.023701645 
382 620 7 10 0.023697104 
341 685 8 10 0.023695847 
512 688 7 9 0.023673354 
553 708 7 9 0.02357523 
893 670 8 11 0.023356067 
615 638 8 10 0.023301667 
703 652 9 11 0.023248317 
288 631 7 9 0.023213342 
358 712 9 10 0.023192598 
872 694 10 14 0.023122307 
529 695 7 9 0.023121929 
313 648 7 9 0.023073727 
519 709 7 9 0.022810318 
703 308 12 15 0.02280813 
686 710 8 11 0.022790037 
345 639 7 9 0.022731079 
467 710 7 10 0.022714395 
535 654 7 9 0.02270239 
590 507 15 16 0.022541557 
712 656 8 9 0.0225403 
726 655 8 11 0.02251961 
559 671 8 10 0.022507302 
890 589 8 10 0.022474788 
718 677 9 10 0.02246652 
631 662 8 10 0.022447484 
833 686 9 11 0.022430507 
719 655 8 10 0.022418 
393 648 7 9 0.022415042 
527 647 7 9 0.022388836 
353 663 8 9 0.022372 
426 671 7 10 0.022363305 
319 654 7 8 0.022306673 
390 671 7 9 0.022294603 
828 591 8 11 0.02225665 
331 685 9 11 0.022195458 
560 749 9 11 0.021911807 
720 646 8 10 0.021864375 
345 671 7 9 0.021857083 
501 703 8 9 0.021834463 
465 648 7 9 0.021830257 
843 739 12 15 0.021786487 
694 663 8 10 0.021720186 
854 663 8 11 0.021718819 
887 664 8 11 0.021712389 
785 772 10 14 0.02157177 
391 662 7 10 0.021571742 
632 672 8 9 0.021551486 
776 684 9 12 0.02152737 
314 655 7 8 0.021446398 
687 703 8 10 0.021436026 
503 695 7 9 0.021272775 
649 726 7 9 0.02115272 
441 703 7 9 0.021145578 
454 654 6 9 0.021131948 
737 672 8 10 0.021126965 
959 768 18 23 0.021124177 
905 737 13 17 0.021030828 
489 704 7 9 0.02101805 
629 646 8 10 0.020956995 
653 672 7 9 0.020929798 
361 663 7 10 0.02092694 
947 738 13 16 0.020918574 
433 -5 40 32 0.020917783 
342 696 8 9 0.020882862 
429 700 10 11 0.020831035 
859 670 10 13 0.020770535 
471 648 7 8 0.020736163 
409 633 6 8 0.020734113 
298 638 7 9 0.020656629 
518 573 9 10 0.020649856 
310 625 8 9 0.020387115 
582 640 8 9 0.020341452 
907 756 19 25 0.020296164 
466 696 7 10 0.020228297 
756 671 10 13 0.020196408 
824 534 19 25 0.020166388 
630 639 7 10 0.020127028 
615 695 7 10 0.020098705 
