39_Ice_Skating_iceskiing_39_81
18
495 141 29 37 0.976549 
31 125 53 65 0.9250793 
475 247 39 40 0.28632686 
374 202 9 13 0.08573512 
103 177 48 56 0.0666881 
559 259 11 17 0.05894409 
347 449 75 60 0.057157174 
455 225 62 59 0.05631893 
385 227 106 106 0.055992525 
333 57 377 473 0.05582503 
382 203 11 12 0.051481552 
458 263 43 42 0.051390912 
29 106 46 50 0.04832414 
281 430 139 109 0.04022778 
387 202 12 14 0.029606214 
423 248 80 60 0.022801487 
343 343 11 12 0.021807894 
357 231 13 18 0.020653652 
