39_Ice_Skating_iceskiing_39_138
90
25 120 36 40 0.95645756 
295 210 60 55 0.8477372 
40 114 29 42 0.63016826 
577 170 94 123 0.51862776 
389 338 28 33 0.37072724 
349 399 29 37 0.2935118 
696 106 93 131 0.27081805 
553 103 103 107 0.21156476 
0 316 25 38 0.18798842 
817 198 51 80 0.1551141 
31 267 29 36 0.14615273 
251 238 25 30 0.11568287 
622 112 100 147 0.10871377 
274 219 60 67 0.10127891 
621 762 97 113 0.08992247 
0 127 8 14 0.085286014 
333 403 32 40 0.080438994 
319 405 29 36 0.0711561 
19 101 31 36 0.07066812 
274 250 26 41 0.06958967 
52 112 27 36 0.06856822 
252 241 57 55 0.06723666 
501 438 65 64 0.05823987 
365 738 44 46 0.054022044 
41 452 13 15 0.052005794 
811 220 32 52 0.050650157 
0 262 21 35 0.047751047 
65 452 13 17 0.04710225 
806 337 80 80 0.04631561 
50 799 43 57 0.04612384 
670 118 81 139 0.045310713 
725 446 226 285 0.044569362 
23 278 28 34 0.044521026 
406 91 204 198 0.042257324 
19 92 27 28 0.041546527 
605 280 355 434 0.041329056 
65 122 14 20 0.040165875 
791 390 41 45 0.039934788 
254 239 14 19 0.039437156 
429 432 122 121 0.037165303 
231 237 55 51 0.03593309 
784 153 81 128 0.034828138 
28 274 19 21 0.034772888 
47 165 44 58 0.03379491 
388 464 30 31 0.033254456 
631 177 65 90 0.033046402 
218 279 402 506 0.032505948 
36 437 12 14 0.031923868 
411 424 32 34 0.0316062 
762 280 36 40 0.031324763 
461 394 108 114 0.030767344 
288 206 41 45 0.03069904 
379 852 47 59 0.030121977 
211 225 25 30 0.02948215 
225 284 32 32 0.029079068 
93 319 43 47 0.029055437 
74 166 31 48 0.02899648 
316 193 62 71 0.028913908 
220 222 15 18 0.02739024 
836 709 25 32 0.027281968 
294 185 104 115 0.026921919 
24 271 42 54 0.026666436 
476 403 11 13 0.02618972 
397 455 109 125 0.026174396 
15 434 10 13 0.025661027 
233 240 30 33 0.025530193 
5 271 25 36 0.02544255 
230 306 50 53 0.025226485 
265 243 15 19 0.024933027 
405 404 47 49 0.024634259 
102 241 17 21 0.024158832 
11 282 39 55 0.024143478 
307 408 29 36 0.023600953 
0 521 40 60 0.02346648 
810 295 123 143 0.023442436 
11 260 28 36 0.023180408 
207 227 50 51 0.023051964 
44 132 30 35 0.0228919 
77 453 10 13 0.022645025 
363 137 17 18 0.022472112 
237 244 15 17 0.022190344 
32 450 13 17 0.022114258 
286 226 36 43 0.022066796 
29 229 25 32 0.021662612 
246 242 16 19 0.021286834 
353 735 35 46 0.02113642 
799 231 32 47 0.020789778 
203 245 14 17 0.020656038 
200 231 26 33 0.020459723 
420 548 13 17 0.020403054 
