39_Ice_Skating_Ice_Skating_39_176
23
693 367 61 114 0.96962065 
421 359 53 89 0.9410734 
316 190 17 19 0.42267412 
165 855 505 451 0.06948861 
324 655 13 17 0.067941375 
352 678 11 13 0.06402387 
687 177 14 18 0.053618345 
350 684 14 17 0.036196724 
407 626 13 15 0.03589848 
389 700 12 16 0.032055907 
339 669 12 14 0.031628504 
373 715 11 12 0.03105616 
394 356 61 83 0.026434561 
359 669 10 12 0.026074957 
335 674 12 15 0.024264082 
316 672 11 12 0.023489127 
375 686 10 13 0.02330157 
341 661 11 13 0.022306941 
381 667 13 15 0.022202978 
461 629 10 11 0.022170914 
367 714 13 14 0.021599626 
342 686 12 14 0.02119651 
397 645 11 13 0.020195907 
