39_Ice_Skating_Ice_Skating_39_661
393
808 360 14 19 0.95063955 
196 259 11 15 0.8922208 
471 301 10 13 0.8718608 
222 267 10 13 0.8182103 
92 324 14 17 0.813567 
3 372 12 18 0.7627887 
409 423 27 25 0.6428918 
439 312 10 12 0.57589126 
75 234 12 15 0.5725216 
161 294 11 14 0.47641978 
716 271 11 12 0.46593133 
162 298 13 17 0.44542828 
542 261 8 11 0.42238653 
343 191 9 12 0.4193141 
250 252 7 9 0.3948436 
510 255 9 11 0.330459 
768 332 11 13 0.30954334 
107 246 14 16 0.28549907 
48 257 14 17 0.22702014 
616 179 8 11 0.22511822 
446 182 8 10 0.20832068 
416 388 13 17 0.20634685 
531 275 13 16 0.19943903 
533 268 12 17 0.17678559 
973 299 14 17 0.16297776 
789 222 9 12 0.15951832 
29 293 10 14 0.15727648 
286 195 10 13 0.15722851 
465 185 7 9 0.14948954 
479 375 10 13 0.149092 
393 200 7 10 0.1381368 
446 317 9 13 0.13387842 
0 262 8 14 0.1311457 
591 224 7 9 0.12333471 
27 258 12 16 0.12095125 
248 347 13 15 0.12092467 
486 190 8 10 0.107203916 
865 227 108 116 0.10216938 
990 503 7 10 0.10104735 
452 505 16 20 0.1009089 
6 297 12 16 0.10038246 
717 228 8 11 0.0991821 
161 305 13 17 0.098737106 
383 181 7 9 0.09873567 
470 184 8 9 0.09632881 
945 523 8 12 0.09568533 
702 224 8 11 0.09387454 
253 253 8 10 0.09188021 
440 191 7 9 0.09166761 
11 292 15 19 0.0907768 
800 216 8 10 0.08951987 
617 168 8 10 0.08824963 
448 323 9 12 0.0854019 
757 252 15 20 0.084589124 
214 109 9 11 0.08387615 
651 133 8 11 0.0836994 
649 197 8 10 0.0833569 
0 45 16 22 0.07991349 
376 182 7 9 0.07890959 
566 243 10 13 0.07869505 
369 200 9 11 0.078453355 
22 293 12 17 0.07798494 
150 380 13 17 0.07772188 
917 294 12 13 0.07669298 
809 70 40 55 0.07504224 
687 338 12 15 0.07434109 
445 508 16 18 0.073477075 
133 106 11 14 0.07323121 
713 224 10 12 0.07208985 
886 550 10 12 0.06995505 
0 353 9 14 0.06953286 
338 195 9 12 0.06940124 
930 517 12 15 0.06804238 
627 222 7 10 0.06756719 
350 370 11 13 0.066627376 
568 226 9 12 0.06614608 
818 434 21 27 0.06497911 
231 207 8 10 0.064850576 
351 239 7 9 0.0641693 
345 186 8 10 0.062265813 
1012 476 10 14 0.06146022 
12 341 14 17 0.060893297 
172 298 12 14 0.06089043 
360 197 9 10 0.06019451 
280 192 9 12 0.059259944 
648 193 8 9 0.05738379 
502 483 14 16 0.056844465 
232 118 9 12 0.0568125 
188 436 11 13 0.05542602 
729 203 10 12 0.054855075 
540 265 11 14 0.05478654 
218 265 10 11 0.053631965 
434 311 10 13 0.053386413 
372 203 8 11 0.053300183 
376 215 9 11 0.053076107 
743 253 8 12 0.05306989 
254 197 10 12 0.052387107 
199 429 11 14 0.05237839 
378 177 7 10 0.05229675 
620 132 10 11 0.05208858 
378 219 9 12 0.052011248 
360 190 9 11 0.051992446 
20 348 10 13 0.050536826 
609 191 8 10 0.050242864 
573 135 9 10 0.050086446 
560 264 9 10 0.04932824 
978 495 7 9 0.049259994 
878 536 9 11 0.0485381 
199 81 13 18 0.048227776 
424 225 7 9 0.048104595 
950 183 12 14 0.047769893 
480 182 7 9 0.047589693 
505 259 10 13 0.047448788 
614 230 8 10 0.04694037 
232 256 8 10 0.0468617 
934 512 9 10 0.04665435 
83 352 26 33 0.045782454 
586 224 8 10 0.045759737 
109 256 12 16 0.04565678 
598 223 7 10 0.045301676 
394 268 9 13 0.04527718 
488 185 7 9 0.045110185 
430 327 10 13 0.04501332 
13 335 10 12 0.044865537 
382 215 8 11 0.044768084 
650 185 7 9 0.044610552 
368 184 7 10 0.04445942 
210 424 14 19 0.043976013 
620 173 8 12 0.043948837 
1008 503 9 11 0.043779943 
409 406 27 29 0.04358355 
650 141 9 11 0.04345986 
598 147 10 12 0.043075673 
5 348 13 16 0.042877357 
982 288 11 13 0.042792566 
479 177 7 8 0.042054117 
348 189 9 12 0.042004917 
422 191 8 9 0.041949797 
974 313 12 14 0.04182736 
230 261 9 12 0.041696206 
790 216 9 11 0.041342344 
418 192 8 10 0.040973265 
792 206 7 8 0.0409108 
409 351 8 11 0.04070805 
811 428 17 19 0.04064909 
107 237 16 18 0.040517487 
469 188 8 10 0.040273517 
327 198 9 10 0.040045187 
598 133 10 10 0.039508533 
104 279 9 12 0.03921482 
218 310 9 10 0.039212607 
854 374 11 15 0.038882844 
761 206 8 10 0.03866133 
841 231 9 11 0.03850475 
468 297 17 22 0.038484436 
206 364 14 18 0.038297344 
223 193 6 9 0.03807497 
1007 509 8 10 0.037917014 
361 184 8 10 0.037779473 
776 199 9 10 0.037600353 
9 333 9 11 0.036954872 
871 241 15 18 0.03686831 
139 387 16 19 0.03686089 
358 206 10 13 0.036781307 
96 328 14 18 0.036540415 
226 268 10 13 0.036440805 
273 191 8 10 0.0364256 
261 196 9 11 0.036107335 
513 208 6 9 0.03588147 
253 203 10 14 0.035791703 
756 181 10 12 0.03540161 
980 293 13 16 0.034851603 
951 251 12 14 0.034803454 
572 142 10 12 0.03479178 
781 200 8 10 0.03454045 
356 211 10 14 0.034452487 
116 245 12 15 0.034247123 
546 407 7 10 0.033958416 
350 196 8 11 0.033846326 
573 148 9 12 0.033730607 
263 193 7 9 0.03368044 
413 382 14 18 0.033333413 
252 344 12 15 0.033314627 
505 342 8 11 0.033265505 
38 309 9 11 0.033171542 
474 373 11 14 0.032969896 
212 361 16 18 0.032883678 
753 139 9 13 0.03282504 
591 181 8 10 0.03265207 
584 143 8 11 0.032506056 
156 386 11 16 0.032386668 
654 184 8 9 0.032180503 
808 266 9 13 0.03182133 
818 133 9 11 0.031616695 
990 306 14 17 0.031537324 
577 174 8 12 0.03149513 
317 87 8 10 0.031473957 
263 404 11 14 0.031291008 
520 340 12 16 0.03125719 
520 304 9 12 0.031098783 
711 266 19 24 0.030954495 
561 180 8 10 0.030897833 
410 230 7 10 0.0307296 
358 229 8 10 0.030685171 
895 548 8 12 0.030594936 
452 318 9 13 0.030551631 
653 198 8 10 0.030488985 
627 215 7 10 0.03043765 
392 530 13 18 0.030411033 
133 394 16 20 0.03037097 
585 180 7 11 0.030255623 
926 417 9 11 0.030202445 
28 71 15 19 0.030188344 
752 257 12 18 0.030184576 
799 269 9 11 0.030140914 
215 275 9 12 0.030045312 
784 216 9 11 0.029923053 
218 263 18 22 0.029681195 
408 357 11 13 0.029619355 
566 181 7 9 0.029465515 
366 189 8 9 0.029456388 
327 212 12 15 0.029266112 
869 397 9 12 0.029200302 
503 105 186 214 0.029194677 
519 308 11 14 0.02915272 
423 197 8 9 0.028705953 
592 148 9 12 0.028693033 
28 246 12 16 0.028623633 
437 307 17 22 0.0285495 
431 197 8 10 0.028511174 
104 75 10 12 0.028393935 
326 206 10 13 0.02830602 
229 123 10 14 0.02825858 
1013 501 8 11 0.02824263 
615 238 8 10 0.028172588 
943 535 9 11 0.028165452 
990 294 13 16 0.028120924 
417 196 9 10 0.028105075 
40 351 9 11 0.027984228 
344 210 11 14 0.027928986 
369 264 10 12 0.02781697 
304 198 9 10 0.027513616 
412 389 22 25 0.027443627 
806 417 23 25 0.027406458 
951 438 8 11 0.027374078 
828 223 9 11 0.027355116 
126 244 10 14 0.027285686 
528 281 13 15 0.027278362 
785 227 11 14 0.027259907 
904 550 11 13 0.02721066 
300 96 8 10 0.027179165 
372 94 10 13 0.027060883 
597 182 8 10 0.026603146 
398 199 7 10 0.02659781 
482 373 12 14 0.026485715 
487 196 9 11 0.026314862 
520 315 10 12 0.026234377 
413 351 9 11 0.02617281 
459 501 13 19 0.026155425 
878 413 11 15 0.026151992 
3 259 11 16 0.025915543 
568 207 8 12 0.025821697 
698 228 9 11 0.025785463 
649 129 9 11 0.025777869 
974 283 12 14 0.02572982 
949 518 10 12 0.025729295 
538 257 9 12 0.025703417 
815 127 10 13 0.0256454 
774 191 8 10 0.025613256 
357 221 9 12 0.025367206 
6 287 15 18 0.025271773 
764 328 19 23 0.025208134 
397 205 8 10 0.02516279 
753 176 8 12 0.025040094 
205 222 8 10 0.025017789 
800 264 9 11 0.024993438 
4 384 12 17 0.0249023 
82 194 10 14 0.024886126 
736 254 8 11 0.024838896 
578 180 8 11 0.0247619 
388 293 10 14 0.024756711 
358 269 8 12 0.024699481 
719 189 8 10 0.02469871 
1008 446 10 12 0.024675326 
574 212 7 10 0.024616744 
829 229 9 11 0.024546294 
629 228 9 11 0.024525242 
392 191 7 9 0.024505727 
928 513 9 11 0.024464628 
510 341 10 12 0.024419727 
34 254 19 24 0.024409829 
460 492 12 15 0.024409104 
9 370 13 19 0.024359478 
205 207 8 10 0.024216268 
979 307 13 17 0.024176732 
773 91 9 12 0.024154177 
82 235 12 14 0.02411111 
209 107 10 13 0.023939608 
349 211 13 15 0.023880245 
415 229 8 10 0.023727648 
718 234 10 14 0.023711443 
397 264 10 14 0.023698894 
507 478 13 16 0.023692055 
992 297 17 20 0.023487689 
548 341 11 13 0.023380646 
147 390 15 21 0.023318592 
967 519 8 10 0.023132388 
296 176 8 10 0.023127902 
640 197 9 10 0.02299761 
985 502 10 11 0.022952339 
711 262 13 18 0.022950089 
935 533 10 12 0.022941677 
466 228 9 12 0.022898633 
151 111 8 11 0.022884458 
252 354 11 13 0.022766303 
109 363 11 16 0.022718709 
512 213 8 9 0.022691019 
180 294 9 13 0.022653101 
715 278 16 18 0.022620669 
572 224 9 11 0.022605894 
614 224 8 10 0.022566376 
381 238 9 11 0.022475978 
641 192 8 9 0.02247101 
142 127 9 11 0.02239852 
465 297 12 14 0.022329606 
95 74 11 13 0.022328304 
137 135 8 10 0.02231335 
193 264 11 15 0.022303574 
455 198 8 10 0.022299707 
217 192 7 10 0.022271033 
49 185 198 233 0.022173246 
510 301 9 12 0.022169214 
744 350 8 10 0.022108668 
50 251 21 28 0.022099765 
989 287 12 15 0.022047132 
350 185 8 10 0.021846125 
145 205 8 10 0.021825869 
238 261 8 12 0.02181592 
212 433 13 14 0.021799 
990 508 8 10 0.021718755 
431 216 112 137 0.02169512 
191 431 12 14 0.021678787 
465 304 12 16 0.021670228 
260 349 10 13 0.021585297 
976 500 8 10 0.021574706 
796 352 21 24 0.021568118 
849 374 11 16 0.021464558 
679 199 8 9 0.02145178 
609 196 9 12 0.02143255 
727 246 9 11 0.021405865 
115 237 13 16 0.021356719 
655 149 7 10 0.021309122 
694 174 9 11 0.021287948 
856 366 9 12 0.021261418 
295 98 11 13 0.02115204 
654 190 7 10 0.021138625 
352 230 9 11 0.02112738 
593 133 9 10 0.021084888 
439 197 8 10 0.021055657 
384 189 8 11 0.020958593 
536 256 18 23 0.020946642 
256 403 13 16 0.020917278 
917 285 14 15 0.020869274 
334 211 9 13 0.020839391 
934 293 14 17 0.020832587 
21 357 10 13 0.020709326 
471 239 10 12 0.02070594 
567 177 8 10 0.020704275 
576 259 10 12 0.020700125 
293 373 9 10 0.02065357 
319 239 9 10 0.020644723 
148 434 17 19 0.020609675 
682 329 21 25 0.020481577 
761 244 16 19 0.02047914 
687 176 7 9 0.020468155 
189 138 14 16 0.020389182 
407 370 13 16 0.020363435 
351 288 8 12 0.02033055 
784 235 9 13 0.020302566 
238 319 8 11 0.02029587 
922 293 13 15 0.020269325 
287 201 9 13 0.020243451 
766 214 9 11 0.020197578 
413 372 13 17 0.020195663 
409 224 8 11 0.020191208 
1003 510 8 10 0.020173699 
919 526 9 11 0.02014613 
206 103 10 12 0.020144727 
24 287 19 24 0.020118827 
196 89 14 18 0.020090114 
727 251 10 13 0.020079022 
984 306 23 27 0.02007361 
743 260 11 15 0.020015623 
