39_Ice_Skating_Ice_Skating_39_546
51
385 289 57 66 0.99965715 
217 241 65 75 0.99817693 
533 283 13 18 0.85189044 
630 321 36 40 0.528799 
39 279 8 10 0.39510083 
572 291 15 20 0.33388785 
714 297 47 58 0.23929939 
635 257 16 21 0.14309894 
603 276 12 17 0.10837312 
591 304 14 20 0.088137716 
296 295 10 12 0.08175828 
579 286 14 19 0.068263665 
590 347 22 31 0.06713523 
84 282 11 14 0.05531658 
436 288 29 42 0.049063325 
285 118 13 17 0.048408307 
43 277 9 12 0.038397785 
500 295 11 15 0.037304997 
559 267 10 12 0.03627095 
558 259 12 14 0.035678156 
559 291 13 18 0.034083877 
558 285 11 15 0.033989042 
611 157 13 16 0.033322655 
729 313 39 57 0.03273813 
538 288 13 17 0.03190099 
558 253 10 13 0.031381026 
183 269 44 57 0.031326726 
437 175 8 10 0.03116029 
659 46 399 486 0.030969353 
216 128 41 55 0.030270148 
691 257 13 15 0.02966841 
538 279 12 15 0.028884638 
576 58 41 59 0.028724462 
478 251 11 16 0.028468464 
567 277 10 13 0.027793279 
169 279 32 43 0.027662849 
905 248 7 10 0.02484703 
601 271 11 14 0.024761615 
115 318 16 22 0.024171466 
647 326 27 38 0.024007773 
495 341 51 52 0.02371777 
33 282 11 15 0.02336417 
444 309 17 22 0.023034023 
494 295 12 17 0.022878867 
671 305 12 19 0.022208035 
623 327 27 35 0.022131924 
510 164 11 14 0.02196873 
552 253 11 13 0.021740133 
518 166 9 12 0.021180293 
531 295 15 19 0.02061568 
557 277 11 15 0.02012188 
