39_Ice_Skating_iceskiing_39_349
25
815 284 52 62 0.99424815 
639 302 34 52 0.9282469 
740 547 207 252 0.1970851 
225 321 42 67 0.13548395 
427 320 30 37 0.051219594 
347 278 93 120 0.047102474 
516 572 30 32 0.041441128 
599 286 31 42 0.036184035 
642 473 330 396 0.03419268 
492 305 16 21 0.032144845 
412 309 10 13 0.030448398 
426 307 27 35 0.029541954 
422 353 14 18 0.028419752 
433 305 18 22 0.028210122 
219 291 72 117 0.026785342 
765 619 137 152 0.026678918 
750 400 32 37 0.02626714 
421 324 12 15 0.025882468 
50 302 15 19 0.024570206 
-22 421 251 236 0.023427153 
596 274 25 36 0.022321936 
421 335 24 32 0.021629883 
400 308 51 72 0.021580521 
2 111 396 489 0.02038234 
429 293 48 66 0.020343075 
