39_Ice_Skating_iceskiing_39_541
33
451 279 124 113 0.99090147 
590 150 31 36 0.3257181 
568 161 60 63 0.23606066 
218 388 99 94 0.18260773 
595 146 20 22 0.17404394 
891 627 45 51 0.11310417 
474 97 30 38 0.11161394 
244 413 108 100 0.06975491 
547 137 92 105 0.047056448 
539 155 23 34 0.038281765 
210 315 62 50 0.037093423 
243 368 73 72 0.035109263 
846 437 42 59 0.033486385 
563 134 58 57 0.033113446 
938 673 17 18 0.03215631 
265 383 71 80 0.030825868 
177 260 120 112 0.030524842 
591 176 54 56 0.030020922 
510 68 28 36 0.028083289 
683 638 38 47 0.028045373 
437 66 50 67 0.026436968 
318 0 31 31 0.026315665 
981 23 25 30 0.025801698 
130 245 34 38 0.024398325 
210 199 26 32 0.023931742 
422 116 188 251 0.022638157 
539 318 100 118 0.021167802 
203 204 59 65 0.021103026 
843 -2 35 27 0.020934582 
765 505 53 65 0.020672293 
216 333 36 33 0.0206624 
184 198 95 109 0.0206227 
577 159 37 37 0.02015727 
