39_Ice_Skating_Ice_Skating_39_992
181
295 844 58 73 0.9994691 
955 581 55 65 0.9994591 
9 635 58 70 0.998938 
663 471 60 74 0.9988845 
157 807 52 64 0.99885 
167 279 51 59 0.99882954 
728 732 61 73 0.99859816 
776 602 60 70 0.998442 
306 256 58 78 0.9982962 
536 722 72 91 0.99811256 
834 123 54 72 0.99794453 
422 19 52 71 0.99791914 
749 1 50 58 0.9977888 
115 40 54 69 0.9976922 
937 246 46 65 0.99754435 
383 383 45 57 0.99636555 
823 479 48 61 0.99453133 
328 470 59 71 0.994121 
613 266 46 58 0.9927275 
804 254 47 55 0.9922288 
900 705 56 75 0.9911486 
728 369 49 57 0.98845226 
463 265 46 54 0.98522735 
904 28 43 53 0.97900236 
569 369 49 53 0.9787008 
25 380 48 54 0.9786512 
383 141 47 56 0.97813034 
284 425 40 60 0.95450586 
212 617 48 62 0.91108024 
274 673 77 96 0.8998533 
338 370 34 41 0.8283074 
218 171 46 57 0.77456266 
995 456 28 68 0.7597062 
857 447 31 38 0.707932 
223 355 55 72 0.5665888 
284 51 46 51 0.52043027 
478 150 50 59 0.38381398 
0 361 31 45 0.3534834 
192 494 130 131 0.347811 
314 379 27 31 0.2901464 
892 4 31 35 0.26159844 
259 206 25 39 0.23567556 
883 413 29 31 0.21255358 
71 696 58 70 0.21063122 
16 136 39 51 0.19472519 
94 166 38 43 0.19446014 
397 574 102 133 0.19125848 
199 583 86 107 0.17859362 
52 177 30 34 0.16643737 
284 481 81 110 0.16306354 
853 78 38 44 0.16248003 
680 448 35 40 0.12040174 
341 422 43 53 0.11794212 
850 728 47 60 0.11557228 
993 122 32 68 0.111935705 
730 694 53 65 0.10205724 
0 555 24 57 0.10175079 
427 350 43 59 0.09907345 
233 185 43 53 0.09641382 
911 8 49 55 0.094818085 
722 344 37 43 0.0939032 
772 831 103 135 0.09114791 
885 614 33 41 0.08551472 
222 827 46 57 0.08391815 
184 442 46 51 0.07578108 
0 61 20 46 0.07537029 
115 424 219 303 0.07209009 
521 4 50 59 0.071802646 
21 130 26 32 0.065876275 
324 374 35 43 0.06502041 
312 455 52 73 0.0649236 
578 65 59 69 0.06220079 
843 678 47 50 0.06163288 
231 220 29 35 0.061170038 
273 10 31 36 0.060101923 
69 132 24 36 0.059996404 
0 739 48 100 0.058098108 
38 156 39 51 0.05733911 
109 499 49 55 0.05622822 
925 -2 38 36 0.055841237 
349 404 30 40 0.054814134 
0 42 19 39 0.054290365 
245 212 31 39 0.052019276 
253 811 43 55 0.05165274 
282 93 51 62 0.050664708 
84 678 68 73 0.048841007 
438 245 36 45 0.047181018 
543 20 26 36 0.046919882 
341 140 46 60 0.046407554 
832 711 56 60 0.045781754 
810 428 18 22 0.04461379 
258 180 43 56 0.044492494 
449 548 103 135 0.043982867 
66 706 37 52 0.043412257 
70 164 47 54 0.043367587 
329 395 43 56 0.042316746 
50 490 31 45 0.042265102 
661 -3 36 38 0.04193579 
654 816 86 106 0.04166122 
549 25 56 72 0.040768888 
355 376 43 54 0.04033519 
1 171 27 44 0.039725915 
356 401 44 56 0.03961646 
201 345 52 73 0.039246533 
515 -2 38 39 0.039165232 
510 -7 88 101 0.038800806 
217 622 87 97 0.037876803 
840 97 49 63 0.036375742 
202 761 48 57 0.03633625 
354 917 41 57 0.036031704 
904 0 39 39 0.034351833 
508 268 46 60 0.03429903 
546 35 86 109 0.033466786 
430 232 29 47 0.033229686 
114 710 36 41 0.03294886 
739 685 38 48 0.032653004 
775 125 44 62 0.032415014 
837 758 61 74 0.032045696 
12 349 383 453 0.030955214 
741 550 50 56 0.029548816 
431 443 45 56 0.029460695 
553 43 29 40 0.02920478 
332 432 32 38 0.029169919 
652 0 29 26 0.028700989 
5 155 33 45 0.028462084 
136 796 53 69 0.028367411 
92 135 40 44 0.028328221 
754 563 56 66 0.028022595 
292 510 206 284 0.02765913 
824 740 53 58 0.02656296 
773 779 54 71 0.026441392 
776 741 52 60 0.026354533 
501 146 43 55 0.026336461 
865 700 52 67 0.026235206 
251 384 50 73 0.025823088 
0 526 51 96 0.025800578 
833 716 81 93 0.025782496 
882 688 50 68 0.025617449 
683 331 17 23 0.025570441 
503 270 31 44 0.02516372 
128 485 50 60 0.024737714 
817 -1 28 23 0.02466042 
473 123 77 102 0.024646629 
55 486 48 58 0.024379523 
8 347 27 39 0.0241663 
113 378 48 63 0.02414122 
53 715 50 74 0.024101088 
360 127 49 64 0.024093764 
266 37 81 93 0.023783464 
647 4 50 69 0.023387052 
974 -2 22 20 0.023212055 
189 618 52 68 0.023163637 
94 712 62 68 0.022931738 
554 351 51 61 0.022754893 
42 359 28 36 0.022625377 
363 365 30 38 0.022515332 
18 735 53 85 0.022410499 
552 19 17 23 0.02238822 
14 135 17 23 0.022371726 
369 475 55 63 0.022323128 
674 3 48 62 0.022305164 
486 271 37 48 0.022274792 
802 733 50 55 0.022236524 
243 434 33 40 0.022172058 
332 133 36 50 0.022061132 
92 464 90 110 0.022051422 
673 419 37 43 0.021976871 
100 753 52 68 0.021801185 
557 49 17 23 0.021777093 
91 1141 57 68 0.021498734 
800 426 30 35 0.021409124 
352 111 46 59 0.021397434 
140 343 87 96 0.021252187 
107 791 53 67 0.021180937 
332 456 37 47 0.020758623 
355 424 52 60 0.020718908 
242 475 65 76 0.020626614 
178 343 50 63 0.020424789 
561 -1 20 14 0.020247068 
118 204 45 59 0.020197375 
109 467 55 69 0.020042477 
