22_Picnic_Picnic_22_290
130
415 411 28 37 0.9997962 
344 411 28 41 0.99919707 
617 417 28 36 0.99589217 
280 425 19 35 0.98127043 
550 429 22 35 0.42379645 
895 77 13 16 0.26507837 
807 3 11 13 0.24171183 
612 513 27 32 0.18338597 
601 426 15 20 0.1772556 
951 55 8 9 0.1576818 
861 70 10 12 0.15038747 
918 31 8 11 0.14926784 
903 12 12 15 0.1218632 
819 23 10 12 0.11009853 
967 3 9 12 0.109051794 
931 54 8 10 0.10270571 
822 14 9 11 0.10041356 
306 447 17 22 0.09827503 
960 21 8 10 0.08940325 
835 27 11 14 0.087734886 
884 30 13 13 0.081326924 
941 63 9 10 0.08011404 
920 64 9 12 0.079647474 
952 74 10 12 0.07755058 
833 23 10 13 0.07212458 
983 54 7 9 0.06810313 
909 22 9 10 0.059425723 
976 23 7 9 0.058312606 
910 61 9 12 0.057611562 
1006 37 8 10 0.054864306 
878 66 10 12 0.053006183 
912 78 8 12 0.052135363 
936 1 11 10 0.050370716 
993 63 8 10 0.050328385 
961 63 9 11 0.048545543 
823 9 10 11 0.04822066 
961 45 10 12 0.047825687 
285 523 11 13 0.046984266 
943 33 10 11 0.04664483 
923 68 10 13 0.045811612 
812 6 10 12 0.045182418 
958 69 11 13 0.044168394 
941 4 10 11 0.043944255 
856 5 9 12 0.04366863 
990 32 8 11 0.043195304 
938 31 8 10 0.043013517 
697 0 9 9 0.042278018 
924 62 11 13 0.041616246 
432 323 430 463 0.04109424 
726 30 10 12 0.040209465 
908 8 12 12 0.039791293 
984 7 9 11 0.039639138 
181 193 27 40 0.039385993 
234 433 15 25 0.039235063 
679 9 9 9 0.038634993 
829 13 10 11 0.038306385 
925 15 9 11 0.037494116 
816 37 9 12 0.037450794 
877 91 9 11 0.037346374 
966 40 8 10 0.036620893 
968 85 11 13 0.036495075 
789 48 9 10 0.035768412 
311 373 31 38 0.035589796 
942 68 9 12 0.035078403 
975 30 8 10 0.034489352 
802 5 10 12 0.03385385 
849 15 10 12 0.03363357 
952 48 9 11 0.033506013 
1000 54 8 11 0.033035096 
743 12 9 12 0.03296931 
321 368 17 20 0.0323395 
991 14 8 10 0.030952683 
862 4 11 11 0.03028345 
702 4 9 11 0.030005526 
560 438 15 23 0.0297542 
799 23 10 12 0.029673705 
974 4 10 11 0.0296664 
1001 16 7 9 0.029487655 
903 0 9 9 0.02925132 
1004 30 9 11 0.02859071 
264 430 25 31 0.028526088 
558 370 23 26 0.02824782 
1005 95 11 14 0.028088568 
919 7 10 12 0.027181378 
230 427 13 22 0.026951404 
170 201 28 35 0.026889035 
888 61 9 12 0.026433425 
686 9 8 10 0.026273899 
905 62 10 11 0.025997333 
889 80 11 13 0.02598475 
942 87 10 11 0.025983207 
893 61 9 11 0.025828464 
921 13 9 11 0.025807044 
696 373 27 32 0.025539383 
913 83 9 12 0.025425434 
982 94 9 10 0.02540231 
965 15 8 10 0.025257863 
886 84 10 14 0.025004415 
948 32 10 11 0.024655938 
712 7 9 11 0.02441782 
978 54 8 10 0.024287755 
300 407 25 36 0.023733325 
751 29 10 12 0.023706937 
615 424 16 22 0.023695705 
937 61 10 12 0.023603313 
901 70 10 13 0.023532331 
929 49 8 10 0.023112291 
934 47 8 11 0.022976404 
903 102 10 13 0.022791002 
951 15 8 10 0.022780567 
972 78 11 13 0.022711152 
889 103 8 11 0.022663923 
880 80 10 12 0.022394624 
927 21 9 11 0.02239225 
873 89 10 12 0.022356873 
286 432 22 33 0.02233343 
277 420 17 26 0.022324676 
964 68 9 11 0.02213199 
997 70 8 11 0.022076692 
860 63 10 13 0.021728978 
304 384 32 42 0.021669136 
246 175 48 54 0.02165725 
700 413 17 21 0.021585215 
911 57 8 10 0.02131636 
781 31 11 13 0.020974312 
992 23 8 9 0.020934599 
714 12 8 11 0.02087709 
534 438 41 51 0.020765528 
977 17 8 10 0.020143442 
671 391 416 511 0.0200139 
