22_Picnic_Picnic_22_688
19
624 20 185 207 0.9993789 
516 1321 56 73 0.31981966 
367 398 439 567 0.26967335 
326 564 149 126 0.13227487 
310 477 220 266 0.07732188 
427 557 275 333 0.064578235 
277 320 403 415 0.06043385 
788 665 46 54 0.054461196 
447 1183 202 256 0.052946806 
363 1093 354 417 0.05212058 
483 1284 92 117 0.049398694 
141 -17 425 485 0.046450388 
401 861 434 507 0.029302176 
983 258 43 70 0.027744446 
869 627 16 18 0.027123611 
1012 1452 11 18 0.025084887 
835 336 35 33 0.024441838 
1004 316 23 39 0.022769164 
357 1125 199 297 0.020989034 
