22_Picnic_Picnic_22_537
61
546 575 207 198 0.98817724 
125 965 205 208 0.9723427 
377 772 161 183 0.964423 
703 558 57 72 0.630838 
280 699 514 574 0.30724874 
298 692 215 232 0.19065015 
776 862 237 325 0.108068936 
1013 288 10 15 0.06924096 
711 1305 163 216 0.06879214 
76 850 225 282 0.062647164 
844 557 158 139 0.060172092 
708 469 413 418 0.05930676 
120 441 38 49 0.053866867 
1009 196 11 14 0.05060875 
87 1411 48 32 0.0427639 
911 276 11 14 0.04252731 
654 568 118 117 0.041932497 
908 183 11 14 0.041845564 
654 624 430 468 0.037752874 
227 801 336 422 0.03560516 
731 569 57 73 0.034663912 
334 1396 40 44 0.034603912 
445 1422 14 16 0.033260148 
482 506 314 386 0.032660056 
862 421 11 13 0.032569353 
943 259 12 15 0.032166835 
200 801 215 313 0.031895246 
313 1396 52 69 0.031704977 
76 1395 66 61 0.031512998 
11 48 28 36 0.031154377 
255 970 146 174 0.030451557 
1000 142 10 13 0.030390069 
563 768 372 438 0.03012082 
288 776 149 171 0.03000477 
796 471 209 271 0.029540135 
91 285 14 15 0.028412089 
440 1460 48 53 0.027840488 
486 1408 33 34 0.027392596 
846 454 35 38 0.027029188 
639 494 111 153 0.026986241 
726 558 40 48 0.026665436 
938 241 14 17 0.025704084 
935 280 13 16 0.025469108 
933 198 12 15 0.02474821 
229 131 14 16 0.02441251 
944 267 10 13 0.024399335 
816 -1 30 25 0.024223039 
327 938 452 549 0.02420624 
798 1336 109 150 0.023171036 
933 256 14 16 0.022833467 
179 559 377 405 0.022649454 
925 241 25 27 0.022072928 
612 488 327 339 0.021966197 
675 1287 141 178 0.021791786 
966 246 11 14 0.021723574 
972 239 10 13 0.021711199 
0 87 10 17 0.021674918 
406 647 218 284 0.021341551 
664 612 226 283 0.020831477 
782 1 13 11 0.0205194 
976 222 11 13 0.02006302 
