22_Picnic_Picnic_22_933
36
713 40 165 183 0.9932841 
641 188 60 54 0.9636191 
224 9 179 223 0.8074727 
1 482 20 25 0.7947993 
631 406 48 47 0.6586164 
341 595 32 35 0.46068442 
708 300 34 39 0.21646819 
147 544 55 73 0.20867066 
12 6 350 443 0.18867445 
725 294 28 38 0.111662894 
5 548 44 52 0.10364549 
694 308 33 34 0.098776154 
514 574 13 19 0.08605578 
157 59 208 238 0.082680576 
181 538 19 21 0.0822344 
321 625 26 29 0.079429805 
743 278 52 63 0.044371232 
716 264 26 33 0.039777342 
666 191 55 57 0.037888113 
903 390 101 121 0.035839844 
543 593 16 20 0.033816326 
125 557 11 15 0.031574585 
500 565 13 17 0.03118505 
113 163 138 183 0.030235048 
480 580 12 17 0.028361645 
694 274 52 57 0.027571809 
171 526 29 29 0.026412267 
507 565 15 18 0.02568986 
499 75 403 446 0.023550943 
228 628 25 29 0.022774495 
50 581 24 31 0.021624332 
722 272 15 19 0.021043839 
167 537 32 36 0.021038445 
1 534 33 42 0.020805588 
343 580 14 16 0.020430448 
707 286 13 15 0.020236434 
