42_Car_Racing_Nascar_42_828
32
459 85 49 61 0.99896777 
325 70 55 70 0.998502 
537 78 49 60 0.9967257 
757 122 26 30 0.53640884 
175 117 20 32 0.23029433 
737 63 86 116 0.06379408 
683 71 12 15 0.061854456 
272 152 9 12 0.058554653 
756 110 42 58 0.05284651 
800 213 17 20 0.046119843 
299 39 10 13 0.042504966 
222 173 10 12 0.0413456 
231 171 12 15 0.038933128 
985 245 16 21 0.037750866 
431 440 126 129 0.03073015 
913 300 30 33 0.030526932 
734 184 11 13 0.029494638 
208 119 10 15 0.027184851 
171 109 36 48 0.026628409 
304 241 50 58 0.02517502 
485 219 96 108 0.024551487 
922 299 17 18 0.024296753 
697 77 14 17 0.023795396 
183 121 17 23 0.023539618 
747 213 46 63 0.022930743 
247 194 10 13 0.021574909 
167 127 29 39 0.021569666 
175 108 13 19 0.021241643 
197 130 14 19 0.020791631 
835 462 30 30 0.020681366 
793 211 28 33 0.020243783 
217 172 10 15 0.020127745 
