42_Car_Racing_Nascar_42_650
113
380 157 36 42 0.9955206 
688 191 20 27 0.9456414 
109 132 37 61 0.9240806 
909 174 14 21 0.89375335 
780 142 19 26 0.7380892 
654 217 12 16 0.7072459 
7 171 33 40 0.49958143 
983 191 10 16 0.43057752 
768 206 12 16 0.39592433 
750 205 10 14 0.32816172 
628 221 13 17 0.21688439 
221 172 10 13 0.1818254 
234 198 15 17 0.16795458 
180 188 14 19 0.15291165 
790 212 11 12 0.14995205 
288 168 12 18 0.13840033 
636 228 13 17 0.13817714 
420 519 14 18 0.13726956 
987 191 11 13 0.12490817 
78 147 25 40 0.11045318 
832 175 10 13 0.10367208 
406 132 31 48 0.101728275 
919 209 13 19 0.08067964 
628 205 23 28 0.07848094 
835 204 13 17 0.0751706 
172 185 24 30 0.07011167 
968 1 55 51 0.065352604 
977 189 12 16 0.062191214 
851 203 12 15 0.06000981 
611 227 13 15 0.058920465 
566 225 13 16 0.0564263 
593 231 9 12 0.054821398 
4 186 14 20 0.053664375 
74 134 25 40 0.049005833 
186 192 13 18 0.046110038 
997 190 10 13 0.045267336 
237 180 11 12 0.045037206 
765 144 27 33 0.044980787 
160 214 26 35 0.044270776 
632 218 17 19 0.043593302 
1 178 22 35 0.041605663 
726 129 15 22 0.041115038 
1 174 11 17 0.039474428 
229 128 13 18 0.038568143 
230 175 10 13 0.038114745 
840 230 12 14 0.037793018 
643 227 14 19 0.03682615 
596 236 9 12 0.03590747 
232 179 11 13 0.0357832 
682 234 15 20 0.035758104 
609 221 13 15 0.03573812 
776 140 14 21 0.035390686 
286 232 465 528 0.035015658 
199 196 10 13 0.034527514 
902 208 9 11 0.033281717 
609 217 21 26 0.03292314 
361 214 25 31 0.032591656 
278 223 16 18 0.031524874 
563 194 12 16 0.031397145 
834 178 12 16 0.030858839 
898 171 20 29 0.030838689 
159 186 29 34 0.030549737 
596 162 11 14 0.030321486 
1007 300 12 18 0.029812332 
780 186 11 15 0.029407863 
710 230 12 17 0.028981172 
236 205 15 21 0.028744156 
235 188 16 20 0.028388212 
482 82 43 45 0.028285578 
263 155 39 49 0.028120039 
414 430 12 17 0.027275195 
757 203 12 17 0.026962593 
0 190 12 20 0.02652697 
151 203 30 37 0.026317673 
217 167 11 14 0.026262134 
572 222 14 16 0.02587099 
230 207 14 18 0.024889145 
36 422 13 17 0.024708465 
202 210 14 16 0.024666335 
483 509 12 14 0.024546515 
756 129 15 19 0.02451954 
784 210 13 16 0.02445169 
623 214 13 17 0.02415773 
623 198 12 15 0.024154456 
174 197 16 22 0.02396596 
603 413 18 21 0.023810124 
730 126 13 17 0.02368838 
797 191 14 18 0.023589011 
236 131 12 17 0.0233026 
781 134 14 20 0.023249242 
596 189 12 15 0.02322474 
795 210 12 17 0.0231962 
983 191 18 24 0.02313491 
642 210 20 24 0.022817113 
897 207 9 11 0.02218939 
822 202 10 15 0.02204912 
787 207 22 31 0.022038365 
790 197 21 29 0.02176783 
790 145 18 23 0.02165611 
173 201 27 33 0.021612912 
239 322 43 55 0.021481344 
238 170 44 50 0.021463064 
223 213 11 13 0.02101475 
804 229 11 13 0.020778995 
556 189 14 19 0.020769266 
592 222 10 13 0.020727234 
12 183 17 23 0.020687265 
913 180 17 22 0.020493226 
241 202 15 19 0.020425286 
750 130 13 17 0.020403894 
757 121 23 29 0.02033374 
590 163 12 14 0.020234177 
304 274 14 16 0.020059308 
