42_Car_Racing_Nascar_42_661
53
819 255 31 41 0.9992747 
172 292 26 28 0.15368854 
170 206 16 20 0.122112446 
206 179 31 39 0.11907683 
129 212 11 13 0.10745591 
690 406 35 41 0.10321064 
807 376 16 20 0.09992707 
778 10 13 17 0.08941039 
622 135 79 106 0.06904092 
174 184 48 56 0.06796747 
247 -53 414 475 0.05895723 
948 359 30 31 0.056809813 
657 146 53 75 0.050912447 
92 293 11 16 0.0497177 
893 350 33 41 0.049338397 
623 322 15 17 0.04811661 
171 197 29 34 0.047599886 
665 525 59 74 0.04436299 
86 83 13 17 0.039825898 
145 12 14 16 0.037887715 
90 248 23 29 0.036977835 
642 357 51 52 0.036243517 
532 416 32 34 0.03419047 
384 268 9 10 0.033483002 
145 3 15 17 0.033369474 
130 291 13 19 0.033284158 
968 367 30 26 0.033044767 
874 384 32 43 0.032049544 
619 -22 421 491 0.031160532 
93 79 10 13 0.031074252 
875 366 103 115 0.029997835 
145 36 9 13 0.029620346 
475 179 103 129 0.028368331 
400 60 210 299 0.028167656 
710 155 84 120 0.027786316 
145 255 9 13 0.027745694 
80 84 12 17 0.027620694 
502 61 11 14 0.027591294 
116 203 11 13 0.026194755 
214 285 13 17 0.025805987 
231 305 405 505 0.023840275 
163 278 41 49 0.023558434 
780 452 15 18 0.02342062 
155 197 10 14 0.023147285 
772 4 22 27 0.022546297 
707 144 57 75 0.022381473 
382 181 331 432 0.022285622 
561 329 11 14 0.021652281 
60 122 14 17 0.021570202 
172 -6 93 103 0.021474639 
170 2 17 18 0.021354742 
148 80 15 18 0.020457419 
155 201 14 18 0.020365974 
