42_Car_Racing_Car_Racing_42_602
123
37 163 12 18 0.66893363 
957 228 18 20 0.65485555 
119 166 11 13 0.6302048 
236 175 11 15 0.3243025 
709 127 25 31 0.3178777 
657 129 19 22 0.248419 
134 176 9 11 0.14492027 
968 174 11 14 0.13702948 
771 140 16 23 0.12441929 
543 128 19 21 0.12051323 
30 167 14 19 0.11257797 
482 124 26 32 0.10018526 
81 175 10 13 0.09501859 
951 226 14 18 0.094783366 
221 411 98 116 0.09244007 
781 179 12 15 0.09171239 
774 179 13 17 0.09165686 
999 235 11 15 0.08878683 
1012 217 11 17 0.08544554 
814 175 11 15 0.08167273 
603 129 19 21 0.08144973 
902 181 10 11 0.08080161 
70 162 10 15 0.0762477 
908 175 9 10 0.07523678 
61 164 11 16 0.073165946 
54 165 12 16 0.07312725 
34 164 22 28 0.07135619 
847 172 10 12 0.06664914 
897 181 8 11 0.066413194 
657 165 18 20 0.06639988 
191 175 8 10 0.06290728 
933 167 9 12 0.06184062 
95 173 10 13 0.0564601 
253 182 10 12 0.055664163 
720 134 17 21 0.05502254 
96 167 8 12 0.052946243 
123 170 12 14 0.048680134 
222 174 10 12 0.04860371 
788 180 11 14 0.04800773 
904 168 8 10 0.047476176 
1007 203 13 15 0.047310233 
254 203 12 17 0.046985466 
823 166 11 12 0.0467356 
974 190 12 14 0.045622386 
217 176 9 10 0.045587257 
252 197 12 15 0.0447195 
87 155 11 15 0.044176817 
116 161 19 22 0.043387126 
988 24 36 61 0.0426973 
820 178 11 14 0.041850865 
878 183 8 10 0.04133715 
100 172 11 14 0.040470447 
839 171 11 14 0.03951338 
597 162 25 29 0.039335575 
201 213 9 12 0.03899135 
252 187 11 15 0.038939577 
318 182 9 11 0.038588524 
776 140 23 34 0.038191304 
153 173 9 12 0.037103888 
1008 212 13 17 0.036626853 
157 174 12 14 0.035129458 
113 105 15 19 0.034992937 
873 198 8 12 0.034597285 
22 172 14 17 0.033327747 
43 159 14 17 0.032702222 
4 201 28 34 0.032639693 
100 167 10 12 0.032566287 
216 180 10 12 0.032520812 
184 172 9 10 0.03200357 
77 163 10 14 0.03116749 
481 146 27 37 0.03095855 
43 166 22 24 0.030910393 
158 179 13 15 0.030338332 
191 180 9 11 0.030024268 
809 175 10 13 0.029940985 
142 166 9 13 0.02988986 
886 191 10 12 0.02924106 
141 173 9 12 0.029049601 
952 194 12 16 0.028563382 
878 190 10 11 0.028471306 
959 174 10 14 0.028378146 
112 149 11 15 0.027615305 
1003 221 18 27 0.027313802 
989 226 14 18 0.027076423 
907 179 11 12 0.026590455 
828 165 11 14 0.02638839 
886 196 11 14 0.026268614 
991 233 12 17 0.026201887 
919 165 10 12 0.025955392 
784 185 11 14 0.025867533 
920 173 8 10 0.025749922 
888 175 10 12 0.025708927 
878 197 10 12 0.025563788 
726 169 11 15 0.025473794 
21 265 11 15 0.025454339 
160 205 11 15 0.02538328 
684 122 13 15 0.025235146 
5 187 27 30 0.024855478 
923 263 13 15 0.02444457 
788 154 11 17 0.024000268 
176 182 8 11 0.023990832 
253 254 10 13 0.023765357 
80 170 18 23 0.02359363 
968 226 15 20 0.023529645 
126 98 14 16 0.023025481 
894 176 9 12 0.022683198 
862 167 10 11 0.022337353 
164 175 10 12 0.022124335 
165 228 11 12 0.022037568 
149 118 9 10 0.021958176 
13 267 14 17 0.021561317 
851 174 10 12 0.021514094 
957 213 14 16 0.021486692 
790 163 9 13 0.021465598 
933 304 11 15 0.021404047 
955 189 12 15 0.021137135 
540 159 29 31 0.021011999 
312 181 10 13 0.02081796 
863 199 9 12 0.020679926 
964 170 19 23 0.02061125 
877 204 11 14 0.020431152 
24 164 12 16 0.020243064 
885 203 13 16 0.020009551 
