7_Cheering_Cheering_7_209
34
705 155 75 102 0.9998084 
584 266 73 102 0.9997242 
382 234 78 109 0.9996692 
196 199 79 109 0.9994784 
265 411 209 292 0.45389688 
918 540 67 89 0.09308393 
778 -28 222 319 0.08285364 
196 509 222 324 0.076092646 
94 532 35 45 0.07244435 
650 411 58 92 0.06111947 
12 449 53 79 0.06111947 
508 267 232 319 0.053832814 
207 408 54 66 0.047198545 
318 330 19 24 0.045951538 
24 463 30 54 0.04326818 
265 113 33 40 0.039651494 
823 424 25 43 0.033269096 
57 544 82 102 0.03163486 
198 6 249 292 0.028921604 
668 367 80 120 0.028921604 
367 524 88 125 0.027884185 
300 518 136 164 0.02643471 
889 509 111 157 0.026434705 
473 87 89 148 0.026434705 
492 629 7 9 0.02558696 
941 578 39 52 0.025519116 
127 392 5 8 0.02351288 
315 339 18 21 0.02351288 
539 423 61 80 0.023349825 
801 292 28 37 0.023349825 
76 56 31 41 0.023349825 
102 537 55 59 0.023349825 
20 240 104 177 0.0201599 
798 88 117 164 0.0201599 
