7_Cheering_Cheering_7_334
67
510 340 46 60 0.9985812 
377 240 45 59 0.9977647 
615 258 41 55 0.9975521 
568 178 40 51 0.9973194 
300 200 43 55 0.99706453 
196 280 47 59 0.9964803 
461 121 41 57 0.99614596 
168 134 43 60 0.99614596 
708 292 41 55 0.9957801 
292 307 41 52 0.9953797 
803 142 42 58 0.9953797 
400 352 42 54 0.9949414 
497 243 42 57 0.993937 
645 376 42 57 0.99204755 
780 285 41 55 0.99129593 
680 170 43 54 0.98957527 
388 166 17 24 0.9308502 
125 498 160 224 0.73441863 
138 73 20 23 0.6271395 
154 -1 10 12 0.33330244 
272 538 112 188 0.15916684 
1014 147 8 13 0.111069925 
861 310 25 34 0.10106142 
841 7 7 10 0.09507551 
216 490 197 276 0.09015675 
-8 455 228 268 0.076092646 
782 479 63 74 0.06655858 
775 428 68 82 0.06655857 
361 20 6 7 0.05879275 
773 443 104 138 0.053832818 
523 -27 186 249 0.045153897 
735 275 19 26 0.038923774 
886 33 11 15 0.035808332 
84 62 6 8 0.035808332 
591 293 12 15 0.035808332 
428 507 232 264 0.034593593 
84 242 53 74 0.033269096 
697 560 44 69 0.030461596 
401 192 10 16 0.030282615 
961 214 23 34 0.027884193 
956 412 75 120 0.027884185 
118 237 57 69 0.027884185 
138 70 11 13 0.027838783 
787 262 7 9 0.027838783 
604 411 20 29 0.02558696 
628 237 25 32 0.025519116 
154 393 57 77 0.025519116 
376 456 69 94 0.025519116 
790 490 38 46 0.025519116 
165 540 102 133 0.025519116 
829 445 91 136 0.024156325 
405 -8 246 310 0.024156325 
144 74 12 13 0.02351288 
287 551 70 116 0.023349825 
338 23 21 26 0.023349825 
618 620 50 65 0.023349825 
526 220 27 35 0.023349825 
643 231 8 9 0.021603195 
320 172 20 24 0.021603195 
165 3 6 8 0.021603195 
980 183 43 73 0.021360904 
63 341 65 97 0.021360904 
853 297 46 57 0.021360898 
428 326 24 32 0.021360898 
671 634 33 43 0.021360898 
955 544 65 89 0.021360898 
699 580 27 44 0.021360898 
