7_Cheering_Cheering_7_29
735
444 171 14 14 0.98177195 
935 116 14 14 0.98015445 
889 216 16 17 0.97441304 
975 337 16 17 0.97441304 
91 295 13 13 0.96706635 
909 127 14 15 0.9641916 
205 93 12 13 0.9540484 
961 299 13 15 0.9540484 
592 125 13 15 0.95009613 
555 88 11 12 0.9362244 
617 178 14 16 0.92505944 
591 98 12 12 0.92505944 
898 351 15 16 0.9121234 
479 308 16 14 0.88893 
430 444 13 12 0.88893 
515 281 12 12 0.84982324 
998 189 12 12 0.84982324 
270 108 12 12 0.8384248 
19 155 14 14 0.8384248 
766 269 14 13 0.8263381 
170 109 16 16 0.77087367 
880 249 13 14 0.7708736 
162 146 12 12 0.755209 
195 273 12 12 0.755209 
357 246 15 15 0.7388364 
841 97 12 12 0.7388364 
992 223 16 14 0.7217721 
463 360 17 19 0.7217721 
726 167 11 11 0.7217721 
243 44 12 12 0.6856687 
819 96 12 14 0.6856687 
323 276 16 14 0.6856687 
826 297 11 11 0.64717066 
705 318 14 14 0.6271395 
713 297 13 11 0.60666233 
77 76 7 6 0.60666233 
803 100 12 13 0.60666233 
167 375 13 13 0.60666233 
921 96 8 8 0.5858033 
678 119 12 11 0.5858033 
738 108 9 9 0.5858033 
809 367 17 17 0.56463194 
998 336 12 13 0.56463194 
762 127 12 11 0.56463194 
404 294 13 12 0.5432222 
368 300 13 11 0.5432222 
804 280 16 15 0.5216516 
279 89 9 8 0.5 
253 232 14 13 0.5 
247 106 9 9 0.5 
71 89 10 11 0.47834834 
1005 86 14 17 0.47834834 
624 117 13 13 0.47834834 
681 141 12 13 0.45677772 
281 258 7 7 0.45677772 
605 83 12 11 0.45677772 
976 195 11 11 0.45677772 
224 146 9 9 0.43536806 
613 419 14 15 0.43536806 
719 119 12 12 0.43536806 
410 201 12 13 0.4141967 
533 138 12 12 0.4141967 
632 369 13 12 0.4141967 
125 267 15 15 0.3933377 
152 113 11 13 0.3933377 
904 83 9 8 0.3933377 
158 273 9 8 0.3933377 
418 431 13 12 0.3933377 
402 327 13 11 0.3728605 
204 445 17 16 0.35282937 
855 211 13 14 0.35282937 
346 435 15 14 0.35282937 
770 328 13 13 0.31433135 
679 176 14 14 0.31433135 
112 133 8 9 0.31433135 
193 122 8 7 0.31433135 
349 340 12 12 0.29596066 
301 205 16 16 0.29596066 
737 138 13 12 0.27822798 
209 244 13 13 0.27822798 
813 477 11 11 0.27822798 
67 337 6 6 0.27822798 
68 280 14 17 0.27822798 
361 359 20 21 0.268611 
610 360 14 15 0.26116365 
648 144 7 8 0.26116365 
708 99 8 8 0.26116365 
972 95 11 11 0.26116365 
606 237 15 17 0.26116365 
255 136 21 22 0.2511021 
97 312 11 11 0.24479094 
42 362 12 13 0.24479094 
308 87 11 11 0.24479094 
437 129 12 14 0.22912638 
979 124 11 13 0.22912635 
340 130 11 12 0.2141799 
520 109 14 15 0.2141799 
215 124 8 7 0.2141799 
607 81 7 6 0.2141799 
479 170 11 10 0.19995552 
351 402 14 13 0.19995552 
839 343 13 13 0.19995552 
492 187 7 6 0.19995552 
570 218 15 18 0.1864517 
173 75 11 10 0.17366187 
185 76 6 6 0.16157512 
172 105 8 8 0.16157512 
131 87 12 12 0.16157512 
633 89 9 9 0.16157512 
388 313 10 11 0.16157512 
627 143 14 14 0.16157512 
36 264 12 13 0.16157512 
690 153 7 7 0.15017675 
455 98 14 14 0.15017675 
675 75 8 7 0.15017675 
514 79 12 12 0.15017675 
10 99 12 13 0.13944872 
1 114 12 12 0.13944872 
672 135 8 8 0.13944872 
556 190 8 8 0.13944872 
227 405 9 8 0.1293704 
61 82 7 6 0.1293704 
37 86 7 7 0.1293704 
949 254 12 14 0.1293704 
103 331 12 14 0.1293704 
193 153 9 9 0.1293704 
117 100 8 8 0.1293704 
883 114 11 12 0.1293704 
309 267 12 10 0.12937039 
157 390 197 184 0.12544508 
178 75 11 10 0.11991897 
663 55 12 13 0.11991897 
382 117 10 12 0.11991897 
819 269 12 13 0.11991897 
489 273 9 9 0.11991897 
789 213 15 13 0.11991897 
372 110 8 9 0.11991897 
854 125 11 10 0.11991897 
696 160 12 12 0.111069925 
652 468 16 14 0.111069925 
811 97 14 15 0.111069925 
388 201 12 12 0.111069925 
622 139 15 16 0.111069925 
247 234 14 14 0.111069925 
371 332 13 12 0.111069925 
686 316 12 13 0.111069925 
26 85 8 8 0.111069925 
441 82 12 11 0.111069925 
137 112 8 7 0.10279763 
786 89 7 7 0.10279763 
7 57 6 7 0.10279763 
728 451 7 7 0.102797605 
615 418 9 9 0.102797605 
693 295 15 17 0.102797605 
821 170 12 12 0.102797605 
194 407 10 11 0.102797605 
526 189 7 6 0.09507551 
725 360 12 12 0.09507551 
127 108 7 7 0.09507551 
662 284 10 10 0.09507551 
84 324 12 12 0.09507551 
686 274 14 13 0.09507551 
948 96 8 8 0.09507551 
192 124 11 11 0.09507551 
940 296 12 13 0.09507551 
336 169 13 13 0.09507551 
835 117 11 11 0.09507551 
374 337 19 17 0.09308395 
570 415 7 7 0.08787667 
39 84 7 7 0.08787667 
724 153 7 7 0.08787667 
40 171 11 12 0.08787667 
39 95 11 13 0.08787667 
353 318 8 8 0.08787667 
191 267 13 13 0.08117401 
630 149 9 9 0.08117401 
277 253 13 12 0.08117401 
549 89 13 12 0.08117401 
219 114 9 8 0.08117401 
455 364 16 16 0.08117401 
495 108 12 12 0.08117401 
218 70 7 7 0.08117401 
612 407 6 5 0.08117401 
571 415 22 17 0.07880669 
793 321 246 223 0.076092646 
477 334 15 15 0.074940585 
825 233 13 14 0.074940585 
449 338 11 12 0.074940585 
592 94 6 6 0.074940585 
988 148 12 10 0.074940585 
868 93 8 7 0.074940585 
929 223 14 13 0.074940585 
841 445 14 16 0.07494057 
748 471 6 6 0.07494057 
939 469 16 14 0.07494057 
607 210 12 14 0.069149815 
354 89 14 13 0.069149815 
780 472 14 13 0.069149815 
98 372 14 13 0.069149815 
391 144 13 13 0.0691498 
938 475 8 7 0.0691498 
988 96 8 8 0.0691498 
756 106 9 9 0.0691498 
240 236 12 13 0.0691498 
406 119 9 8 0.0691498 
37 467 22 19 0.06655857 
1005 86 8 9 0.06377564 
377 334 13 13 0.06377564 
669 305 7 7 0.06377564 
170 104 6 6 0.06377564 
311 112 10 11 0.06377564 
676 138 12 13 0.06377564 
959 119 12 12 0.06377564 
930 295 8 8 0.06377564 
0 498 14 11 0.06377564 
189 118 10 9 0.06377564 
480 91 12 11 0.06377564 
357 106 11 12 0.05879275 
629 87 8 8 0.05879275 
258 74 8 9 0.05879275 
505 77 7 8 0.05879275 
158 98 5 5 0.05879275 
0 200 12 19 0.05879275 
57 149 8 7 0.05879275 
57 82 12 12 0.05879275 
1003 334 13 14 0.05879275 
56 264 9 9 0.05879275 
573 109 10 11 0.05879275 
100 220 7 8 0.05879275 
779 108 12 12 0.05879275 
668 303 11 12 0.05879275 
172 109 9 9 0.05879275 
614 207 23 23 0.056098126 
579 108 12 11 0.054176662 
677 279 13 14 0.054176662 
74 408 12 15 0.054176662 
323 350 11 11 0.054176662 
571 414 13 12 0.054176662 
967 86 8 8 0.054176662 
584 100 7 7 0.054176662 
46 297 7 6 0.054176662 
45 97 8 9 0.054176662 
708 106 11 12 0.054176662 
298 326 15 16 0.054176662 
491 188 11 11 0.054176662 
852 93 7 7 0.054176662 
949 92 11 10 0.054176662 
864 92 6 6 0.054176662 
509 79 11 11 0.054176662 
83 332 16 15 0.054176662 
110 127 14 14 0.054176662 
234 236 12 14 0.054176662 
945 99 8 7 0.054176662 
955 335 11 12 0.04990379 
771 102 10 11 0.04990379 
916 94 11 11 0.04990379 
924 288 12 12 0.04990379 
379 95 7 7 0.04990379 
79 152 12 16 0.04990379 
113 100 8 8 0.04990379 
779 454 7 6 0.04990379 
31 85 10 10 0.04990379 
908 102 12 12 0.04990379 
631 422 13 11 0.04990379 
61 363 12 12 0.049903784 
189 265 9 8 0.049903784 
121 101 11 11 0.049903784 
506 76 5 5 0.049903784 
461 100 10 10 0.049903784 
695 316 14 15 0.04595155 
838 119 13 12 0.04595155 
855 93 9 9 0.04595155 
47 324 11 13 0.04595155 
324 102 13 13 0.04595155 
130 100 8 7 0.04595155 
413 356 15 14 0.04595155 
887 96 11 11 0.04595155 
489 207 6 7 0.045951538 
511 149 7 8 0.045951538 
541 101 12 12 0.045951538 
253 237 9 9 0.045951538 
206 445 8 8 0.045951538 
968 210 8 7 0.045951538 
75 415 7 9 0.045951538 
402 469 7 7 0.045951538 
249 292 12 13 0.045951538 
112 120 14 14 0.045951538 
110 479 8 8 0.045951538 
697 80 8 7 0.045951538 
457 99 20 19 0.04326818 
929 386 8 9 0.04229837 
413 410 7 7 0.04229837 
200 275 9 9 0.04229837 
39 88 8 7 0.04229837 
843 95 6 6 0.04229837 
504 79 11 12 0.04229837 
158 293 13 13 0.04229837 
65 85 12 12 0.04229837 
465 315 13 12 0.04229837 
777 457 12 11 0.04229837 
24 86 13 13 0.04229837 
95 95 9 9 0.04229837 
330 59 13 14 0.04229837 
545 93 14 13 0.04229837 
13 94 14 15 0.04229837 
684 147 12 13 0.04229837 
185 115 9 11 0.04229837 
925 109 6 6 0.04229837 
300 209 7 7 0.04229837 
826 241 8 8 0.04229837 
624 112 12 12 0.04229837 
662 107 8 8 0.04229837 
135 110 7 7 0.04229837 
489 206 11 11 0.04229837 
907 171 18 17 0.04229837 
997 106 7 6 0.04229837 
187 85 7 6 0.04229837 
278 85 8 8 0.04229837 
58 81 20 19 0.039651494 
502 79 8 9 0.038923774 
878 55 13 13 0.038923774 
140 111 12 13 0.038923774 
652 314 7 7 0.038923774 
281 102 12 13 0.038923774 
667 283 15 14 0.038923774 
66 334 11 10 0.038923774 
237 100 7 7 0.038923774 
121 270 12 14 0.038923774 
82 102 8 8 0.038923774 
37 98 8 9 0.038923774 
55 81 7 7 0.038923774 
626 85 8 8 0.038923774 
131 95 12 11 0.038923774 
586 123 13 13 0.038923774 
672 302 13 14 0.038923774 
703 298 12 13 0.038923774 
961 84 8 8 0.038923774 
582 121 11 10 0.038923774 
11 97 8 8 0.038923774 
822 457 7 7 0.038923774 
883 373 13 13 0.038923774 
348 404 9 8 0.038923774 
676 300 19 19 0.036325652 
366 150 20 20 0.036325645 
686 278 25 22 0.036325645 
847 291 11 12 0.035808332 
744 107 13 12 0.035808332 
369 279 11 12 0.035808332 
521 109 9 9 0.035808332 
153 270 11 11 0.035808332 
911 125 9 8 0.035808332 
672 76 9 8 0.035808332 
60 281 15 15 0.035808332 
342 133 12 13 0.035808332 
114 117 11 10 0.035808332 
925 96 9 8 0.035808332 
691 319 8 9 0.035808332 
698 432 11 10 0.035808332 
88 319 13 13 0.035808332 
518 83 13 12 0.035808332 
405 95 11 11 0.035808332 
408 93 8 8 0.035808332 
474 257 8 7 0.035808332 
950 87 8 7 0.035808332 
737 324 11 14 0.035808332 
624 409 7 7 0.035808332 
413 410 12 11 0.035808332 
394 344 12 12 0.035808332 
415 407 7 6 0.035808332 
417 405 6 5 0.035808332 
394 369 7 7 0.035808332 
863 106 7 7 0.035808332 
191 243 12 12 0.035808332 
1009 140 8 9 0.035808332 
665 246 23 22 0.033269096 
960 408 61 68 0.033269096 
559 408 5 5 0.03293372 
506 267 8 7 0.03293372 
689 155 11 12 0.03293372 
814 302 13 13 0.03293372 
918 191 11 12 0.03293372 
687 301 13 13 0.03293372 
557 185 12 11 0.03293372 
219 384 7 7 0.03293372 
217 116 12 11 0.03293372 
1010 144 7 7 0.03293372 
608 102 10 11 0.03293372 
508 193 7 7 0.03293372 
989 100 11 10 0.03293372 
379 344 16 16 0.03293372 
937 297 7 7 0.03293372 
848 94 12 11 0.03293372 
994 231 10 9 0.032933712 
684 305 8 9 0.032933712 
132 269 14 14 0.032933712 
374 299 10 10 0.032933712 
894 179 11 12 0.032933712 
157 266 14 13 0.032933712 
904 86 12 11 0.032933712 
97 296 10 9 0.032933712 
898 355 9 9 0.032933712 
336 278 13 15 0.032933712 
79 333 12 13 0.032933712 
817 96 9 10 0.032933712 
408 328 10 9 0.032933712 
764 137 8 7 0.032933712 
257 133 16 15 0.032933712 
401 116 11 11 0.032933712 
611 449 17 17 0.032933712 
176 439 12 12 0.032933712 
855 124 8 7 0.032933712 
54 148 7 7 0.032933712 
624 138 7 7 0.032933712 
107 162 23 19 0.030461604 
38 487 23 18 0.030461596 
91 298 20 18 0.030461596 
160 323 20 20 0.030461596 
567 414 7 6 0.030282615 
291 53 8 8 0.030282615 
443 334 14 14 0.030282615 
74 406 9 9 0.030282615 
408 200 8 7 0.030282615 
784 91 11 11 0.030282615 
668 77 8 7 0.030282615 
560 163 8 8 0.030282615 
822 128 7 6 0.030282615 
570 113 8 9 0.030282615 
809 273 16 15 0.030282615 
938 92 11 11 0.030282615 
364 124 11 11 0.030282615 
125 276 9 10 0.030282615 
169 76 9 8 0.030282615 
322 278 10 9 0.030282615 
332 277 10 9 0.030282615 
476 310 8 8 0.030282615 
1005 91 8 9 0.030282615 
860 92 7 7 0.030282615 
377 341 10 9 0.030282615 
304 208 9 9 0.030282615 
798 103 12 12 0.030282615 
629 371 10 9 0.030282615 
315 268 8 7 0.030282615 
340 98 7 7 0.030282615 
100 261 8 9 0.030282615 
2 107 15 17 0.030282615 
75 139 8 7 0.030282615 
898 81 8 8 0.030282615 
140 142 13 12 0.030282615 
449 189 7 6 0.030282615 
587 358 8 7 0.030282615 
948 183 8 7 0.030282615 
466 101 8 9 0.030282615 
292 118 14 12 0.030282615 
455 122 8 9 0.030282615 
40 360 9 9 0.030282615 
773 96 8 7 0.030282615 
178 113 13 14 0.030282615 
525 187 7 6 0.030282615 
36 264 7 8 0.030282607 
77 343 225 210 0.028921604 
2 94 20 22 0.027884193 
585 363 21 21 0.027884193 
133 413 20 19 0.027884193 
269 164 26 23 0.027884185 
37 268 21 19 0.027884185 
621 298 23 22 0.027884185 
833 313 23 21 0.027884185 
761 119 14 14 0.027838783 
84 336 8 7 0.027838783 
547 356 13 14 0.027838783 
607 404 11 11 0.027838783 
154 382 12 10 0.027838783 
158 379 12 11 0.027838783 
640 141 13 12 0.027838783 
783 471 8 8 0.027838783 
30 92 14 14 0.027838783 
611 83 12 12 0.027838783 
425 176 8 8 0.027838783 
480 174 9 8 0.027838783 
345 478 7 6 0.027838783 
700 299 9 10 0.027838783 
677 283 8 8 0.027838783 
52 304 9 8 0.027838783 
947 101 11 10 0.027838783 
162 115 13 13 0.027838783 
136 256 11 11 0.027838783 
498 102 12 11 0.027838783 
351 269 7 7 0.027838783 
119 436 14 15 0.027838783 
283 260 8 8 0.027838783 
722 127 8 8 0.027838783 
694 162 9 9 0.027838783 
390 370 8 8 0.027838783 
652 142 10 11 0.027838783 
623 143 9 9 0.027838783 
629 91 10 10 0.027838783 
37 443 7 6 0.027838783 
53 135 8 8 0.027838783 
380 203 14 13 0.027838778 
776 460 7 6 0.027838778 
804 283 9 8 0.027838778 
383 334 14 14 0.027838778 
155 324 14 16 0.027838778 
990 95 13 12 0.027838778 
547 93 9 8 0.027838778 
983 95 11 11 0.027838778 
165 377 9 8 0.027838778 
636 245 9 8 0.027838778 
157 30 7 7 0.027838778 
879 103 7 7 0.027838778 
585 110 7 6 0.02558696 
251 107 9 8 0.02558696 
760 130 8 8 0.02558696 
615 358 9 8 0.02558696 
623 126 16 16 0.02558696 
826 127 6 6 0.02558696 
181 254 6 6 0.02558696 
266 248 16 14 0.02558696 
452 99 11 10 0.02558696 
1009 85 7 7 0.02558696 
761 132 9 9 0.02558696 
389 345 12 13 0.02558696 
226 237 11 12 0.02558696 
222 123 8 7 0.02558696 
36 93 8 9 0.02558696 
146 114 13 15 0.02558696 
972 118 14 15 0.02558696 
318 437 6 6 0.02558696 
87 415 7 8 0.02558696 
715 119 9 9 0.02558696 
512 85 14 14 0.02558696 
521 88 9 8 0.02558696 
223 138 14 14 0.02558696 
84 316 8 7 0.02558696 
1005 329 13 13 0.02558696 
826 100 9 10 0.02558696 
557 180 13 11 0.02558696 
368 444 8 7 0.02558696 
333 175 12 13 0.02558696 
355 180 8 7 0.02558696 
569 183 8 7 0.02558696 
640 326 5 5 0.02558696 
493 185 6 5 0.02558696 
778 103 8 8 0.02558696 
712 321 10 9 0.02558696 
709 94 7 6 0.02558696 
766 328 9 10 0.02558696 
586 101 9 9 0.02558696 
566 195 7 8 0.02558696 
558 191 12 12 0.02558696 
400 332 8 8 0.02558696 
891 78 6 6 0.02558696 
31 445 17 14 0.02558696 
776 326 15 15 0.02558696 
452 210 13 13 0.02558696 
70 261 15 12 0.02558696 
117 262 7 8 0.02558696 
198 289 8 8 0.02558696 
310 270 12 13 0.02558696 
908 95 12 12 0.02558696 
293 208 13 14 0.02558696 
573 217 9 9 0.02558696 
861 215 10 11 0.02558696 
53 485 8 9 0.02558696 
307 266 7 7 0.02558696 
685 279 10 10 0.02558696 
757 259 14 13 0.02558696 
154 296 21 20 0.025519116 
690 303 22 21 0.025519116 
616 141 22 22 0.025519116 
85 88 23 22 0.025519116 
77 413 19 18 0.025519116 
584 103 14 12 0.02351288 
390 166 7 7 0.02351288 
765 103 11 11 0.02351288 
851 211 9 9 0.02351288 
217 211 5 5 0.02351288 
412 131 13 12 0.02351288 
531 104 7 7 0.02351288 
535 102 11 11 0.02351288 
564 181 12 11 0.02351288 
579 125 8 8 0.02351288 
328 106 8 8 0.02351288 
464 65 14 11 0.02351288 
485 207 8 9 0.02351288 
663 76 12 13 0.02351288 
924 230 14 15 0.02351288 
254 225 16 15 0.02351288 
846 242 7 8 0.02351288 
725 120 10 9 0.02351288 
648 245 7 8 0.02351288 
842 236 12 12 0.02351288 
343 99 7 7 0.02351288 
161 259 8 7 0.02351288 
876 115 14 13 0.02351288 
123 268 8 9 0.02351288 
777 111 8 8 0.02351288 
173 113 9 9 0.02351288 
0 116 7 8 0.02351288 
44 474 17 17 0.02351288 
270 95 8 7 0.02351288 
275 91 9 8 0.02351288 
952 474 7 7 0.02351288 
923 287 9 9 0.02351288 
22 91 14 14 0.02351288 
626 309 8 7 0.02351288 
573 417 8 7 0.02351288 
266 95 8 8 0.02351288 
946 87 7 7 0.02351288 
696 83 8 7 0.02351288 
356 88 8 7 0.02351288 
358 405 10 9 0.02351288 
83 415 8 9 0.02351288 
386 91 10 10 0.02351288 
175 406 12 13 0.02351288 
587 98 7 7 0.02351288 
194 404 8 8 0.02351288 
702 318 8 8 0.02351288 
890 91 7 7 0.02351288 
411 92 7 6 0.02351288 
175 378 9 9 0.02351288 
425 445 7 6 0.02351288 
936 293 12 12 0.02351288 
788 87 9 9 0.02351288 
619 186 10 10 0.02351288 
689 102 7 7 0.02351288 
685 102 7 7 0.02351288 
671 296 13 14 0.02351288 
444 131 9 9 0.02351288 
275 132 14 14 0.02351288 
720 298 9 9 0.02351288 
727 363 14 12 0.02351288 
615 365 13 13 0.02351288 
978 91 8 7 0.02351288 
988 338 15 16 0.02351288 
45 303 11 12 0.02351288 
473 311 14 14 0.02351288 
367 306 11 12 0.02351288 
970 88 8 8 0.02351288 
816 295 20 18 0.023349825 
152 25 20 21 0.023349825 
444 92 21 21 0.023349825 
309 111 8 8 0.0216032 
76 74 6 6 0.0216032 
56 136 8 8 0.0216032 
335 56 7 6 0.0216032 
368 296 9 8 0.0216032 
821 94 8 8 0.0216032 
438 126 7 8 0.0216032 
453 336 8 8 0.021603195 
366 303 9 8 0.021603195 
94 330 15 14 0.021603195 
514 89 9 8 0.021603195 
945 93 8 8 0.021603195 
424 310 11 12 0.021603195 
91 314 8 7 0.021603195 
1009 311 14 14 0.021603195 
620 132 14 14 0.021603195 
658 141 12 13 0.021603195 
30 155 13 14 0.021603195 
548 107 8 8 0.021603195 
579 137 12 12 0.021603195 
452 322 11 11 0.021603195 
198 322 7 7 0.021603195 
442 145 7 7 0.021603195 
457 140 9 8 0.021603195 
347 101 7 6 0.021603195 
499 266 7 6 0.021603195 
767 285 12 13 0.021603195 
489 277 11 13 0.021603195 
478 242 9 8 0.021603195 
155 286 14 12 0.021603195 
948 277 8 8 0.021603195 
65 340 8 8 0.021603195 
50 91 13 13 0.021603195 
616 407 6 5 0.021603195 
145 270 11 12 0.021603195 
14 469 15 18 0.021603195 
44 446 17 15 0.021603195 
661 128 13 13 0.021603195 
389 58 8 8 0.021603195 
894 448 14 13 0.021603195 
529 189 7 7 0.021603195 
858 210 8 7 0.021603195 
948 198 6 6 0.021603195 
945 193 12 11 0.021603195 
524 191 7 6 0.021603195 
632 445 14 14 0.021603195 
371 467 6 6 0.021603195 
360 505 7 5 0.021603195 
209 417 7 6 0.021603195 
926 475 13 13 0.021603195 
64 84 7 7 0.021603195 
172 79 13 12 0.021603195 
70 414 14 14 0.021603195 
933 474 7 7 0.021603195 
587 440 7 6 0.021603195 
936 483 8 8 0.021603195 
469 68 8 7 0.021603195 
692 429 6 6 0.021603195 
733 63 11 12 0.021603195 
651 52 11 11 0.021603195 
180 436 13 12 0.021603195 
476 167 8 7 0.021603195 
643 123 13 13 0.021603195 
785 110 8 8 0.021603195 
499 218 12 10 0.021603195 
458 119 8 8 0.021603195 
760 114 11 12 0.021603195 
157 115 9 9 0.021603195 
551 109 11 11 0.021603195 
996 107 12 10 0.021603195 
1006 103 7 6 0.021603195 
908 107 8 8 0.021603195 
830 219 7 7 0.021603195 
642 129 9 9 0.021603195 
255 231 9 8 0.021603195 
98 214 13 14 0.021603195 
856 179 13 11 0.021603195 
903 101 12 12 0.021603195 
730 167 13 14 0.021603195 
533 231 15 12 0.021603195 
621 217 14 15 0.021603195 
804 236 8 8 0.021603195 
198 448 26 22 0.021360904 
121 240 49 42 0.021360898 
313 270 19 18 0.021360898 
697 291 23 21 0.021360898 
909 176 23 20 0.021360898 
200 237 20 19 0.021360898 
333 162 23 20 0.021360898 
130 468 20 19 0.021360898 
154 109 17 18 0.021360898 
832 334 23 23 0.021360898 
672 309 23 21 0.021360898 
