7_Cheering_Cheering_7_462
117
549 128 68 97 0.9997242 
271 355 40 45 0.98859274 
65 550 29 48 0.98046196 
823 366 28 40 0.97665024 
729 157 228 280 0.97107834 
664 191 197 261 0.95866936 
53 224 188 228 0.93593204 
361 588 35 69 0.9275556 
674 20 215 268 0.9098433 
259 219 215 257 0.88435316 
301 413 140 225 0.73441863 
718 334 23 41 0.5454055 
0 548 18 32 0.5454055 
427 233 70 83 0.47725022 
150 207 215 257 0.4310897 
585 38 206 264 0.3864298 
159 359 104 151 0.36474833 
456 2 203 264 0.30317584 
203 395 65 104 0.2511021 
421 236 228 289 0.24794048 
199 368 27 37 0.23436876 
148 85 200 272 0.2311026 
6 56 123 172 0.19988176 
109 271 175 246 0.17193554 
59 420 22 28 0.16258556 
654 217 114 165 0.13594593 
891 510 21 29 0.12872264 
746 409 215 253 0.12544508 
906 261 106 128 0.115646794 
69 647 26 35 0.109639935 
97 416 23 29 0.109639935 
403 317 25 36 0.10106142 
835 200 183 218 0.09803478 
196 393 228 311 0.09803478 
377 594 46 74 0.09308393 
776 19 222 285 0.090156734 
946 243 7 9 0.08787667 
425 54 116 155 0.08285364 
76 447 212 298 0.076092646 
335 -8 194 272 0.076092646 
12 420 16 22 0.0691498 
433 251 42 47 0.06111947 
74 562 30 48 0.056098126 
352 216 212 242 0.053832814 
24 226 112 191 0.053832814 
939 221 53 69 0.051466707 
413 575 26 36 0.051466707 
536 87 116 146 0.04931264 
491 136 47 61 0.047198545 
710 322 46 62 0.047198545 
75 398 13 16 0.045951538 
602 375 188 272 0.045153897 
327 325 200 253 0.045153886 
143 375 25 32 0.04326818 
188 368 46 68 0.04326818 
708 581 13 18 0.04229837 
872 120 109 177 0.04133062 
416 187 103 144 0.04133061 
476 159 51 61 0.039651502 
396 593 50 86 0.039651494 
655 609 15 19 0.038923774 
50 461 18 25 0.038923774 
631 327 29 38 0.036325652 
342 442 78 111 0.036325652 
829 232 92 132 0.036325652 
871 417 51 67 0.036325652 
972 247 14 16 0.035808332 
510 70 90 144 0.034593605 
554 301 209 257 0.034593593 
410 211 70 80 0.033269096 
378 378 25 32 0.033269096 
315 358 51 60 0.033269096 
454 284 65 82 0.033269096 
857 383 203 268 0.03163486 
395 246 116 146 0.03163486 
1003 279 21 35 0.030461604 
423 449 23 32 0.030461604 
40 542 39 58 0.030461596 
577 3 13 17 0.030282615 
850 377 18 25 0.030282615 
-38 89 225 249 0.028921604 
50 256 76 88 0.027884193 
112 416 24 31 0.027884193 
300 394 54 82 0.027884193 
411 579 46 73 0.027884185 
400 299 44 63 0.027884185 
807 367 41 56 0.027884185 
613 253 95 128 0.02643471 
-2 -44 194 280 0.026434705 
488 471 9 12 0.02558696 
286 357 51 60 0.025519116 
893 521 25 31 0.025519116 
369 25 119 172 0.024156325 
46 25 123 155 0.024156325 
95 412 17 21 0.02351288 
443 55 52 70 0.023349825 
966 215 49 54 0.023349825 
85 570 29 47 0.023349825 
416 590 28 44 0.023349825 
713 404 62 97 0.023349825 
262 327 61 76 0.023349825 
496 161 29 33 0.023349825 
462 177 54 64 0.021360904 
988 233 30 38 0.021360904 
400 561 48 58 0.021360904 
835 370 28 38 0.021360904 
405 597 32 50 0.021360904 
366 618 41 56 0.021360904 
449 89 70 94 0.021360898 
661 369 32 31 0.021360898 
112 558 22 31 0.021360898 
429 575 52 88 0.021360898 
921 309 54 73 0.021360898 
398 3 60 63 0.021360893 
11 146 119 151 0.0201599 
454 266 149 160 0.0201599 
237 272 140 167 0.0201599 
