7_Cheering_Cheering_7_655
84
419 684 194 507 0.99488646 
411 375 140 366 0.47689918 
378 407 246 642 0.4310897 
533 978 228 651 0.32305852 
333 773 215 579 0.32305852 
41 688 225 711 0.21508123 
731 749 121 377 0.13594593 
331 247 218 596 0.1254451 
883 1313 16 45 0.111069925 
467 82 249 651 0.09803478 
576 471 239 596 0.09803478 
26 455 235 596 0.09803478 
183 985 225 623 0.090156734 
89 1328 19 56 0.08787667 
808 848 242 691 0.076092646 
807 501 197 522 0.07609263 
440 800 269 614 0.06984133 
218 485 64 164 0.06655857 
509 799 138 350 0.064067975 
1008 1361 15 47 0.06377564 
366 898 63 158 0.06111947 
868 1352 25 65 0.06111947 
985 1355 24 71 0.056098126 
67 1413 24 65 0.051466707 
1006 1443 16 59 0.04990379 
915 1301 18 47 0.04990379 
843 1318 16 45 0.049903784 
976 1320 28 85 0.04326818 
908 1318 27 65 0.04326818 
167 1374 15 45 0.038923774 
701 665 281 812 0.03781825 
682 620 142 418 0.03781825 
-30 233 246 661 0.03781825 
51 1328 28 72 0.036325652 
150 76 67 176 0.036325652 
450 606 55 145 0.036325652 
877 1325 16 39 0.035808332 
43 1344 14 40 0.035808332 
77 597 124 437 0.034593593 
605 824 257 661 0.034593593 
951 1289 57 158 0.033269096 
771 1366 7 20 0.03293372 
767 306 19 52 0.032933712 
377 1056 29 69 0.030461604 
929 1346 60 145 0.030461596 
83 1339 16 43 0.030282615 
101 796 130 383 0.028921604 
656 774 30 83 0.027884193 
-5 1041 64 188 0.027884193 
965 1347 31 88 0.027884185 
98 1329 59 153 0.027884185 
884 1308 8 23 0.027838783 
253 50 222 651 0.02643471 
986 1298 14 38 0.02558696 
168 1292 26 78 0.025519116 
633 529 132 366 0.024156325 
850 1229 138 388 0.024156325 
240 151 17 44 0.02351288 
890 1320 16 42 0.02351288 
861 1129 60 170 0.023349825 
971 1333 48 127 0.023349825 
840 235 103 253 0.022069868 
739 51 194 554 0.022069868 
281 547 206 538 0.022069868 
66 1292 14 38 0.021603195 
867 1364 15 42 0.021603195 
72 1400 16 51 0.021603195 
961 1400 16 40 0.021603195 
983 1371 17 46 0.021603195 
48 1343 18 47 0.021603195 
76 1328 49 134 0.021360904 
71 1301 43 111 0.021360904 
138 55 53 153 0.021360904 
73 1329 25 69 0.021360898 
245 1098 32 79 0.021360898 
977 1292 25 76 0.021360898 
21 16 34 88 0.021360898 
937 1393 37 76 0.021360898 
79 904 242 691 0.020159906 
134 102 111 307 0.0201599 
102 71 215 623 0.0201599 
-3 848 111 355 0.0201599 
219 441 128 321 0.0201599 
259 912 225 530 0.0201599 
