7_Cheering_Cheering_7_239
41
343 179 218 329 0.999798 
728 191 197 360 0.88435316 
367 485 246 411 0.8001182 
3 177 242 430 0.7688974 
685 109 183 350 0.6769414 
-64 311 222 355 0.6352516 
538 -37 191 334 0.5461031 
745 526 242 405 0.5461031 
43 7 246 382 0.5461031 
639 -44 225 382 0.52310073 
782 278 200 355 0.45389688 
676 359 261 325 0.4085711 
774 -9 215 355 0.26558137 
-4 356 116 264 0.24794048 
30 502 200 388 0.18550259 
452 426 209 365 0.13594593 
755 448 153 349 0.12544508 
238 168 212 334 0.115646794 
148 46 146 256 0.09015675 
-1 387 65 138 0.07244435 
524 266 212 329 0.06984133 
728 20 158 264 0.064067975 
218 560 273 436 0.05874174 
792 641 153 249 0.045153886 
686 266 16 23 0.04229837 
429 225 188 355 0.03781825 
-21 -58 200 355 0.03781825 
1 633 109 245 0.034593593 
137 58 59 88 0.033269096 
125 146 232 320 0.028921604 
106 266 170 268 0.028921604 
970 17 50 110 0.025519116 
431 54 112 146 0.024156325 
517 16 142 211 0.024156325 
13 9 117 211 0.024156325 
595 283 11 20 0.02351288 
277 253 65 135 0.023349825 
891 54 68 108 0.023349825 
629 235 175 329 0.022069868 
544 243 60 120 0.021360904 
670 267 30 39 0.021360898 
