7_Cheering_Cheering_7_530
85
7 108 23 17 0.9863452 
258 177 11 9 0.9362244 
953 213 18 13 0.880081 
302 163 14 12 0.8000445 
138 143 15 12 0.6856687 
80 136 13 9 0.6271395 
713 16 222 163 0.3436022 
491 -18 242 171 0.28400344 
615 7 128 97 0.17193554 
166 273 68 41 0.16258557 
408 -1 206 145 0.15916684 
887 148 109 88 0.14717786 
199 6 191 137 0.14717786 
678 -5 183 139 0.1254451 
219 188 8 5 0.11991897 
139 261 212 115 0.1065206 
821 20 134 111 0.090156734 
365 25 69 58 0.08567618 
803 68 191 139 0.08285364 
697 145 54 39 0.07880669 
471 86 186 141 0.06984132 
83 136 8 5 0.06377564 
607 114 28 24 0.06111947 
691 166 109 78 0.05874174 
855 168 26 20 0.056098126 
0 176 6 5 0.054176662 
587 18 218 152 0.053832818 
459 18 112 94 0.053832818 
275 10 212 129 0.053832818 
711 147 30 21 0.051466707 
755 2 13 9 0.04990379 
959 91 65 60 0.047198545 
212 83 26 19 0.047198545 
520 255 13 9 0.04595155 
647 78 116 88 0.045153886 
593 109 48 44 0.04326818 
630 129 57 41 0.04326818 
676 145 27 18 0.04326818 
76 139 18 13 0.04326818 
491 192 54 42 0.04326818 
682 139 46 32 0.039651494 
900 172 68 54 0.039651494 
359 197 58 44 0.039651494 
524 220 12 8 0.038923774 
58 172 8 6 0.038923774 
216 187 9 5 0.038923774 
914 235 9 7 0.035808332 
782 7 114 97 0.034593605 
400 108 111 100 0.034593605 
880 74 104 84 0.034593605 
888 105 103 93 0.034593605 
364 183 10 8 0.03293372 
512 134 107 96 0.028921604 
678 147 178 122 0.028921604 
-16 139 95 84 0.028921604 
705 233 212 143 0.028921604 
170 275 112 72 0.028921604 
707 2 74 48 0.027884185 
928 261 13 9 0.027838783 
550 195 11 8 0.027838783 
679 145 15 11 0.02558696 
264 251 8 5 0.02558696 
718 129 30 14 0.025519116 
661 188 27 19 0.025519116 
117 206 22 16 0.025519116 
735 196 68 59 0.025519116 
139 142 7 5 0.02351288 
83 127 5 3 0.02351288 
116 163 13 12 0.02351288 
673 188 21 16 0.023349825 
172 282 41 27 0.023349825 
40 225 68 54 0.023349825 
271 12 107 89 0.022069868 
360 227 191 108 0.022069868 
663 145 101 76 0.022069868 
704 152 16 12 0.021603195 
263 177 10 7 0.021603195 
722 143 17 13 0.021603195 
651 104 48 37 0.021360904 
240 8 82 65 0.021360904 
939 125 80 58 0.021360898 
364 15 55 43 0.021360898 
591 7 92 62 0.021360898 
329 29 111 88 0.0201599 
633 127 95 66 0.0201599 
