7_Cheering_Cheering_7_373
41
104 975 103 253 0.995336 
792 792 121 285 0.9943938 
418 839 111 269 0.97107834 
451 437 253 606 0.47689918 
184 554 200 712 0.26558137 
548 489 200 756 0.19988176 
594 1237 24 61 0.13928533 
814 688 212 588 0.1065206 
415 317 212 538 0.1065206 
367 978 28 102 0.09308395 
758 491 85 153 0.072444364 
364 941 55 153 0.051466707 
582 376 246 588 0.04931264 
731 1443 15 49 0.04229837 
207 286 253 745 0.03781825 
877 1237 67 179 0.036325652 
424 1178 64 188 0.036325652 
-2 973 257 606 0.034593593 
552 1366 33 76 0.033269096 
386 1119 61 161 0.033269096 
584 382 68 141 0.033269096 
872 729 116 383 0.03163486 
484 296 67 111 0.030461596 
601 1180 51 121 0.030461596 
777 319 242 530 0.028921604 
878 267 53 136 0.027884193 
916 402 70 170 0.027884193 
564 996 200 515 0.02643471 
694 1293 11 33 0.02558696 
734 1387 30 80 0.025519116 
918 318 70 117 0.025519116 
-10 50 186 571 0.024156325 
725 1359 52 131 0.023349825 
626 1374 58 129 0.023349825 
202 121 35 86 0.023349825 
125 549 71 141 0.023349825 
613 1149 52 121 0.021360904 
718 1356 30 76 0.021360898 
627 1171 30 78 0.021360898 
805 1159 232 407 0.020159906 
364 711 175 478 0.0201599 
