7_Cheering_Cheering_7_884
67
824 192 63 81 0.9996031 
320 183 73 97 0.99891996 
466 120 98 124 0.99755305 
185 431 36 41 0.99706453 
164 364 30 31 0.9143238 
564 213 128 190 0.8745549 
3 72 119 154 0.864054 
729 396 197 205 0.85282207 
993 338 26 30 0.79672164 
475 207 188 227 0.6352516 
-26 113 200 211 0.59142894 
275 307 103 126 0.59142894 
8 109 69 96 0.38809907 
75 405 186 220 0.30317584 
458 86 225 259 0.2840034 
212 345 188 252 0.26558137 
365 404 134 143 0.24794048 
449 249 132 171 0.2311026 
545 387 225 279 0.2150812 
749 348 43 57 0.2032784 
675 20 142 164 0.18550259 
578 242 222 263 0.18550259 
245 413 119 150 0.17193556 
245 234 175 205 0.17193554 
185 52 242 241 0.15916686 
17 147 228 263 0.15916686 
345 369 197 248 0.14717786 
58 -8 218 227 0.14717786 
431 0 206 217 0.1254451 
266 320 209 214 0.1254451 
51 289 57 61 0.118850335 
822 222 232 211 0.1065206 
798 98 206 234 0.1065206 
-17 233 235 283 0.1065206 
116 147 235 300 0.09015675 
-2 375 107 154 0.09015675 
8 369 178 224 0.090156734 
646 364 215 279 0.08285364 
741 237 228 234 0.08285364 
5 53 70 112 0.07880669 
508 2 56 45 0.06111947 
17 279 52 59 0.06111947 
487 73 128 171 0.058741733 
31 286 32 36 0.056098126 
329 -12 242 279 0.053832814 
324 297 126 166 0.04931264 
803 292 100 129 0.04931264 
229 278 109 164 0.04931264 
888 173 119 159 0.045153897 
36 241 117 157 0.045153897 
818 10 116 131 0.04133061 
846 287 75 79 0.039651502 
137 158 49 58 0.036325652 
281 467 74 83 0.036325652 
692 292 203 234 0.034593593 
834 456 82 85 0.033269096 
575 13 209 234 0.03163486 
575 447 128 161 0.028921604 
50 292 36 38 0.025519116 
764 335 48 67 0.025519116 
495 306 86 102 0.025519116 
-29 9 197 185 0.02415633 
400 269 225 214 0.024156325 
5 246 89 122 0.024156325 
517 20 136 152 0.024156325 
378 395 79 102 0.023349825 
795 310 60 83 0.021360898 
