7_Cheering_Cheering_7_631
52
393 191 116 254 0.9932626 
127 250 209 616 0.9098432 
702 317 71 182 0.88114965 
145 1090 45 156 0.83741444 
-5 304 107 362 0.6135702 
672 275 121 321 0.59142894 
418 635 138 321 0.5 
26 268 215 616 0.3647484 
-52 707 209 598 0.3436022 
610 131 200 563 0.28400344 
367 176 212 563 0.24794048 
460 680 88 195 0.188928 
156 1116 69 179 0.15056497 
138 1094 104 331 0.12544508 
223 852 209 589 0.115646794 
391 405 235 486 0.09015675 
596 997 232 606 0.09015675 
284 569 209 589 0.08285364 
786 85 218 606 0.06984133 
683 66 215 572 0.05874174 
708 317 44 117 0.056098126 
296 416 60 151 0.051466707 
85 1070 188 501 0.04931264 
16 1273 104 250 0.045153897 
5 1330 60 182 0.039651502 
1 490 57 185 0.039651502 
703 152 124 336 0.03781825 
619 1114 58 143 0.036325652 
-3 319 51 227 0.036325652 
-1 1155 15 76 0.035808332 
336 324 56 182 0.033269096 
7 532 206 572 0.03163486 
271 756 33 85 0.030461604 
590 484 61 173 0.030461596 
166 1178 68 176 0.030461596 
148 1055 32 124 0.027884193 
309 466 35 97 0.027884193 
473 448 73 223 0.027884193 
783 326 57 141 0.027884185 
694 341 183 523 0.02643471 
218 274 146 472 0.026434705 
950 764 71 239 0.025519116 
167 1131 35 117 0.025519116 
186 419 206 531 0.024156325 
786 1208 31 82 0.023349825 
252 77 69 185 0.023349825 
778 911 277 724 0.022069868 
766 519 132 317 0.022069868 
804 582 215 531 0.022069868 
453 331 79 179 0.021360898 
264 757 55 148 0.021360898 
414 239 128 351 0.020159906 
