41_Swimming_Swimmer_41_471
124
469 105 114 163 0.99990153 
98 702 19 21 0.37253386 
764 250 11 15 0.20145933 
787 254 13 14 0.17102543 
74 721 15 17 0.14720987 
224 759 11 14 0.13251697 
195 723 24 32 0.12385237 
946 684 14 17 0.08172845 
793 270 27 30 0.0803917 
178 707 25 31 0.066860326 
276 748 20 26 0.063139975 
171 692 12 14 0.06210785 
66 722 29 33 0.061360817 
29 568 9 11 0.056990594 
64 718 12 14 0.0563721 
730 738 64 54 0.055470154 
1001 301 21 27 0.053723812 
783 391 199 239 0.051607996 
761 316 10 13 0.049777057 
204 726 14 18 0.0489698 
774 244 10 13 0.04831709 
31 572 9 11 0.04778842 
752 262 10 12 0.04611221 
964 689 18 20 0.045427933 
144 697 11 13 0.044643454 
35 725 12 14 0.044604924 
24 567 9 12 0.04443397 
787 260 44 48 0.042666852 
953 685 26 28 0.04237263 
120 718 11 13 0.04144625 
1 565 10 15 0.03975683 
816 257 14 16 0.03943224 
796 235 15 15 0.037835293 
182 713 30 37 0.037797444 
186 712 14 17 0.037675552 
821 229 14 16 0.03754335 
712 270 10 12 0.037324917 
36 719 11 13 0.036774464 
784 258 11 13 0.036657162 
750 239 9 10 0.036135256 
739 276 10 12 0.03600487 
804 235 14 15 0.03598736 
814 229 12 15 0.035456832 
797 281 15 17 0.035421055 
196 777 11 14 0.03523745 
75 729 15 18 0.0342279 
797 270 15 17 0.034166943 
796 252 13 14 0.033747762 
744 435 21 30 0.033035234 
94 679 14 19 0.032913376 
68 728 42 49 0.03265278 
772 260 11 14 0.032633685 
776 269 9 13 0.03208826 
805 262 11 13 0.03202086 
769 350 11 14 0.031866238 
-49 43 395 407 0.03164624 
377 255 7 9 0.03117899 
780 270 10 12 0.030984076 
720 319 330 409 0.030377502 
748 340 14 17 0.030215958 
64 714 23 28 0.030075818 
942 680 25 28 0.0295846 
277 741 14 18 0.02955325 
47 725 8 12 0.02846657 
799 262 12 13 0.028215522 
759 310 11 14 0.027809879 
56 560 8 10 0.027448857 
775 277 9 12 0.027394867 
736 301 11 14 0.027114265 
728 269 11 13 0.026590135 
1004 319 18 22 0.026240565 
813 267 15 19 0.025915252 
43 858 417 486 0.025688238 
1 689 16 23 0.025624426 
698 270 12 13 0.02543613 
720 319 9 11 0.024943072 
108 542 7 10 0.024504209 
788 326 12 13 0.024337701 
749 242 11 13 0.024050014 
934 708 34 36 0.023586161 
15 572 10 12 0.023333244 
789 246 24 26 0.023315186 
224 752 10 13 0.023194276 
993 309 25 32 0.023053216 
32 729 13 16 0.022997577 
57 719 10 13 0.02296213 
222 754 18 23 0.022881141 
18 698 17 19 0.022841802 
271 751 15 20 0.022723746 
253 762 17 18 0.022586549 
943 694 30 32 0.022507023 
258 757 13 16 0.022446062 
759 301 11 14 0.022402538 
1013 588 9 15 0.022258501 
155 709 12 16 0.022135766 
238 774 10 14 0.022085361 
280 785 11 13 0.022074373 
169 689 10 12 0.022071293 
937 685 13 14 0.0218844 
870 781 56 65 0.021701083 
958 322 54 67 0.021654675 
681 269 10 13 0.021595113 
728 264 9 11 0.021566266 
771 411 134 161 0.021522727 
450 369 75 68 0.02148901 
945 692 46 51 0.021464145 
759 247 19 24 0.021424256 
78 712 10 12 0.02129866 
81 722 14 17 0.021050092 
745 239 9 10 0.021037916 
705 722 117 93 0.020987691 
6 691 22 27 0.020975448 
783 233 9 10 0.020941878 
100 691 18 21 0.020880356 
771 251 11 14 0.020819945 
47 567 9 11 0.02069903 
341 560 353 430 0.020646557 
807 230 21 24 0.020449992 
112 572 8 11 0.020432428 
90 550 7 8 0.020390518 
197 716 13 15 0.020323139 
208 730 14 19 0.020248802 
80 566 7 9 0.020186825 
967 697 18 20 0.02003207 
