41_Swimming_Swimmer_41_659
19
500 75 183 238 0.999663 
919 1388 49 62 0.8845175 
283 1401 33 42 0.17320867 
86 1408 102 125 0.14490981 
35 907 166 157 0.107443385 
667 689 142 143 0.05859996 
129 1424 91 115 0.057155944 
251 1391 95 122 0.056462847 
269 1398 61 69 0.05363809 
1 1395 37 74 0.050863873 
894 1396 34 47 0.033307903 
61 1353 172 200 0.031818476 
248 1456 107 89 0.03160906 
564 998 35 33 0.030461174 
203 285 402 386 0.029907618 
706 737 83 92 0.02437917 
930 789 106 167 0.023540083 
959 1383 35 49 0.023321442 
153 1370 98 161 0.022188956 
