41_Swimming_Swimmer_41_607
145
397 81 126 191 0.9972435 
346 547 59 62 0.86795294 
230 103 9 12 0.34849143 
298 130 13 17 0.21529487 
133 39 8 10 0.1818171 
142 55 8 11 0.1526831 
220 145 12 16 0.12212633 
220 130 12 15 0.117089696 
85 119 9 11 0.113915555 
181 57 9 12 0.11029953 
6 158 11 13 0.10942018 
225 107 9 13 0.108501576 
214 109 8 11 0.10001844 
127 85 10 13 0.099515416 
152 29 8 10 0.09649157 
102 57 9 10 0.09343303 
269 155 12 16 0.09072569 
255 116 9 12 0.08706458 
188 125 10 12 0.08615239 
209 111 9 11 0.08488035 
1 122 9 13 0.083598845 
145 29 7 11 0.08176881 
86 124 9 11 0.07592488 
97 57 8 11 0.07120648 
207 48 9 11 0.070672855 
206 116 9 11 0.06976035 
168 30 8 11 0.06684565 
517 205 15 19 0.06558953 
175 113 9 11 0.060508978 
177 60 9 11 0.0585485 
184 119 8 12 0.057849552 
136 33 8 10 0.0575965 
199 47 9 11 0.056885898 
246 109 11 14 0.056134682 
201 117 9 11 0.05493329 
286 113 12 16 0.052610382 
7 121 8 11 0.050516993 
191 63 8 10 0.048340704 
261 126 9 12 0.047677208 
975 95 9 11 0.047666192 
178 299 398 375 0.045269556 
190 118 9 12 0.044322193 
40 158 7 10 0.04414257 
159 30 8 11 0.043367043 
236 102 11 14 0.042398755 
128 45 9 12 0.042021684 
279 125 10 12 0.04194161 
0 247 8 12 0.041845705 
156 23 11 13 0.041400764 
167 38 8 10 0.04118003 
104 8 8 9 0.040971816 
256 88 10 13 0.040554404 
222 201 36 57 0.039684035 
263 160 13 15 0.0387527 
118 5 9 11 0.037583683 
106 47 8 10 0.037309654 
218 127 9 13 0.036436196 
98 134 9 11 0.035664707 
189 132 9 12 0.035491243 
122 85 9 12 0.035298195 
89 61 9 11 0.035066586 
138 60 8 11 0.03469141 
96 8 8 9 0.0344021 
244 132 13 18 0.0333813 
234 183 18 22 0.033181906 
132 86 9 11 0.032123853 
216 86 10 12 0.03186892 
643 462 11 13 0.03165325 
133 43 8 11 0.03160314 
32 157 8 10 0.031596508 
238 105 12 16 0.031456266 
201 51 10 13 0.031363852 
192 70 8 11 0.03135939 
55 160 8 9 0.030289987 
110 47 8 11 0.029829934 
691 754 25 29 0.029443616 
239 127 11 14 0.028993418 
49 87 8 10 0.028839879 
285 124 10 15 0.028804183 
287 131 9 13 0.028668547 
110 53 8 11 0.028623119 
78 30 7 9 0.028240353 
231 98 10 12 0.028205102 
118 116 9 11 0.028197981 
150 53 9 12 0.028084796 
144 48 9 10 0.027903005 
225 63 95 126 0.027617078 
260 91 11 13 0.027209966 
257 156 11 15 0.026977202 
38 153 8 10 0.026839836 
572 204 13 16 0.02680111 
215 117 8 11 0.026547529 
73 30 8 10 0.026369808 
86 113 8 10 0.026271472 
216 126 19 26 0.026071995 
160 38 8 10 0.025833586 
230 193 13 19 0.025613463 
209 40 8 10 0.025241392 
198 61 9 11 0.02521305 
248 87 10 15 0.025026636 
93 102 8 11 0.025012922 
245 102 10 13 0.024958849 
23 199 9 10 0.024934445 
644 474 16 22 0.024799353 
24 121 8 10 0.02432468 
959 212 11 14 0.024026377 
260 118 9 11 0.023909647 
192 112 8 11 0.023839775 
152 36 8 11 0.023456529 
87 30 8 10 0.023454182 
296 136 14 19 0.023445051 
64 14 8 10 0.023319852 
24 155 10 12 0.023206206 
192 77 9 10 0.023074273 
55 166 8 9 0.023071105 
541 204 15 19 0.022989085 
81 112 8 11 0.022912767 
308 78 14 20 0.022890577 
128 132 12 15 0.02253095 
271 144 10 12 0.022442978 
127 127 9 11 0.022384536 
222 115 11 14 0.022352727 
110 6 10 11 0.02225263 
133 138 10 12 0.022029106 
127 52 8 10 0.021941327 
810 97 39 47 0.021896746 
158 13 10 11 0.021332182 
81 24 8 10 0.021303847 
73 128 8 11 0.021025639 
280 119 9 12 0.020964677 
168 45 7 9 0.020961994 
504 92 9 11 0.020943258 
105 87 7 9 0.02089793 
216 105 8 12 0.02088468 
0 100 9 13 0.020867407 
168 25 10 12 0.020797001 
191 141 10 12 0.020771574 
282 108 11 14 0.020620706 
31 125 8 11 0.020437192 
175 1 9 10 0.020380031 
14 120 8 10 0.020194547 
196 150 10 12 0.020086903 
181 5 9 11 0.020080635 
209 104 9 12 0.020055274 
81 125 9 11 0.020005995 
