41_Swimming_Swimmer_41_308
28
865 21 112 106 0.45813236 
479 123 43 60 0.11247686 
500 119 48 66 0.078529954 
573 51 85 123 0.065089546 
531 77 95 123 0.050023444 
473 112 81 106 0.042314846 
-34 129 397 500 0.0413725 
509 109 30 34 0.0406011 
527 192 50 53 0.039387006 
915 66 39 39 0.037386157 
832 -4 173 206 0.030449174 
482 130 16 22 0.02980701 
685 142 62 59 0.029094703 
441 318 236 268 0.028688628 
477 129 24 36 0.028394919 
541 96 57 76 0.027751833 
496 158 58 79 0.027161065 
491 121 30 36 0.025333852 
548 -62 401 435 0.025329063 
508 116 18 24 0.025269182 
471 140 32 43 0.024052842 
515 93 51 69 0.023182867 
288 113 222 245 0.022131177 
468 118 27 37 0.021355437 
495 180 12 16 0.02067122 
250 266 217 209 0.020664861 
467 161 31 40 0.020591421 
468 150 56 74 0.020001644 
