41_Swimming_Swimmer_41_449
41
810 596 53 72 0.11762474 
875 522 130 149 0.108256064 
855 228 48 50 0.10603065 
1011 291 13 20 0.08456772 
771 164 25 33 0.07916141 
669 278 37 33 0.0786214 
954 196 30 42 0.058825143 
877 303 49 54 0.056677222 
657 302 16 20 0.054518096 
1003 146 15 20 0.047646496 
464 118 17 19 0.045137595 
773 131 15 18 0.044887733 
779 125 15 18 0.044734795 
1012 154 11 18 0.0381351 
996 283 26 36 0.036700115 
823 616 32 46 0.03640984 
1003 149 21 33 0.035982177 
954 204 46 57 0.034820728 
1006 294 19 33 0.03458777 
659 286 31 32 0.032642864 
979 440 45 91 0.031372543 
855 247 54 60 0.029889582 
939 30 9 11 0.028577313 
763 143 26 33 0.027106626 
818 15 8 10 0.026698787 
949 287 28 32 0.026272103 
662 291 45 51 0.026051354 
748 206 16 19 0.026019182 
1013 113 10 16 0.025961708 
987 147 41 57 0.02527907 
490 122 242 283 0.02421215 
498 308 17 19 0.02389241 
946 309 47 56 0.022418356 
752 5 24 29 0.022328118 
998 139 16 24 0.02153122 
937 102 44 57 0.021481497 
837 625 31 42 0.021320542 
180 -8 204 269 0.020916767 
765 132 24 29 0.02041493 
953 303 33 37 0.020245722 
779 276 36 40 0.020007886 
