50_Celebration_Or_Party_birthdayparty_50_374
73
593 285 61 83 0.9996031 
734 305 59 89 0.9994287 
265 312 59 95 0.9992494 
435 330 56 80 0.993937 
142 347 64 79 0.96367437 
881 131 83 98 0.9567318 
603 17 269 245 0.4310897 
732 11 225 293 0.2150812 
121 341 55 80 0.109639935 
875 398 70 67 0.08567618 
313 504 46 76 0.07880669 
280 6 112 151 0.076092646 
527 381 9 12 0.069149815 
587 30 144 162 0.064067975 
805 594 6 10 0.06377564 
280 6 65 98 0.06111947 
843 93 101 136 0.05874174 
475 633 65 53 0.056098126 
98 332 49 81 0.051466707 
864 142 62 80 0.051466707 
25 345 57 76 0.051466707 
541 383 9 11 0.049903784 
738 556 212 284 0.04931264 
462 12 62 77 0.047198545 
381 398 83 98 0.047198545 
410 612 32 50 0.04326818 
497 532 7 10 0.04229837 
248 521 36 33 0.039651502 
99 359 23 40 0.039651502 
106 348 29 50 0.039651494 
277 468 17 20 0.038923774 
995 92 8 12 0.038923774 
641 46 153 162 0.03781825 
275 -55 228 284 0.03781825 
233 299 73 124 0.034593605 
782 424 138 122 0.034593593 
282 58 28 39 0.033269096 
850 157 49 72 0.033269096 
792 517 25 38 0.033269096 
657 252 15 20 0.03293372 
1009 101 12 17 0.032933712 
4 367 43 79 0.027884193 
857 372 70 60 0.027884185 
850 174 31 44 0.027884185 
436 591 31 39 0.027884185 
431 573 51 63 0.027884185 
1009 92 5 8 0.027838783 
878 186 7 9 0.027838778 
415 326 94 132 0.026434705 
407 359 14 20 0.02558696 
864 180 6 9 0.02558696 
519 374 5 8 0.02558696 
741 582 18 24 0.02558696 
78 333 45 72 0.025519116 
320 319 212 245 0.024156325 
28 113 285 376 0.024156325 
731 553 100 134 0.024156325 
496 383 8 11 0.02351288 
320 308 57 84 0.023349825 
789 309 29 50 0.023349825 
482 600 63 64 0.023349825 
51 372 31 36 0.023349825 
790 468 70 77 0.023349825 
875 175 15 21 0.021603195 
259 528 18 23 0.021603195 
862 177 6 9 0.021603195 
103 366 14 17 0.021603195 
659 254 8 10 0.021603195 
482 562 51 70 0.021360904 
959 551 67 113 0.021360904 
484 540 95 138 0.0201599 
478 -16 228 260 0.0201599 
365 509 232 289 0.0201599 
