50_Celebration_Or_Party_birthdayparty_50_18
114
808 347 18 24 0.9964348 
641 338 17 25 0.9957628 
546 352 18 25 0.9915604 
233 375 25 33 0.99129593 
848 376 23 35 0.98957527 
717 333 18 27 0.98704255 
337 366 21 31 0.97448087 
612 345 19 26 0.9697174 
764 397 16 33 0.88008106 
469 354 14 24 0.66669756 
818 55 149 242 0.6135702 
135 404 23 35 0.5 
281 481 63 80 0.43212515 
714 30 218 316 0.3864298 
206 514 40 80 0.34582692 
396 371 17 25 0.27822798 
667 397 16 31 0.27822798 
767 147 206 261 0.26558137 
363 7 246 355 0.2311026 
451 453 178 325 0.2150812 
440 118 203 316 0.2150812 
160 465 222 372 0.19988178 
53 522 188 298 0.19988178 
927 380 16 20 0.16157512 
673 511 153 200 0.15916686 
530 441 17 19 0.15017675 
125 0 269 340 0.115646794 
800 420 23 34 0.109639935 
460 350 18 26 0.10279763 
216 491 51 95 0.09308395 
248 199 215 302 0.09015675 
602 305 25 34 0.07880669 
-79 339 298 330 0.076092646 
379 368 17 23 0.069149815 
814 375 23 28 0.06655857 
778 76 132 180 0.064067975 
529 467 109 228 0.05874174 
575 91 206 269 0.053832818 
415 540 160 203 0.053832814 
122 409 27 39 0.051466707 
427 426 25 32 0.051466707 
166 505 73 107 0.051466707 
5 -35 242 345 0.04931264 
215 581 172 188 0.04931264 
252 465 218 321 0.04931264 
531 431 26 32 0.047198545 
531 444 10 11 0.04595155 
581 342 14 26 0.04595155 
461 359 22 30 0.04326818 
791 383 20 27 0.04326818 
398 210 13 20 0.04229837 
803 426 10 13 0.04229836 
44 269 232 307 0.04133061 
563 442 64 88 0.039651494 
531 427 76 137 0.039651494 
452 354 20 29 0.039651494 
514 461 26 33 0.039651494 
822 372 15 19 0.038923774 
245 192 5 6 0.038923774 
702 301 14 21 0.035808332 
824 343 9 14 0.035808332 
637 260 17 25 0.035808332 
811 488 63 86 0.033269096 
612 296 28 35 0.033269096 
166 198 11 19 0.032933712 
-4 610 112 165 0.03163486 
154 204 21 35 0.030461604 
549 340 23 31 0.030461596 
849 363 29 37 0.030461596 
669 409 28 37 0.030461596 
787 403 21 32 0.030461596 
280 193 7 9 0.030282615 
436 399 13 18 0.030282615 
775 408 15 22 0.030282615 
491 402 12 19 0.030282615 
262 460 94 158 0.028921604 
941 336 26 34 0.027884193 
194 543 32 57 0.027884193 
618 109 6 9 0.027838778 
576 428 194 307 0.026434705 
524 436 5 8 0.02558696 
933 349 6 9 0.02558696 
806 380 21 28 0.025519116 
393 206 23 41 0.025519116 
603 44 46 67 0.025519116 
562 333 22 30 0.025519116 
486 397 20 32 0.025519116 
531 204 26 33 0.025519116 
946 338 15 21 0.02351288 
602 347 16 22 0.02351288 
838 382 17 24 0.02351288 
785 378 16 22 0.02351288 
832 381 14 21 0.02351288 
221 198 6 9 0.02351288 
297 205 6 9 0.02351288 
238 509 32 55 0.023349825 
251 482 61 85 0.023349825 
608 88 25 39 0.023349825 
380 284 27 38 0.023349825 
629 339 21 29 0.023349825 
128 393 51 67 0.023349825 
920 370 21 28 0.023349825 
865 43 130 175 0.022069868 
337 563 7 10 0.021603195 
292 463 21 28 0.021603195 
873 369 16 23 0.021603195 
815 344 14 20 0.021603195 
684 458 54 72 0.021360904 
757 380 34 53 0.021360898 
391 182 55 88 0.021360898 
-13 403 151 238 0.020159906 
559 532 149 170 0.0201599 
799 543 235 269 0.0201599 
482 384 109 162 0.0201599 
