50_Celebration_Or_Party_houseparty_50_180
43
498 139 107 188 0.9943938 
-42 221 194 429 0.6968242 
164 415 225 490 0.5 
786 767 136 280 0.32305852 
137 317 73 118 0.2511021 
330 471 249 577 0.2311026 
622 -108 212 455 0.18550259 
129 753 232 382 0.15916686 
131 352 65 150 0.12872264 
626 312 103 297 0.09803478 
223 312 83 122 0.09308395 
442 488 218 490 0.090156734 
597 350 65 148 0.07880669 
575 409 209 483 0.06984133 
366 273 74 136 0.06655857 
275 403 134 301 0.058741733 
266 511 209 462 0.053832818 
226 419 128 315 0.04931264 
128 413 53 116 0.047198545 
3 276 79 238 0.047198545 
822 486 257 483 0.045153886 
684 581 228 393 0.045153886 
143 279 59 93 0.04326818 
455 159 98 205 0.04133062 
250 329 76 150 0.036325652 
410 242 88 194 0.036325652 
34 232 228 354 0.034593605 
418 626 153 324 0.034593593 
545 809 225 449 0.034593593 
421 1014 107 205 0.034593593 
84 352 112 234 0.028921604 
358 123 68 167 0.027884193 
818 759 86 143 0.027884193 
321 837 19 34 0.02558696 
720 365 83 111 0.025519116 
248 1022 26 49 0.023349825 
147 320 43 69 0.023349825 
692 244 242 429 0.022069868 
372 328 225 429 0.022069868 
544 4 257 490 0.022069868 
417 179 5 12 0.021603195 
286 280 119 193 0.0201599 
476 1011 119 218 0.0201599 
