50_Celebration_Or_Party_houseparty_50_788
76
82 79 42 48 0.98751885 
246 116 39 42 0.96367437 
409 112 43 48 0.94853324 
633 336 130 184 0.80011827 
759 147 34 37 0.73138905 
620 16 136 133 0.52310073 
546 139 27 28 0.45459446 
323 446 24 26 0.4099317 
556 336 175 224 0.24794048 
510 220 218 244 0.2311026 
492 196 63 69 0.2032784 
657 103 35 34 0.16258556 
552 -30 215 234 0.14717786 
293 366 60 93 0.13928533 
799 136 183 214 0.13594593 
159 110 17 18 0.1293704 
186 163 194 237 0.115646794 
760 317 68 84 0.109639935 
457 239 23 25 0.109639935 
820 271 222 255 0.09803478 
-56 136 232 263 0.090156734 
448 372 89 135 0.076092646 
316 3 239 248 0.076092646 
297 333 62 88 0.07244435 
717 280 218 241 0.06984133 
549 137 13 15 0.069149815 
872 331 123 176 0.064067975 
140 282 194 230 0.064067975 
70 363 206 199 0.064067975 
50 138 183 220 0.064067975 
817 215 85 87 0.06111947 
395 340 109 143 0.05874174 
460 -9 242 263 0.05874174 
-47 314 203 224 0.04931264 
127 13 218 244 0.04931264 
959 263 67 90 0.047198545 
756 291 19 20 0.04595155 
386 177 197 202 0.045153897 
-1 238 222 241 0.045153886 
340 421 12 15 0.04229837 
563 143 200 244 0.04133061 
641 361 85 110 0.039651502 
615 309 257 263 0.03781825 
176 350 117 141 0.03781825 
162 474 60 69 0.036325652 
454 329 28 31 0.036325652 
123 70 27 28 0.036325645 
132 104 16 18 0.035808332 
270 194 117 148 0.034593605 
822 291 114 152 0.034593605 
378 348 188 208 0.034593605 
367 290 112 161 0.03163486 
931 168 28 29 0.030461596 
127 82 16 17 0.030282615 
490 211 38 45 0.027884193 
545 260 11 13 0.027838783 
238 19 197 208 0.02643471 
414 200 114 120 0.026434705 
538 246 121 161 0.026434705 
1010 332 13 19 0.02558696 
161 167 75 87 0.025519116 
205 361 55 60 0.025519116 
6 254 101 154 0.024156325 
305 344 98 122 0.024156325 
682 19 112 122 0.024156325 
1010 411 14 22 0.02351288 
364 440 49 59 0.023349825 
440 323 50 66 0.023349825 
69 187 249 263 0.022069868 
489 160 109 124 0.022069868 
289 230 132 161 0.022069868 
752 359 242 224 0.022069868 
780 55 232 220 0.022069868 
914 157 51 55 0.021360904 
223 374 31 31 0.021360898 
161 173 111 143 0.020159906 
