50_Celebration_Or_Party_houseparty_50_33
108
246 105 71 103 0.9994784 
675 58 71 81 0.9977647 
317 112 242 252 0.6563978 
724 427 24 27 0.6541731 
389 391 20 24 0.5432222 
706 221 24 29 0.28687313 
364 362 15 17 0.19995552 
741 10 239 305 0.18550259 
356 594 20 21 0.15017675 
798 392 206 279 0.14717786 
410 374 232 283 0.13594593 
314 282 47 57 0.12872262 
452 244 203 271 0.12544508 
551 272 206 259 0.1065206 
383 218 12 14 0.102797605 
748 297 225 237 0.09803478 
203 238 45 69 0.09308393 
379 394 24 26 0.08567616 
646 222 249 314 0.08285364 
421 384 13 16 0.0691498 
203 320 44 34 0.06655857 
745 57 16 21 0.06377564 
294 537 22 23 0.06377564 
359 420 27 31 0.06111947 
368 404 18 18 0.05879275 
437 335 14 18 0.05879275 
378 596 19 21 0.05879275 
192 283 63 50 0.056098126 
719 360 29 31 0.056098126 
669 321 16 20 0.054176662 
339 484 15 17 0.054176662 
675 31 57 72 0.051466707 
277 615 14 13 0.04990379 
347 253 25 27 0.047198545 
710 478 37 42 0.047198545 
331 404 25 26 0.047198545 
704 232 17 19 0.045951538 
656 118 21 22 0.045951538 
678 133 206 234 0.045153897 
735 426 25 32 0.04326818 
314 336 22 25 0.04326818 
202 257 26 42 0.04326818 
614 46 78 87 0.04326818 
715 431 21 20 0.04229837 
390 386 15 18 0.04229837 
747 -2 136 161 0.04133061 
551 152 46 56 0.039651502 
721 564 53 61 0.039651502 
436 367 25 36 0.039651494 
702 210 40 45 0.039651494 
370 293 24 30 0.039651494 
415 298 16 22 0.038923774 
392 349 12 13 0.038923774 
314 386 13 17 0.038923774 
722 412 41 50 0.036325652 
733 147 58 78 0.036325652 
315 544 32 34 0.036325645 
335 363 14 17 0.035808332 
314 353 17 18 0.035808332 
429 311 12 14 0.035808332 
297 219 89 107 0.034593593 
330 374 27 28 0.033269096 
312 239 28 31 0.033269096 
376 381 23 25 0.033269096 
363 386 44 47 0.033269096 
423 376 21 27 0.030461604 
171 284 22 26 0.030461604 
309 613 14 14 0.030282615 
398 135 246 279 0.028921604 
290 473 103 124 0.028921604 
329 388 28 28 0.027884193 
287 249 58 70 0.027884193 
349 400 46 54 0.027884185 
427 431 11 14 0.027838783 
708 485 16 18 0.027838783 
365 410 15 19 0.027838783 
342 388 16 17 0.02558696 
351 287 18 20 0.02558696 
719 467 15 17 0.02558696 
402 246 17 20 0.02558696 
718 22 31 42 0.025519116 
353 411 26 30 0.025519116 
660 338 124 148 0.024156325 
308 478 17 16 0.02351288 
398 395 16 18 0.02351288 
172 211 59 77 0.023349825 
307 309 47 54 0.023349825 
305 264 86 113 0.022069868 
335 596 14 16 0.021603195 
345 513 14 13 0.021603195 
368 420 8 9 0.021603195 
399 359 17 18 0.021603195 
459 367 7 10 0.021603195 
362 417 15 16 0.021603195 
711 436 19 20 0.021603195 
448 339 13 15 0.021603195 
267 265 13 16 0.021603195 
690 260 16 19 0.021603195 
238 308 9 9 0.021603195 
303 536 56 60 0.021360904 
384 433 55 55 0.021360904 
705 341 51 55 0.021360904 
190 171 28 25 0.021360898 
380 213 21 23 0.021360898 
171 234 23 30 0.021360898 
315 359 25 23 0.021360898 
320 344 22 23 0.021360898 
341 412 26 29 0.021360898 
