50_Celebration_Or_Party_birthdayparty_50_134
221
853 284 30 35 0.99678564 
81 352 16 22 0.9697174 
15 337 18 23 0.84982324 
540 348 10 15 0.7388364 
508 337 7 9 0.7388364 
593 462 126 221 0.73441863 
444 350 9 13 0.6271395 
596 334 11 15 0.5858033 
617 309 7 8 0.5858033 
612 351 8 11 0.56463194 
842 375 142 231 0.5461031 
799 300 8 9 0.5432222 
562 345 10 16 0.45677772 
554 314 9 11 0.3933377 
654 306 6 7 0.3933377 
477 335 8 11 0.3933377 
498 333 7 9 0.3728605 
486 323 5 7 0.3728605 
424 338 8 10 0.33330244 
926 343 64 62 0.32552502 
743 155 232 288 0.30317584 
724 297 8 9 0.29596066 
756 306 8 10 0.26116365 
703 253 209 249 0.24794048 
621 277 212 249 0.2311026 
137 533 114 148 0.19988178 
794 455 124 138 0.17193554 
797 269 215 284 0.14717786 
528 334 7 8 0.13944872 
582 313 7 8 0.13944872 
588 344 23 29 0.13928533 
809 491 68 80 0.13928533 
554 509 116 164 0.12544508 
600 353 8 10 0.111069925 
573 526 13 16 0.111069925 
543 333 7 9 0.10279763 
421 340 8 10 0.09507551 
801 355 23 28 0.09308393 
475 338 11 15 0.08787667 
597 357 17 22 0.08787667 
411 364 10 15 0.08787667 
739 308 9 12 0.08787667 
770 303 8 11 0.08787667 
581 526 9 12 0.08787667 
498 579 30 38 0.08567618 
930 327 32 45 0.07880669 
334 115 228 334 0.076092646 
736 301 6 7 0.07494057 
616 515 82 127 0.07244435 
563 520 22 26 0.07244435 
425 341 11 14 0.069149815 
488 333 7 9 0.0691498 
169 126 107 146 0.064067975 
574 196 225 256 0.064067975 
626 352 8 10 0.06377564 
578 348 8 11 0.06377564 
605 359 15 20 0.06377564 
436 367 8 11 0.06377564 
470 336 8 11 0.06377564 
507 347 7 8 0.06377564 
614 364 21 28 0.06111947 
483 340 14 22 0.05879275 
595 644 8 10 0.05879275 
921 314 55 69 0.056098126 
919 533 73 72 0.056098126 
717 339 23 31 0.056098126 
315 390 5 7 0.054176662 
633 353 11 14 0.054176662 
569 529 10 13 0.054176662 
505 352 9 12 0.054176662 
493 333 6 9 0.054176662 
483 332 10 13 0.054176662 
166 61 191 249 0.053832818 
492 335 11 17 0.04990379 
579 326 7 9 0.04990379 
640 308 7 9 0.04990379 
744 309 12 14 0.04990379 
760 304 9 11 0.04990379 
813 313 6 8 0.04990379 
223 448 242 205 0.04931264 
890 330 25 32 0.047198545 
565 518 5 6 0.04595155 
724 337 9 11 0.04595155 
552 324 9 10 0.04595155 
615 310 11 13 0.045951538 
796 302 10 14 0.045951538 
473 345 12 15 0.045951538 
122 503 188 231 0.045153886 
812 496 24 39 0.04326818 
114 60 27 35 0.04326818 
23 372 14 23 0.04229837 
530 337 8 10 0.04229837 
763 306 12 12 0.04229837 
459 347 6 9 0.04229837 
818 459 209 245 0.04133061 
865 322 128 164 0.04133061 
334 -40 232 272 0.04133061 
601 342 45 56 0.039651502 
791 307 7 10 0.038923774 
425 348 11 15 0.038923774 
814 308 11 14 0.038923774 
897 342 16 23 0.038923774 
438 345 7 11 0.038923774 
649 306 4 6 0.038923774 
592 339 16 21 0.038923774 
332 319 109 140 0.03781825 
155 221 232 253 0.03781825 
654 146 203 224 0.03781825 
466 642 21 29 0.036325652 
901 337 51 60 0.036325645 
739 304 8 10 0.035808332 
556 347 14 18 0.035808332 
554 311 7 9 0.035808332 
802 337 14 17 0.035808332 
22 341 10 14 0.035808332 
557 511 6 7 0.035808332 
574 325 6 8 0.035808332 
495 501 7 9 0.035808332 
579 346 12 17 0.035808332 
515 527 7 9 0.035808332 
448 346 9 12 0.035808332 
780 277 124 160 0.034593605 
545 348 21 25 0.033269096 
571 345 12 17 0.03293372 
445 340 8 11 0.03293372 
564 523 12 16 0.03293372 
454 346 7 10 0.03293372 
463 353 7 9 0.03293372 
66 353 12 18 0.03293372 
2 341 18 20 0.032933712 
121 416 7 9 0.032933712 
598 330 9 11 0.032933712 
610 261 124 167 0.03163486 
695 365 24 31 0.030461604 
876 311 25 33 0.030461604 
240 213 28 35 0.030461596 
123 439 7 9 0.030282615 
927 339 6 9 0.030282615 
517 350 12 16 0.030282615 
479 330 7 9 0.030282615 
579 311 6 8 0.030282615 
437 355 13 18 0.030282615 
575 351 13 16 0.030282615 
484 322 10 12 0.030282615 
86 358 10 13 0.030282615 
802 302 8 11 0.030282615 
612 363 8 10 0.030282615 
431 350 8 10 0.030282615 
566 371 206 215 0.028921604 
288 260 178 231 0.028921604 
438 577 27 39 0.027884193 
386 503 50 63 0.027884185 
530 550 67 99 0.027884185 
586 350 17 19 0.027838783 
566 342 11 17 0.027838783 
924 335 14 20 0.027838783 
930 337 16 20 0.027838783 
578 314 8 10 0.027838783 
611 362 16 20 0.027838783 
639 306 6 8 0.027838783 
482 322 6 8 0.027838783 
559 312 7 10 0.027838783 
441 346 8 13 0.027838778 
409 368 8 11 0.027838778 
335 469 130 144 0.026434705 
922 318 9 11 0.02558696 
589 641 14 18 0.02558696 
574 356 8 10 0.02558696 
432 358 12 16 0.02558696 
814 362 16 23 0.02558696 
504 506 6 7 0.02558696 
587 577 7 9 0.02558696 
575 521 7 8 0.02558696 
634 360 9 11 0.02558696 
581 523 7 10 0.02558696 
584 319 47 61 0.025519116 
711 325 42 56 0.025519116 
621 358 22 28 0.025519116 
904 291 57 70 0.025519116 
868 396 95 127 0.025519116 
884 320 25 33 0.025519116 
266 69 200 276 0.024156325 
540 334 8 10 0.02351288 
471 340 9 12 0.02351288 
757 301 7 10 0.02351288 
454 569 6 8 0.02351288 
432 343 7 9 0.02351288 
459 350 12 15 0.02351288 
760 309 9 10 0.02351288 
795 309 9 11 0.02351288 
647 305 10 13 0.02351288 
82 350 10 13 0.02351288 
594 353 11 12 0.02351288 
536 351 9 11 0.02351288 
613 322 5 7 0.02351288 
584 633 23 32 0.023349825 
942 53 27 34 0.023349825 
544 501 242 231 0.022069868 
662 125 126 160 0.022069868 
602 338 9 13 0.021603195 
596 515 12 14 0.021603195 
602 361 9 12 0.021603195 
718 337 15 21 0.021603195 
426 355 12 18 0.021603195 
574 517 6 8 0.021603195 
468 339 8 11 0.021603195 
571 352 7 11 0.021603195 
585 316 7 8 0.021603195 
779 321 13 18 0.021603195 
613 316 6 8 0.021603195 
527 340 9 11 0.021603195 
547 353 9 11 0.021603195 
636 304 12 15 0.021603195 
788 301 11 15 0.021603195 
709 303 8 9 0.021603195 
414 353 12 15 0.021603195 
239 228 58 75 0.021360904 
616 598 73 80 0.021360904 
610 387 55 86 0.021360898 
135 26 33 44 0.021360898 
82 393 21 29 0.021360898 
