50_Celebration_Or_Party_birthdayparty_50_283
108
812 176 35 47 0.9994287 
21 460 63 106 0.9992494 
125 453 53 80 0.9991779 
250 370 50 76 0.9988171 
596 308 35 47 0.99870443 
890 296 25 38 0.9977647 
365 353 32 55 0.99706453 
653 165 40 55 0.99614596 
771 334 35 53 0.9863452 
440 272 23 32 0.9821322 
457 312 23 29 0.97216123 
467 354 25 39 0.8712774 
179 111 41 63 0.82463235 
771 470 43 72 0.6941424 
768 469 27 46 0.36670664 
53 198 167 277 0.32305852 
902 530 126 162 0.24794048 
125 101 43 76 0.23436876 
752 296 13 24 0.19995552 
247 1 116 180 0.17193554 
726 234 17 25 0.16157512 
765 345 20 32 0.15017675 
200 622 12 19 0.12937039 
322 472 30 36 0.118850335 
193 535 225 330 0.115646794 
847 -6 180 265 0.1065206 
771 435 48 69 0.10106142 
715 232 23 34 0.10106142 
788 494 34 49 0.09308395 
617 191 30 39 0.09308393 
883 450 59 102 0.08567616 
764 469 89 117 0.06984132 
930 300 63 88 0.06655858 
607 521 197 246 0.064067975 
131 276 106 149 0.064067975 
253 460 212 285 0.064067975 
905 545 69 97 0.06111947 
572 230 235 316 0.05874174 
741 299 20 27 0.056098126 
716 295 21 33 0.056098126 
852 232 25 37 0.056098126 
156 97 52 74 0.056098126 
854 470 200 261 0.053832814 
431 276 26 37 0.051466707 
709 280 24 41 0.051466707 
897 368 51 67 0.047198545 
481 259 23 29 0.047198545 
317 358 24 41 0.047198545 
279 161 54 68 0.047198545 
758 481 32 53 0.047198545 
767 470 17 28 0.045951538 
281 447 146 172 0.045153886 
726 298 21 30 0.04326818 
914 345 54 70 0.04326818 
783 449 53 70 0.04326818 
608 -6 222 307 0.04133061 
419 279 22 35 0.039651494 
484 184 18 22 0.038923774 
533 469 5 7 0.038923774 
292 247 75 99 0.036325652 
793 437 37 54 0.036325652 
105 286 75 159 0.036325652 
680 538 64 102 0.036325645 
449 188 22 33 0.036325645 
394 438 23 31 0.033269096 
621 216 27 41 0.033269096 
702 264 29 45 0.033269096 
433 248 6 9 0.03293372 
555 743 17 23 0.03293372 
540 483 4 6 0.03293372 
899 46 111 165 0.03163486 
480 530 232 253 0.03163486 
90 455 64 91 0.030461596 
494 227 20 30 0.030461596 
121 242 43 71 0.030461596 
451 199 7 12 0.030282615 
669 568 112 158 0.028921604 
830 652 101 116 0.028921604 
855 443 60 89 0.027884193 
52 456 53 100 0.027884193 
559 38 62 79 0.027884193 
629 170 47 62 0.027884193 
200 -25 186 302 0.026434705 
248 642 130 151 0.026434705 
214 172 15 24 0.02558696 
465 179 11 19 0.02558696 
967 646 43 68 0.025519116 
444 286 25 35 0.025519116 
127 120 23 50 0.025519116 
933 307 38 55 0.025519116 
826 440 58 75 0.025519116 
738 490 45 64 0.025519116 
214 470 27 38 0.025519116 
540 480 4 6 0.02351288 
383 440 23 32 0.023349825 
456 349 25 37 0.023349825 
444 354 24 37 0.023349825 
370 497 136 158 0.022069868 
783 486 109 138 0.022069868 
804 452 80 114 0.022069868 
273 373 44 70 0.021360904 
699 272 40 65 0.021360904 
323 347 45 61 0.021360898 
769 431 32 47 0.021360898 
194 618 22 33 0.021360898 
935 560 76 100 0.021360898 
604 234 24 41 0.021360898 
608 203 27 41 0.021360898 
