50_Celebration_Or_Party_houseparty_50_679
25
691 102 232 329 0.99998 
321 160 215 301 0.999954 
518 219 215 292 0.9999447 
592 148 269 349 0.9964618 
126 43 186 245 0.99488646 
437 196 191 284 0.97793007 
753 320 191 268 0.45389685 
85 147 31 38 0.30585763 
791 162 188 276 0.19988178 
397 482 200 297 0.14717786 
486 351 228 310 0.09803478 
241 115 165 256 0.06984133 
796 422 119 179 0.053832818 
346 376 203 284 0.053832814 
238 -18 206 260 0.04133061 
878 87 114 202 0.03163486 
213 109 94 119 0.030461596 
32 123 212 301 0.028921604 
770 66 188 260 0.028921604 
130 588 33 40 0.025519116 
4 29 112 202 0.024156325 
34 235 56 69 0.023349825 
709 391 200 297 0.022069868 
440 554 146 159 0.022069868 
332 1 78 61 0.021360898 
