50_Celebration_Or_Party_houseparty_50_493
57
495 456 37 49 0.9973194 
645 449 31 36 0.9667309 
10 519 104 186 0.8408331 
947 151 58 81 0.5227497 
104 391 62 87 0.21842523 
241 397 62 85 0.15056497 
443 208 191 274 0.09803478 
503 394 203 286 0.08285364 
798 364 5 7 0.06377564 
262 416 32 55 0.06111947 
806 340 6 8 0.054176662 
967 279 54 79 0.051466707 
9 440 9 10 0.045951538 
806 126 209 240 0.04133061 
21 408 57 84 0.039651494 
805 337 5 8 0.038923774 
877 5 107 152 0.03781825 
4 460 26 39 0.036325652 
667 467 49 67 0.036325652 
816 363 6 7 0.035808332 
361 313 232 278 0.034593593 
192 384 98 123 0.034593593 
346 244 112 176 0.034593593 
792 162 73 101 0.033269096 
341 430 31 39 0.033269096 
356 440 28 38 0.033269096 
58 386 59 74 0.033269096 
140 419 14 18 0.032933712 
404 32 68 87 0.030461596 
754 371 4 6 0.030282615 
454 257 114 161 0.028921604 
499 101 90 118 0.028921604 
556 216 225 308 0.028921604 
323 434 34 39 0.027884193 
351 455 25 34 0.027884193 
757 342 5 7 0.027838783 
404 197 15 22 0.027838778 
731 57 218 258 0.02643471 
803 -11 175 240 0.02643471 
75 342 117 163 0.026434705 
126 407 8 10 0.02558696 
742 378 6 7 0.02351288 
800 341 7 9 0.02351288 
269 415 48 69 0.023349825 
140 51 69 82 0.023349825 
605 121 49 68 0.023349825 
925 136 90 139 0.022069868 
843 336 6 8 0.021603195 
728 344 5 7 0.021603195 
821 337 6 8 0.021603195 
3 438 14 17 0.021603195 
679 491 26 37 0.021360898 
347 444 45 65 0.021360898 
6 429 51 70 0.021360898 
314 442 31 37 0.021360898 
344 435 81 114 0.0201599 
573 380 200 236 0.0201599 
