50_Celebration_Or_Party_houseparty_50_345
76
323 118 151 282 0.9994417 
595 107 162 282 0.99705744 
892 96 51 102 0.89036 
960 99 47 119 0.88114965 
234 390 215 420 0.59142894 
68 187 209 446 0.47689918 
305 796 212 487 0.3436022 
788 369 114 207 0.30317584 
16 190 50 115 0.23436876 
142 334 228 473 0.2311026 
131 37 76 148 0.188928 
756 507 222 532 0.18550259 
460 391 95 195 0.15916684 
939 94 51 111 0.12872262 
981 108 39 96 0.12872262 
811 488 128 247 0.115646794 
583 179 106 189 0.109639935 
124 191 114 282 0.1065206 
913 84 54 107 0.07880669 
760 222 175 373 0.076092646 
799 513 79 105 0.06111947 
625 524 58 104 0.06111947 
62 565 83 201 0.05874174 
218 9 52 105 0.056098126 
934 114 32 67 0.056098126 
545 439 63 98 0.051466707 
488 415 57 127 0.051466707 
124 563 56 121 0.047198545 
654 49 191 379 0.045153886 
101 459 34 57 0.04326818 
277 266 277 390 0.04133062 
260 20 246 466 0.04133062 
585 744 57 98 0.039651502 
167 26 60 127 0.039651502 
196 9 49 107 0.036325652 
882 33 83 201 0.034593605 
524 476 62 117 0.033269096 
109 496 31 62 0.030461604 
759 640 67 111 0.030461604 
947 123 29 68 0.030461604 
615 714 39 70 0.030461596 
120 435 7 15 0.030282615 
699 992 25 44 0.027884193 
309 28 57 92 0.027884185 
765 361 78 151 0.027884185 
159 261 142 295 0.026434705 
764 104 114 254 0.026434705 
571 965 7 14 0.02558696 
588 771 32 64 0.025519116 
137 235 71 170 0.025519116 
602 571 30 46 0.025519116 
820 474 91 148 0.025519116 
607 555 63 94 0.025519116 
568 823 26 55 0.025519116 
756 785 197 379 0.024156325 
344 869 130 308 0.024156325 
513 782 104 216 0.024156325 
607 959 8 15 0.02351288 
574 970 8 15 0.02351288 
766 893 29 49 0.023349825 
577 965 24 47 0.023349825 
727 650 80 132 0.023349825 
312 519 64 119 0.023349825 
601 612 107 161 0.022069868 
215 463 144 290 0.022069868 
109 77 101 204 0.022069868 
88 158 98 278 0.022069868 
588 805 6 11 0.021603195 
661 533 65 115 0.021360898 
567 472 61 100 0.021360898 
760 804 60 105 0.021360898 
517 448 53 104 0.021360898 
78 486 29 66 0.021360898 
655 550 35 73 0.021360898 
516 90 289 581 0.0201599 
736 412 128 213 0.0201599 
