42_Car_Racing_Nascar_42_823
170
990 221 16 20 0.989082 
894 236 15 19 0.98177195 
192 283 10 12 0.94120723 
411 234 16 25 0.9362244 
148 262 8 9 0.9121234 
0 277 9 16 0.87062955 
254 257 9 12 0.7040394 
486 270 124 158 0.56891036 
343 255 9 10 0.5 
369 222 12 15 0.47834834 
125 262 6 7 0.3728605 
850 245 8 10 0.3728605 
636 243 6 8 0.26116365 
199 363 14 18 0.26116365 
275 258 15 20 0.24479094 
178 336 19 19 0.24479094 
457 240 15 18 0.22912638 
375 259 9 11 0.22912635 
43 184 9 12 0.19995552 
966 277 8 10 0.1864517 
359 208 9 10 0.17366186 
360 223 12 15 0.16157512 
290 261 10 18 0.15017675 
496 154 7 9 0.1293704 
272 261 23 29 0.118850335 
610 254 5 6 0.111069925 
799 419 32 35 0.109639935 
124 266 7 9 0.10279763 
413 281 27 39 0.10106142 
392 222 5 7 0.09507551 
659 241 8 11 0.09507551 
116 265 6 9 0.08787667 
283 259 21 28 0.08567616 
662 247 242 307 0.08285364 
663 234 6 7 0.08117401 
688 224 6 6 0.08117401 
335 256 8 12 0.08117401 
278 256 11 13 0.074940585 
958 248 8 10 0.07494057 
412 228 7 11 0.069149815 
220 258 7 8 0.0691498 
794 416 69 43 0.06655857 
397 242 218 235 0.064067975 
320 240 7 8 0.06377564 
537 193 12 14 0.05879275 
216 256 13 15 0.05879275 
177 223 5 7 0.054176662 
411 227 12 20 0.054176662 
543 172 6 7 0.054176662 
724 160 186 261 0.053832814 
403 254 41 54 0.051466707 
457 247 17 23 0.04990379 
208 232 5 6 0.04990379 
656 241 7 10 0.04990379 
298 263 12 15 0.04990379 
228 317 13 18 0.04990379 
346 253 12 14 0.04990379 
621 254 5 7 0.04990379 
305 263 7 9 0.04990379 
788 7 249 269 0.04931264 
238 299 21 32 0.047198545 
150 277 8 9 0.04595155 
221 323 7 11 0.04595155 
405 283 43 60 0.04326818 
415 261 25 34 0.04326818 
129 262 6 7 0.04229837 
127 279 8 11 0.04229837 
499 198 7 8 0.04229837 
208 243 6 7 0.04229837 
44 191 8 11 0.04229837 
297 255 6 9 0.04229836 
253 293 183 246 0.04133061 
826 421 42 30 0.039651494 
274 267 11 13 0.038923774 
453 244 9 10 0.038923774 
660 237 7 10 0.038923774 
301 255 6 8 0.038923774 
91 310 112 132 0.03781825 
903 419 37 35 0.036325652 
421 236 24 29 0.036325652 
113 321 26 28 0.036325645 
47 188 8 10 0.035808332 
299 276 12 16 0.035808332 
187 337 12 13 0.035808332 
656 248 6 8 0.035808332 
667 234 6 8 0.035808332 
8 416 4 6 0.03293372 
295 255 11 16 0.03293372 
331 256 8 11 0.03293372 
283 256 13 19 0.03293372 
415 225 7 10 0.032933712 
294 265 7 11 0.032933712 
532 138 4 5 0.032933712 
257 259 12 17 0.032933712 
686 236 8 11 0.032933712 
275 388 311 228 0.03163486 
255 255 43 54 0.030461596 
325 339 20 28 0.030461596 
761 418 65 60 0.030461596 
398 265 6 8 0.030282615 
890 240 8 12 0.030282615 
179 258 13 15 0.030282615 
189 301 8 10 0.030282615 
45 202 5 8 0.030282615 
853 244 8 10 0.030282615 
174 222 6 7 0.030282615 
450 241 16 19 0.030282615 
407 20 249 321 0.028921604 
696 309 27 33 0.027884193 
657 287 29 33 0.027884193 
884 411 69 52 0.027884193 
696 295 25 29 0.027884193 
112 261 10 15 0.027838783 
835 390 17 20 0.027838783 
258 268 6 9 0.027838783 
294 266 14 19 0.027838783 
196 242 5 6 0.027838783 
363 208 7 8 0.027838778 
338 258 9 12 0.027838778 
178 310 7 10 0.02558696 
464 242 10 12 0.02558696 
464 204 4 6 0.02558696 
686 231 7 10 0.02558696 
177 309 12 16 0.02558696 
96 312 17 18 0.02558696 
1007 203 14 19 0.02558696 
714 298 13 18 0.02558696 
410 218 15 20 0.02558696 
281 253 10 11 0.02558696 
538 147 5 7 0.02558696 
662 238 11 13 0.02558696 
697 226 7 9 0.02558696 
630 242 5 7 0.02558696 
193 365 23 26 0.025519116 
553 204 25 31 0.025519116 
152 469 80 83 0.025519116 
250 250 20 24 0.025519116 
693 221 6 7 0.02351288 
689 222 6 7 0.02351288 
160 264 6 7 0.02351288 
642 251 5 7 0.02351288 
545 183 5 6 0.02351288 
127 184 7 9 0.02351288 
539 191 7 8 0.02351288 
38 224 5 7 0.02351288 
641 242 5 7 0.02351288 
694 224 7 8 0.02351288 
274 274 18 25 0.02351288 
161 287 6 9 0.02351288 
200 230 4 5 0.02351288 
45 197 7 9 0.02351288 
687 228 6 8 0.02351288 
701 226 7 9 0.02351288 
219 316 13 16 0.02351288 
686 222 11 13 0.02351288 
528 184 23 28 0.023349825 
-1 272 18 28 0.023349825 
701 361 144 151 0.022069868 
674 -14 269 302 0.022069868 
297 278 8 10 0.021603195 
139 293 14 16 0.021603195 
185 302 13 17 0.021603195 
152 266 12 15 0.021603195 
61 228 15 17 0.021603195 
192 233 4 5 0.021603195 
300 258 12 15 0.021603195 
221 275 6 8 0.021603195 
646 265 48 56 0.021360898 
272 279 27 36 0.021360898 
506 105 218 265 0.0201599 
