42_Car_Racing_Car_Racing_42_263
44
27 135 65 91 0.9994784 
398 179 44 64 0.9973194 
956 192 43 56 0.99678564 
800 122 41 57 0.9949414 
597 173 36 54 0.9721158 
674 193 212 307 0.5 
812 183 180 261 0.13594593 
512 502 136 155 0.1065206 
352 519 194 242 0.09803478 
56 295 206 246 0.08285364 
1 493 37 71 0.07880669 
75 169 235 307 0.064067975 
417 208 212 285 0.064067975 
605 267 31 38 0.06111947 
567 255 25 34 0.056098126 
444 548 116 151 0.053832814 
506 512 74 80 0.051466707 
570 258 45 61 0.051466707 
618 326 14 17 0.04990379 
-7 351 98 170 0.04931264 
588 250 50 62 0.04326818 
550 43 26 30 0.04326818 
89 568 19 23 0.04229837 
80 573 132 142 0.04133062 
22 52 228 302 0.04133061 
754 184 121 188 0.03781825 
958 388 63 96 0.036325652 
795 485 200 253 0.034593605 
775 9 215 265 0.034593593 
261 557 23 27 0.030461604 
535 512 91 88 0.030461596 
966 402 16 21 0.030282615 
574 171 46 64 0.027884193 
615 301 186 215 0.02643471 
690 284 128 167 0.026434705 
613 273 6 7 0.02558696 
324 362 67 83 0.025519116 
561 383 50 57 0.023349825 
477 523 109 125 0.022069868 
11 479 51 88 0.021360898 
305 420 62 71 0.021360898 
693 383 89 104 0.021360898 
6 437 87 136 0.0201599 
141 283 212 285 0.0201599 
