42_Car_Racing_Car_Racing_42_906
57
497 80 29 33 0.9975521 
237 83 27 30 0.9975521 
650 78 30 33 0.9964803 
752 79 31 34 0.99614596 
583 105 31 35 0.9953797 
705 72 27 28 0.9949414 
291 101 34 32 0.9944617 
564 74 31 30 0.9933628 
839 110 31 32 0.99204755 
415 94 31 34 0.98859274 
391 149 25 25 0.9863452 
190 102 36 39 0.9850627 
328 115 29 28 0.98046196 
269 265 232 189 0.59142894 
296 96 26 22 0.23436873 
396 141 22 22 0.16258557 
377 250 212 181 0.15916684 
825 239 218 195 0.13594593 
845 101 25 26 0.10106142 
580 207 225 201 0.076092646 
660 368 23 18 0.07244435 
723 5 253 201 0.06984133 
885 269 124 111 0.064067975 
179 90 21 19 0.06111947 
538 236 12 15 0.054176662 
635 366 12 9 0.04990379 
348 159 14 15 0.049903784 
833 159 206 181 0.04931264 
47 123 24 21 0.047198545 
621 128 14 16 0.04595155 
666 232 232 204 0.04133061 
954 208 69 83 0.039651502 
307 104 30 31 0.039651502 
433 97 28 27 0.039651494 
849 396 20 18 0.036325645 
263 108 25 24 0.033269096 
116 115 54 46 0.033269096 
275 106 27 26 0.033269096 
854 101 18 16 0.032933712 
542 276 218 178 0.03163486 
302 84 6 5 0.030282615 
171 269 197 171 0.028921604 
635 219 134 123 0.02643471 
-33 219 249 223 0.026434705 
631 346 11 11 0.02558696 
655 365 13 9 0.02558696 
173 94 22 23 0.025519116 
334 107 28 26 0.025519116 
181 88 14 13 0.02351288 
689 239 15 14 0.02351288 
298 93 19 16 0.02351288 
867 407 21 19 0.023349825 
622 385 20 18 0.023349825 
98 98 29 21 0.023349825 
47 106 4 3 0.021603195 
42 103 46 43 0.021360898 
571 92 37 38 0.021360893 
