32_Worker_Laborer_Worker_Laborer_32_692
52
862 159 73 85 0.99937433 
683 139 59 84 0.9982981 
191 82 121 158 0.99731666 
437 148 80 97 0.97665024 
47 336 249 266 0.5 
157 143 29 36 0.268611 
292 268 62 81 0.2511021 
269 260 53 66 0.1753677 
233 246 55 75 0.16258557 
223 485 218 258 0.13594593 
329 92 197 258 0.1065206 
720 489 34 35 0.10106142 
528 449 17 21 0.08117401 
771 264 94 145 0.076092646 
546 407 15 18 0.069149815 
898 301 26 36 0.06655858 
259 255 34 48 0.06655857 
771 570 15 17 0.06377564 
270 248 35 44 0.056098126 
902 458 75 94 0.056098126 
715 522 14 19 0.054176662 
553 408 17 20 0.054176662 
519 439 29 33 0.051466707 
818 176 7 9 0.04990379 
1018 268 5 9 0.04990379 
272 262 100 129 0.04931264 
554 406 26 33 0.036325652 
283 256 35 44 0.036325652 
58 615 8 10 0.032933712 
703 446 49 59 0.030461596 
156 127 48 62 0.030461596 
876 249 116 137 0.028921604 
344 384 109 163 0.028921604 
402 577 65 74 0.027884193 
44 584 17 22 0.027838783 
491 409 81 109 0.026434705 
576 430 12 17 0.02558696 
513 434 53 58 0.025519116 
236 363 200 254 0.024156325 
740 236 87 141 0.024156325 
868 474 19 22 0.02351288 
958 178 7 9 0.02351288 
1015 268 5 7 0.02351288 
881 281 48 69 0.023349825 
675 400 29 29 0.023349825 
838 397 180 239 0.022069868 
293 56 8 10 0.021603195 
747 249 53 73 0.021360898 
751 264 31 40 0.021360898 
757 483 24 29 0.021360898 
237 92 212 236 0.0201599 
223 247 188 250 0.0201599 
