32_Worker_Laborer_Worker_Laborer_32_462
123
452 201 73 84 0.9977647 
567 308 228 272 0.8408331 
536 142 58 67 0.38809907 
21 -20 218 242 0.3864298 
415 152 50 73 0.23436876 
429 188 67 81 0.23436873 
40 294 232 289 0.2311026 
357 287 188 225 0.19988176 
866 156 7 8 0.16157512 
102 400 119 138 0.15916684 
632 214 18 25 0.15017675 
385 509 246 256 0.14717786 
753 27 55 78 0.13928533 
994 159 27 54 0.13928533 
581 397 42 54 0.13928533 
639 122 178 225 0.13594593 
335 487 119 130 0.1254451 
764 58 8 9 0.111069925 
138 416 138 151 0.1065206 
439 590 85 60 0.09308395 
321 438 188 231 0.09015675 
628 451 23 25 0.08567618 
643 411 132 162 0.06984132 
172 69 48 56 0.06655858 
804 477 212 264 0.064067975 
240 276 89 93 0.056098126 
274 201 13 18 0.054176662 
802 277 206 256 0.053832818 
664 292 225 245 0.053832818 
19 246 25 29 0.051466707 
421 153 31 46 0.047198545 
163 518 9 11 0.04595155 
453 187 119 142 0.045153897 
413 182 56 69 0.04326818 
886 160 13 14 0.04229837 
205 483 18 23 0.04229837 
623 103 47 61 0.039651502 
772 11 34 42 0.039651502 
324 530 76 78 0.039651502 
446 612 45 32 0.039651494 
536 99 73 93 0.039651494 
427 295 58 73 0.039651494 
119 446 69 90 0.039651494 
730 2 7 8 0.038923774 
88 231 5 7 0.038923774 
685 5 8 9 0.038923774 
235 34 14 17 0.038923774 
177 277 232 235 0.03781825 
902 322 109 138 0.03781825 
908 534 31 31 0.036325645 
184 492 9 10 0.035808332 
309 57 104 144 0.034593605 
111 196 93 132 0.03163486 
49 439 203 188 0.03163486 
714 35 209 280 0.03163486 
690 300 58 65 0.030461596 
381 85 52 84 0.030461596 
281 199 56 60 0.030461596 
726 59 7 9 0.030282615 
646 8 9 10 0.030282615 
664 69 8 9 0.030282615 
805 549 79 91 0.027884193 
324 368 59 73 0.027884193 
316 83 61 85 0.027884193 
290 100 62 78 0.027884185 
206 70 46 61 0.027884185 
826 411 63 72 0.027884185 
313 97 17 21 0.027838783 
240 243 14 18 0.027838783 
618 69 12 15 0.027838783 
123 634 24 17 0.027838783 
840 559 7 8 0.027838778 
885 532 6 7 0.027838778 
120 202 197 231 0.02643471 
736 21 86 130 0.026434705 
825 523 138 146 0.026434705 
381 23 14 18 0.02558696 
903 168 6 7 0.02558696 
612 11 7 7 0.02558696 
91 412 71 87 0.025519116 
507 183 27 38 0.025519116 
169 92 51 66 0.025519116 
709 290 60 59 0.025519116 
149 207 95 128 0.024156325 
125 14 225 268 0.024156325 
202 217 117 132 0.024156325 
234 490 18 18 0.02351288 
336 493 12 14 0.02351288 
886 172 7 8 0.02351288 
855 158 11 14 0.02351288 
745 3 13 16 0.02351288 
235 138 8 10 0.02351288 
751 272 69 68 0.023349825 
363 535 74 88 0.023349825 
631 112 29 37 0.023349825 
587 179 47 58 0.023349825 
216 481 23 26 0.023349825 
697 460 80 106 0.023349825 
791 130 228 249 0.022069868 
438 533 132 142 0.022069868 
57 333 140 175 0.022069868 
377 188 225 256 0.022069868 
527 32 109 157 0.022069868 
636 291 104 103 0.022069868 
643 99 14 16 0.021603195 
901 147 7 8 0.021603195 
871 155 7 8 0.021603195 
622 5 7 8 0.021603195 
610 19 6 6 0.021603195 
534 438 8 11 0.021603195 
621 55 6 8 0.021603195 
216 492 16 18 0.021603195 
681 1 12 15 0.021603195 
763 32 15 17 0.021603195 
200 73 35 41 0.021360904 
440 155 34 44 0.021360898 
96 559 28 30 0.021360898 
165 76 32 42 0.021360898 
746 0 23 27 0.021360898 
507 110 51 63 0.021360898 
615 314 74 77 0.021360898 
519 17 48 64 0.021360898 
140 63 124 151 0.0201599 
