32_Worker_Laborer_Worker_Laborer_32_530
64
612 182 117 157 0.99970764 
264 115 106 148 0.9993284 
290 154 307 315 0.45389685 
91 241 197 350 0.4310897 
430 660 19 26 0.35282937 
258 612 39 56 0.32552502 
163 718 52 81 0.21842523 
284 -29 215 355 0.19988176 
159 178 206 350 0.14717786 
476 318 242 284 0.115646794 
732 470 200 325 0.1065206 
329 573 206 306 0.09803478 
12 -6 209 330 0.06984133 
159 313 242 388 0.06984133 
61 61 246 388 0.064067975 
297 654 55 78 0.06111947 
271 601 51 64 0.06111947 
401 256 121 208 0.05874174 
667 85 35 31 0.051466707 
582 685 22 30 0.051466707 
600 675 7 10 0.04990379 
17 354 117 160 0.045153897 
220 26 165 157 0.03781825 
188 687 26 34 0.036325652 
577 675 12 23 0.035808332 
415 -11 138 218 0.034593593 
587 693 12 19 0.03293372 
303 88 22 30 0.03293372 
557 654 7 10 0.032933712 
254 18 100 85 0.030461604 
539 663 19 30 0.030461596 
645 534 14 21 0.030282615 
524 739 15 27 0.030282615 
668 139 74 112 0.027884193 
778 686 7 11 0.027838778 
819 420 188 320 0.026434705 
580 682 14 22 0.02558696 
228 58 69 85 0.025519116 
672 102 34 34 0.025519116 
178 748 41 45 0.025519116 
275 622 53 73 0.025519116 
448 728 30 45 0.025519116 
128 576 30 56 0.025519116 
223 233 228 334 0.024156325 
574 755 8 12 0.02351288 
535 743 14 23 0.02351288 
406 771 17 19 0.02351288 
7 784 6 8 0.02351288 
576 792 17 20 0.02351288 
708 138 7 10 0.02351288 
676 117 29 32 0.023349825 
8 49 49 101 0.023349825 
185 743 57 65 0.023349825 
252 478 29 40 0.023349825 
238 468 52 73 0.023349825 
518 739 25 43 0.023349825 
651 74 60 53 0.023349825 
312 646 75 101 0.023349825 
590 91 170 276 0.022069868 
293 344 232 280 0.022069868 
348 630 119 180 0.022069868 
547 641 17 21 0.021603195 
695 377 209 276 0.020159906 
607 388 203 272 0.020159906 
