32_Worker_Laborer_Worker_Laborer_32_101
74
577 114 91 146 0.9992632 
206 35 94 123 0.99755305 
137 89 209 281 0.864054 
773 525 83 125 0.82463235 
598 242 246 340 0.73441863 
3 73 239 355 0.56891036 
817 429 43 59 0.45459446 
756 61 253 345 0.2311026 
455 732 32 35 0.21842524 
666 138 212 321 0.18550259 
148 375 126 186 0.18550259 
172 46 51 75 0.12872264 
808 521 68 91 0.12872262 
360 562 61 99 0.118850335 
33 147 36 49 0.118850335 
186 172 136 160 0.115646794 
315 304 293 412 0.115646794 
104 191 235 350 0.115646794 
15 119 55 89 0.10106142 
730 514 194 298 0.09803478 
796 352 104 146 0.08285364 
572 0 253 340 0.076092646 
137 415 10 13 0.05879275 
723 525 101 136 0.05874174 
706 316 206 261 0.05874174 
718 406 31 38 0.051466707 
777 480 8 12 0.04990379 
335 572 53 86 0.047198545 
817 419 29 41 0.047198545 
666 697 74 70 0.047198545 
695 582 56 67 0.047198545 
649 110 69 104 0.047198545 
795 273 228 293 0.045153897 
337 475 47 78 0.04326818 
807 393 70 83 0.04326818 
7 512 128 160 0.04133061 
479 240 261 366 0.04133061 
155 431 8 11 0.038923774 
359 50 218 330 0.03781825 
322 526 93 144 0.03781825 
699 598 34 43 0.036325645 
398 253 7 10 0.035808332 
176 56 126 186 0.03163486 
368 472 24 37 0.030461596 
166 57 34 53 0.030461596 
761 587 82 100 0.030461596 
316 214 222 285 0.028921604 
378 471 27 42 0.027884193 
302 566 14 19 0.027838783 
945 221 15 23 0.027838783 
777 542 119 191 0.02643471 
168 498 183 281 0.02643471 
468 87 222 366 0.026434705 
95 492 59 69 0.025519116 
854 293 60 85 0.025519116 
-3 109 49 111 0.025519116 
53 82 128 215 0.024156325 
-17 420 235 281 0.024156325 
11 469 6 7 0.02351288 
806 235 22 40 0.023349825 
710 547 71 91 0.023349825 
606 407 215 277 0.022069868 
628 71 124 172 0.022069868 
405 491 5 7 0.021603195 
775 483 7 11 0.021603195 
349 568 14 21 0.021603195 
118 132 60 63 0.021360904 
792 399 48 74 0.021360904 
806 409 30 45 0.021360898 
146 48 55 86 0.021360898 
101 501 31 47 0.021360898 
355 490 29 46 0.021360898 
334 489 30 53 0.021360898 
788 454 109 158 0.0201599 
