32_Worker_Laborer_Worker_Laborer_32_408
56
284 283 89 187 0.99813616 
528 698 91 169 0.9953797 
437 95 85 160 0.9953797 
700 274 86 174 0.89036 
380 730 73 172 0.83741444 
549 403 60 163 0.21842523 
3 530 61 172 0.188928 
351 674 121 261 0.18550259 
836 603 200 493 0.18550259 
898 769 116 303 0.1065206 
553 932 222 531 0.09803478 
229 616 218 624 0.09803478 
602 1067 116 307 0.09015675 
60 479 39 66 0.07880669 
561 -22 265 662 0.06984133 
276 146 200 493 0.06984132 
909 943 89 241 0.06655857 
212 555 71 124 0.06111947 
763 419 67 135 0.06111947 
670 6 222 539 0.05874174 
858 582 69 137 0.056098126 
290 844 61 155 0.051466707 
735 319 62 140 0.047198545 
62 415 225 634 0.045153886 
77 486 140 395 0.04133061 
761 356 34 78 0.039651502 
769 939 218 555 0.03781825 
383 724 116 307 0.03781825 
403 1139 32 73 0.036325652 
106 192 14 35 0.035808332 
112 848 67 166 0.033269096 
448 679 249 571 0.03163486 
809 -14 188 547 0.03163486 
893 32 114 317 0.03163486 
507 716 67 147 0.030461604 
572 729 61 142 0.030461604 
503 352 90 257 0.028921604 
54 1063 215 555 0.028921604 
716 122 134 298 0.028921604 
231 594 37 66 0.027884185 
57 261 55 131 0.027884185 
61 194 18 42 0.027838778 
187 513 93 225 0.026434705 
760 346 55 163 0.025519116 
553 346 112 239 0.024156325 
661 146 132 341 0.024156325 
143 754 232 580 0.024156325 
125 173 9 24 0.02351288 
517 1120 128 261 0.022069868 
336 618 186 493 0.022069868 
252 411 209 493 0.022069868 
119 164 14 40 0.021603195 
69 185 65 155 0.021360904 
872 602 42 88 0.021360898 
775 455 39 81 0.021360898 
485 -22 215 555 0.020159906 
