32_Worker_Laborer_Worker_Laborer_32_110
48
701 53 95 76 0.9846489 
451 15 26 22 0.98366195 
492 338 43 34 0.94853324 
732 232 269 160 0.6135702 
48 108 109 77 0.24794048 
193 129 215 134 0.15916686 
147 8 104 85 0.15916684 
107 97 23 15 0.118850335 
101 32 215 165 0.115646794 
270 149 89 82 0.115646794 
210 137 14 12 0.09507551 
881 152 188 151 0.09015675 
200 137 24 18 0.07880669 
188 257 206 140 0.076092646 
119 56 22 17 0.07244435 
209 181 239 175 0.064067975 
805 2 200 151 0.064067975 
790 178 228 153 0.05874174 
459 204 186 138 0.053832814 
527 150 58 41 0.051466707 
186 130 42 31 0.036325652 
146 168 16 13 0.035808332 
43 183 19 16 0.035808332 
340 91 25 17 0.033269096 
100 237 64 46 0.033269096 
176 137 29 21 0.033269096 
100 200 17 9 0.03293372 
784 262 142 117 0.03163486 
298 144 218 153 0.03163486 
202 204 22 18 0.030461596 
304 165 94 81 0.028921604 
905 155 119 90 0.028921604 
118 162 186 119 0.028921604 
343 127 25 19 0.027884193 
164 134 31 20 0.027884185 
123 178 16 12 0.027838778 
202 44 194 140 0.026434705 
504 140 90 70 0.026434705 
571 130 330 188 0.026434705 
211 274 21 22 0.025519116 
89 98 57 36 0.025519116 
96 127 14 9 0.02351288 
111 94 53 35 0.023349825 
204 177 28 21 0.023349825 
92 87 130 103 0.022069868 
394 -29 228 158 0.022069868 
680 49 60 45 0.021360898 
166 16 71 48 0.021360898 
