32_Worker_Laborer_Worker_Laborer_32_204
42
497 233 186 297 0.8408331 
684 494 232 339 0.5 
449 282 103 199 0.3864298 
1 243 249 334 0.18550259 
479 309 298 301 0.15916686 
230 280 209 264 0.15916684 
449 95 249 319 0.13594593 
510 29 246 284 0.13594593 
260 332 95 117 0.118850335 
548 172 225 297 0.1065206 
464 296 61 119 0.08567616 
31 46 64 102 0.07880669 
623 14 249 329 0.076092646 
444 6 197 280 0.076092646 
637 171 215 241 0.06984132 
516 398 293 365 0.064067975 
150 424 273 354 0.064067975 
151 186 218 315 0.064067975 
365 298 293 276 0.058741733 
755 246 58 72 0.056098126 
103 35 82 82 0.047198545 
695 231 130 155 0.045153897 
-14 319 134 179 0.045153886 
325 119 235 284 0.045153886 
464 102 126 221 0.04133062 
302 320 119 162 0.03781825 
745 272 78 80 0.036325652 
671 304 209 288 0.034593605 
661 564 172 205 0.034593605 
792 534 155 267 0.034593593 
474 303 34 59 0.030461604 
732 318 70 82 0.027884185 
227 151 235 272 0.02643471 
755 -1 277 349 0.024156325 
233 502 273 329 0.024156325 
381 323 101 159 0.024156325 
756 254 27 35 0.023349825 
520 323 67 100 0.021360904 
418 315 73 76 0.021360898 
429 132 71 80 0.021360898 
772 207 62 89 0.021360898 
294 168 149 162 0.0201599 
