17_Ceremony_Ceremony_17_253
506
638 680 12 18 0.77087367 
771 356 8 12 0.755209 
367 316 17 25 0.5 
64 742 17 24 0.45677772 
798 662 12 16 0.45677772 
869 458 8 11 0.4141967 
43 634 31 42 0.34582695 
884 702 10 13 0.31433135 
850 670 13 21 0.29596066 
236 725 15 24 0.29596066 
600 685 14 20 0.27822798 
148 528 17 27 0.24479094 
847 348 7 11 0.22912635 
13 722 14 23 0.22912635 
74 386 8 11 0.22912635 
465 687 11 18 0.2141799 
255 386 7 11 0.19995552 
743 381 9 11 0.19995552 
341 337 7 10 0.19995552 
973 130 14 18 0.1864517 
71 410 14 20 0.17366187 
406 713 12 18 0.17366187 
234 142 7 9 0.17366187 
314 343 7 10 0.17366186 
648 731 23 32 0.16258556 
882 433 8 11 0.16157512 
328 742 17 25 0.16157512 
812 681 14 20 0.16157512 
175 61 209 298 0.15916686 
57 710 15 20 0.13944872 
611 310 7 10 0.13944872 
889 677 12 17 0.13944872 
411 680 12 18 0.13944872 
362 439 14 20 0.1293704 
904 360 9 12 0.1293704 
101 382 8 12 0.12937039 
775 338 7 9 0.11991897 
97 506 10 17 0.11991897 
330 733 15 23 0.111069925 
317 461 9 12 0.111069925 
465 306 21 34 0.109639935 
659 170 22 35 0.109639935 
90 453 10 14 0.10279763 
125 371 9 12 0.102797605 
918 753 15 15 0.102797605 
881 702 21 31 0.10106142 
43 721 11 17 0.09507551 
847 707 11 16 0.09507551 
427 693 12 18 0.09507551 
936 706 7 9 0.09507551 
920 682 12 18 0.09507551 
8 703 8 11 0.09507551 
263 537 225 307 0.090156734 
273 124 6 9 0.08787667 
335 447 15 22 0.08787667 
99 155 6 8 0.08787667 
937 366 8 11 0.08787667 
173 439 12 17 0.08787667 
830 661 14 20 0.08117401 
745 692 12 17 0.08117401 
213 367 11 16 0.08117401 
762 749 16 21 0.08117401 
103 450 14 22 0.08117401 
278 749 10 12 0.08117401 
586 711 11 15 0.08117401 
188 426 15 22 0.08117401 
412 716 12 17 0.08117401 
140 423 12 17 0.074940585 
537 339 8 11 0.074940585 
265 488 12 18 0.074940585 
305 475 8 12 0.07494057 
357 447 13 18 0.07494057 
797 692 18 25 0.07494057 
350 0 20 19 0.07494057 
553 672 7 11 0.07494057 
807 389 8 11 0.069149815 
323 698 13 15 0.069149815 
707 348 8 11 0.069149815 
626 669 8 11 0.069149815 
202 400 8 11 0.0691498 
562 737 16 24 0.0691498 
724 707 8 12 0.06377564 
339 683 14 21 0.06377564 
400 712 12 17 0.06377564 
384 458 5 7 0.06377564 
926 717 14 20 0.06377564 
785 342 7 10 0.06377564 
412 678 9 11 0.06377564 
945 127 8 11 0.06377564 
874 139 6 9 0.06377564 
809 713 21 29 0.06111947 
358 696 13 16 0.05879275 
619 712 11 17 0.05879275 
681 94 5 7 0.05879275 
890 439 7 10 0.05879275 
617 101 5 6 0.05879275 
278 344 8 11 0.05879275 
49 425 12 18 0.05879275 
674 669 15 21 0.05879275 
181 375 7 10 0.05879275 
360 315 15 22 0.05879275 
734 309 7 10 0.05879275 
612 147 9 12 0.05879275 
193 753 17 16 0.05879275 
202 727 14 21 0.05879275 
914 657 8 11 0.05879275 
703 443 212 281 0.05874174 
758 300 7 11 0.054176662 
877 357 9 12 0.054176662 
416 728 14 20 0.054176662 
250 354 7 11 0.054176662 
319 112 6 8 0.054176662 
271 721 14 19 0.054176662 
690 415 7 11 0.054176662 
124 404 7 10 0.054176662 
254 700 13 17 0.054176662 
366 729 15 24 0.054176662 
733 348 6 10 0.054176662 
733 312 7 9 0.054176662 
746 337 6 9 0.054176662 
616 -15 222 316 0.053832818 
70 463 21 29 0.051466707 
9 612 12 24 0.04990379 
776 693 15 22 0.04990379 
1010 225 12 31 0.04990379 
24 748 12 16 0.04990379 
152 169 8 11 0.04990379 
283 477 12 18 0.04990379 
429 323 7 11 0.04990379 
187 420 13 18 0.04990379 
430 131 5 8 0.04990379 
304 685 15 20 0.04990379 
356 457 8 12 0.04990379 
705 706 13 17 0.04990379 
195 397 12 17 0.04990379 
680 732 11 19 0.04990379 
216 733 13 20 0.04990379 
599 690 8 12 0.049903784 
874 679 14 20 0.049903784 
335 474 8 11 0.049903784 
756 670 11 17 0.049903784 
377 714 12 15 0.049903784 
233 412 13 19 0.049903784 
337 22 249 325 0.04931264 
704 670 25 34 0.047198545 
838 733 23 30 0.047198545 
495 715 10 18 0.04595155 
868 117 12 17 0.04595155 
0 203 6 12 0.04595155 
493 672 9 12 0.04595155 
961 752 15 17 0.04595155 
648 329 6 10 0.04595155 
645 347 8 11 0.04595155 
581 674 7 10 0.04595155 
644 177 5 7 0.045951538 
601 338 7 9 0.045951538 
375 682 11 15 0.045951538 
6 587 14 20 0.045951538 
377 150 6 8 0.045951538 
563 674 8 10 0.045951538 
801 358 7 10 0.045951538 
822 309 7 9 0.045951538 
231 534 7 12 0.045951538 
179 137 5 8 0.045951538 
433 699 8 12 0.045951538 
803 685 18 25 0.045951538 
881 678 13 18 0.045951538 
335 725 21 30 0.04326818 
691 334 7 10 0.04229837 
614 102 6 8 0.04229837 
93 406 12 18 0.04229837 
860 327 6 9 0.04229837 
834 424 9 13 0.04229837 
812 671 15 21 0.04229837 
46 156 5 8 0.04229837 
189 397 12 18 0.04229837 
721 746 17 22 0.04229837 
608 739 8 11 0.04229837 
843 429 6 9 0.04229837 
167 404 11 17 0.04229837 
839 117 6 9 0.04229837 
408 716 8 11 0.04229837 
727 250 206 273 0.04133061 
397 318 49 82 0.039651502 
972 83 24 35 0.039651494 
79 149 7 10 0.038923774 
375 747 14 19 0.038923774 
858 469 6 9 0.038923774 
198 367 7 11 0.038923774 
891 458 7 10 0.038923774 
94 150 12 18 0.038923774 
875 659 8 11 0.038923774 
449 709 8 11 0.038923774 
74 449 13 18 0.038923774 
144 419 14 20 0.038923774 
927 320 8 12 0.038923774 
361 119 4 6 0.038923774 
11 610 8 14 0.038923774 
721 338 7 9 0.038923774 
341 720 16 23 0.038923774 
46 154 5 6 0.038923774 
268 76 225 307 0.03781825 
937 122 21 30 0.036325652 
765 719 22 32 0.036325652 
336 336 21 32 0.036325652 
173 434 21 28 0.036325645 
459 714 12 20 0.035808332 
306 718 6 9 0.035808332 
941 137 7 10 0.035808332 
183 711 14 23 0.035808332 
702 306 5 7 0.035808332 
416 721 13 18 0.035808332 
745 403 13 18 0.035808332 
760 739 14 21 0.035808332 
633 754 13 15 0.035808332 
628 332 8 11 0.035808332 
270 688 14 23 0.035808332 
602 683 10 12 0.035808332 
925 127 6 10 0.035808332 
740 348 5 8 0.035808332 
843 118 5 7 0.035808332 
549 109 5 7 0.035808332 
728 665 13 19 0.035808332 
206 435 12 18 0.035808332 
229 361 7 9 0.035808332 
658 128 7 11 0.035808332 
668 133 6 8 0.035808332 
114 702 30 38 0.033269096 
193 425 20 28 0.033269096 
985 12 40 80 0.033269096 
852 422 7 11 0.03293372 
816 707 13 19 0.03293372 
859 117 14 20 0.03293372 
15 746 14 19 0.03293372 
672 671 8 13 0.03293372 
354 104 5 7 0.03293372 
953 679 7 11 0.03293372 
207 559 13 20 0.03293372 
801 659 10 13 0.03293372 
659 412 7 10 0.03293372 
731 724 10 17 0.03293372 
557 697 9 13 0.032933712 
338 377 9 12 0.032933712 
433 705 11 17 0.032933712 
470 688 12 17 0.032933712 
822 122 6 9 0.032933712 
569 334 7 10 0.032933712 
820 141 7 10 0.032933712 
614 351 8 10 0.032933712 
784 128 4 6 0.032933712 
595 217 6 10 0.032933712 
852 137 6 10 0.032933712 
730 674 13 19 0.032933712 
331 458 281 394 0.03163486 
-33 2 246 335 0.03163486 
841 280 194 273 0.03163486 
357 441 23 31 0.030461596 
120 475 14 20 0.030282615 
58 394 7 11 0.030282615 
309 488 12 17 0.030282615 
769 701 18 24 0.030282615 
245 379 7 11 0.030282615 
550 674 12 18 0.030282615 
470 695 14 19 0.030282615 
816 345 7 10 0.030282615 
701 309 6 9 0.030282615 
892 441 7 10 0.030282615 
201 692 12 19 0.030282615 
934 671 8 12 0.030282615 
93 210 5 7 0.030282615 
1011 592 6 8 0.030282615 
505 362 8 12 0.030282615 
372 735 15 21 0.030282615 
72 166 6 10 0.030282615 
215 428 11 17 0.030282615 
784 423 10 15 0.030282615 
218 702 14 18 0.030282615 
305 420 8 11 0.030282615 
901 657 8 11 0.030282615 
709 666 13 19 0.030282615 
316 360 222 345 0.028921604 
74 40 228 330 0.028921604 
67 411 21 31 0.027884193 
372 311 51 76 0.027884193 
412 16 58 69 0.027884185 
116 230 5 7 0.027838783 
736 301 6 8 0.027838783 
842 734 9 13 0.027838783 
1017 165 6 13 0.027838783 
413 741 14 21 0.027838783 
628 308 11 16 0.027838783 
848 309 7 10 0.027838783 
803 664 14 20 0.027838783 
607 685 13 18 0.027838783 
822 132 6 7 0.027838783 
658 691 9 14 0.027838783 
769 714 17 22 0.027838783 
859 110 12 18 0.027838783 
114 392 7 11 0.027838783 
7 588 8 12 0.027838783 
341 487 9 13 0.027838783 
222 387 12 18 0.027838783 
61 693 14 19 0.027838783 
109 514 8 13 0.027838783 
124 374 13 17 0.027838783 
738 332 6 9 0.027838783 
838 426 8 12 0.027838783 
1006 129 17 29 0.027838783 
530 411 18 33 0.027838783 
528 142 7 9 0.027838783 
153 146 8 11 0.027838778 
989 673 15 27 0.027838778 
128 695 14 20 0.027838778 
931 708 12 18 0.027838778 
821 126 6 9 0.027838778 
373 718 13 19 0.027838778 
278 753 14 16 0.027838778 
873 680 9 15 0.027838778 
167 728 13 18 0.027838778 
71 382 8 12 0.027838778 
591 673 13 17 0.027838778 
841 730 15 22 0.027838778 
890 336 6 9 0.02558696 
710 665 9 11 0.02558696 
816 663 15 21 0.02558696 
378 342 7 11 0.02558696 
237 357 8 12 0.02558696 
455 720 13 21 0.02558696 
606 739 14 21 0.02558696 
447 678 7 10 0.02558696 
861 367 8 11 0.02558696 
808 681 10 14 0.02558696 
644 686 8 12 0.02558696 
635 682 8 13 0.02558696 
307 682 10 11 0.02558696 
928 339 12 21 0.02558696 
258 468 9 12 0.02558696 
916 371 7 9 0.02558696 
305 479 13 19 0.02558696 
114 500 13 22 0.02558696 
233 521 7 10 0.02558696 
149 534 10 16 0.02558696 
0 29 6 12 0.02558696 
707 692 6 10 0.02558696 
823 118 6 9 0.02558696 
876 424 12 18 0.02558696 
268 714 13 18 0.02558696 
642 313 7 9 0.02558696 
577 692 12 16 0.02558696 
250 384 8 13 0.02558696 
906 389 11 18 0.02558696 
178 409 7 11 0.02558696 
337 452 8 12 0.02558696 
310 383 8 12 0.02558696 
388 369 16 23 0.02558696 
585 327 5 8 0.02558696 
397 704 12 17 0.02558696 
333 755 11 13 0.02558696 
71 136 7 10 0.02558696 
818 131 5 8 0.02558696 
785 131 5 7 0.02558696 
928 126 8 11 0.02558696 
784 125 4 5 0.02558696 
779 127 5 7 0.02558696 
288 700 14 18 0.02558696 
361 316 8 12 0.02558696 
742 323 5 8 0.02558696 
485 337 6 9 0.02558696 
662 332 7 10 0.02558696 
393 696 12 16 0.02558696 
998 455 25 39 0.025519116 
971 133 22 31 0.025519116 
983 85 26 42 0.025519116 
51 714 23 27 0.025519116 
2 609 23 38 0.025519116 
649 688 12 18 0.02351288 
471 742 7 9 0.02351288 
305 717 11 16 0.02351288 
922 727 15 23 0.02351288 
617 711 8 13 0.02351288 
823 663 15 21 0.02351288 
288 759 7 9 0.02351288 
410 708 13 17 0.02351288 
320 702 15 22 0.02351288 
315 458 8 11 0.02351288 
629 390 11 19 0.02351288 
186 399 8 11 0.02351288 
797 415 6 10 0.02351288 
330 416 8 11 0.02351288 
294 505 12 16 0.02351288 
280 501 7 11 0.02351288 
116 425 13 17 0.02351288 
949 125 12 17 0.02351288 
710 319 6 8 0.02351288 
145 357 6 10 0.02351288 
731 348 11 17 0.02351288 
110 367 7 10 0.02351288 
76 147 6 9 0.02351288 
281 137 6 9 0.02351288 
87 161 7 11 0.02351288 
771 137 5 7 0.02351288 
74 140 6 9 0.02351288 
88 142 6 8 0.02351288 
826 142 7 10 0.02351288 
709 332 5 8 0.02351288 
904 361 13 19 0.02351288 
77 388 7 10 0.02351288 
83 386 6 10 0.02351288 
939 130 13 18 0.02351288 
892 375 8 12 0.02351288 
740 330 6 8 0.02351288 
612 687 8 11 0.02351288 
955 592 7 10 0.02351288 
797 660 9 11 0.02351288 
322 366 8 12 0.02351288 
955 654 11 16 0.02351288 
164 689 14 15 0.02351288 
884 673 9 12 0.02351288 
848 153 5 7 0.02351288 
41 156 6 8 0.02351288 
809 148 5 8 0.02351288 
962 750 10 12 0.02351288 
93 152 6 8 0.02351288 
802 672 15 22 0.02351288 
88 449 21 28 0.023349825 
746 662 22 30 0.023349825 
662 268 24 40 0.023349825 
877 681 21 27 0.023349825 
331 273 197 269 0.022069868 
431 392 261 316 0.022069868 
688 50 123 172 0.022069868 
13 721 10 13 0.0216032 
612 142 8 10 0.0216032 
3 591 8 11 0.021603195 
267 379 12 19 0.021603195 
662 707 7 10 0.021603195 
104 378 11 16 0.021603195 
626 692 13 16 0.021603195 
662 689 11 17 0.021603195 
259 397 12 18 0.021603195 
786 420 7 9 0.021603195 
330 424 13 17 0.021603195 
70 456 14 24 0.021603195 
288 461 8 10 0.021603195 
744 350 12 18 0.021603195 
1004 680 17 27 0.021603195 
735 713 9 13 0.021603195 
803 701 17 25 0.021603195 
372 318 10 14 0.021603195 
805 341 6 10 0.021603195 
459 713 7 12 0.021603195 
729 701 14 19 0.021603195 
679 693 13 17 0.021603195 
778 334 6 8 0.021603195 
213 429 7 11 0.021603195 
673 130 5 7 0.021603195 
457 749 12 15 0.021603195 
775 132 5 7 0.021603195 
294 738 13 20 0.021603195 
852 132 6 9 0.021603195 
16 194 6 8 0.021603195 
760 735 10 14 0.021603195 
915 127 8 10 0.021603195 
689 310 6 8 0.021603195 
860 109 7 9 0.021603195 
568 283 15 24 0.021603195 
793 295 7 10 0.021603195 
231 142 6 9 0.021603195 
693 725 8 12 0.021603195 
706 305 5 7 0.021603195 
378 18 8 11 0.021603195 
788 305 7 9 0.021603195 
761 117 8 12 0.021603195 
38 162 5 7 0.021603195 
624 189 5 8 0.021603195 
245 355 8 12 0.021603195 
178 372 7 11 0.021603195 
239 355 11 18 0.021603195 
686 369 6 10 0.021603195 
896 593 7 10 0.021603195 
909 661 12 17 0.021603195 
750 667 13 19 0.021603195 
225 361 7 11 0.021603195 
934 122 14 20 0.021603195 
139 180 6 9 0.021603195 
208 730 16 25 0.021603195 
96 179 13 20 0.021603195 
874 120 8 11 0.021603195 
296 535 7 9 0.021603195 
113 485 14 22 0.021603195 
258 502 7 10 0.021603195 
277 524 7 9 0.021603195 
211 366 8 11 0.021603195 
112 685 50 69 0.021360904 
978 672 23 37 0.021360904 
850 674 22 29 0.021360904 
971 73 49 76 0.021360904 
42 419 23 35 0.021360904 
310 690 22 29 0.021360898 
75 455 20 28 0.021360898 
195 731 21 26 0.021360898 
222 699 23 30 0.021360898 
602 399 62 92 0.021360898 
867 357 21 29 0.021360898 
771 443 23 34 0.021360898 
408 411 128 191 0.0201599 
