17_Ceremony_Ceremony_17_418
431
469 123 16 20 0.9964348 
660 124 16 21 0.9957628 
626 132 15 21 0.9953811 
585 130 17 20 0.99225557 
276 135 19 24 0.99225557 
948 197 17 22 0.9881053 
249 105 20 27 0.9858861 
87 137 26 31 0.98366195 
701 126 18 25 0.9832598 
869 141 13 16 0.98177195 
714 169 25 29 0.98046196 
169 112 19 24 0.97839683 
315 116 18 22 0.97839683 
508 115 21 26 0.9764871 
205 123 22 28 0.9577016 
789 198 20 25 0.9458233 
556 177 25 32 0.9439019 
564 127 10 14 0.9308502 
966 123 12 15 0.9308502 
15 118 19 26 0.92505944 
968 221 18 22 0.92505944 
300 142 21 27 0.91882604 
984 150 15 18 0.91882604 
765 131 14 19 0.91882604 
146 168 23 29 0.9143238 
697 154 20 23 0.88893 
382 116 15 19 0.87062967 
318 500 138 137 0.8408331 
298 82 12 17 0.8384248 
859 110 9 12 0.8263381 
905 133 10 12 0.8263381 
581 104 11 15 0.7858201 
892 127 8 10 0.77087367 
119 89 9 14 0.755209 
685 135 14 18 0.7388364 
363 126 17 20 0.7388364 
23 152 26 31 0.6744751 
1003 150 12 16 0.66669756 
61 94 10 14 0.66669756 
405 100 12 17 0.66669756 
992 208 11 15 0.6271395 
131 133 16 20 0.5858033 
74 78 12 14 0.56463194 
786 144 17 20 0.5432222 
80 66 7 10 0.5216516 
113 118 9 12 0.43536806 
1001 174 12 16 0.43536806 
418 131 22 25 0.4099317 
319 336 200 288 0.4085711 
918 172 13 18 0.3933377 
940 130 9 11 0.35282937 
132 143 13 19 0.29596066 
125 67 12 16 0.27822798 
930 253 21 29 0.268611 
216 442 232 260 0.24794048 
954 215 14 18 0.24479094 
152 58 23 29 0.23436876 
95 82 14 20 0.2141799 
812 153 18 24 0.2141799 
964 152 9 11 0.2141799 
458 109 9 12 0.18645167 
155 97 8 11 0.17366187 
355 148 22 25 0.17366187 
182 84 13 16 0.17366186 
130 73 8 10 0.16157512 
101 70 8 10 0.16157512 
936 161 9 11 0.15017675 
753 240 16 24 0.15017675 
112 126 11 16 0.15017675 
998 206 15 17 0.13944872 
146 91 8 10 0.13944872 
168 147 12 17 0.13944872 
463 140 18 23 0.13944872 
453 141 15 20 0.13944872 
956 143 9 11 0.1293704 
754 129 13 18 0.11991897 
930 186 9 12 0.11991897 
786 288 29 37 0.118850335 
379 446 142 155 0.115646794 
532 115 15 20 0.111069925 
378 93 13 15 0.111069925 
18 136 28 35 0.109639935 
437 436 158 172 0.1065206 
820 184 14 19 0.102797605 
78 99 7 9 0.102797605 
69 97 9 12 0.102797605 
356 525 92 77 0.10106142 
817 145 14 21 0.09507551 
529 132 6 9 0.09507551 
821 144 8 10 0.09507551 
208 95 15 17 0.08787667 
859 202 23 27 0.08567616 
88 68 6 8 0.08117401 
757 132 14 19 0.074940585 
299 15 6 8 0.074940585 
151 94 8 10 0.07494057 
723 243 19 30 0.072444364 
342 163 14 20 0.0691498 
787 157 9 11 0.0691498 
155 142 16 22 0.0691498 
492 131 13 16 0.0691498 
932 169 14 16 0.0691498 
110 141 16 22 0.0691498 
89 118 18 22 0.0691498 
315 50 7 9 0.06377564 
295 175 13 21 0.06377564 
1016 205 7 12 0.06377564 
493 146 23 27 0.06111947 
907 200 24 29 0.06111947 
516 94 6 8 0.05879275 
528 86 6 8 0.05879275 
859 180 13 15 0.05879275 
172 141 13 18 0.05879275 
1016 171 8 12 0.05879275 
152 138 14 19 0.05879275 
957 149 13 15 0.05879275 
933 159 8 10 0.05879275 
500 162 45 54 0.056098126 
497 153 25 29 0.056098126 
246 117 24 30 0.056098126 
331 96 12 17 0.054176662 
919 154 7 10 0.054176662 
979 186 15 19 0.054176662 
982 134 13 17 0.054176662 
79 80 11 15 0.054176662 
303 59 6 8 0.054176662 
133 125 15 19 0.054176662 
689 133 10 12 0.04990379 
963 179 13 16 0.04990379 
990 168 9 11 0.04990379 
157 135 14 18 0.04990379 
774 203 13 18 0.04990379 
46 120 14 18 0.04990379 
922 183 15 18 0.049903784 
968 153 9 11 0.049903784 
704 118 14 19 0.049903784 
247 131 24 28 0.047198545 
344 158 21 29 0.047198545 
739 290 25 26 0.047198545 
1006 152 13 18 0.04595155 
335 81 8 10 0.04595155 
879 170 7 9 0.04595155 
484 97 8 10 0.04595155 
750 59 5 6 0.04595155 
904 130 7 9 0.045951538 
72 77 7 8 0.045951538 
72 99 9 11 0.045951538 
854 168 9 12 0.045951538 
788 141 8 9 0.045951538 
3 51 86 126 0.045153897 
929 175 13 16 0.04229837 
540 82 5 6 0.04229837 
810 163 14 19 0.04229837 
150 144 10 12 0.04229837 
811 144 9 11 0.04229837 
332 135 8 10 0.04229837 
895 128 10 13 0.04229837 
405 141 7 9 0.04229837 
279 60 7 8 0.04229837 
854 170 14 18 0.04229837 
607 273 126 174 0.04133061 
935 324 59 76 0.039651502 
910 345 46 63 0.039651502 
543 176 29 40 0.039651494 
400 137 25 32 0.039651494 
589 169 22 28 0.039651494 
980 129 6 8 0.038923774 
731 335 9 11 0.038923774 
295 149 14 20 0.038923774 
36 165 19 22 0.038923774 
210 141 14 17 0.038923774 
471 93 7 10 0.038923774 
975 215 15 19 0.038923774 
729 43 5 6 0.038923774 
1013 217 8 11 0.038923774 
81 80 7 10 0.038923774 
405 101 21 25 0.036325652 
54 52 50 67 0.036325652 
87 108 44 56 0.036325652 
502 481 27 26 0.036325652 
488 132 21 27 0.036325652 
370 117 20 24 0.036325652 
896 194 27 31 0.036325645 
963 256 24 30 0.036325645 
721 57 5 6 0.035808332 
289 104 14 18 0.035808332 
817 145 7 10 0.035808332 
103 72 8 11 0.035808332 
850 129 7 9 0.035808332 
166 73 12 17 0.035808332 
980 205 17 19 0.035808332 
144 87 8 11 0.035808332 
271 52 7 9 0.035808332 
285 12 7 8 0.035808332 
885 140 7 9 0.035808332 
102 140 17 25 0.035808332 
943 136 8 10 0.035808332 
922 154 8 11 0.035808332 
430 91 13 19 0.035808332 
937 262 32 38 0.033269096 
102 124 23 31 0.033269096 
382 120 21 27 0.033269096 
183 89 20 26 0.033269096 
886 128 6 8 0.03293372 
130 78 8 9 0.03293372 
1004 293 17 24 0.03293372 
147 148 18 22 0.03293372 
821 139 7 9 0.03293372 
83 39 7 9 0.03293372 
751 52 4 6 0.03293372 
510 88 5 7 0.032933712 
825 138 8 10 0.032933712 
226 124 13 20 0.032933712 
979 148 14 18 0.032933712 
309 20 7 8 0.032933712 
420 142 17 21 0.032933712 
895 169 8 12 0.032933712 
132 144 8 12 0.032933712 
791 138 7 8 0.032933712 
0 424 17 28 0.032933712 
679 123 8 11 0.032933712 
289 156 9 11 0.032933712 
983 132 9 11 0.032933712 
967 186 9 12 0.032933712 
357 279 218 248 0.03163486 
744 161 21 28 0.030461596 
311 139 22 28 0.030461596 
813 170 8 11 0.030282615 
829 140 8 10 0.030282615 
349 11 5 6 0.030282615 
939 166 8 10 0.030282615 
384 94 13 16 0.030282615 
152 99 8 11 0.030282615 
449 111 13 16 0.030282615 
82 65 10 13 0.030282615 
530 86 6 8 0.030282615 
963 156 13 17 0.030282615 
69 85 12 16 0.030282615 
92 86 9 12 0.030282615 
241 166 8 11 0.030282615 
928 135 6 7 0.030282615 
212 149 9 10 0.030282615 
53 120 7 9 0.030282615 
823 148 9 13 0.030282615 
981 141 15 20 0.030282615 
111 59 6 8 0.030282615 
450 83 12 17 0.030282615 
796 137 6 8 0.030282615 
100 80 8 12 0.030282615 
823 139 14 17 0.030282615 
704 157 12 14 0.030282615 
651 157 13 15 0.030282615 
965 146 9 10 0.030282615 
331 95 7 10 0.030282607 
117 62 21 27 0.027884193 
4 112 38 47 0.027884193 
279 140 24 31 0.027884185 
386 136 27 34 0.027884185 
750 55 5 6 0.027838783 
48 170 7 9 0.027838783 
489 82 5 6 0.027838783 
374 95 9 11 0.027838783 
701 147 17 21 0.027838783 
-1 122 12 24 0.027838783 
460 78 5 6 0.027838783 
324 41 5 7 0.027838783 
952 161 8 10 0.027838783 
103 64 11 17 0.027838783 
758 54 5 6 0.027838783 
90 68 7 9 0.027838783 
205 114 15 18 0.027838783 
156 110 11 16 0.027838783 
98 123 16 21 0.027838783 
323 141 12 18 0.027838778 
394 136 15 19 0.027838778 
495 127 9 12 0.027838778 
961 162 14 18 0.027838778 
132 167 14 19 0.027838778 
979 189 8 10 0.02558696 
860 165 13 16 0.02558696 
880 162 13 17 0.02558696 
136 157 15 20 0.02558696 
164 139 14 18 0.02558696 
1001 162 15 18 0.02558696 
414 126 19 22 0.02558696 
160 134 8 11 0.02558696 
1015 126 8 12 0.02558696 
863 172 8 11 0.02558696 
749 127 13 18 0.02558696 
533 125 13 17 0.02558696 
788 139 12 16 0.02558696 
708 109 17 20 0.02558696 
798 29 4 5 0.02558696 
313 20 5 6 0.02558696 
736 93 12 16 0.02558696 
519 73 4 5 0.02558696 
187 102 13 18 0.02558696 
310 54 6 8 0.02558696 
494 66 5 7 0.02558696 
918 147 7 9 0.02558696 
885 160 6 8 0.02558696 
956 256 18 22 0.02558696 
696 133 16 22 0.02558696 
310 4 6 7 0.02558696 
916 150 7 10 0.02558696 
776 173 25 29 0.025519116 
146 48 40 50 0.025519116 
668 42 49 74 0.025519116 
157 294 49 73 0.025519116 
519 118 20 26 0.025519116 
507 222 188 292 0.024156325 
677 460 194 241 0.024156325 
826 133 7 8 0.02351288 
957 114 8 11 0.02351288 
34 144 19 25 0.02351288 
161 108 13 17 0.02351288 
754 55 5 6 0.02351288 
142 154 17 20 0.02351288 
501 91 5 6 0.02351288 
114 88 8 11 0.02351288 
160 149 16 21 0.02351288 
986 161 10 11 0.02351288 
486 100 8 10 0.02351288 
145 158 20 26 0.02351288 
281 33 5 6 0.02351288 
930 158 8 11 0.02351288 
343 20 5 7 0.02351288 
207 62 7 9 0.02351288 
358 82 5 7 0.02351288 
73 94 9 12 0.02351288 
96 68 7 10 0.02351288 
431 65 5 6 0.02351288 
852 167 7 11 0.02351288 
178 54 6 8 0.02351288 
96 72 12 18 0.02351288 
867 163 8 9 0.02351288 
310 101 8 10 0.02351288 
456 81 5 7 0.02351288 
372 128 14 19 0.02351288 
716 55 4 5 0.02351288 
46 145 8 9 0.02351288 
683 128 12 17 0.02351288 
961 139 14 17 0.02351288 
735 125 13 17 0.02351288 
763 59 6 7 0.02351288 
442 115 13 16 0.02351288 
190 113 7 9 0.02351288 
791 207 20 27 0.02351288 
870 167 14 19 0.02351288 
461 111 10 12 0.02351288 
143 82 7 9 0.02351288 
751 298 17 20 0.02351288 
928 176 8 10 0.02351288 
481 94 8 10 0.02351288 
283 58 7 8 0.02351288 
122 128 6 9 0.02351288 
306 19 6 8 0.02351288 
1004 122 8 9 0.02351288 
227 72 15 19 0.02351288 
353 11 5 6 0.02351288 
181 80 10 12 0.02351288 
134 123 9 11 0.02351288 
267 59 6 7 0.02351288 
784 56 4 5 0.02351288 
986 186 13 17 0.02351288 
312 391 32 48 0.023349825 
3 304 28 37 0.023349825 
167 303 31 45 0.023349825 
670 159 21 29 0.023349825 
491 163 28 32 0.023349825 
28 47 56 76 0.023349825 
374 134 26 33 0.023349825 
959 210 21 26 0.023349825 
524 390 257 241 0.022069868 
62 91 8 11 0.0216032 
110 130 7 12 0.021603195 
77 85 9 12 0.021603195 
949 146 11 15 0.021603195 
378 132 16 21 0.021603195 
446 143 16 21 0.021603195 
141 136 8 10 0.021603195 
481 90 7 8 0.021603195 
60 94 7 11 0.021603195 
799 296 20 26 0.021603195 
325 186 16 21 0.021603195 
312 183 15 24 0.021603195 
885 190 7 11 0.021603195 
500 94 5 7 0.021603195 
815 177 14 18 0.021603195 
987 174 8 10 0.021603195 
381 90 9 11 0.021603195 
786 170 15 19 0.021603195 
965 172 9 11 0.021603195 
916 171 7 10 0.021603195 
954 149 7 10 0.021603195 
818 138 6 9 0.021603195 
149 63 14 18 0.021603195 
20 129 20 25 0.021603195 
694 158 10 12 0.021603195 
953 154 7 9 0.021603195 
169 78 14 18 0.021603195 
233 17 4 6 0.021603195 
537 84 5 8 0.021603195 
110 29 4 5 0.021603195 
301 17 6 8 0.021603195 
753 51 5 6 0.021603195 
238 20 5 6 0.021603195 
178 84 8 10 0.021603195 
378 84 7 8 0.021603195 
74 70 12 15 0.021603195 
141 81 12 15 0.021603195 
1011 151 8 10 0.021603195 
345 75 6 8 0.021603195 
441 107 13 16 0.021603195 
662 145 7 9 0.021603195 
556 141 13 15 0.021603195 
62 110 14 17 0.021603195 
965 142 8 9 0.021603195 
941 139 8 10 0.021603195 
588 105 9 12 0.021603195 
-2 148 14 28 0.021603195 
517 96 7 9 0.021603195 
379 95 21 26 0.021360898 
430 499 70 64 0.021360898 
960 120 21 26 0.021360898 
211 225 25 28 0.021360898 
817 186 24 30 0.021360898 
58 114 20 26 0.021360898 
262 148 31 39 0.021360898 
706 163 23 29 0.021360898 
803 125 49 54 0.021360898 
