17_Ceremony_Ceremony_17_1037
59
279 88 56 221 0.8989386 
306 1130 106 514 0.5461031 
313 881 98 330 0.3436022 
481 119 128 424 0.32305852 
610 889 109 437 0.32305852 
324 668 222 874 0.28400344 
-10 566 149 529 0.2840034 
648 1178 90 330 0.24794048 
367 977 140 651 0.24794048 
695 153 253 927 0.14717786 
242 84 71 190 0.09308393 
436 0 200 711 0.09015675 
921 793 100 193 0.08567618 
111 78 228 777 0.08285364 
325 847 121 587 0.076092646 
224 1107 70 210 0.072444364 
57 248 239 900 0.06984133 
564 565 186 733 0.05874174 
46 470 67 214 0.056098126 
351 406 186 743 0.053832818 
256 275 218 711 0.045153897 
2 811 112 499 0.045153897 
795 461 191 711 0.045153886 
-48 279 197 681 0.045153886 
349 710 132 537 0.04133061 
-5 1284 112 578 0.03781825 
0 92 95 470 0.03781825 
269 928 172 824 0.03781825 
255 1207 119 437 0.034593593 
341 1225 114 477 0.034593593 
316 1120 215 800 0.034593593 
50 503 38 122 0.033269096 
564 1199 242 777 0.03163486 
530 258 83 249 0.030461596 
-1 1003 100 521 0.028921604 
575 303 62 196 0.027884185 
353 153 246 743 0.02643471 
759 853 212 733 0.02643471 
385 975 235 836 0.02643471 
197 95 124 470 0.026434705 
552 535 119 492 0.026434705 
247 138 42 127 0.025519116 
911 727 86 203 0.025519116 
444 195 67 217 0.025519116 
107 119 70 221 0.025519116 
291 75 38 140 0.025519116 
601 276 253 887 0.024156325 
69 362 134 514 0.024156325 
59 561 62 225 0.023349825 
439 240 26 90 0.023349825 
-60 1358 209 754 0.022069868 
493 192 83 258 0.021360904 
559 146 86 241 0.021360898 
719 837 65 203 0.021360898 
-45 628 200 836 0.020159906 
599 664 111 470 0.0201599 
716 939 89 443 0.0201599 
655 1310 103 371 0.0201599 
26 522 194 777 0.0201599 
