17_Ceremony_Ceremony_17_944
292
813 458 10 16 0.98462796 
868 587 46 71 0.9695384 
954 548 24 46 0.96367437 
472 427 11 15 0.9540484 
0 524 14 27 0.92505944 
516 426 9 13 0.91882604 
197 466 10 15 0.88008106 
842 457 10 15 0.8263381 
152 466 10 15 0.8263381 
873 567 45 62 0.7488979 
855 362 136 209 0.73441863 
224 176 126 219 0.71599656 
235 463 8 13 0.7040394 
172 472 9 13 0.7040394 
745 117 183 265 0.6769414 
760 453 9 14 0.66669756 
633 145 212 336 0.6352516 
43 69 239 336 0.6352516 
636 449 8 14 0.6271395 
704 538 26 32 0.5227497 
544 429 6 8 0.5216516 
274 475 12 18 0.31433135 
275 532 13 21 0.29596066 
152 138 167 239 0.28400344 
168 516 13 20 0.27822798 
272 482 14 22 0.26116365 
209 534 12 22 0.26116365 
131 504 12 19 0.24479094 
545 439 5 7 0.22912635 
264 193 188 265 0.21508123 
90 541 43 33 0.2032784 
222 557 13 17 0.19995552 
154 542 15 17 0.19995552 
876 545 25 31 0.188928 
551 451 6 8 0.17366186 
97 200 269 361 0.17193554 
899 201 75 80 0.16258556 
64 538 13 25 0.16157512 
878 527 20 29 0.15056497 
780 277 246 331 0.14717786 
218 463 8 13 0.13944872 
9 256 265 361 0.13594593 
843 157 121 145 0.13594593 
209 487 7 8 0.1293704 
580 464 5 7 0.1293704 
492 433 8 9 0.11991897 
230 464 12 17 0.11991897 
309 508 17 20 0.11991897 
141 472 7 10 0.10279763 
574 481 5 6 0.09507551 
496 436 7 9 0.09507551 
170 478 14 18 0.08787667 
10 542 12 19 0.08787667 
159 595 7 8 0.08787667 
737 16 186 243 0.08285364 
3 534 16 23 0.081174016 
545 415 5 7 0.08117401 
574 449 5 7 0.08117401 
264 472 14 17 0.08117401 
714 461 10 11 0.08117401 
488 333 5 6 0.08117401 
867 540 45 53 0.07880669 
190 542 18 21 0.074940585 
15 538 13 20 0.074940585 
499 424 6 8 0.07494057 
275 539 20 27 0.072444364 
727 514 24 30 0.072444364 
319 348 215 312 0.06984132 
873 577 19 26 0.0691498 
211 91 186 250 0.064067975 
684 497 6 9 0.06377564 
270 475 9 12 0.06377564 
228 471 8 12 0.06377564 
9 511 7 9 0.06377564 
836 456 12 18 0.05879275 
166 554 18 21 0.05879275 
474 455 6 8 0.05879275 
442 448 5 6 0.05879275 
700 515 30 32 0.056098126 
569 538 23 43 0.056098126 
268 493 13 19 0.054176662 
710 464 15 18 0.054176662 
26 557 16 24 0.054176662 
572 479 5 6 0.054176662 
876 525 13 23 0.054176662 
227 542 16 23 0.054176662 
145 461 6 7 0.054176662 
5 519 12 17 0.054176662 
755 449 11 18 0.054176662 
159 538 11 14 0.054176662 
489 442 8 10 0.054176662 
700 137 151 209 0.053832814 
281 533 18 20 0.04990379 
148 467 8 12 0.04990379 
446 469 5 7 0.04990379 
489 353 6 7 0.04990379 
532 412 6 7 0.04990379 
520 429 9 12 0.04990379 
187 530 17 24 0.04990379 
489 430 8 10 0.049903784 
867 573 32 43 0.047198545 
214 539 19 29 0.047198545 
199 535 19 26 0.047198545 
156 547 20 24 0.047198545 
558 318 6 8 0.04595155 
220 465 12 16 0.04595155 
515 414 7 9 0.045951538 
489 320 7 9 0.045951538 
613 496 6 9 0.045951538 
535 303 6 8 0.045951538 
216 470 7 12 0.045951538 
195 472 8 13 0.045951538 
636 341 206 254 0.045153897 
26 132 64 86 0.04326818 
526 405 7 9 0.04229837 
572 464 4 5 0.04229837 
704 458 11 18 0.04229837 
625 485 15 25 0.04229837 
505 407 7 9 0.04229837 
561 346 4 6 0.04229837 
405 -10 235 290 0.04133061 
627 490 23 29 0.039651502 
770 193 82 141 0.039651494 
952 560 41 68 0.039651494 
226 144 85 129 0.039651494 
505 424 7 9 0.038923774 
199 522 14 19 0.038923774 
559 334 5 7 0.038923774 
612 485 5 8 0.038923774 
344 531 9 12 0.038923774 
802 611 5 7 0.038923774 
512 292 12 17 0.038923774 
147 464 7 10 0.038923774 
267 498 8 11 0.038923774 
894 543 20 23 0.038923774 
246 535 14 24 0.038923774 
56 205 76 69 0.036325652 
969 570 49 77 0.036325652 
157 516 21 25 0.036325645 
546 353 6 7 0.035808332 
36 542 15 25 0.035808332 
554 422 6 7 0.035808332 
218 471 12 15 0.035808332 
217 490 7 10 0.035808332 
223 463 8 11 0.035808332 
490 319 11 16 0.035808332 
600 502 11 15 0.035808332 
230 519 7 10 0.035808332 
308 517 16 19 0.035808332 
20 533 13 19 0.035808332 
440 448 4 6 0.035808332 
575 465 4 6 0.035808332 
253 533 10 18 0.035808332 
9 516 8 11 0.035808332 
882 524 13 22 0.035808332 
259 513 13 17 0.03293372 
682 492 10 16 0.03293372 
295 518 13 20 0.03293372 
575 490 5 7 0.03293372 
581 435 4 5 0.032933712 
532 447 6 8 0.032933712 
702 463 7 11 0.032933712 
164 468 8 11 0.032933712 
590 499 7 11 0.032933712 
212 488 21 29 0.030461604 
156 556 23 29 0.030461604 
815 456 18 25 0.030461596 
125 574 24 31 0.030461596 
160 529 20 26 0.030461596 
493 405 8 10 0.030282615 
580 409 5 6 0.030282615 
175 522 8 13 0.030282615 
555 473 7 9 0.030282615 
175 469 8 11 0.030282615 
553 429 6 8 0.030282615 
186 467 7 10 0.030282615 
169 469 8 11 0.030282615 
260 478 12 16 0.030282615 
262 472 9 12 0.030282615 
493 392 6 8 0.030282615 
233 469 11 16 0.030282615 
580 477 5 6 0.030282615 
224 475 9 11 0.030282615 
578 491 6 8 0.030282615 
882 574 25 29 0.030282615 
572 438 4 6 0.030282615 
475 421 8 10 0.030282615 
101 -10 228 290 0.028921604 
7 538 21 31 0.027884193 
205 185 85 134 0.027884185 
541 380 5 6 0.027838783 
246 548 13 22 0.027838783 
684 495 13 20 0.027838783 
580 412 5 7 0.027838783 
503 349 6 8 0.027838783 
540 351 4 6 0.027838783 
30 541 14 22 0.027838783 
502 419 7 9 0.027838783 
554 440 5 7 0.027838783 
575 436 4 5 0.027838783 
227 478 9 11 0.027838783 
271 484 9 13 0.027838783 
601 429 4 6 0.027838778 
547 431 6 9 0.027838778 
727 508 14 21 0.027838778 
210 501 14 18 0.027838778 
501 426 7 9 0.027838778 
290 528 15 21 0.027838778 
500 437 7 9 0.027838778 
714 298 197 254 0.02643471 
12 -25 136 189 0.02643471 
855 587 97 100 0.026434705 
502 330 7 8 0.02558696 
239 463 7 11 0.02558696 
152 544 10 13 0.02558696 
618 478 12 22 0.02558696 
162 534 10 13 0.02558696 
163 540 15 21 0.02558696 
18 547 18 23 0.02558696 
541 306 5 6 0.02558696 
710 462 9 12 0.02558696 
474 451 6 8 0.02558696 
583 435 5 6 0.02558696 
579 474 5 6 0.02558696 
229 460 8 11 0.02558696 
444 473 5 6 0.02558696 
443 456 5 6 0.02558696 
266 488 9 12 0.02558696 
717 465 9 12 0.02558696 
532 425 6 9 0.02558696 
265 479 15 20 0.02558696 
150 463 18 24 0.025519116 
711 527 26 35 0.025519116 
690 519 43 52 0.025519116 
96 534 20 21 0.02351288 
292 506 8 8 0.02351288 
596 487 4 5 0.02351288 
605 479 5 6 0.02351288 
18 536 8 12 0.02351288 
818 461 9 12 0.02351288 
448 416 5 7 0.02351288 
554 411 6 7 0.02351288 
551 381 5 6 0.02351288 
540 426 6 9 0.02351288 
466 410 6 7 0.02351288 
514 292 7 9 0.02351288 
505 414 7 10 0.02351288 
507 288 7 10 0.02351288 
2 525 9 14 0.02351288 
171 525 13 20 0.02351288 
16 558 23 35 0.023349825 
146 586 29 32 0.023349825 
310 547 29 35 0.023349825 
914 225 44 45 0.023349825 
276 522 21 28 0.023349825 
591 442 222 273 0.022069868 
258 472 8 11 0.021603195 
579 443 4 6 0.021603195 
159 470 7 12 0.021603195 
444 444 4 5 0.021603195 
446 444 4 5 0.021603195 
278 472 12 18 0.021603195 
576 474 5 6 0.021603195 
597 473 5 6 0.021603195 
237 474 6 10 0.021603195 
241 475 7 10 0.021603195 
490 317 5 7 0.021603195 
583 478 5 6 0.021603195 
588 478 5 6 0.021603195 
580 438 4 6 0.021603195 
550 323 5 6 0.021603195 
493 325 7 9 0.021603195 
687 480 9 12 0.021603195 
463 428 7 10 0.021603195 
737 479 8 9 0.021603195 
579 427 4 6 0.021603195 
516 390 5 7 0.021603195 
576 426 4 6 0.021603195 
194 459 6 8 0.021603195 
213 492 12 18 0.021603195 
562 462 5 6 0.021603195 
608 499 6 9 0.021603195 
553 405 5 6 0.021603195 
554 416 6 7 0.021603195 
517 415 7 9 0.021603195 
535 412 5 7 0.021603195 
211 503 8 10 0.021603195 
72 541 21 31 0.021360904 
503 221 21 31 0.021360898 
281 512 22 28 0.021360898 
8 535 40 52 0.021360898 
817 554 87 97 0.0201599 
