17_Ceremony_Ceremony_17_588
73
95 181 36 46 0.99204755 
746 200 28 35 0.99047405 
263 220 25 33 0.98751885 
198 349 22 33 0.9850627 
490 274 20 25 0.98462796 
954 167 36 58 0.97665024 
264 381 212 246 0.95866936 
572 220 20 33 0.9567318 
312 362 18 28 0.87062967 
442 240 18 26 0.8263381 
85 314 57 59 0.2511021 
241 333 34 38 0.2511021 
51 152 28 38 0.2032784 
187 303 14 19 0.18645167 
192 416 197 235 0.17193554 
180 296 26 33 0.16258556 
409 228 23 31 0.109639935 
288 321 51 71 0.10106142 
52 158 41 53 0.10106142 
76 337 64 66 0.09308395 
896 298 32 37 0.09308393 
27 614 43 34 0.07880669 
317 303 67 85 0.07244435 
4 1 29 33 0.06655858 
1 150 194 232 0.05874174 
318 270 25 36 0.056098126 
253 324 49 64 0.056098126 
-2 342 206 277 0.04931264 
301 345 31 44 0.047198545 
444 239 242 311 0.045153897 
32 150 43 61 0.039651502 
876 295 26 34 0.039651494 
304 367 20 27 0.039651494 
169 278 44 56 0.036325652 
289 277 48 60 0.036325652 
33 255 70 89 0.036325652 
241 217 28 37 0.036325645 
96 310 209 242 0.034593593 
765 199 30 37 0.033269096 
18 -1 54 53 0.033269096 
431 234 23 31 0.033269096 
582 222 17 24 0.03293372 
294 161 203 273 0.03163486 
572 264 30 48 0.030461604 
299 372 14 21 0.030282615 
121 117 228 316 0.028921604 
-70 259 239 257 0.028921604 
277 254 21 27 0.027884193 
44 138 28 41 0.027884193 
871 289 43 55 0.027884193 
660 385 235 277 0.026434705 
307 353 8 10 0.02558696 
807 253 25 35 0.025519116 
26 139 26 37 0.025519116 
243 204 10 11 0.02351288 
328 263 16 23 0.02351288 
292 306 33 50 0.023349825 
306 335 54 64 0.023349825 
750 204 46 54 0.023349825 
68 171 46 59 0.023349825 
909 469 95 147 0.022069868 
186 306 9 11 0.021603195 
46 12 5 6 0.021603195 
326 256 15 22 0.021603195 
182 313 18 24 0.021603195 
242 669 6 7 0.021603195 
899 363 5 5 0.021603195 
755 214 23 23 0.021603195 
199 334 39 50 0.021360904 
271 322 30 44 0.021360904 
161 295 34 42 0.021360898 
225 306 50 62 0.021360898 
67 307 32 38 0.021360898 
