17_Ceremony_Ceremony_17_113
84
615 166 107 165 0.999884 
361 208 107 134 0.9994417 
953 292 16 23 0.99347997 
246 308 16 27 0.9915604 
764 249 19 37 0.9567318 
830 304 27 41 0.91432387 
743 272 17 34 0.8972024 
1004 282 17 26 0.86055124 
851 273 23 35 0.849435 
534 288 17 30 0.755209 
279 284 26 45 0.6332934 
-13 403 191 311 0.56891036 
506 426 269 355 0.4310897 
822 301 23 35 0.32552502 
164 471 112 225 0.30317584 
764 -5 191 298 0.26558137 
844 304 28 44 0.21842523 
940 360 12 17 0.13944872 
96 357 228 325 0.13594593 
816 299 14 22 0.12937039 
883 271 16 26 0.11991897 
107 501 194 281 0.115646794 
985 312 16 29 0.102797605 
168 329 40 64 0.09308393 
848 286 29 44 0.08567618 
873 272 23 35 0.07880669 
928 345 14 20 0.074940585 
569 295 9 14 0.074940585 
917 317 21 31 0.06655858 
929 311 15 20 0.06377564 
817 297 9 13 0.05879275 
978 315 25 41 0.056098126 
787 291 19 24 0.054176662 
935 344 11 15 0.054176662 
803 57 235 350 0.053832814 
810 287 38 57 0.051466707 
964 340 12 19 0.04990379 
40 475 117 200 0.04931264 
172 299 50 55 0.047198545 
862 278 19 25 0.045951538 
648 344 257 273 0.045153886 
159 511 79 137 0.04326818 
576 322 21 35 0.04326818 
262 282 36 61 0.04326818 
807 41 78 113 0.04326818 
932 321 9 14 0.04229837 
212 317 32 48 0.039651494 
748 16 57 80 0.036325652 
751 285 27 37 0.036325645 
162 397 128 142 0.034593605 
-17 -5 197 307 0.034593593 
431 313 289 377 0.034593593 
966 319 40 64 0.033269096 
924 331 22 31 0.033269096 
970 333 23 34 0.033269096 
544 290 17 27 0.03293372 
915 329 14 25 0.032933712 
565 276 8 10 0.032933712 
800 232 24 31 0.030461604 
760 296 13 20 0.030282615 
1016 285 7 14 0.030282615 
178 -3 246 307 0.028921604 
165 304 31 47 0.027884193 
810 305 25 34 0.027884193 
225 389 71 83 0.027884185 
158 352 57 71 0.027884185 
1012 219 11 20 0.027838783 
956 315 11 18 0.02558696 
561 271 13 17 0.02558696 
899 286 8 13 0.02558696 
892 332 60 94 0.025519116 
242 292 36 61 0.025519116 
190 310 43 63 0.025519116 
644 510 246 321 0.024156325 
837 335 186 281 0.024156325 
934 353 16 19 0.02351288 
850 270 15 26 0.02351288 
762 42 32 42 0.023349825 
967 435 48 91 0.023349825 
394 -6 242 293 0.022069868 
508 272 13 23 0.021603195 
994 300 25 37 0.021360898 
790 8 123 183 0.0201599 
21 114 222 350 0.0201599 
