17_Ceremony_Ceremony_17_469
43
761 282 34 53 0.99706453 
799 297 32 61 0.98751885 
244 160 203 335 0.89347935 
474 147 249 361 0.56891036 
258 73 151 293 0.5 
781 287 34 57 0.47725022 
325 237 253 377 0.28400344 
32 695 31 56 0.21842524 
3 35 60 134 0.1753677 
-6 172 175 330 0.17193554 
151 318 136 186 0.15916686 
109 85 281 424 0.13594593 
336 -14 232 285 0.13594593 
787 151 242 377 0.09803478 
298 77 311 340 0.09803478 
219 -6 239 289 0.08285364 
475 361 253 307 0.08285364 
562 25 273 321 0.076092646 
9 37 89 206 0.076092646 
268 332 26 38 0.07244435 
175 240 293 388 0.06984132 
816 502 5 7 0.05879275 
11 149 101 257 0.05874174 
834 532 23 38 0.056098126 
788 -43 277 400 0.053832818 
758 689 102 85 0.04326818 
796 309 60 80 0.04326818 
20 655 55 109 0.039651494 
-7 270 97 232 0.034593605 
423 470 51 70 0.033269096 
-36 457 253 355 0.03163486 
567 191 261 350 0.03163486 
171 456 32 51 0.027884193 
1 402 53 99 0.027884185 
829 504 5 7 0.027838783 
989 283 36 79 0.025519116 
715 129 218 325 0.02415633 
219 276 138 197 0.024156325 
-4 54 40 107 0.023349825 
387 517 29 32 0.021360898 
986 304 25 47 0.021360898 
772 460 203 281 0.020159906 
-37 -19 186 257 0.020159906 
