17_Ceremony_Ceremony_17_852
116
507 194 28 73 0.98751885 
414 244 15 41 0.98462796 
852 231 24 65 0.96034855 
467 242 26 49 0.6541731 
866 499 146 311 0.2311026 
100 467 206 491 0.19988178 
481 465 32 74 0.188928 
555 172 126 411 0.18550259 
484 461 52 106 0.109639935 
395 266 13 36 0.09507551 
456 230 14 35 0.09507551 
319 501 76 123 0.09308395 
851 230 43 106 0.09308393 
217 883 149 330 0.09015675 
644 502 232 491 0.08285364 
481 235 16 38 0.08117401 
136 637 24 52 0.07494057 
165 594 29 67 0.07244435 
177 560 25 52 0.07244435 
464 240 18 38 0.0691498 
364 276 25 73 0.06655858 
383 240 23 58 0.06111947 
858 300 15 36 0.05879275 
883 543 73 170 0.056098126 
458 164 19 46 0.056098126 
455 234 8 20 0.054176662 
286 395 109 215 0.053832814 
595 558 34 84 0.051466707 
479 146 5 13 0.04990379 
862 242 20 46 0.04990379 
483 80 14 35 0.04990379 
201 736 235 537 0.04931264 
524 505 242 443 0.04931264 
592 452 25 60 0.047198545 
31 439 7 18 0.045951538 
711 795 273 604 0.045153897 
401 942 69 159 0.04326818 
827 384 61 117 0.04326818 
458 229 8 20 0.04229837 
204 565 17 46 0.04229837 
440 555 51 117 0.039651502 
493 490 61 130 0.039651502 
851 269 49 117 0.039651494 
444 553 34 74 0.039651494 
546 765 246 561 0.03781825 
519 211 26 70 0.036325652 
873 481 27 61 0.036325652 
639 509 32 79 0.036325645 
17 745 4 10 0.035808332 
631 601 75 165 0.033269096 
376 265 24 59 0.033269096 
852 484 30 69 0.033269096 
402 281 8 24 0.03293372 
362 257 12 39 0.032933712 
493 239 8 21 0.032933712 
145 593 29 63 0.030461596 
575 512 44 109 0.030461596 
213 517 65 136 0.030461596 
576 554 58 127 0.030461596 
353 263 45 123 0.030461596 
31 1044 62 144 0.030461596 
860 311 9 21 0.030282615 
763 1028 7 15 0.030282615 
1 433 6 14 0.030282615 
402 264 14 36 0.030282615 
875 96 136 377 0.028921604 
809 504 36 89 0.027884193 
62 946 32 77 0.027884193 
159 586 51 107 0.027884185 
140 165 85 182 0.027884185 
392 237 24 54 0.027884185 
885 472 14 37 0.027838783 
14 439 8 18 0.027838783 
471 104 6 15 0.027838778 
9 74 117 297 0.026434705 
508 291 114 268 0.026434705 
391 415 246 561 0.026434705 
261 290 101 272 0.026434705 
258 1082 5 12 0.02558696 
485 80 7 16 0.02558696 
1015 1109 4 11 0.02558696 
531 209 25 67 0.025519116 
333 377 24 56 0.025519116 
714 528 76 156 0.025519116 
161 546 44 99 0.025519116 
851 451 27 67 0.025519116 
-34 -2 242 521 0.024156325 
5 867 228 514 0.024156325 
860 266 22 52 0.02351288 
16 748 5 11 0.02351288 
8 811 4 10 0.02351288 
11 432 13 29 0.02351288 
878 475 17 39 0.02351288 
471 117 8 19 0.02351288 
475 149 7 18 0.02351288 
804 448 51 130 0.023349825 
360 256 20 65 0.023349825 
351 518 61 130 0.023349825 
843 199 42 104 0.023349825 
811 92 31 66 0.023349825 
592 528 26 69 0.023349825 
125 611 58 117 0.023349825 
857 520 56 123 0.023349825 
20 488 209 412 0.022069868 
71 564 117 238 0.022069868 
619 2 232 545 0.022069868 
466 255 11 22 0.0216032 
7 485 7 16 0.021603195 
764 1021 12 25 0.021603195 
158 583 26 59 0.021360898 
299 379 51 146 0.021360898 
154 608 33 72 0.021360898 
624 509 28 67 0.021360898 
128 418 26 68 0.021360898 
374 291 31 82 0.021360898 
119 808 225 521 0.0201599 
