17_Ceremony_Ceremony_17_211
289
552 232 32 47 0.9994287 
591 234 37 52 0.9991779 
587 370 39 53 0.9975521 
834 151 56 83 0.9973194 
686 222 40 53 0.9973194 
768 207 38 57 0.9964803 
220 210 44 56 0.9863452 
139 203 29 59 0.9143238 
406 107 35 75 0.82463235 
91 206 41 64 0.6744751 
298 42 13 17 0.45677772 
397 36 9 12 0.45677772 
-48 422 225 350 0.45389688 
167 305 203 321 0.4310897 
358 36 13 17 0.3933377 
373 110 47 75 0.34582692 
771 0 11 13 0.33330244 
841 4 18 25 0.31433135 
363 4 9 13 0.27822798 
748 101 14 20 0.24479094 
115 200 38 64 0.2032784 
343 60 13 18 0.1864517 
3 479 116 238 0.18550259 
633 10 12 16 0.17366187 
1003 0 16 20 0.17366186 
329 19 14 20 0.16157512 
793 74 10 13 0.15017675 
448 20 7 10 0.15017675 
309 57 9 12 0.13944872 
379 62 11 16 0.1293704 
359 61 11 15 0.12937039 
489 70 5 7 0.11991897 
410 48 8 12 0.11991897 
975 12 9 12 0.111069925 
749 46 7 9 0.10279763 
792 175 28 37 0.08567616 
967 46 17 23 0.08117401 
836 22 6 9 0.08117401 
333 15 12 16 0.08117401 
645 541 180 302 0.076092646 
435 -1 11 11 0.074940585 
609 12 11 19 0.07494057 
457 30 8 11 0.07494057 
411 6 9 12 0.07494057 
811 70 6 8 0.069149815 
601 26 12 18 0.069149815 
739 8 10 12 0.069149815 
351 496 277 366 0.064067975 
235 494 242 355 0.064067975 
193 171 200 340 0.064067975 
893 49 8 11 0.06377564 
473 52 5 7 0.06377564 
804 123 14 18 0.06377564 
323 13 14 19 0.06377564 
935 18 8 11 0.06377564 
325 81 7 10 0.05879275 
890 0 9 10 0.05879275 
459 86 8 11 0.05879275 
678 482 8 10 0.05879275 
755 -1 11 12 0.05879275 
382 30 8 12 0.05879275 
40 355 200 298 0.05874174 
802 1 14 16 0.054176662 
915 12 8 11 0.054176662 
443 70 6 9 0.054176662 
314 51 12 17 0.054176662 
456 71 6 8 0.054176662 
822 16 12 16 0.054176662 
495 0 16 18 0.054176662 
499 51 6 9 0.054176662 
792 107 9 11 0.04990379 
464 43 6 8 0.04990379 
513 32 14 20 0.04990379 
777 81 8 11 0.049903784 
823 -1 15 19 0.049903784 
850 0 13 18 0.049903784 
579 290 215 273 0.04931264 
257 374 194 316 0.04931264 
418 100 47 78 0.047198545 
703 16 5 8 0.04595155 
485 83 6 10 0.04595155 
661 15 8 11 0.04595155 
467 69 6 9 0.04595155 
689 8 6 9 0.04595155 
397 11 7 10 0.04595155 
377 35 7 9 0.04595155 
731 0 8 10 0.045951538 
754 62 13 17 0.045951538 
819 113 13 17 0.045951538 
477 75 5 7 0.045951538 
128 486 242 345 0.045153897 
799 539 212 298 0.045153897 
779 32 24 33 0.04326818 
728 239 26 41 0.04326818 
736 13 21 30 0.04326818 
299 12 12 17 0.04229837 
626 487 7 10 0.04229837 
815 80 14 19 0.04229837 
470 57 5 7 0.04229837 
439 86 4 6 0.04229837 
473 65 6 8 0.04229837 
743 405 19 31 0.039651494 
744 86 24 36 0.039651494 
443 60 6 10 0.038923774 
833 19 12 16 0.038923774 
342 37 9 12 0.038923774 
454 3 9 12 0.038923774 
305 6 8 13 0.038923774 
956 0 6 6 0.038923774 
843 100 9 13 0.038923774 
937 24 6 9 0.038923774 
805 101 7 10 0.038923774 
474 474 225 293 0.03781825 
797 161 49 69 0.036325652 
333 46 21 28 0.036325652 
493 3 8 11 0.035808332 
698 16 6 8 0.035808332 
320 0 9 11 0.035808332 
421 7 8 11 0.035808332 
337 21 9 13 0.035808332 
332 50 12 18 0.035808332 
766 41 17 21 0.035808332 
618 487 7 10 0.035808332 
961 14 8 10 0.035808332 
217 136 13 21 0.035808332 
480 79 6 8 0.035808332 
694 22 5 7 0.035808332 
433 276 261 277 0.034593605 
347 110 54 83 0.033269096 
781 129 22 30 0.033269096 
319 47 11 17 0.03293372 
370 72 7 11 0.03293372 
322 85 9 12 0.03293372 
683 81 4 6 0.03293372 
464 66 5 7 0.03293372 
394 14 8 11 0.03293372 
723 23 6 8 0.03293372 
936 13 7 9 0.032933712 
588 8 5 6 0.032933712 
736 75 6 9 0.032933712 
447 85 6 8 0.032933712 
329 14 10 13 0.032933712 
588 13 5 7 0.032933712 
555 -20 228 330 0.03163486 
800 6 25 29 0.030461604 
758 146 23 33 0.030461604 
292 31 21 29 0.030461596 
383 1 8 10 0.030282615 
474 86 5 7 0.030282615 
496 7 9 12 0.030282615 
494 70 4 6 0.030282615 
358 67 12 18 0.030282615 
478 214 17 22 0.030282615 
311 6 12 20 0.030282615 
687 7 6 8 0.030282615 
391 17 7 11 0.030282615 
785 98 13 17 0.030282615 
663 501 8 13 0.030282615 
361 32 13 17 0.030282615 
741 403 13 18 0.030282615 
656 469 7 9 0.030282615 
967 50 8 10 0.030282615 
735 0 7 9 0.030282615 
517 3 27 37 0.027884193 
969 3 25 33 0.027884193 
837 92 23 32 0.027884185 
428 129 47 71 0.027884185 
438 89 5 7 0.027838783 
427 40 8 10 0.027838783 
1000 0 10 13 0.027838783 
471 59 6 8 0.027838783 
628 0 8 8 0.027838783 
982 13 7 11 0.027838783 
689 3 7 10 0.027838783 
628 37 7 10 0.027838783 
479 27 6 8 0.027838783 
395 33 8 11 0.027838783 
384 26 8 11 0.027838783 
322 20 16 22 0.027838783 
935 36 5 6 0.027838783 
688 46 8 11 0.027838783 
650 54 16 26 0.027838778 
776 93 14 19 0.027838778 
780 69 7 11 0.027838778 
838 15 7 9 0.027838778 
937 8 6 7 0.027838778 
977 8 9 12 0.027838778 
368 39 7 10 0.027838778 
814 22 14 16 0.027838778 
272 325 130 194 0.026434705 
174 370 121 206 0.026434705 
305 49 12 17 0.02558696 
630 11 9 11 0.02558696 
319 4 13 17 0.02558696 
507 35 5 7 0.02558696 
455 32 7 11 0.02558696 
436 69 7 10 0.02558696 
706 14 6 7 0.02558696 
686 22 4 7 0.02558696 
739 13 13 18 0.02558696 
780 26 14 19 0.02558696 
808 68 10 14 0.02558696 
465 66 10 15 0.02558696 
588 0 7 6 0.02558696 
711 17 6 9 0.02558696 
375 4 5 8 0.02558696 
966 25 7 10 0.02558696 
486 67 5 7 0.02558696 
838 24 7 10 0.02558696 
532 0 6 6 0.02558696 
307 53 21 29 0.025519116 
340 54 21 29 0.025519116 
785 162 27 35 0.025519116 
773 121 25 32 0.025519116 
25 468 79 113 0.025519116 
920 294 75 111 0.025519116 
76 102 114 151 0.024156325 
787 101 8 10 0.02351288 
737 64 7 9 0.02351288 
469 98 5 8 0.02351288 
782 98 7 10 0.02351288 
455 85 5 8 0.02351288 
374 65 12 19 0.02351288 
977 1 9 9 0.02351288 
433 72 7 9 0.02351288 
957 0 10 10 0.02351288 
463 72 6 9 0.02351288 
787 71 13 16 0.02351288 
508 80 5 7 0.02351288 
446 62 6 10 0.02351288 
460 67 5 7 0.02351288 
382 30 14 19 0.02351288 
672 26 6 7 0.02351288 
744 23 10 13 0.02351288 
359 31 10 12 0.02351288 
517 32 8 11 0.02351288 
458 46 6 9 0.02351288 
588 2 7 8 0.02351288 
769 374 13 19 0.02351288 
587 507 5 6 0.02351288 
515 11 13 19 0.02351288 
693 0 7 7 0.02351288 
415 9 8 10 0.02351288 
973 12 7 10 0.02351288 
379 0 6 7 0.02351288 
303 7 14 20 0.02351288 
600 743 21 26 0.02351288 
750 49 8 11 0.02351288 
574 484 7 10 0.02351288 
403 42 15 21 0.02351288 
956 47 4 6 0.02351288 
594 496 18 22 0.02351288 
501 54 6 8 0.02351288 
764 115 14 19 0.02351288 
753 634 71 102 0.023349825 
813 15 25 31 0.023349825 
287 210 29 42 0.023349825 
630 9 20 29 0.023349825 
594 166 63 83 0.023349825 
846 10 9 13 0.021603195 
297 16 8 12 0.021603195 
672 23 5 7 0.021603195 
974 58 8 12 0.021603195 
794 103 9 11 0.021603195 
788 106 8 11 0.021603195 
841 10 10 13 0.021603195 
764 26 12 18 0.021603195 
374 37 8 11 0.021603195 
338 41 13 20 0.021603195 
773 38 19 23 0.021603195 
837 16 15 21 0.021603195 
446 41 6 9 0.021603195 
764 85 5 8 0.021603195 
770 83 8 11 0.021603195 
967 8 6 9 0.021603195 
779 72 12 18 0.021603195 
413 2 9 11 0.021603195 
974 1 14 17 0.021603195 
483 78 12 17 0.021603195 
361 78 7 10 0.021603195 
445 57 5 7 0.021603195 
736 95 6 10 0.021603195 
1008 53 15 22 0.021603195 
390 34 23 31 0.021360898 
350 59 22 28 0.021360898 
801 182 30 43 0.021360898 
818 166 36 53 0.021360898 
775 185 40 55 0.021360893 
110 247 194 289 0.020159906 
