35_Basketball_Basketball_35_449
524
490 243 24 28 0.9315043 
81 413 9 13 0.90399235 
782 448 7 11 0.6747753 
982 410 10 12 0.57291913 
291 391 7 10 0.4186806 
801 470 8 11 0.37426913 
374 423 9 11 0.3642128 
906 417 8 10 0.35488647 
836 452 9 11 0.3476474 
765 459 9 12 0.34194306 
857 397 10 13 0.33342567 
759 472 8 11 0.3116856 
76 441 14 17 0.30196854 
151 421 10 12 0.2933758 
261 455 7 9 0.29118195 
169 455 7 10 0.28114188 
909 421 8 10 0.26724687 
102 401 9 11 0.26693964 
110 384 7 9 0.26185524 
112 462 8 11 0.21826918 
852 438 8 10 0.213062 
128 437 10 12 0.2002793 
740 471 9 11 0.19841932 
156 423 9 11 0.1935505 
183 446 8 10 0.19211903 
144 421 10 13 0.19127929 
890 425 7 10 0.1886284 
160 388 9 10 0.18067776 
631 448 7 9 0.18025158 
144 446 9 12 0.17763491 
176 445 9 11 0.17464288 
983 453 8 9 0.17385341 
495 497 8 10 0.16780904 
481 33 21 26 0.1651744 
173 454 8 11 0.1588791 
142 383 7 9 0.15349 
53 445 10 12 0.15344463 
390 493 10 13 0.14850026 
241 447 8 10 0.14747243 
119 430 9 12 0.14482526 
18 422 9 11 0.14318419 
804 477 9 12 0.14000729 
25 399 8 10 0.13311483 
126 408 8 10 0.13115786 
125 422 8 11 0.124476716 
973 421 10 12 0.12420929 
98 431 8 10 0.12373516 
126 414 8 10 0.12241274 
431 495 8 10 0.11549572 
409 471 9 11 0.11543766 
956 456 9 11 0.1143776 
965 437 10 12 0.1140133 
678 477 9 12 0.11292716 
563 423 7 10 0.11220306 
144 452 8 10 0.11083459 
911 427 9 12 0.11065008 
111 405 8 10 0.11039835 
978 413 10 13 0.10732349 
800 465 9 11 0.1071029 
127 445 8 11 0.10690738 
177 441 8 10 0.10620216 
120 384 7 9 0.10520342 
128 431 10 13 0.099677354 
225 447 7 10 0.098762274 
69 428 9 11 0.09851265 
55 399 9 11 0.09826305 
255 433 8 9 0.09787734 
891 429 9 12 0.09763032 
774 494 9 11 0.09681204 
121 390 8 10 0.096234106 
223 462 7 9 0.09621299 
415 463 8 11 0.09090711 
835 449 8 11 0.08936107 
29 400 7 9 0.08812089 
777 472 8 9 0.08773773 
143 376 8 10 0.086926475 
823 478 10 12 0.08577278 
286 415 7 10 0.085755214 
57 439 9 12 0.08537775 
206 448 9 10 0.08431123 
50 451 12 14 0.08374222 
192 454 7 9 0.08288525 
200 408 7 9 0.08224415 
113 440 7 10 0.082117 
799 493 8 10 0.081932 
97 400 9 10 0.081525035 
144 407 8 10 0.08145876 
118 464 8 11 0.08078018 
231 433 7 9 0.07970576 
425 495 8 11 0.079596 
138 384 8 9 0.07955721 
150 445 8 11 0.07672743 
218 462 7 9 0.0766259 
15 384 8 9 0.07648119 
169 415 8 9 0.07496313 
912 445 9 12 0.07482707 
144 415 10 12 0.07479135 
635 470 6 9 0.07292583 
14 391 9 11 0.070453286 
150 441 9 11 0.069809824 
7 414 8 10 0.06964032 
25 456 9 10 0.069155544 
64 430 9 11 0.06770872 
545 495 7 10 0.06667565 
973 438 11 13 0.06647376 
432 455 10 12 0.06611516 
118 437 9 11 0.065886065 
957 461 8 11 0.06588369 
562 451 10 12 0.06563899 
736 474 10 12 0.06492464 
120 407 9 10 0.06434581 
111 445 8 10 0.06344433 
224 455 7 10 0.063419946 
685 475 11 13 0.06229979 
138 454 7 9 0.0622078 
430 159 20 32 0.061268374 
709 494 8 12 0.061177995 
30 454 9 10 0.06081909 
16 397 8 10 0.06072994 
312 486 8 11 0.0605995 
0 439 9 13 0.06035685 
671 398 13 17 0.06013555 
967 431 10 13 0.060029745 
105 456 9 11 0.059971362 
231 438 7 10 0.059608996 
0 382 7 10 0.0596083 
385 487 8 10 0.05939803 
224 415 8 9 0.059222735 
250 432 8 9 0.058599435 
143 389 8 10 0.05850399 
96 423 9 11 0.058502402 
182 441 8 10 0.058184013 
967 417 10 12 0.05743341 
168 448 8 10 0.05730381 
298 407 7 10 0.056885514 
520 501 7 10 0.056432534 
615 504 9 11 0.056254696 
120 399 8 10 0.055840243 
776 477 8 10 0.05525972 
842 502 9 11 0.054934695 
806 463 8 11 0.054906074 
5 422 8 11 0.054753166 
272 392 6 9 0.05465856 
159 445 9 10 0.054601897 
185 452 8 11 0.054304942 
478 494 7 10 0.0541097 
25 404 9 11 0.054056983 
72 487 10 11 0.053598117 
302 405 8 12 0.05358103 
105 460 10 13 0.05335051 
96 436 9 11 0.05319926 
415 454 7 10 0.053125646 
207 408 7 9 0.05306351 
754 470 8 10 0.052858237 
616 471 7 10 0.052810375 
561 429 8 10 0.052637566 
215 423 8 11 0.05241489 
218 391 8 9 0.05236158 
269 424 8 10 0.051928557 
263 431 8 10 0.05175912 
23 416 9 10 0.051243417 
849 454 10 13 0.051174767 
78 449 13 15 0.051173974 
319 384 8 11 0.050922323 
158 427 9 11 0.050902035 
318 389 8 11 0.050721683 
161 454 8 10 0.050384518 
49 447 9 12 0.050315615 
972 430 10 11 0.050183557 
40 454 10 12 0.050037842 
191 438 7 10 0.04961062 
262 460 8 10 0.049566776 
62 445 10 13 0.049500972 
418 494 7 10 0.04930229 
456 493 8 11 0.04927789 
121 415 9 10 0.049061622 
83 438 11 14 0.048478544 
72 437 13 17 0.048127264 
623 479 6 8 0.047959846 
303 400 9 10 0.0479295 
514 486 7 10 0.047812786 
342 503 9 11 0.04769228 
781 470 8 11 0.04696975 
49 398 7 10 0.04694295 
168 430 9 10 0.046939295 
905 443 9 12 0.046848346 
676 375 11 14 0.046369877 
4 429 11 13 0.04627749 
992 436 11 13 0.046201177 
792 463 9 11 0.04619682 
887 486 10 12 0.04612048 
193 408 7 9 0.046051722 
144 400 8 10 0.045639105 
335 472 8 10 0.04560412 
120 446 8 10 0.045308664 
894 453 8 10 0.04505624 
303 385 7 9 0.045013398 
854 454 9 12 0.04492952 
168 473 7 9 0.044924587 
238 463 8 11 0.04481263 
90 486 10 12 0.044248592 
905 463 8 11 0.043964475 
767 488 9 11 0.0438705 
627 456 6 8 0.043802958 
775 488 10 12 0.04364744 
303 414 8 11 0.04358163 
256 449 8 10 0.04347922 
288 408 8 10 0.043458413 
594 431 6 9 0.042886484 
191 430 8 10 0.042817485 
854 444 8 12 0.042715322 
152 376 7 9 0.04262409 
632 464 7 10 0.04260525 
10 392 8 10 0.042556997 
617 477 6 8 0.042354535 
271 429 7 9 0.04233671 
217 456 7 9 0.04221375 
575 502 7 10 0.042163555 
879 414 8 9 0.042065125 
210 422 8 10 0.042040393 
753 463 8 10 0.04187476 
490 502 8 10 0.041809645 
854 460 8 10 0.04173104 
138 376 7 9 0.04048013 
151 453 7 9 0.04041761 
199 413 8 9 0.040251553 
103 438 8 10 0.040067837 
233 392 7 9 0.039960504 
201 447 9 11 0.03977542 
546 470 8 11 0.03949091 
84 409 10 12 0.039351206 
609 432 7 9 0.03934945 
135 401 8 9 0.039111197 
125 464 9 11 0.039054234 
142 426 10 12 0.039035432 
975 503 9 11 0.038927123 
882 468 9 13 0.038729187 
453 426 31 30 0.038604293 
512 480 7 10 0.038513042 
768 493 9 12 0.03847589 
338 501 9 11 0.038155723 
567 430 7 10 0.038034655 
630 453 8 10 0.037555307 
241 415 8 10 0.037454776 
136 423 8 11 0.03745296 
800 487 8 11 0.03732804 
329 462 8 10 0.037323132 
789 455 10 11 0.037099447 
585 455 7 10 0.037015118 
374 454 7 10 0.036965076 
184 407 8 10 0.03693541 
894 485 8 11 0.036917165 
191 423 8 11 0.036781095 
987 412 9 11 0.036758937 
16 426 11 14 0.036367796 
232 463 7 10 0.03622846 
842 508 8 11 0.036146756 
177 382 7 9 0.03599707 
857 511 9 12 0.035883963 
190 447 7 10 0.035738826 
209 415 8 9 0.035545215 
429 430 8 10 0.035478663 
329 476 10 12 0.035464436 
216 429 8 10 0.035362087 
105 446 8 10 0.03533644 
981 417 11 14 0.035312712 
975 443 11 14 0.035245735 
70 374 7 10 0.035106737 
793 470 9 11 0.03503179 
805 483 9 12 0.034931418 
22 384 8 9 0.034562103 
401 503 8 10 0.034370877 
673 477 10 12 0.034362458 
154 382 8 10 0.03430832 
1015 420 9 13 0.034222294 
863 451 9 12 0.03417916 
929 438 8 10 0.034079608 
193 400 7 9 0.034068022 
223 408 8 9 0.034007557 
886 492 10 12 0.033991735 
289 446 8 11 0.03385534 
314 391 8 9 0.03367683 
246 400 8 11 0.03362984 
678 461 9 11 0.033621747 
225 440 8 10 0.033571847 
138 500 11 13 0.033471856 
289 386 8 10 0.03328386 
407 476 9 10 0.03327842 
1 375 7 11 0.033278313 
17 376 7 9 0.033100475 
728 478 10 10 0.033097636 
199 462 7 9 0.032904916 
15 416 9 10 0.032890923 
829 478 10 12 0.032796744 
169 408 8 10 0.032707784 
1 388 7 11 0.032690875 
186 413 8 9 0.032678604 
312 479 10 13 0.032516178 
32 446 9 11 0.032284763 
175 430 8 10 0.03216331 
126 383 7 9 0.03214219 
145 440 9 12 0.032090966 
501 495 8 10 0.032079797 
731 411 11 13 0.032041427 
990 453 9 10 0.031983864 
401 480 8 9 0.03190252 
413 468 8 11 0.03184764 
766 477 7 10 0.03173775 
824 473 7 9 0.03168916 
479 487 8 10 0.03163622 
29 416 8 10 0.031571627 
128 400 7 9 0.03155416 
308 193 12 15 0.03152605 
397 487 9 11 0.0315212 
109 456 9 11 0.03145632 
168 422 9 10 0.03137162 
230 456 7 9 0.03130907 
66 424 10 12 0.031243276 
943 455 8 10 0.031155875 
684 355 13 15 0.03109235 
672 378 12 16 0.031014742 
850 432 9 12 0.030951967 
158 406 8 10 0.030734187 
319 397 8 10 0.030722247 
328 455 8 9 0.030553069 
88 492 11 14 0.03043726 
287 421 7 9 0.030371841 
78 409 18 22 0.030363558 
198 431 8 10 0.030316604 
514 494 8 11 0.030128915 
436 494 8 10 0.029838271 
313 385 9 10 0.02980951 
918 452 10 11 0.02951629 
609 454 6 8 0.029437242 
192 413 7 9 0.029197747 
164 390 8 10 0.029122017 
491 496 8 10 0.029003732 
29 438 10 13 0.0288756 
778 451 10 13 0.02878162 
199 438 9 11 0.028750457 
326 444 8 10 0.028749881 
600 486 8 10 0.02867847 
306 488 8 10 0.028570516 
640 455 8 10 0.02856038 
199 455 7 9 0.02852879 
94 485 11 13 0.02850353 
417 487 7 10 0.028463686 
1 491 14 18 0.028387152 
280 431 7 10 0.028338 
199 382 7 9 0.028279852 
1 407 7 10 0.028240595 
861 510 8 11 0.028219089 
438 486 8 10 0.02819853 
208 400 6 9 0.028059287 
330 470 9 12 0.028055692 
39 391 8 9 0.028026424 
546 478 7 10 0.027963001 
320 408 8 9 0.027935151 
185 423 9 11 0.02786985 
176 400 8 11 0.027829783 
981 438 11 13 0.027706143 
76 486 9 12 0.027642542 
761 504 10 12 0.027578661 
101 422 9 11 0.027576298 
295 438 8 11 0.027537912 
514 500 8 11 0.027452074 
240 452 9 11 0.027442284 
817 496 9 11 0.027370572 
44 457 13 16 0.027344383 
320 436 11 13 0.027237447 
175 406 8 10 0.02719764 
886 477 9 13 0.027154401 
481 480 8 9 0.026822664 
242 399 8 11 0.026767107 
105 388 9 11 0.026758933 
175 461 7 9 0.02672733 
54 487 10 13 0.026680676 
511 468 8 10 0.026662182 
263 449 7 9 0.026607541 
390 462 9 11 0.026565753 
58 432 9 12 0.026524011 
432 527 10 11 0.026516896 
374 446 10 12 0.026455756 
217 398 8 10 0.02645445 
405 503 8 10 0.0263909 
378 405 9 11 0.026369898 
320 412 8 10 0.026358925 
391 456 9 10 0.02628434 
350 109 9 12 0.026275897 
224 430 7 10 0.026215592 
415 448 7 10 0.026106643 
23 391 8 9 0.026082685 
102 485 11 15 0.026065694 
518 496 8 10 0.026059922 
566 415 8 10 0.026056774 
39 398 8 9 0.026039662 
879 408 8 11 0.02601744 
872 406 9 11 0.025992293 
327 512 10 12 0.02589886 
44 447 20 24 0.025879253 
913 451 10 12 0.025842495 
66 375 7 10 0.025822029 
264 438 8 10 0.02580602 
192 463 8 9 0.025795503 
422 479 9 11 0.025783041 
724 485 11 13 0.025758177 
533 415 11 15 0.025661416 
551 502 8 10 0.025622515 
128 377 7 8 0.025551366 
485 445 11 12 0.025362525 
287 385 17 24 0.025211552 
430 469 10 11 0.025146384 
137 388 9 10 0.025129106 
383 406 8 10 0.025117785 
895 481 8 11 0.025102118 
517 487 7 10 0.025059743 
38 448 9 11 0.025044095 
935 438 8 10 0.025024103 
836 460 10 12 0.024997763 
425 446 8 10 0.024983868 
961 415 9 11 0.024859823 
415 424 8 10 0.024782065 
781 487 8 10 0.024735369 
55 392 7 10 0.02472803 
304 192 10 14 0.024660796 
257 383 8 10 0.024649734 
55 377 8 10 0.024630953 
648 462 8 11 0.024539838 
168 459 8 10 0.024525678 
989 445 11 13 0.024504192 
411 453 8 10 0.024441298 
6 375 7 10 0.024439897 
585 481 7 9 0.024430236 
967 493 9 11 0.024350459 
366 406 7 9 0.024098897 
541 527 10 11 0.024090076 
303 391 7 9 0.024043 
561 438 9 10 0.02397505 
818 478 10 12 0.023918668 
641 489 8 9 0.023913583 
960 443 10 13 0.023901852 
380 104 15 20 0.023682635 
749 486 9 11 0.023673998 
214 416 7 9 0.023640504 
231 447 6 8 0.02361843 
3 413 8 12 0.023587594 
120 377 8 9 0.023529995 
158 376 9 9 0.023511756 
862 402 8 11 0.023412421 
422 406 8 10 0.023363829 
544 431 9 11 0.023326535 
705 488 8 10 0.023286805 
369 438 8 9 0.023238223 
882 423 7 10 0.023132686 
182 382 7 9 0.023091922 
818 485 9 11 0.023027172 
342 507 10 12 0.02293763 
909 439 9 12 0.022937123 
578 423 7 9 0.0229309 
8 383 7 9 0.022909386 
788 447 8 10 0.022743093 
464 502 7 9 0.022739496 
793 477 9 11 0.022691673 
63 477 12 13 0.022668496 
174 423 8 10 0.02237992 
893 493 8 12 0.022353934 
68 504 15 17 0.022338433 
151 407 8 10 0.022322917 
256 390 8 10 0.022263452 
294 386 8 10 0.022079838 
78 468 10 13 0.021990605 
271 396 7 10 0.021964245 
112 414 8 10 0.021841643 
385 500 9 11 0.021767303 
101 538 28 33 0.021657696 
135 463 9 11 0.021584442 
312 397 8 11 0.021487964 
339 126 16 19 0.021437423 
393 512 8 9 0.021382656 
540 532 12 14 0.021353018 
423 470 8 10 0.021287518 
608 449 7 9 0.021226581 
799 456 8 9 0.02119769 
885 464 10 11 0.021180153 
374 417 10 13 0.021160401 
894 447 8 11 0.021151967 
849 442 10 13 0.02109245 
114 431 9 11 0.021091506 
94 462 11 13 0.021074276 
326 415 9 10 0.020950133 
297 413 8 10 0.020945448 
143 462 9 11 0.020944968 
462 495 7 10 0.020920226 
735 450 11 15 0.020853018 
84 450 12 15 0.020847952 
288 440 8 10 0.020786906 
184 463 8 10 0.020749677 
752 477 10 11 0.020742342 
727 470 11 13 0.020717032 
583 485 7 9 0.020536495 
396 493 8 12 0.020522073 
367 398 7 11 0.020505223 
836 478 9 11 0.020501724 
680 471 10 14 0.020487979 
240 441 7 8 0.020455591 
889 447 9 12 0.020449089 
182 399 8 10 0.020448325 
481 512 7 8 0.020437239 
678 484 9 10 0.02041207 
641 511 8 9 0.020409575 
167 439 9 11 0.020400824 
294 395 9 12 0.020392805 
659 451 12 13 0.020390363 
240 390 8 10 0.020330055 
763 508 11 12 0.020316359 
325 438 9 13 0.020314315 
280 398 7 9 0.020311305 
135 415 8 10 0.020292414 
224 501 11 12 0.02026055 
216 449 7 9 0.020203749 
125 453 9 10 0.020191018 
765 471 8 10 0.020173803 
793 487 8 10 0.020093987 
342 495 9 11 0.020018138 
