35_Basketball_playingbasketball_35_582
64
511 134 59 48 0.9977823 
679 110 37 58 0.9712974 
425 117 39 60 0.925582 
500 68 29 34 0.50485754 
431 50 45 57 0.39350873 
202 204 11 13 0.19807748 
625 240 87 63 0.1897263 
455 66 34 44 0.16032478 
673 231 69 54 0.12434126 
624 228 52 36 0.106076404 
420 28 18 22 0.08843518 
440 100 42 68 0.0701983 
629 243 46 36 0.06601957 
485 55 37 46 0.06568509 
660 140 16 25 0.06458707 
84 224 10 13 0.0538322 
417 26 32 40 0.048181407 
467 50 39 49 0.0466455 
371 45 28 33 0.04590444 
221 206 11 14 0.043999147 
202 210 14 16 0.04189445 
140 199 9 11 0.040852904 
618 116 14 21 0.04073071 
168 206 10 12 0.03964138 
496 90 49 58 0.03886727 
411 39 31 44 0.03801869 
415 33 50 62 0.035892352 
801 120 15 21 0.035069574 
81 228 10 13 0.03378309 
399 122 52 65 0.031989828 
478 39 30 37 0.0310585 
160 196 9 11 0.029827453 
342 185 478 479 0.027447915 
179 188 12 15 0.027294295 
215 210 14 18 0.026975377 
674 155 26 42 0.026795829 
654 124 24 44 0.026591083 
172 212 11 13 0.026553364 
499 75 40 47 0.026261201 
1000 138 10 13 0.0257073 
135 180 9 12 0.025549587 
682 245 45 32 0.025073301 
95 212 10 13 0.024886886 
181 182 11 12 0.024801238 
63 215 11 13 0.02469216 
409 56 38 46 0.024663243 
840 170 13 17 0.024386209 
158 154 11 13 0.024314133 
308 176 10 12 0.02407921 
635 132 14 20 0.023282137 
466 69 41 56 0.022890683 
165 198 10 11 0.022809405 
201 577 30 36 0.022712592 
168 211 11 13 0.022556456 
476 67 14 18 0.022538612 
445 72 32 51 0.022267962 
158 208 10 12 0.021925732 
135 218 12 14 0.021844646 
151 190 10 13 0.021472884 
222 200 10 13 0.021360418 
181 163 10 12 0.02120901 
209 150 9 11 0.020365642 
657 97 43 72 0.02022397 
822 138 13 17 0.020136198 
