35_Basketball_basketballgame_ball_35_80
100
493 97 99 117 0.9996859 
259 129 49 69 0.99926955 
35 114 35 44 0.9981552 
808 76 51 57 0.9975247 
294 12 38 49 0.99739635 
383 16 37 48 0.99100727 
166 2 40 49 0.99004924 
7 168 38 47 0.9864879 
893 70 43 56 0.9861059 
91 183 39 48 0.9859505 
906 378 36 46 0.9797497 
136 153 35 37 0.97251445 
164 230 40 51 0.96930707 
3 361 40 56 0.9481332 
65 209 43 54 0.944506 
0 237 32 53 0.9305953 
349 142 32 41 0.55796224 
512 8 27 35 0.4629358 
437 203 29 38 0.39950734 
80 280 35 45 0.35155636 
359 109 48 54 0.32699585 
202 55 26 34 0.3245779 
700 199 15 20 0.24271691 
86 473 32 39 0.22979249 
181 176 32 53 0.22723284 
460 61 33 45 0.21544199 
520 4 20 25 0.17238277 
615 182 35 37 0.14485312 
53 175 29 38 0.14402255 
386 126 17 20 0.12604952 
195 285 38 51 0.124245085 
703 435 58 86 0.12339235 
99 486 23 30 0.10095256 
195 60 38 48 0.08622793 
65 455 47 58 0.08190257 
663 192 15 19 0.07650915 
694 205 27 37 0.07193859 
517 46 45 54 0.06889579 
378 118 27 34 0.06855658 
492 5 42 45 0.0676828 
527 18 29 36 0.065549016 
134 35 28 45 0.06485639 
667 268 34 41 0.061943803 
698 200 40 55 0.06069685 
162 417 44 55 0.06048138 
394 158 22 31 0.058138147 
13 112 24 31 0.051132478 
1001 452 25 46 0.049969364 
15 147 45 56 0.049639877 
546 45 32 36 0.049487665 
390 163 16 22 0.047898658 
400 166 43 53 0.045367595 
91 34 31 36 0.043623548 
609 194 43 47 0.04186678 
91 258 45 58 0.03889687 
485 3 28 34 0.036286574 
455 74 26 36 0.034314323 
512 13 50 60 0.033485517 
148 167 41 50 0.033283323 
79 225 39 49 0.033217806 
423 162 14 17 0.032939397 
224 529 398 540 0.03251759 
103 273 48 62 0.031062255 
190 616 15 17 0.030803923 
149 161 21 22 0.030369157 
39 132 32 40 0.029168023 
-1 202 46 62 0.028381957 
353 559 378 364 0.028327247 
414 175 47 56 0.02828731 
1004 315 21 35 0.027308023 
474 47 42 56 0.02540477 
510 57 29 37 0.025393052 
977 294 27 40 0.024944741 
537 24 17 21 0.024897909 
410 146 43 55 0.02487705 
560 49 17 22 0.024265386 
174 257 47 62 0.024066485 
388 104 43 52 0.024053436 
197 473 31 39 0.023995658 
433 192 45 64 0.023912981 
662 240 48 64 0.023889929 
8 155 27 37 0.02385846 
207 294 42 50 0.023780825 
92 247 34 40 0.02334585 
888 271 87 121 0.023225026 
419 156 25 30 0.023107557 
60 196 33 43 0.02310393 
91 287 35 48 0.022827843 
337 428 11 15 0.022798674 
185 476 29 34 0.022795556 
405 157 27 33 0.02273487 
136 283 42 57 0.021969453 
3 276 29 41 0.021407971 
389 169 24 38 0.02127881 
185 57 32 35 0.02062918 
916 351 26 33 0.020598106 
205 261 47 60 0.020455714 
674 212 48 58 0.020442452 
722 556 15 19 0.020368695 
579 533 38 36 0.020294769 
