35_Basketball_playingbasketball_35_491
19
337 126 219 303 0.9999504 
161 295 333 468 0.094940476 
285 600 408 460 0.08602012 
627 -38 402 502 0.0681064 
180 -7 200 166 0.047903746 
567 463 400 525 0.045718383 
43 72 219 255 0.039485864 
246 757 122 200 0.039222814 
34 691 30 36 0.03815801 
76 1 301 266 0.037882198 
649 799 512 482 0.034470588 
841 611 56 71 0.03259953 
982 1 33 23 0.02836394 
-27 398 443 467 0.02740359 
291 92 118 140 0.024471851 
283 1037 422 528 0.024414549 
788 757 16 23 0.021477252 
493 144 436 496 0.020543411 
7 693 24 33 0.020262195 
