35_Basketball_playingbasketball_35_876
295
462 103 83 117 0.9987527 
65 103 73 112 0.9789588 
897 462 18 21 0.95837617 
858 487 18 23 0.9491627 
887 513 21 26 0.9440494 
932 416 15 19 0.9377121 
731 525 22 27 0.9286685 
710 501 23 28 0.9275451 
657 503 22 29 0.9242591 
264 530 22 27 0.9061142 
207 528 21 25 0.90071833 
966 345 17 20 0.89729375 
772 500 20 25 0.8840333 
956 506 20 24 0.88363487 
883 403 17 22 0.8650797 
866 449 17 21 0.8319002 
923 490 15 21 0.8268255 
963 449 15 19 0.78703177 
801 505 21 27 0.7668201 
954 401 14 18 0.74981034 
889 322 17 19 0.71388984 
135 465 17 20 0.7069802 
930 452 16 20 0.6888787 
849 424 18 22 0.6829551 
980 520 20 24 0.65491825 
955 316 15 18 0.6362159 
334 70 13 17 0.6081851 
930 521 17 21 0.6056647 
816 257 13 18 0.5994405 
210 490 17 21 0.59870934 
233 179 12 16 0.59527695 
908 269 13 15 0.50494987 
679 181 12 15 0.5033397 
914 429 16 19 0.48647663 
1003 418 15 18 0.44499162 
991 434 15 17 0.42488706 
663 258 14 17 0.410514 
244 80 12 17 0.38915485 
158 483 15 21 0.388866 
812 290 14 17 0.38881436 
285 177 12 16 0.3746432 
827 479 15 20 0.3469124 
725 182 11 14 0.33107638 
864 266 13 16 0.31936544 
287 81 13 16 0.29310563 
256 203 13 16 0.29068884 
715 252 14 18 0.28474003 
235 226 14 18 0.28239486 
100 472 20 26 0.28216016 
632 185 15 19 0.25476763 
329 150 11 15 0.24707964 
90 467 16 21 0.24539812 
209 241 15 19 0.23982546 
287 618 15 19 0.2110257 
725 230 12 15 0.19310577 
1000 554 15 20 0.19070308 
996 380 12 17 0.18981886 
945 221 15 19 0.18561438 
844 314 13 17 0.1298993 
813 313 14 18 0.12683183 
739 397 52 56 0.122409135 
627 245 13 17 0.11956785 
280 145 12 14 0.115668714 
849 363 15 18 0.11519663 
999 178 13 17 0.113361746 
285 495 16 20 0.10705268 
946 341 14 19 0.1021169 
886 257 15 18 0.10106968 
732 321 13 16 0.100559674 
822 452 12 15 0.09255329 
189 157 13 15 0.09132981 
270 476 13 16 0.091229156 
981 219 12 16 0.09120378 
278 657 13 15 0.086786434 
683 233 14 16 0.085498594 
781 207 11 14 0.084999405 
260 578 14 18 0.0812597 
139 480 14 19 0.08066728 
982 419 12 15 0.07963783 
837 465 13 16 0.07314907 
1012 506 11 18 0.07092802 
299 203 13 18 0.07063327 
927 289 14 18 0.06527685 
731 611 12 15 0.064307325 
846 340 14 19 0.062398903 
768 184 11 13 0.06009147 
423 12 13 16 0.060021255 
196 547 12 16 0.05905478 
649 241 15 19 0.055222135 
983 465 14 17 0.055072423 
1008 341 12 15 0.053152513 
770 258 14 15 0.050666608 
890 252 15 18 0.050256502 
253 530 12 16 0.05008414 
768 251 13 17 0.048592247 
586 178 14 17 0.048531987 
803 518 17 21 0.048040353 
890 499 16 19 0.047979526 
241 594 15 18 0.04786865 
163 480 13 16 0.04697396 
326 98 14 17 0.04556547 
370 18 17 20 0.045452982 
831 467 12 16 0.045137156 
916 352 13 18 0.04485552 
150 482 14 19 0.044200502 
892 492 15 18 0.044016603 
242 556 17 19 0.04392348 
794 490 14 18 0.04368792 
787 283 13 18 0.043571535 
186 97 27 31 0.04327353 
297 197 13 15 0.04278449 
805 529 15 19 0.042494304 
782 283 13 16 0.042307004 
869 305 15 19 0.042116355 
315 172 13 15 0.041763972 
950 450 12 16 0.041746706 
900 454 14 18 0.04166411 
770 246 12 14 0.041488677 
316 561 13 17 0.04128099 
93 478 16 21 0.040971495 
286 644 12 13 0.040363934 
302 579 15 19 0.03987127 
991 402 11 15 0.039695136 
674 560 18 23 0.03969472 
1005 357 14 16 0.0389683 
970 512 20 25 0.038614996 
774 282 13 16 0.037746664 
198 477 11 13 0.036959756 
677 242 12 15 0.03586839 
268 571 13 16 0.035861615 
807 313 13 18 0.035450865 
830 459 12 16 0.03524703 
251 106 11 15 0.03481161 
282 174 11 15 0.034311432 
238 560 15 18 0.034148503 
959 455 14 18 0.03407719 
972 405 12 15 0.034062214 
891 585 19 21 0.033139378 
248 525 13 16 0.03309643 
315 178 14 18 0.032879498 
957 474 12 15 0.032869503 
266 687 21 26 0.03279113 
236 498 12 17 0.032703493 
733 215 9 10 0.032687195 
780 496 20 27 0.03233679 
380 159 10 12 0.03231973 
293 122 13 17 0.032132015 
702 281 13 17 0.03209552 
843 467 12 16 0.03204311 
917 422 13 16 0.03186809 
964 404 11 15 0.031447403 
958 434 12 14 0.031355515 
992 483 12 15 0.031120934 
669 228 12 15 0.030891433 
205 474 12 15 0.03056201 
929 495 14 18 0.030560499 
701 244 11 14 0.03042513 
243 198 12 14 0.03031413 
954 149 12 15 0.030193763 
278 189 12 14 0.02997025 
994 426 18 23 0.029730039 
900 377 17 20 0.02967305 
679 230 13 16 0.029653477 
671 243 11 15 0.029611314 
285 569 16 18 0.029574824 
207 485 15 19 0.02953642 
408 166 10 13 0.02935002 
817 309 14 18 0.029287139 
190 615 11 14 0.029135369 
296 165 11 14 0.029025344 
197 539 14 18 0.028818786 
992 384 13 18 0.028721668 
254 524 23 29 0.028612778 
188 369 28 35 0.028534777 
980 426 14 17 0.028481571 
708 235 11 13 0.028457487 
993 490 13 17 0.028397903 
741 586 16 19 0.028376244 
891 376 16 19 0.028032208 
838 309 14 18 0.027959647 
989 473 13 18 0.0277481 
899 443 13 17 0.027589373 
861 502 16 21 0.027510794 
277 196 13 15 0.027444165 
198 86 26 32 0.027425235 
197 596 16 18 0.027212584 
868 314 16 19 0.027176453 
940 378 13 16 0.02695811 
892 235 14 17 0.026932735 
294 516 14 16 0.026863066 
287 636 14 16 0.026499989 
936 182 11 13 0.026234802 
939 451 13 18 0.026200594 
935 228 11 14 0.025890982 
862 291 12 16 0.025806684 
309 572 14 21 0.02572896 
721 181 18 22 0.025694074 
787 270 12 14 0.025646206 
939 517 13 18 0.02563654 
692 229 13 15 0.025595687 
148 476 12 17 0.025582382 
310 555 15 18 0.02553883 
291 576 16 20 0.025531262 
788 234 14 16 0.025508564 
837 452 11 14 0.025446458 
867 271 14 17 0.025399413 
990 375 13 16 0.025390431 
325 563 13 18 0.025104277 
980 371 13 17 0.025063321 
907 372 15 18 0.025016109 
376 165 11 13 0.025007475 
329 10 24 28 0.025002314 
925 329 14 18 0.024845682 
939 193 107 134 0.024824776 
853 252 12 14 0.024784544 
902 289 13 18 0.024721889 
171 484 13 17 0.024436854 
324 594 14 16 0.02439652 
299 524 12 15 0.02433937 
254 593 13 18 0.024274684 
645 225 12 16 0.024231432 
891 243 15 19 0.024172299 
99 485 17 23 0.023942826 
297 210 13 17 0.023613833 
340 125 12 15 0.023610953 
195 575 16 20 0.023598723 
812 605 14 16 0.023588981 
668 566 17 22 0.023523439 
956 516 17 22 0.023212267 
861 464 14 17 0.02307952 
820 337 15 19 0.022941254 
327 624 14 19 0.022920744 
298 233 14 17 0.022746785 
885 377 14 17 0.022718392 
932 397 12 15 0.022610046 
244 570 13 16 0.022598129 
973 173 13 17 0.022563037 
956 199 12 15 0.022534978 
961 320 13 17 0.022504328 
212 470 11 12 0.022478262 
981 402 12 16 0.022432206 
149 153 12 16 0.022395324 
287 123 13 16 0.022379411 
645 246 15 21 0.022370853 
342 174 13 15 0.022345277 
291 565 15 19 0.02215332 
703 421 65 65 0.022147806 
902 437 11 15 0.022140302 
1008 512 14 19 0.022121076 
340 99 14 17 0.021796351 
290 642 14 16 0.021762349 
291 172 12 16 0.021733094 
973 377 13 17 0.021611933 
942 270 12 14 0.021533938 
935 248 14 18 0.021511396 
634 238 20 26 0.021498576 
341 166 12 14 0.021489248 
187 520 15 18 0.02146434 
932 405 12 15 0.021457646 
276 164 10 13 0.021410733 
924 425 14 18 0.021399213 
814 457 12 17 0.021389287 
134 487 15 18 0.021380987 
780 322 12 16 0.02131113 
721 585 17 22 0.021302167 
759 211 10 14 0.021183072 
662 468 14 17 0.021165464 
1011 413 12 17 0.021161301 
702 236 11 14 0.021145768 
213 564 13 17 0.021135805 
260 591 14 19 0.021054598 
965 428 11 14 0.021040116 
181 514 16 21 0.021036541 
926 402 14 16 0.021010695 
341 115 13 15 0.020982543 
989 453 12 14 0.020901022 
189 569 17 23 0.020883922 
834 475 15 20 0.02082101 
855 467 11 15 0.02080005 
118 513 14 20 0.020798512 
251 562 14 17 0.02069893 
771 268 12 15 0.020668248 
796 314 13 18 0.020654714 
989 413 11 15 0.020651322 
202 601 15 17 0.0205783 
1011 345 12 17 0.020560306 
886 292 13 17 0.02039433 
280 649 19 24 0.020373939 
157 494 14 19 0.020372631 
341 540 11 13 0.020271681 
178 586 15 19 0.020253655 
343 596 13 16 0.020129824 
212 477 13 14 0.0201113 
231 463 10 12 0.020058928 
350 131 15 17 0.020052148 
