35_Basketball_playingbasketball_35_782
44
510 333 102 126 0.9998592 
216 584 95 111 0.99976367 
761 -1 68 71 0.9995485 
284 49 66 85 0.999479 
114 14 67 87 0.9993098 
226 3 59 81 0.9984238 
928 411 77 98 0.99742776 
420 30 57 82 0.9952863 
110 340 79 108 0.99433714 
463 76 66 90 0.9872662 
524 269 81 97 0.95475453 
127 938 123 88 0.6551567 
315 2 26 26 0.19646919 
589 -3 58 61 0.16731368 
361 9 44 57 0.121363305 
308 1 42 44 0.09154666 
642 -1 51 60 0.08860076 
175 193 103 139 0.07078903 
380 18 45 62 0.057054527 
651 23 49 61 0.05452307 
88 925 193 207 0.046905927 
532 110 49 61 0.04583247 
246 21 65 88 0.043179292 
426 9 52 65 0.041964997 
54 434 39 52 0.039770503 
229 158 168 241 0.03880721 
586 21 97 137 0.037555985 
597 9 69 83 0.036475126 
473 20 53 58 0.03439674 
403 12 49 67 0.03399305 
634 44 53 78 0.033395037 
666 -1 29 27 0.033365138 
442 25 60 66 0.03274807 
27 264 24 31 0.03191466 
272 1017 189 274 0.026994482 
394 30 46 70 0.026115753 
426 0 18 15 0.026095418 
5 1076 15 21 0.02566945 
306 1034 104 146 0.024156148 
659 1071 36 50 0.024069274 
644 82 14 18 0.023868987 
1005 6 20 34 0.021584183 
632 85 31 45 0.021431295 
482 27 30 37 0.020334106 
