35_Basketball_basketballgame_ball_35_197
42
801 13 53 72 0.9994679 
627 152 60 80 0.99946433 
42 92 66 81 0.9991875 
257 181 62 84 0.99797577 
244 101 67 80 0.9979698 
718 207 67 91 0.99757427 
819 271 72 75 0.99428743 
447 165 61 74 0.9920026 
24 37 53 59 0.9626872 
4 -2 45 41 0.8115884 
700 168 49 66 0.7563192 
322 34 54 66 0.51362985 
343 36 32 37 0.42668638 
996 3 26 36 0.31039372 
991 160 29 53 0.1443051 
932 15 25 31 0.12027108 
44 0 42 40 0.10943315 
446 0 21 15 0.08026911 
359 85 42 60 0.07583931 
24 57 58 76 0.06603603 
357 3 20 19 0.061734043 
249 139 64 82 0.052057892 
96 384 67 62 0.049875595 
71 368 110 106 0.04761213 
663 164 56 72 0.04251864 
465 1 37 27 0.039700527 
34 15 54 62 0.0390418 
446 1 31 27 0.038817436 
935 564 44 55 0.03855182 
600 49 31 34 0.03550932 
340 1 30 25 0.03432793 
445 182 33 48 0.032425746 
42 340 160 203 0.02778525 
790 245 51 68 0.025194192 
743 638 9 11 0.024681143 
503 209 16 20 0.02368656 
24 375 108 142 0.02244364 
934 569 28 35 0.022307927 
143 -1 52 39 0.022279734 
312 5 55 51 0.021693999 
932 692 13 15 0.020570872 
718 139 15 18 0.020560436 
