35_Basketball_playingbasketball_35_65
83
851 414 15 19 0.9916652 
906 353 18 23 0.9825257 
620 388 17 22 0.9817696 
966 404 22 28 0.97705257 
921 374 22 33 0.9718981 
1005 414 16 23 0.9627683 
744 375 16 20 0.9461128 
229 423 23 38 0.9049802 
801 422 15 18 0.78829736 
797 458 22 25 0.5827154 
679 231 12 13 0.52556956 
452 347 16 21 0.46348748 
854 459 16 18 0.4629658 
717 411 13 18 0.43128163 
709 460 21 26 0.34317446 
76 501 21 35 0.28404534 
796 499 14 18 0.2640078 
534 317 15 21 0.20058574 
744 427 16 20 0.15547387 
876 486 16 21 0.1548924 
831 488 16 23 0.15129784 
19 560 40 42 0.1358348 
410 384 15 18 0.13359188 
779 396 13 16 0.11980438 
462 341 24 29 0.11362931 
502 348 13 19 0.09894761 
889 384 17 21 0.086585425 
821 451 13 19 0.07707723 
973 462 27 34 0.076564945 
490 287 35 50 0.07459717 
779 450 14 18 0.06731 
671 265 28 33 0.06597008 
823 395 12 15 0.05604275 
811 458 15 19 0.05503233 
809 398 10 13 0.054741528 
524 309 20 29 0.050627623 
853 353 14 17 0.048447873 
534 308 14 20 0.04762244 
675 268 17 20 0.047448296 
507 300 26 35 0.047340132 
480 37 11 14 0.043584414 
-1 529 29 41 0.041237645 
53 491 26 34 0.03893683 
228 419 17 26 0.03836458 
900 495 16 22 0.037750907 
827 448 16 22 0.037387952 
741 421 16 19 0.036629416 
887 449 14 20 0.035780344 
870 522 13 16 0.034528386 
194 487 18 24 0.0336787 
790 435 12 16 0.033177186 
721 414 14 20 0.0327126 
540 32 12 15 0.032275483 
1002 621 22 35 0.031212682 
477 342 21 29 0.030286606 
420 45 11 14 0.030198872 
837 379 12 15 0.030004416 
757 431 14 20 0.028526902 
763 376 15 19 0.028487852 
501 311 15 22 0.02747399 
494 348 13 20 0.02737093 
183 428 22 29 0.02729037 
824 376 10 13 0.027228607 
787 450 16 21 0.026467104 
790 457 18 23 0.026254019 
521 224 23 29 0.025479736 
997 489 27 42 0.02545043 
674 261 16 17 0.02515362 
784 361 11 14 0.02498824 
746 394 13 18 0.024816126 
365 46 11 14 0.024171852 
789 488 17 25 0.022874122 
537 309 21 28 0.022428403 
600 24 12 15 0.02233356 
979 458 17 23 0.022220396 
830 380 11 13 0.021734789 
756 373 14 18 0.021605643 
972 438 39 54 0.021338265 
820 481 14 21 0.021309309 
533 226 22 27 0.021153511 
878 348 12 16 0.020523446 
913 387 25 33 0.020432282 
557 280 16 20 0.020381784 
