35_Basketball_basketballgame_ball_35_50
104
949 271 31 40 0.99939597 
276 167 25 32 0.99875665 
411 207 23 29 0.99639434 
586 126 36 46 0.9913584 
209 271 42 58 0.97844166 
774 336 40 41 0.40165243 
970 104 7 9 0.22957377 
943 103 6 9 0.14414452 
817 405 20 21 0.14113483 
997 110 8 9 0.13914022 
1006 75 12 15 0.12985756 
876 93 9 11 0.12787193 
1011 77 10 14 0.12260221 
871 112 7 10 0.12206013 
751 389 33 41 0.11419214 
958 120 7 9 0.09766677 
1000 74 10 14 0.09356363 
877 88 8 11 0.09312665 
845 83 10 12 0.08710215 
879 111 7 9 0.08636252 
929 116 9 11 0.08302578 
973 120 7 10 0.082900405 
771 68 10 13 0.08234045 
920 96 6 8 0.07886406 
889 94 8 11 0.07472155 
812 392 32 34 0.07393637 
583 63 29 39 0.07115535 
848 54 9 11 0.0658174 
960 103 7 9 0.06369221 
970 109 8 10 0.059108563 
861 96 9 11 0.056456473 
836 96 10 11 0.054864306 
842 80 8 11 0.05454901 
928 104 8 9 0.05446724 
858 102 9 10 0.05263191 
854 111 9 11 0.05164681 
854 117 8 10 0.05070188 
877 102 8 10 0.05043087 
954 119 8 10 0.050156515 
888 112 9 10 0.049452078 
959 126 9 10 0.048167847 
927 96 8 9 0.046359126 
936 103 7 9 0.044761233 
839 85 10 12 0.044004265 
1000 67 21 27 0.043437544 
993 104 10 12 0.043203406 
973 104 8 10 0.041810963 
166 372 44 39 0.036700994 
190 293 27 34 0.036458693 
937 96 7 9 0.036335174 
953 111 7 9 0.033027373 
915 95 6 9 0.032503393 
833 88 8 10 0.032471173 
992 120 9 11 0.032316316 
889 102 8 10 0.03191759 
847 49 9 11 0.031569593 
833 58 11 15 0.030929934 
966 134 8 10 0.03071349 
898 444 10 14 0.030113578 
171 46 25 27 0.029722482 
911 112 8 11 0.0297205 
848 70 8 10 0.029619496 
888 89 8 9 0.028463513 
174 51 12 16 0.027604006 
403 192 11 13 0.02735519 
543 153 26 36 0.027318891 
687 72 8 10 0.026976425 
24 86 9 12 0.02697262 
864 117 8 10 0.02683759 
1 90 9 13 0.026426142 
245 276 29 42 0.026188381 
264 107 423 492 0.026140561 
990 124 9 11 0.026129276 
395 256 25 30 0.025850255 
849 60 9 12 0.025806697 
182 305 26 32 0.025277365 
984 127 8 9 0.024922738 
952 105 7 8 0.024356194 
976 259 28 33 0.024262587 
969 126 8 10 0.024005968 
906 111 7 10 0.023936113 
958 112 8 9 0.02390652 
832 69 9 12 0.023820475 
657 48 7 10 0.023726262 
961 134 9 10 0.023580935 
191 319 32 35 0.02351237 
944 109 8 10 0.023402436 
832 79 7 9 0.023334995 
1016 109 9 12 0.02233006 
1005 63 15 17 0.02188197 
1011 70 11 14 0.0217615 
904 78 7 10 0.020966718 
612 180 15 18 0.020964732 
836 55 10 13 0.020923566 
656 57 10 15 0.020855537 
798 384 34 36 0.020689212 
984 133 8 10 0.020679321 
400 205 23 31 0.02049312 
732 39 12 15 0.02045558 
686 77 8 11 0.02034997 
161 349 51 48 0.020252066 
931 111 10 11 0.020089973 
688 62 8 11 0.020079639 
261 207 25 33 0.020062989 
