35_Basketball_basketballgame_ball_35_709
1376
883 1010 30 37 0.99932957 
223 1008 34 42 0.99879646 
769 998 32 41 0.99839383 
65 990 29 35 0.997993 
895 979 27 33 0.9971445 
179 982 37 45 0.99647886 
286 993 34 41 0.9953928 
347 965 31 36 0.99468577 
2 1001 36 50 0.9940414 
529 411 60 63 0.99180895 
172 940 24 28 0.98924154 
938 980 24 30 0.9889665 
995 930 21 28 0.9882918 
37 988 26 35 0.9873404 
138 959 24 31 0.9856962 
782 714 17 22 0.9844355 
905 926 22 27 0.98322034 
864 976 22 29 0.9828326 
850 919 22 27 0.9810708 
3 967 23 30 0.981058 
1002 1000 23 34 0.9780245 
323 777 21 28 0.9765137 
246 929 25 32 0.96178126 
106 829 20 26 0.95704365 
993 977 27 36 0.9569887 
26 772 21 28 0.95176786 
54 804 21 27 0.9468594 
909 955 21 25 0.9419711 
410 550 17 21 0.93229526 
925 806 21 26 0.9319135 
241 734 18 24 0.9303038 
415 755 20 24 0.9248898 
262 775 20 26 0.9238926 
984 780 19 23 0.9234832 
786 977 25 33 0.92147815 
948 684 17 22 0.91869897 
180 563 17 21 0.9174714 
307 805 19 26 0.9162022 
55 960 23 28 0.9083431 
46 623 25 34 0.9078042 
931 905 20 25 0.9070789 
869 861 19 24 0.9049832 
897 674 17 23 0.9048649 
914 864 19 25 0.90383214 
945 655 19 23 0.9035682 
973 833 21 26 0.9034816 
230 685 17 22 0.90238464 
354 752 20 25 0.9010679 
138 821 24 31 0.9007413 
107 643 17 22 0.89209354 
354 554 18 22 0.88396794 
297 685 20 26 0.8839529 
80 566 17 23 0.87592036 
828 720 19 25 0.87472457 
242 550 17 21 0.8663989 
975 581 12 17 0.8629812 
96 931 21 25 0.85472655 
218 603 16 21 0.84162366 
10 555 18 22 0.8356843 
10 612 22 30 0.8315223 
322 704 20 24 0.8291995 
418 599 16 21 0.8271589 
147 674 15 20 0.8246779 
974 608 14 18 0.81622905 
269 705 17 21 0.8158518 
764 416 15 18 0.81056106 
275 753 21 26 0.801232 
30 828 22 27 0.80084 
792 643 17 22 0.79982036 
644 593 80 74 0.7918876 
290 624 16 21 0.78837013 
302 554 16 20 0.7873478 
840 652 13 17 0.78247714 
985 719 16 21 0.7784157 
390 582 17 22 0.7761974 
440 704 16 22 0.7725997 
0 888 18 25 0.76776975 
997 814 19 24 0.76612854 
219 759 18 22 0.75713813 
19 856 22 28 0.7557693 
267 984 30 36 0.7481191 
156 709 20 26 0.7471026 
924 580 21 26 0.73561615 
972 907 20 27 0.7299831 
0 602 26 35 0.723096 
-1 812 13 22 0.7145987 
860 810 18 22 0.71150535 
330 645 16 20 0.7085353 
926 732 16 20 0.7083614 
965 968 20 27 0.70662427 
751 491 14 17 0.6991686 
391 628 16 20 0.6958514 
127 422 13 16 0.6834023 
421 475 14 18 0.6823719 
833 774 16 21 0.6764423 
44 422 14 16 0.67468685 
247 323 13 16 0.6653236 
508 936 22 28 0.6643241 
804 780 19 24 0.66338646 
100 973 24 31 0.6623905 
1 928 22 31 0.65487415 
193 663 16 20 0.6493869 
496 989 30 41 0.6430245 
373 668 16 20 0.63668066 
789 313 12 16 0.63428307 
263 662 15 17 0.62948835 
800 548 19 23 0.6274728 
58 594 18 23 0.62108594 
263 964 33 42 0.6158969 
164 587 14 19 0.61310565 
974 759 20 23 0.6056518 
854 894 22 28 0.5978079 
206 374 13 16 0.5972445 
84 861 17 23 0.5947748 
201 791 19 25 0.5891534 
868 773 15 19 0.58492386 
362 717 18 22 0.5844941 
312 388 12 14 0.5746592 
798 807 20 25 0.5738801 
295 430 13 17 0.5677051 
75 413 13 16 0.5560194 
827 492 14 16 0.5543381 
410 408 13 17 0.529256 
346 489 16 21 0.52904284 
166 374 13 16 0.5193414 
977 697 18 21 0.5135811 
354 831 23 29 0.51010317 
814 412 13 15 0.5090287 
187 710 16 20 0.5055744 
195 306 12 16 0.5006322 
926 779 15 19 0.49817023 
228 483 17 22 0.49461678 
181 614 15 19 0.49410993 
245 629 16 21 0.49185812 
909 837 18 22 0.48910913 
882 737 15 20 0.48863158 
231 413 13 16 0.487229 
86 492 11 15 0.4871794 
162 989 31 38 0.48043263 
427 642 18 24 0.4801425 
105 961 28 33 0.47892186 
55 351 11 15 0.4779945 
292 321 14 17 0.47304565 
875 787 17 21 0.47140065 
307 601 16 20 0.46833837 
370 645 18 23 0.46699718 
388 784 22 27 0.46484768 
974 863 20 26 0.4642158 
773 693 14 17 0.4641164 
394 867 24 31 0.46195605 
109 407 13 16 0.4608856 
394 371 13 16 0.46000534 
186 733 17 23 0.45352957 
798 429 13 16 0.45293075 
799 366 13 15 0.44972825 
87 394 14 17 0.44874057 
245 357 11 14 0.44858104 
365 358 13 16 0.43557093 
356 691 16 19 0.42820767 
751 964 22 30 0.41681778 
787 401 14 17 0.40583664 
888 467 12 16 0.40450412 
64 433 12 16 0.40315256 
207 333 11 13 0.4027365 
301 458 16 19 0.40227684 
255 612 15 19 0.40141615 
66 467 13 16 0.40073147 
277 484 11 14 0.3973261 
761 740 17 19 0.39138466 
132 626 14 18 0.37659395 
224 893 26 32 0.37631255 
108 333 13 15 0.37241855 
911 307 9 12 0.36971036 
882 581 14 17 0.36208957 
211 971 22 29 0.35940936 
895 650 15 19 0.3589161 
264 366 12 16 0.35812378 
889 704 15 19 0.35630444 
722 571 16 21 0.34888664 
93 428 12 15 0.3451817 
896 635 15 17 0.3431036 
111 441 13 16 0.34034026 
261 583 15 19 0.33891395 
227 366 10 14 0.33761477 
236 443 16 19 0.33316806 
76 336 11 13 0.33080778 
75 523 14 18 0.32682425 
765 468 16 20 0.32231554 
171 422 13 16 0.32037413 
370 382 12 15 0.3196173 
415 384 10 13 0.31939712 
253 400 14 17 0.31916702 
895 445 12 15 0.31833768 
842 677 14 16 0.30499884 
301 731 18 21 0.30495963 
643 619 68 83 0.3033966 
120 287 10 12 0.3000893 
71 359 11 14 0.29921484 
145 609 15 18 0.29793096 
737 450 12 16 0.293093 
8 326 10 13 0.28998008 
335 345 13 16 0.28611624 
77 214 11 14 0.28601086 
871 420 11 15 0.28476313 
742 702 15 20 0.2818581 
0 749 14 27 0.27927065 
19 601 24 29 0.2789846 
872 415 10 12 0.27612883 
316 533 13 16 0.27601758 
157 470 11 14 0.27457672 
280 353 13 16 0.2744033 
808 669 14 18 0.27152815 
853 736 16 20 0.2627052 
148 355 12 15 0.25827816 
18 460 14 18 0.25704747 
334 275 12 16 0.2536886 
108 361 12 15 0.25363916 
267 337 13 16 0.25323886 
349 462 12 16 0.25128502 
389 399 11 15 0.2505714 
200 553 14 19 0.25007784 
39 475 13 16 0.23996057 
366 206 11 13 0.23593584 
945 429 12 15 0.23301435 
319 668 14 17 0.23148361 
228 294 10 13 0.23010586 
184 476 13 16 0.22649215 
739 301 11 14 0.22648792 
925 475 13 15 0.22321257 
134 397 12 16 0.2222366 
836 430 12 16 0.22038355 
143 646 14 18 0.21709162 
888 952 18 22 0.21529159 
174 516 15 19 0.21437638 
996 748 16 19 0.21104485 
791 434 13 16 0.2108869 
822 698 15 19 0.21039431 
801 299 10 13 0.20813408 
44 396 12 16 0.20659131 
99 588 15 19 0.20622586 
788 484 13 17 0.20587507 
271 761 21 28 0.2049284 
831 393 12 15 0.20317365 
697 394 16 21 0.19844943 
756 390 13 16 0.1970502 
847 450 13 16 0.19600444 
324 441 13 17 0.19586228 
852 618 15 20 0.19544744 
170 357 13 15 0.19466011 
123 1001 22 28 0.1936169 
925 790 20 25 0.19303991 
230 383 12 15 0.19266456 
437 632 16 23 0.19067785 
953 974 21 29 0.19054404 
288 374 13 17 0.19045572 
856 467 12 16 0.18930443 
182 688 16 20 0.18921277 
741 246 11 14 0.18907468 
188 383 11 15 0.18847784 
925 769 19 23 0.18799835 
140 502 13 16 0.1862589 
87 306 11 13 0.18580051 
152 392 11 14 0.18505344 
85 350 12 15 0.18501322 
299 402 13 15 0.18487222 
59 975 26 36 0.18012942 
269 309 12 15 0.17738834 
944 372 11 14 0.17656264 
941 332 11 14 0.17641933 
774 323 12 14 0.17619564 
398 688 17 20 0.17451683 
376 819 16 19 0.17384249 
615 278 10 14 0.17222406 
236 311 12 14 0.17127235 
1002 680 18 22 0.17103042 
117 325 12 15 0.17091773 
791 340 12 15 0.1689166 
147 555 13 17 0.16805778 
807 326 11 14 0.16603881 
951 355 12 14 0.16565038 
877 384 10 12 0.16554078 
219 434 13 16 0.16536757 
377 472 15 18 0.16289383 
229 889 17 21 0.16215861 
217 453 14 16 0.1611977 
313 859 23 34 0.1605188 
671 572 26 30 0.1596419 
316 473 17 22 0.15907764 
768 371 12 14 0.15536214 
630 363 11 15 0.15428735 
335 624 14 17 0.15367813 
368 712 17 21 0.15235014 
318 584 16 19 0.15143925 
278 330 11 15 0.15003091 
661 239 9 11 0.14860573 
952 312 11 13 0.14757858 
863 847 16 20 0.14743409 
759 721 13 16 0.14669116 
27 430 12 16 0.1456418 
734 373 13 16 0.1452644 
67 370 14 16 0.14425279 
726 461 13 17 0.14396608 
260 498 14 17 0.14359574 
867 442 11 13 0.14249185 
110 465 12 16 0.14209649 
918 898 16 20 0.14193356 
371 656 17 21 0.14178114 
727 428 14 16 0.14097306 
872 499 13 16 0.14045155 
831 433 13 16 0.1401884 
989 439 9 11 0.1398317 
869 336 9 12 0.13965768 
539 361 26 31 0.1392453 
983 439 11 13 0.13852488 
711 313 13 16 0.13851176 
173 503 11 14 0.13722529 
924 744 18 21 0.13572437 
970 937 16 19 0.13460678 
129 787 16 19 0.13332169 
26 364 12 15 0.1308065 
192 532 13 17 0.13016607 
770 918 25 33 0.12810238 
326 317 14 16 0.12810212 
794 615 15 20 0.12808028 
183 364 11 16 0.12730959 
4 415 12 16 0.12607421 
292 585 13 17 0.124712795 
97 985 20 25 0.12429574 
337 475 14 17 0.12429265 
432 1024 16 21 0.123470165 
121 264 9 12 0.120258056 
262 465 14 18 0.120243214 
893 350 12 15 0.120170265 
995 720 15 19 0.12009715 
48 286 11 14 0.11930074 
23 585 21 27 0.118679695 
932 391 11 12 0.11750821 
880 724 18 22 0.11705374 
811 536 15 19 0.116870716 
269 386 13 16 0.11602757 
835 522 17 22 0.115570135 
809 910 23 32 0.114863575 
656 372 11 14 0.11410851 
857 350 10 13 0.11344088 
88 285 11 13 0.11277416 
952 483 13 15 0.11245419 
110 295 11 14 0.11237217 
551 429 52 63 0.11086402 
738 329 13 16 0.1108449 
510 360 13 18 0.110338755 
383 343 9 13 0.1096545 
123 551 13 18 0.109491244 
255 242 11 13 0.108358584 
710 431 14 18 0.10757796 
937 447 10 13 0.10642566 
699 452 14 17 0.10622009 
54 504 13 16 0.10574157 
986 751 20 24 0.10436856 
252 301 11 14 0.10407283 
302 303 11 14 0.10396065 
933 419 12 14 0.10229915 
262 427 12 16 0.10185216 
756 311 11 14 0.10047254 
323 354 12 15 0.09980885 
166 397 13 15 0.09945209 
927 350 12 14 0.09866516 
356 419 13 14 0.098561786 
433 580 12 16 0.09779401 
661 368 14 17 0.09777905 
3 446 12 15 0.09718569 
923 897 21 26 0.09715262 
360 602 16 20 0.097029515 
666 585 33 40 0.09689619 
710 349 15 18 0.09687035 
104 317 10 13 0.0967882 
306 460 20 24 0.09661254 
0 475 13 19 0.09615475 
68 299 10 13 0.09561492 
794 836 17 23 0.09501346 
783 346 13 16 0.09455655 
575 451 28 43 0.094467014 
715 575 27 31 0.0942053 
102 563 14 18 0.094145104 
403 449 13 17 0.09413063 
328 204 12 15 0.09385768 
214 480 13 18 0.09371098 
796 482 14 17 0.09350632 
656 569 56 60 0.09325491 
181 288 14 17 0.09318395 
217 442 14 17 0.09301563 
1002 717 14 18 0.092644915 
117 383 11 13 0.09254812 
400 213 11 14 0.092444174 
798 231 11 14 0.09219822 
196 342 12 15 0.09215329 
253 506 13 16 0.09204844 
319 337 14 16 0.09184002 
797 515 12 16 0.09161902 
976 439 11 14 0.091199026 
835 921 13 19 0.09106184 
269 436 14 16 0.090379536 
351 270 12 14 0.09037605 
726 310 13 16 0.09030183 
833 304 9 11 0.09028404 
85 266 12 14 0.09019729 
116 595 14 18 0.09017543 
831 308 10 13 0.08943795 
857 308 10 11 0.08924207 
804 540 17 21 0.088890396 
771 299 13 15 0.08789589 
50 602 26 36 0.08763382 
960 608 12 16 0.087606646 
863 341 10 12 0.087207064 
654 601 44 42 0.086872675 
513 414 47 55 0.086700715 
186 715 21 28 0.08644431 
751 442 14 17 0.08633769 
255 373 12 14 0.0859309 
269 419 14 17 0.08586736 
316 419 12 16 0.085792415 
978 461 9 12 0.085401475 
804 296 11 13 0.08454387 
232 451 14 17 0.08440419 
224 300 11 13 0.08393414 
892 767 19 25 0.08348636 
892 403 12 15 0.08294891 
58 621 24 30 0.08265297 
384 720 16 19 0.08202813 
731 411 15 17 0.08190901 
374 507 14 17 0.081689365 
1006 479 9 10 0.08125447 
923 863 22 26 0.08098063 
771 458 15 18 0.08023809 
222 341 11 16 0.080076165 
1012 412 10 15 0.0799816 
241 437 14 16 0.079809405 
851 401 13 16 0.07972994 
974 405 9 11 0.0792163 
751 389 13 16 0.078945234 
85 446 10 13 0.07854691 
699 325 12 15 0.0781043 
349 244 10 12 0.07776405 
133 515 14 17 0.07763484 
214 340 12 15 0.07617979 
135 506 15 17 0.075911716 
198 404 11 14 0.07532562 
778 671 15 19 0.07531466 
900 350 10 13 0.07510761 
163 292 12 14 0.074941196 
757 746 22 30 0.07486444 
148 319 11 14 0.074411765 
740 514 16 17 0.07432554 
371 524 14 17 0.073709674 
968 439 9 12 0.07349269 
827 693 16 19 0.072921194 
119 301 12 15 0.07269578 
787 988 29 39 0.072303906 
370 356 13 16 0.072111085 
194 538 14 17 0.0720803 
378 714 17 20 0.07196031 
856 387 11 13 0.071928956 
1005 728 16 22 0.07117235 
377 542 21 26 0.07107001 
110 326 13 16 0.071000665 
194 941 26 31 0.07070065 
524 267 14 16 0.07048784 
176 286 12 14 0.07047639 
882 810 17 21 0.07041379 
805 601 17 21 0.07034022 
883 709 20 24 0.07024006 
906 381 9 12 0.06986796 
109 593 13 18 0.06943895 
605 339 11 15 0.06932002 
79 491 13 16 0.069221444 
42 480 14 17 0.06886702 
929 755 15 17 0.068836205 
767 326 11 14 0.06848844 
6 363 11 14 0.068233274 
772 377 13 15 0.06818085 
999 341 12 14 0.067729644 
26 581 16 19 0.06763238 
586 458 18 27 0.06755782 
741 353 13 16 0.067511015 
166 365 14 16 0.06715608 
343 246 12 13 0.066837475 
341 467 14 17 0.06677198 
151 460 12 15 0.06676311 
219 406 12 15 0.06668953 
919 525 14 17 0.06637818 
804 477 10 15 0.066348344 
682 436 12 14 0.06568707 
928 394 13 15 0.06563322 
822 317 9 11 0.06548025 
793 278 11 12 0.06534002 
856 355 9 12 0.06532277 
258 396 13 17 0.064922564 
918 377 12 14 0.06490053 
896 396 11 14 0.0646789 
767 231 11 13 0.06460127 
500 921 41 51 0.06451579 
313 594 16 20 0.06424596 
5 521 18 21 0.06407571 
138 402 13 15 0.06406073 
945 260 11 13 0.063652135 
93 223 10 13 0.063647844 
937 328 10 12 0.06298313 
320 348 13 17 0.062898844 
862 775 16 21 0.06278031 
89 381 12 15 0.062470112 
752 314 13 16 0.06215718 
835 634 13 17 0.062000256 
245 279 10 12 0.06131486 
271 857 14 20 0.061119743 
197 560 15 19 0.06104167 
296 516 11 16 0.060992736 
229 577 16 17 0.060235135 
76 317 11 13 0.05992659 
315 462 16 19 0.059864447 
165 313 14 16 0.059606303 
311 510 13 17 0.059560668 
103 521 14 18 0.059448272 
897 392 9 11 0.05928815 
850 333 9 11 0.058913287 
854 383 10 12 0.058303777 
51 424 13 17 0.058255967 
4 395 14 17 0.0582262 
759 331 13 15 0.05810423 
902 389 10 13 0.05806971 
305 723 18 22 0.057831246 
677 347 14 17 0.05780174 
1002 268 9 12 0.057722535 
341 370 14 17 0.057707675 
300 606 19 24 0.057679053 
0 907 24 38 0.057369377 
182 694 22 26 0.057163846 
380 353 14 17 0.057074834 
331 635 17 21 0.056970444 
246 793 16 21 0.056918453 
38 310 9 13 0.056862473 
240 331 10 14 0.056740254 
844 1009 16 22 0.056709383 
848 372 11 13 0.056457642 
767 696 15 19 0.056257278 
889 311 9 11 0.05595158 
143 294 11 14 0.0551616 
756 608 15 18 0.0550261 
942 270 10 12 0.054635175 
152 247 10 12 0.054613948 
859 461 12 16 0.054557078 
129 395 12 16 0.054495256 
967 607 14 19 0.054480635 
0 348 12 17 0.054369804 
735 515 14 18 0.054369498 
845 342 10 14 0.054284617 
75 616 17 22 0.054095365 
194 501 13 16 0.054082382 
868 236 10 13 0.05378603 
767 293 13 16 0.053618476 
160 310 11 13 0.053558063 
806 213 9 11 0.053532448 
13 301 11 14 0.053301867 
332 371 14 17 0.053195976 
343 437 12 17 0.053115707 
806 420 12 15 0.05257629 
880 324 9 12 0.052489385 
860 672 13 18 0.05247663 
202 275 12 15 0.05247042 
221 482 17 21 0.052449595 
216 310 11 13 0.052319918 
116 361 12 15 0.05231578 
965 501 14 15 0.052308418 
128 235 13 16 0.052185446 
748 349 12 15 0.052164234 
872 778 17 20 0.05205255 
831 515 15 18 0.051377904 
728 377 12 16 0.051342305 
689 380 11 15 0.051164567 
294 341 12 14 0.05113847 
355 651 15 20 0.0510302 
756 588 15 17 0.050990276 
917 421 11 13 0.050973605 
223 824 14 18 0.050722916 
235 229 11 13 0.050596587 
998 429 10 13 0.050531186 
631 391 14 18 0.050310988 
684 339 14 18 0.050183304 
989 493 11 15 0.05017583 
798 333 10 13 0.050101433 
826 705 16 17 0.050012935 
677 644 56 62 0.04978048 
810 874 14 18 0.04977446 
889 460 14 18 0.049570013 
802 434 12 16 0.04935876 
708 253 12 15 0.049287543 
266 589 16 21 0.04901988 
663 276 12 15 0.048746742 
965 477 11 13 0.04872351 
124 268 10 12 0.048683237 
185 387 12 15 0.048613284 
968 333 11 13 0.048315115 
362 697 15 18 0.04829974 
871 365 10 12 0.048237737 
840 344 10 12 0.048157074 
197 958 25 31 0.048024334 
12 364 12 15 0.047869135 
918 358 10 12 0.047273535 
53 309 10 12 0.047155637 
965 864 20 25 0.04714746 
829 506 14 17 0.04701577 
552 365 28 33 0.046871893 
610 309 10 13 0.0468029 
403 370 12 14 0.04670588 
93 372 11 13 0.04665146 
959 506 12 14 0.04649884 
846 319 9 11 0.046439636 
395 927 39 53 0.0463473 
340 251 12 13 0.0462722 
889 353 12 15 0.04601046 
296 307 13 15 0.045993567 
909 505 13 15 0.045851532 
984 316 10 12 0.04579798 
340 396 14 17 0.045698583 
767 377 12 15 0.04565911 
284 516 14 18 0.04559063 
992 281 10 12 0.045469325 
561 375 29 35 0.04542981 
949 734 15 21 0.04540914 
62 602 23 29 0.045243625 
948 256 10 12 0.04519373 
96 452 10 13 0.04509792 
173 688 15 20 0.045013566 
1002 806 17 22 0.04485695 
937 273 9 11 0.04477871 
215 781 21 28 0.04476786 
30 359 11 14 0.044547416 
786 970 20 24 0.04452303 
988 605 14 17 0.044450644 
392 309 11 14 0.0443468 
214 489 14 17 0.044210616 
227 585 16 21 0.04420752 
665 306 11 14 0.04417871 
11 397 12 15 0.044113312 
34 613 25 32 0.043942016 
629 302 10 13 0.04394095 
825 435 11 15 0.04375731 
139 513 14 17 0.043597348 
59 354 13 15 0.04333171 
872 387 12 14 0.04327718 
933 355 10 13 0.043123025 
859 922 22 27 0.04312068 
685 271 12 15 0.04308029 
753 262 10 13 0.042962063 
886 317 10 13 0.04288774 
108 254 9 11 0.04282801 
693 406 15 19 0.0427526 
156 777 19 20 0.04275058 
794 863 23 30 0.04253751 
796 604 20 26 0.04242859 
350 584 13 18 0.04238481 
141 547 16 19 0.04238248 
92 261 12 15 0.04224293 
191 345 13 15 0.042130966 
671 255 11 13 0.04208858 
839 366 10 13 0.04195179 
996 611 13 16 0.04192814 
263 387 13 16 0.041892648 
188 789 23 27 0.041834753 
536 368 16 22 0.041820113 
949 501 13 15 0.041757923 
340 483 16 20 0.041679233 
872 374 9 11 0.041672852 
2 469 13 17 0.041639898 
401 414 13 15 0.041607745 
717 310 13 17 0.041528936 
927 418 11 14 0.04151721 
127 390 11 14 0.04135796 
78 209 11 13 0.041319672 
738 520 18 21 0.04122503 
669 259 11 14 0.04119914 
845 426 11 15 0.041148674 
4 357 12 15 0.041132957 
886 905 12 15 0.04113181 
563 352 14 18 0.041017376 
568 315 10 13 0.040717047 
329 269 12 15 0.040530536 
853 327 10 11 0.04051731 
731 457 14 19 0.040450465 
167 412 12 16 0.040449657 
104 323 12 15 0.04043717 
811 1002 24 30 0.04043141 
3 944 26 33 0.04000419 
892 528 15 21 0.03996946 
142 260 9 10 0.039958965 
236 587 15 19 0.039958127 
137 255 10 13 0.039935812 
187 286 12 15 0.03993134 
431 210 11 13 0.039879397 
435 332 11 14 0.039771207 
733 306 13 16 0.03967428 
335 469 13 18 0.03965123 
226 254 9 11 0.03963098 
262 380 13 15 0.039575618 
270 952 28 36 0.03948679 
912 633 17 19 0.039430626 
938 366 9 12 0.039262213 
124 577 13 15 0.039253548 
265 459 14 17 0.03922779 
189 505 15 18 0.0391573 
308 305 12 16 0.039124016 
820 405 12 16 0.039084274 
851 366 11 12 0.039023504 
405 298 11 13 0.038955294 
990 546 12 15 0.038817205 
387 468 11 14 0.038784564 
848 326 9 12 0.038712125 
737 349 11 14 0.038599532 
260 239 12 13 0.038548693 
124 305 11 14 0.03843862 
123 501 12 16 0.03823785 
912 359 10 11 0.03807016 
236 1000 28 37 0.038048886 
417 385 14 18 0.037952114 
53 239 10 14 0.037836783 
719 650 36 49 0.03780172 
717 481 14 16 0.037769143 
52 289 11 14 0.037685685 
108 398 14 16 0.037617505 
790 282 13 15 0.037545882 
307 1011 27 37 0.037502326 
257 946 27 36 0.037469797 
735 295 12 15 0.03732233 
123 780 17 22 0.03723425 
349 394 13 16 0.037191406 
681 507 14 18 0.03718676 
841 278 9 12 0.037067194 
48 317 12 15 0.036906186 
811 662 14 18 0.036837786 
337 706 16 19 0.03680101 
222 628 14 18 0.036797088 
216 676 13 18 0.03670392 
18 193 13 17 0.036278557 
675 429 16 19 0.036267858 
727 291 10 13 0.0362111 
871 409 10 12 0.036207657 
309 424 12 16 0.03618752 
954 864 19 24 0.0361633 
910 514 12 16 0.03609298 
174 255 9 12 0.03606678 
1015 363 9 13 0.03598592 
792 914 29 40 0.035984743 
425 470 13 17 0.035980176 
870 515 14 17 0.03597844 
272 413 13 17 0.035977583 
103 460 12 15 0.035956733 
861 304 10 11 0.035909325 
911 374 10 14 0.035907853 
844 437 12 15 0.03586778 
51 321 13 16 0.0358495 
631 297 9 11 0.035810757 
345 238 10 12 0.03565446 
822 361 12 15 0.03559643 
167 453 13 16 0.03558252 
894 303 9 12 0.03541163 
943 862 21 25 0.0353599 
521 901 33 48 0.035355248 
766 925 19 24 0.035327125 
260 514 15 19 0.035152383 
733 262 11 13 0.03513702 
284 328 14 17 0.03511833 
659 435 15 19 0.03501703 
26 837 25 33 0.034931224 
941 422 11 13 0.034884807 
1012 477 9 12 0.03484681 
800 647 15 20 0.034834396 
70 519 14 19 0.034722574 
785 595 15 18 0.034639325 
710 420 13 17 0.03453847 
835 497 12 16 0.03452589 
83 331 12 15 0.03449759 
3 340 13 15 0.0344492 
178 509 15 18 0.03442345 
409 382 11 13 0.034403138 
214 428 13 16 0.034367867 
402 481 14 17 0.034319144 
848 398 12 15 0.034314457 
902 632 20 23 0.03426151 
572 372 13 17 0.03420915 
889 446 12 15 0.034168873 
780 321 12 16 0.03410578 
998 687 17 22 0.034060694 
74 239 14 17 0.034059193 
856 343 10 12 0.034050453 
152 405 12 14 0.034047034 
791 216 9 11 0.034007993 
954 350 12 14 0.0340049 
228 665 15 17 0.033982813 
387 340 12 15 0.033960123 
861 384 10 12 0.033959996 
78 309 11 13 0.033910174 
333 310 13 17 0.0338817 
898 639 21 27 0.033753566 
640 286 12 14 0.033711277 
64 1020 23 29 0.03353368 
249 373 12 15 0.03349273 
31 327 10 13 0.033454936 
255 466 15 17 0.033413243 
872 460 10 14 0.033402577 
272 206 10 12 0.03338574 
267 521 14 18 0.033384167 
133 721 13 16 0.033382323 
444 391 14 17 0.033354286 
736 253 11 12 0.033320937 
748 321 13 17 0.033293124 
824 312 9 11 0.033249177 
151 453 11 14 0.0332279 
359 705 20 25 0.033222582 
495 979 51 65 0.033208646 
288 267 10 12 0.033167288 
122 595 15 20 0.03309159 
206 282 12 16 0.032983482 
885 381 11 13 0.032970436 
964 719 16 21 0.03296847 
822 375 10 13 0.032966353 
739 379 13 16 0.03285131 
1 281 10 16 0.03279886 
299 586 13 17 0.032793675 
996 398 11 13 0.032724883 
315 392 13 16 0.03266839 
108 953 18 22 0.032666914 
911 423 11 13 0.03257727 
927 344 10 12 0.032554287 
413 724 16 18 0.03255038 
667 300 13 16 0.03246172 
671 430 12 16 0.0323992 
893 411 10 11 0.032350298 
908 250 10 13 0.032330737 
822 561 14 18 0.032242004 
402 994 47 62 0.03219476 
562 370 16 20 0.03215009 
843 646 13 18 0.03213816 
80 348 12 15 0.03208049 
92 323 12 14 0.03205641 
222 410 12 15 0.032024615 
945 362 14 17 0.031779528 
295 465 14 18 0.031767514 
305 713 17 20 0.0317642 
103 934 25 28 0.03175621 
930 468 12 14 0.03163575 
70 483 12 16 0.03163411 
640 318 11 14 0.031568203 
950 269 11 13 0.031559486 
1010 723 12 18 0.03155807 
227 875 17 20 0.031536892 
416 643 14 19 0.03153539 
832 1012 21 28 0.0315172 
747 594 16 19 0.0315001 
789 624 15 18 0.031496864 
587 222 12 14 0.0314549 
805 451 12 14 0.031282127 
935 341 11 13 0.031278163 
372 514 15 18 0.031156953 
838 424 12 14 0.031078484 
41 898 17 23 0.031051923 
898 449 13 17 0.031004613 
997 617 13 17 0.030991463 
293 613 15 20 0.03094325 
823 281 9 11 0.030891297 
494 427 32 42 0.030860497 
76 354 12 15 0.03083275 
934 402 12 13 0.030829517 
1007 611 13 18 0.030817464 
100 452 12 14 0.030727817 
10 973 27 34 0.030675922 
984 357 10 13 0.03063712 
816 319 9 11 0.030612687 
323 655 20 23 0.030584713 
910 280 9 12 0.030493928 
40 279 9 12 0.030475132 
829 240 10 12 0.030469913 
169 506 13 16 0.030420773 
338 632 16 21 0.030413456 
115 466 12 17 0.030413218 
828 358 10 13 0.03040925 
215 410 12 14 0.03039634 
943 357 12 15 0.03027649 
673 596 41 37 0.030179437 
335 401 13 17 0.030113647 
299 495 15 19 0.030017577 
981 468 10 13 0.02998109 
996 435 10 12 0.029975757 
667 396 12 16 0.029970227 
836 689 14 18 0.029920485 
515 353 16 21 0.029865699 
863 564 14 18 0.029856857 
109 259 11 14 0.029844929 
133 580 13 15 0.029832242 
315 383 12 15 0.029832065 
1011 735 12 18 0.029805949 
759 421 15 19 0.029793022 
202 627 15 18 0.029749975 
663 270 12 14 0.029701771 
231 331 12 15 0.029686728 
871 360 9 12 0.029685505 
543 280 11 12 0.029642634 
921 293 9 12 0.029635543 
67 617 17 24 0.02948735 
166 675 12 16 0.029454673 
101 554 15 19 0.029422669 
50 348 12 16 0.029405745 
249 507 12 18 0.029405186 
396 656 14 17 0.02939403 
178 923 23 27 0.029351098 
415 324 11 13 0.029325042 
1007 815 15 22 0.029271014 
946 332 11 13 0.029266495 
133 937 16 19 0.029068315 
670 293 11 14 0.02903891 
47 505 14 18 0.02899916 
90 347 13 16 0.028984504 
288 433 13 17 0.028866613 
828 364 12 14 0.02880488 
879 775 20 24 0.02877311 
430 291 10 12 0.028763104 
878 672 16 21 0.02869547 
108 518 14 17 0.028640283 
850 447 11 13 0.028627584 
388 491 11 14 0.02860566 
852 426 12 15 0.02854366 
873 764 15 18 0.02843889 
788 600 16 21 0.02842348 
186 490 15 17 0.028422372 
39 284 12 14 0.028383173 
694 372 13 16 0.028375695 
805 444 12 15 0.028360488 
909 467 13 15 0.028340869 
990 487 10 13 0.028307287 
291 593 14 17 0.028305896 
767 286 11 13 0.02829098 
172 921 16 19 0.028274251 
831 342 9 11 0.028253866 
814 225 12 16 0.028219292 
814 468 11 15 0.028219255 
921 351 10 13 0.028178433 
831 628 13 18 0.028165903 
109 308 11 14 0.028120527 
303 596 15 19 0.028100118 
288 318 13 16 0.028078647 
1015 451 10 14 0.028028011 
336 248 11 13 0.028027954 
794 398 12 14 0.028017184 
221 578 14 17 0.027992148 
831 314 9 12 0.027991077 
2 597 17 20 0.027959438 
269 451 13 17 0.027958142 
839 453 12 15 0.027940823 
19 771 36 46 0.027924556 
269 237 11 13 0.027923217 
210 522 14 18 0.027920168 
744 600 22 25 0.027892647 
354 463 13 17 0.027755897 
274 444 12 15 0.027729057 
37 366 11 13 0.027696474 
104 216 9 12 0.027665425 
812 628 13 16 0.027662247 
14 454 14 17 0.027652962 
33 316 9 12 0.027633213 
920 770 15 20 0.027621323 
829 371 12 14 0.027616607 
798 386 11 14 0.027609507 
67 270 11 13 0.0275974 
365 292 13 16 0.027568083 
800 214 9 11 0.027526377 
1004 470 12 14 0.027502993 
655 441 15 19 0.027487153 
141 521 12 15 0.02746888 
799 380 13 15 0.027461087 
762 764 17 23 0.027430154 
62 260 11 13 0.027392898 
861 789 22 26 0.02738583 
164 411 20 26 0.027380316 
358 262 11 13 0.02736031 
852 643 13 16 0.027352426 
384 299 10 12 0.027328916 
330 435 14 18 0.027291255 
339 386 15 18 0.027290082 
463 201 13 16 0.02727098 
783 488 14 17 0.02724829 
978 938 14 18 0.027234092 
-4 978 38 57 0.027223136 
120 426 13 16 0.027206082 
807 320 9 12 0.027163384 
421 637 17 22 0.027141334 
41 469 14 17 0.02709876 
876 366 10 12 0.027095877 
980 574 13 18 0.02704918 
904 376 9 11 0.027047979 
81 268 12 14 0.02698281 
41 596 24 30 0.02696987 
910 407 11 12 0.026941365 
104 336 13 16 0.026929302 
87 221 11 14 0.026908888 
255 502 20 24 0.026886266 
37 292 12 15 0.026876075 
768 347 12 15 0.026851948 
278 358 13 19 0.026837787 
885 668 19 27 0.02683133 
293 496 14 18 0.026804408 
227 424 15 19 0.026796365 
382 242 12 13 0.02677116 
631 248 9 10 0.026742052 
789 220 11 14 0.026719548 
367 452 12 16 0.02671511 
295 246 9 10 0.026565079 
148 429 13 16 0.02655753 
387 347 12 15 0.026547473 
653 638 42 53 0.026503803 
385 539 16 20 0.02649636 
642 1416 32 32 0.026440857 
365 371 15 17 0.026433108 
884 322 11 14 0.026423814 
243 727 15 18 0.026423763 
820 1007 21 29 0.026415184 
828 441 13 16 0.026408019 
102 260 11 15 0.026394555 
956 531 12 14 0.026387645 
-1 924 17 24 0.026383111 
823 486 14 18 0.026373692 
876 374 11 12 0.026366992 
349 264 13 15 0.02633719 
696 803 50 57 0.026334401 
149 261 11 11 0.026322959 
187 622 15 19 0.026278034 
111 387 12 14 0.026250485 
579 370 15 19 0.026186408 
725 339 13 15 0.026154414 
814 350 9 11 0.026096005 
915 427 12 15 0.026060788 
139 540 14 17 0.026055286 
164 477 11 13 0.026051655 
817 357 10 14 0.025999658 
321 318 11 14 0.025995811 
833 296 9 10 0.025993288 
566 943 27 37 0.025974995 
635 255 11 13 0.025956571 
367 300 11 12 0.025940157 
882 592 14 18 0.025894232 
85 325 13 14 0.02589298 
800 326 12 14 0.025853923 
288 579 14 18 0.025815114 
698 462 14 19 0.025804095 
1000 484 10 13 0.025799539 
155 252 10 12 0.025785709 
900 293 11 12 0.025783474 
319 244 9 12 0.025779294 
213 315 12 13 0.02571732 
983 407 10 13 0.025716437 
852 674 13 17 0.025707994 
795 817 23 31 0.025706846 
28 999 28 38 0.025703704 
323 343 19 23 0.025692232 
35 357 11 13 0.025689641 
887 399 11 13 0.025607042 
918 414 10 12 0.025596865 
764 703 16 20 0.025581654 
813 330 11 14 0.02556508 
295 262 10 12 0.02552848 
939 371 10 13 0.025496881 
954 490 14 15 0.025479943 
235 429 15 18 0.025474971 
917 301 11 14 0.025470976 
776 697 15 21 0.025452496 
838 441 13 16 0.025447048 
28 493 14 18 0.025388896 
898 439 12 14 0.025380779 
961 370 11 15 0.025352899 
18 618 22 28 0.025312893 
125 346 12 15 0.02530962 
928 645 21 25 0.025308194 
997 658 13 15 0.02528131 
1005 446 11 13 0.025249982 
802 996 23 32 0.025249016 
412 395 14 18 0.025237458 
790 227 12 15 0.025226496 
925 643 15 18 0.025188277 
188 524 14 17 0.02517224 
260 575 15 18 0.025157092 
52 396 12 15 0.025125848 
493 938 42 52 0.025111735 
869 921 21 27 0.025097467 
249 380 11 14 0.025096955 
859 473 12 15 0.025040405 
873 796 20 25 0.02503398 
949 530 14 16 0.025014505 
782 479 11 15 0.024996666 
99 546 14 19 0.024923688 
587 443 27 44 0.024870317 
1007 406 10 13 0.02486336 
915 528 21 27 0.024860863 
247 292 10 13 0.02481939 
644 288 15 18 0.024808515 
212 983 27 33 0.024666298 
20 249 14 17 0.024649987 
154 612 13 16 0.02460145 
46 807 22 29 0.024594171 
367 528 14 18 0.024592774 
798 441 13 16 0.02456727 
934 424 13 16 0.02455925 
159 288 10 12 0.024550889 
161 371 13 16 0.02452294 
300 259 10 13 0.024496468 
356 388 13 16 0.024494883 
265 226 11 13 0.024482533 
865 278 9 11 0.024454772 
326 362 14 18 0.024450822 
856 316 11 13 0.024446608 
93 317 11 13 0.024419524 
182 317 12 15 0.024400841 
843 686 14 18 0.024329422 
776 682 16 22 0.024326693 
389 485 12 15 0.024273548 
644 317 13 14 0.024249839 
499 986 20 23 0.024208782 
398 954 44 59 0.02419297 
402 254 12 14 0.024184069 
371 639 15 19 0.024176959 
648 862 12 15 0.024154762 
81 658 17 21 0.024147118 
733 336 13 16 0.024138313 
304 210 11 14 0.024127811 
666 365 14 17 0.024107195 
990 351 10 12 0.024076117 
786 835 27 39 0.024065629 
920 471 12 16 0.024039531 
44 911 15 21 0.024004236 
707 387 13 16 0.024002718 
834 509 14 17 0.023997782 
320 467 15 19 0.023943957 
279 382 11 14 0.023923544 
233 477 15 17 0.023921663 
321 536 14 19 0.02391944 
675 254 11 12 0.02390961 
132 232 11 14 0.02390431 
142 332 13 15 0.02389166 
189 436 12 16 0.023870798 
536 288 12 14 0.023865368 
275 658 14 18 0.023851097 
86 278 12 14 0.023841688 
362 418 13 16 0.023840655 
453 251 11 14 0.023789471 
699 371 12 14 0.023748102 
144 837 18 23 0.023740718 
283 506 15 18 0.02371336 
279 611 13 17 0.023710871 
836 482 13 17 0.023680827 
73 212 19 23 0.023608735 
930 891 16 20 0.023593977 
364 457 13 17 0.023586787 
222 682 16 20 0.023554249 
153 669 14 20 0.023534281 
126 522 13 16 0.0235302 
905 247 10 12 0.023520475 
839 318 9 11 0.02351728 
176 914 22 25 0.023500923 
637 340 13 17 0.023472592 
805 551 23 28 0.023472253 
976 456 10 13 0.023451561 
756 448 13 19 0.023401802 
871 807 20 25 0.023393687 
481 437 43 57 0.023360625 
160 581 14 18 0.023357319 
268 476 15 19 0.023354264 
180 441 12 15 0.02334221 
621 610 60 75 0.023336582 
903 302 11 13 0.023307895 
1001 295 10 12 0.02330387 
101 368 14 17 0.023297379 
244 306 13 15 0.023287596 
46 367 10 13 0.023254814 
879 407 9 11 0.0232513 
268 633 14 18 0.023206187 
701 296 12 16 0.023203816 
635 358 12 15 0.023196356 
332 497 15 18 0.023178047 
200 379 12 14 0.023150895 
89 1045 21 32 0.023112066 
187 556 16 21 0.023098838 
312 730 17 21 0.023069007 
310 1030 31 43 0.023062374 
561 246 10 12 0.023052862 
802 513 15 19 0.02304041 
115 974 18 23 0.023038613 
880 253 9 11 0.023008017 
415 479 15 19 0.022988657 
692 386 15 19 0.022966174 
907 459 13 15 0.022902342 
225 463 22 26 0.022890752 
996 696 16 19 0.022879215 
896 757 13 15 0.02286583 
436 641 18 26 0.02284675 
610 277 11 14 0.022837745 
795 308 11 14 0.022725027 
989 357 9 12 0.022721179 
861 357 10 12 0.022709217 
338 314 13 17 0.022691898 
417 482 21 26 0.022685502 
725 268 13 15 0.022685135 
645 610 40 50 0.022662122 
825 396 11 15 0.022661379 
784 628 11 14 0.022629865 
78 664 16 20 0.022628324 
387 323 104 139 0.022627339 
761 797 23 33 0.022616846 
744 489 14 19 0.02252661 
942 618 15 18 0.022507899 
348 285 12 15 0.022494715 
868 522 15 18 0.022492914 
231 288 9 12 0.022473244 
987 819 21 26 0.022459721 
105 297 12 15 0.022454478 
166 321 14 17 0.0224338 
174 435 13 16 0.022432623 
217 459 22 27 0.022418914 
358 725 18 22 0.022407504 
744 640 94 116 0.022403665 
457 403 27 36 0.022400094 
910 314 10 12 0.022354592 
267 490 14 18 0.022352513 
220 867 18 20 0.02233407 
44 454 11 14 0.02229067 
239 362 12 14 0.022281345 
140 616 15 20 0.02223077 
138 586 14 18 0.022228442 
750 732 25 33 0.022224292 
397 257 15 17 0.02219239 
210 325 14 16 0.022181418 
265 314 12 16 0.022169197 
999 423 11 13 0.022156488 
793 591 22 29 0.022155985 
162 398 21 24 0.022126172 
85 245 10 14 0.022110246 
248 731 17 23 0.02205377 
996 284 10 12 0.022019805 
421 1016 26 36 0.022017462 
169 261 11 13 0.021992035 
656 404 12 16 0.021973342 
923 466 20 26 0.021962808 
755 706 14 19 0.021960357 
1002 687 23 31 0.021946155 
365 260 12 14 0.02189987 
298 253 10 13 0.021875797 
894 517 12 16 0.02184028 
509 335 11 14 0.021798378 
150 389 19 23 0.021793544 
657 244 11 13 0.021791836 
388 697 16 19 0.021734474 
322 836 24 32 0.021733178 
237 520 14 19 0.021732628 
312 270 9 12 0.02172386 
790 305 12 13 0.021673337 
684 503 12 14 0.02164499 
772 354 15 17 0.021630544 
76 485 13 17 0.021591853 
261 267 11 13 0.021563271 
314 782 24 30 0.02155653 
818 775 18 25 0.021536354 
30 293 12 15 0.021518663 
808 774 16 20 0.021516627 
1009 365 10 13 0.021513917 
181 793 17 19 0.021489913 
81 261 11 14 0.021486808 
911 843 21 26 0.021480395 
187 369 12 15 0.021477995 
755 695 21 27 0.021462293 
816 312 8 10 0.021438148 
142 560 14 17 0.021415625 
373 538 16 20 0.021396225 
390 302 11 13 0.02137598 
684 412 13 16 0.021369675 
19 268 12 14 0.021364043 
395 396 13 15 0.021337517 
195 969 17 20 0.021314092 
997 502 10 14 0.021302829 
225 379 11 15 0.021284947 
192 650 22 26 0.021280302 
859 783 16 22 0.021273118 
999 508 12 14 0.021263799 
913 514 20 26 0.021263327 
84 342 12 15 0.021252241 
344 883 28 34 0.021251129 
430 515 14 19 0.02122751 
579 378 15 20 0.021193568 
824 238 11 13 0.021181822 
141 493 14 16 0.021169554 
168 591 16 20 0.021136168 
180 1074 35 46 0.021135073 
805 579 15 18 0.021117192 
342 284 12 15 0.021103388 
219 474 15 20 0.02109634 
130 542 20 26 0.021084532 
0 943 14 22 0.021059161 
41 371 11 13 0.021058314 
305 736 20 25 0.021052772 
611 275 20 24 0.021030322 
360 549 16 21 0.021020746 
924 380 10 13 0.021000648 
918 481 14 17 0.020994484 
213 467 15 19 0.020943595 
816 363 10 14 0.02094251 
919 340 10 12 0.02093189 
876 460 12 16 0.020931201 
745 394 12 15 0.020930057 
171 310 11 14 0.020920118 
726 416 19 22 0.020888088 
139 634 15 18 0.020883784 
71 350 12 15 0.02088294 
820 325 10 12 0.02088137 
135 377 13 16 0.02088049 
847 412 11 12 0.020839332 
386 705 16 21 0.02080105 
379 479 15 18 0.020768074 
124 362 12 16 0.020739552 
382 362 13 17 0.02070793 
849 379 11 13 0.020696841 
988 524 13 16 0.020678952 
744 707 21 26 0.02064814 
440 387 12 17 0.020644456 
278 848 20 31 0.02064191 
761 388 14 16 0.02063584 
358 596 15 19 0.020624585 
439 273 12 15 0.020615952 
355 734 24 29 0.020612031 
89 434 11 15 0.020610327 
156 619 13 17 0.020572266 
31 900 23 28 0.020568157 
104 444 12 15 0.020534366 
901 327 12 13 0.020499745 
28 331 12 15 0.02049872 
736 239 10 13 0.020492926 
131 412 14 17 0.020489186 
104 246 10 12 0.02048861 
983 351 11 13 0.020470243 
24 333 11 15 0.02046822 
375 349 13 16 0.020435702 
166 689 14 18 0.02043094 
143 652 20 26 0.020430814 
390 674 12 16 0.02042494 
79 303 10 13 0.020422123 
936 877 23 26 0.020384232 
350 694 15 20 0.020379778 
1012 603 12 19 0.020374853 
956 543 22 28 0.020368297 
976 839 25 31 0.020354284 
204 424 14 18 0.020338774 
883 798 20 25 0.020334024 
283 285 13 14 0.02031442 
879 707 14 18 0.020309143 
731 595 27 31 0.020288981 
203 397 12 14 0.02027782 
73 331 18 22 0.020262508 
107 368 14 17 0.020257095 
331 351 16 18 0.020256128 
92 496 12 16 0.020251974 
60 293 19 23 0.020233076 
164 705 22 29 0.020231545 
702 434 15 19 0.02019328 
220 773 21 28 0.020187331 
815 550 22 27 0.020171946 
992 432 10 12 0.020144189 
619 281 13 14 0.020143481 
980 363 11 14 0.020140208 
119 280 10 13 0.020095635 
780 351 14 17 0.020050734 
862 763 20 26 0.020050062 
228 435 14 17 0.020020474 
182 393 11 15 0.02000993 
698 590 33 33 0.020006977 
