35_Basketball_Basketball_35_549
24
725 372 46 56 0.99788576 
690 380 29 45 0.2621609 
363 278 37 48 0.080721304 
-76 -60 519 380 0.07178115 
448 232 32 36 0.060035862 
603 970 26 33 0.055848666 
649 389 26 43 0.04026066 
735 981 29 47 0.03926656 
248 673 41 44 0.038135543 
699 373 28 42 0.036418617 
618 174 108 118 0.03513898 
436 268 34 40 0.032849435 
363 300 35 44 0.028730579 
317 354 47 72 0.027255002 
739 924 15 20 0.026295133 
538 234 17 19 0.025977554 
354 355 28 30 0.02452789 
421 276 37 40 0.02395934 
441 246 44 50 0.023611164 
421 314 62 73 0.023487702 
462 230 29 34 0.023264809 
210 840 14 17 0.022567187 
979 -8 45 62 0.021210821 
868 914 16 18 0.020334767 
