35_Basketball_basketballgame_ball_35_858
73
775 497 86 68 0.9925476 
574 228 65 94 0.99147594 
4 16 135 149 0.874409 
172 555 16 22 0.4211714 
64 566 19 22 0.3293955 
177 512 15 19 0.30394095 
305 601 17 20 0.29562247 
343 514 14 18 0.28602472 
289 469 16 20 0.23458582 
115 553 13 17 0.17565449 
41 597 18 22 0.13467412 
670 547 29 37 0.10155265 
404 472 13 16 0.098557495 
179 633 17 20 0.09086319 
489 639 15 21 0.07884736 
92 579 21 27 0.07793481 
388 618 13 16 0.076418266 
193 -125 411 516 0.0762163 
19 425 13 17 0.06614682 
257 444 14 19 0.066046216 
83 498 14 18 0.06602069 
67 535 18 21 0.06571775 
40 634 18 21 0.059096962 
122 630 16 21 0.05751938 
137 594 18 22 0.0567953 
666 552 15 21 0.052094687 
302 604 26 31 0.05152357 
254 423 9 12 0.049749512 
60 654 16 22 0.04802527 
376 454 10 12 0.046809413 
782 509 46 46 0.045746457 
464 486 10 12 0.045605782 
167 447 10 13 0.04471467 
7 634 20 34 0.04458776 
279 476 13 16 0.042976614 
30 438 13 17 0.04050192 
259 568 14 17 0.038210504 
121 554 14 19 0.03532769 
108 559 14 19 0.03343007 
288 605 39 50 0.033411756 
94 486 14 17 0.032659613 
99 570 16 21 0.032602556 
307 568 14 18 0.03220228 
349 557 15 19 0.031666983 
480 540 11 13 0.031385683 
74 492 16 20 0.030726701 
163 474 16 20 0.030617688 
662 552 25 33 0.03031869 
652 567 31 42 0.030251713 
63 573 25 30 0.029445438 
102 563 14 18 0.02939441 
19 466 12 17 0.02926726 
433 479 9 11 0.029142436 
677 558 31 37 0.029055847 
181 667 17 19 0.02803991 
569 257 36 57 0.0274362 
484 345 180 296 0.027289119 
292 450 13 16 0.026862716 
290 461 16 19 0.025898937 
344 452 11 13 0.025720213 
659 226 46 68 0.025390938 
179 485 17 21 0.025020158 
437 479 9 12 0.024085872 
283 477 17 20 0.023898805 
457 595 11 15 0.023317875 
61 559 16 20 0.023261525 
117 634 23 29 0.023126507 
311 469 13 17 0.02225763 
1 435 10 16 0.021144716 
-38 358 482 504 0.021043431 
3 608 25 32 0.020913502 
799 506 53 42 0.020816706 
343 460 13 17 0.020063996 
