35_Basketball_Basketball_35_304
18
768 266 30 39 0.98673964 
701 251 28 37 0.98173565 
865 347 56 58 0.11336096 
712 261 17 24 0.059771854 
282 109 451 443 0.049342334 
855 422 49 58 0.049128473 
758 296 15 21 0.044274576 
700 256 43 54 0.04313628 
715 265 26 35 0.032421835 
789 213 10 13 0.02984773 
763 341 45 49 0.02926047 
770 312 19 22 0.028788526 
721 266 14 21 0.027021702 
-18 100 468 462 0.026615323 
693 258 14 22 0.026436567 
142 2 424 441 0.023942199 
846 423 36 42 0.022023594 
741 296 28 31 0.020816451 
