35_Basketball_playingbasketball_35_377
19
564 648 54 74 0.9959877 
539 1123 27 31 0.048161123 
409 1232 9 13 0.045624603 
618 1103 26 33 0.04238149 
502 1101 29 39 0.033848617 
372 1243 9 12 0.031209085 
392 1232 8 11 0.027679157 
349 1246 10 11 0.026288148 
334 435 67 69 0.025646823 
211 1160 152 174 0.025318787 
483 267 48 47 0.024257813 
344 1239 8 11 0.023084447 
343 1245 10 12 0.022066977 
929 1033 91 131 0.021941071 
350 1239 9 10 0.02183044 
398 1238 9 11 0.021603428 
973 1090 15 16 0.021148104 
196 1302 35 38 0.021010112 
400 1215 8 11 0.020880403 
