35_Basketball_Basketball_35_457
943
609 137 42 54 0.87927896 
169 401 15 18 0.5434668 
247 390 9 12 0.542868 
184 358 9 11 0.4679311 
408 336 7 9 0.46278268 
153 296 7 9 0.4461097 
164 420 13 17 0.41572055 
940 319 12 15 0.41097742 
19 275 14 16 0.40604675 
158 367 8 11 0.39008936 
211 401 14 15 0.38836253 
377 328 7 10 0.36590827 
127 269 8 10 0.3622319 
144 334 7 8 0.34923938 
41 350 10 13 0.34614483 
80 344 8 11 0.28903592 
62 431 11 15 0.27133134 
56 420 11 14 0.2639909 
87 359 8 10 0.2537923 
289 335 8 11 0.24850209 
264 303 9 11 0.24807177 
192 367 8 11 0.2410248 
359 319 8 9 0.22978365 
167 271 7 9 0.22585218 
206 386 9 13 0.22460163 
81 255 8 10 0.22237507 
49 378 11 14 0.21648192 
127 381 10 13 0.21518311 
113 270 9 11 0.20920615 
280 288 8 9 0.20856036 
56 254 9 11 0.20059071 
109 397 9 12 0.19980621 
473 320 7 8 0.19645482 
113 334 8 10 0.19442311 
183 351 9 10 0.19373098 
69 271 8 11 0.19297938 
16 390 11 14 0.18776684 
119 406 13 16 0.18424338 
182 303 7 10 0.18292592 
58 259 9 12 0.17916404 
22 199 7 9 0.1783722 
167 389 11 12 0.17502747 
60 415 11 14 0.17384997 
71 398 14 16 0.17241733 
424 349 8 9 0.1721171 
239 312 7 10 0.1703255 
87 230 7 8 0.16978802 
5 410 14 17 0.16932137 
137 286 8 10 0.16809058 
80 308 8 9 0.1677129 
22 245 7 9 0.16727874 
207 334 7 11 0.16705987 
54 248 8 9 0.16604348 
128 369 7 10 0.16547261 
507 335 7 9 0.1632734 
31 260 8 11 0.1627061 
168 316 8 10 0.1604384 
184 364 10 12 0.15975322 
125 310 8 10 0.15734799 
465 368 7 9 0.15732266 
64 304 8 11 0.15562671 
127 374 9 10 0.15536009 
86 278 8 9 0.15459438 
521 328 7 9 0.15128797 
438 327 8 10 0.14961047 
885 361 9 11 0.14439063 
158 297 7 10 0.14263475 
48 247 8 9 0.14178044 
400 318 8 10 0.13562074 
337 310 7 9 0.13481328 
113 264 6 8 0.13427204 
0 350 6 11 0.13403283 
177 302 7 10 0.13363895 
37 191 7 10 0.13351813 
25 215 8 10 0.13319315 
290 328 7 9 0.13250679 
0 283 7 13 0.13222723 
113 357 9 13 0.13179414 
79 206 8 9 0.12943833 
244 367 8 11 0.12787782 
96 288 7 10 0.12716287 
81 231 7 9 0.12628153 
122 302 7 9 0.12549546 
449 391 7 9 0.1254761 
159 342 8 11 0.12430531 
25 221 8 10 0.12358294 
254 327 8 10 0.12189332 
320 336 7 8 0.121551424 
200 264 7 8 0.12105204 
40 223 7 8 0.120646335 
415 288 7 9 0.12018289 
359 325 8 11 0.11960695 
320 303 8 9 0.11942725 
118 357 9 11 0.11881302 
38 311 9 12 0.11865508 
875 489 34 39 0.116344824 
40 344 10 12 0.116249576 
469 368 7 10 0.11617634 
272 360 7 9 0.11534789 
318 320 8 10 0.11516199 
124 409 12 14 0.11456154 
374 309 8 10 0.11428933 
122 254 7 9 0.114167325 
64 276 9 12 0.11387729 
233 312 8 10 0.11376036 
156 402 12 17 0.112578854 
257 374 9 11 0.11242322 
470 351 7 9 0.11193527 
2 198 8 11 0.11192468 
94 382 8 10 0.11123526 
112 224 7 9 0.11093308 
254 272 7 8 0.11091097 
283 374 7 10 0.11052728 
118 270 8 10 0.10934953 
37 365 10 11 0.10833767 
1 414 9 14 0.10818086 
126 295 8 9 0.10782039 
311 295 7 9 0.1071841 
152 350 8 9 0.105295725 
347 452 13 15 0.10499902 
160 426 13 16 0.1039237 
305 286 7 9 0.10379601 
174 382 9 11 0.10345884 
193 311 7 9 0.10332773 
142 280 8 10 0.10292775 
57 224 7 8 0.10268069 
487 312 7 8 0.10224469 
488 341 7 9 0.10198743 
48 215 7 8 0.1014627 
134 382 8 11 0.10099228 
96 271 8 10 0.100575455 
73 233 7 8 0.100471154 
327 303 6 8 0.10028447 
207 365 9 10 0.10019349 
63 224 6 8 0.10012428 
210 360 7 9 0.099492595 
17 192 7 9 0.098176405 
7 240 8 10 0.097665094 
927 203 28 27 0.09755779 
213 359 7 9 0.09735821 
132 413 10 13 0.09712248 
513 360 7 9 0.09697492 
182 297 7 9 0.095793575 
208 312 7 9 0.09574255 
49 208 7 9 0.09564101 
241 278 7 10 0.0953528 
113 229 6 9 0.09506147 
201 303 7 9 0.09452792 
136 294 7 10 0.094346404 
441 302 7 9 0.09373826 
455 391 7 10 0.093680345 
433 312 6 8 0.093607925 
0 334 7 11 0.093528174 
97 308 8 10 0.09295769 
160 336 8 11 0.09249355 
263 343 7 9 0.09245638 
39 255 9 10 0.09178899 
142 286 7 10 0.091645636 
126 400 10 12 0.0912309 
474 385 7 8 0.09089684 
98 264 7 9 0.09084442 
166 408 15 18 0.090826094 
370 287 7 9 0.09061065 
486 361 8 9 0.08967849 
263 279 7 9 0.08911781 
201 381 11 14 0.08886636 
434 328 8 9 0.08872905 
32 366 8 10 0.088608 
482 359 8 9 0.08793952 
11 356 8 11 0.08731492 
1 279 8 13 0.086382374 
23 206 7 9 0.08622178 
35 316 10 12 0.08614233 
440 359 8 9 0.085883036 
70 382 9 11 0.08571978 
118 335 7 10 0.084652826 
446 287 8 8 0.08412736 
393 352 7 8 0.08408162 
319 326 7 9 0.08397983 
31 221 7 9 0.08385624 
199 374 8 10 0.08370239 
184 412 11 14 0.083541185 
434 391 7 10 0.08262315 
449 374 8 11 0.08251849 
438 391 7 10 0.08219508 
528 350 8 10 0.081898026 
337 304 7 9 0.081553675 
191 273 6 8 0.08131594 
38 327 8 9 0.081161745 
432 383 6 9 0.08024653 
312 341 7 9 0.0802241 
246 374 8 11 0.08010869 
79 201 7 9 0.079055354 
889 545 13 16 0.07862205 
424 318 6 8 0.078448914 
527 397 7 9 0.07841158 
177 296 7 9 0.07838302 
48 241 6 8 0.07830601 
230 293 8 11 0.07814139 
328 357 8 10 0.07798236 
57 214 6 8 0.077787325 
111 274 10 13 0.0776994 
215 312 7 10 0.077587076 
224 287 7 9 0.07739074 
498 352 6 8 0.07710024 
328 285 6 9 0.07705486 
447 303 6 7 0.07701159 
29 216 7 10 0.07648171 
442 298 6 8 0.07637398 
152 269 7 9 0.07615487 
377 367 7 9 0.075668514 
416 304 7 9 0.0756498 
441 321 6 8 0.07505866 
379 350 7 10 0.07494143 
375 304 7 10 0.074886404 
478 384 7 9 0.07427107 
81 248 8 9 0.07416962 
201 317 8 11 0.073698156 
368 343 8 10 0.07338147 
413 423 8 10 0.07320037 
21 396 10 13 0.07317726 
343 303 8 10 0.07292296 
422 382 8 10 0.07266108 
128 225 7 8 0.07213974 
448 321 6 7 0.07189223 
145 295 8 11 0.07184077 
207 316 8 10 0.071786106 
490 399 7 8 0.07170398 
313 326 7 10 0.07169209 
28 278 10 13 0.07156157 
225 303 8 9 0.071518615 
30 283 10 13 0.07093329 
46 355 9 11 0.070782915 
74 207 6 9 0.07052599 
54 318 9 11 0.070231155 
217 279 7 9 0.0699286 
162 271 7 9 0.069723465 
423 312 6 9 0.06965552 
487 365 8 10 0.06957825 
87 272 7 10 0.06945836 
56 426 12 16 0.06930744 
497 328 6 8 0.06914133 
138 281 8 10 0.06889488 
313 337 6 8 0.068684585 
409 407 9 13 0.06837539 
417 310 8 9 0.068249814 
382 352 7 9 0.06797109 
247 319 7 9 0.06788716 
119 352 9 11 0.06781464 
422 375 8 10 0.06775961 
232 289 7 9 0.0668942 
239 273 7 8 0.06673306 
466 351 7 9 0.06666955 
145 301 8 9 0.06655193 
97 224 7 9 0.06653551 
88 287 9 10 0.06648306 
96 377 8 10 0.06639181 
8 223 7 10 0.06637397 
96 304 7 10 0.06635488 
328 336 6 8 0.066059016 
519 391 8 9 0.065543965 
64 209 7 8 0.06547074 
255 334 7 10 0.06523482 
112 341 8 11 0.065198764 
208 296 7 9 0.065014035 
239 406 11 15 0.064833656 
257 256 7 8 0.06476835 
310 288 7 9 0.06457159 
184 309 7 9 0.0642939 
128 248 7 9 0.06422473 
169 385 10 12 0.06381708 
503 401 7 9 0.06351813 
432 295 6 8 0.06338662 
56 209 7 9 0.06334089 
355 319 7 9 0.06324612 
506 304 7 8 0.06314093 
916 311 14 17 0.06293892 
40 333 8 10 0.06268101 
417 350 7 10 0.0626654 
152 358 9 11 0.06252657 
352 311 7 9 0.062390003 
321 279 7 10 0.062379494 
80 292 7 11 0.06219345 
318 310 8 9 0.06214807 
5 276 9 13 0.06205734 
118 364 9 12 0.06196523 
479 303 7 8 0.0619345 
16 223 7 9 0.06139876 
270 309 7 9 0.06128465 
306 342 6 8 0.061195858 
293 335 7 10 0.061109506 
278 279 7 9 0.060960367 
322 351 7 10 0.060889505 
214 391 10 13 0.06088839 
121 390 9 11 0.06076522 
121 249 8 9 0.06062152 
0 254 6 12 0.06030425 
170 302 7 8 0.060123976 
199 287 6 9 0.05995283 
954 303 9 11 0.0591156 
376 295 7 8 0.058782164 
175 337 8 9 0.058720637 
498 319 5 7 0.0580379 
512 383 8 9 0.057999 
374 288 7 8 0.05799864 
481 353 7 8 0.057801634 
218 430 9 12 0.057744324 
136 247 6 9 0.05774191 
39 231 7 9 0.057538383 
535 382 7 9 0.057170197 
398 351 7 8 0.05714847 
314 303 7 9 0.057146687 
455 335 7 9 0.05703635 
1011 444 10 14 0.056996487 
141 357 9 11 0.056919433 
112 350 8 11 0.056863464 
199 369 8 9 0.056652807 
56 396 9 12 0.056651734 
315 311 6 8 0.056564398 
230 412 10 13 0.056401324 
111 209 6 8 0.056270517 
433 332 9 10 0.05614973 
193 317 7 9 0.056144573 
239 303 7 9 0.055977806 
18 245 7 9 0.05587725 
474 303 7 8 0.055867963 
242 396 10 14 0.055854157 
110 414 12 14 0.055774845 
125 303 8 10 0.05562443 
45 343 8 11 0.055363845 
481 336 7 9 0.055339117 
201 296 6 9 0.055264723 
177 287 7 9 0.055184495 
215 317 7 9 0.055180565 
418 382 7 10 0.054923307 
82 225 6 8 0.054801088 
102 310 8 10 0.054676387 
273 272 8 9 0.054482605 
510 305 7 8 0.054392207 
422 390 7 9 0.054378394 
218 397 11 15 0.054142833 
177 374 9 12 0.053996574 
336 440 12 15 0.05383661 
382 367 7 9 0.05382129 
136 349 10 13 0.053527787 
118 399 11 12 0.053481787 
34 295 10 11 0.05344431 
46 311 8 10 0.053396158 
247 280 7 8 0.053269733 
181 371 10 12 0.053077906 
122 297 8 10 0.05290806 
256 280 7 8 0.05276873 
522 333 7 9 0.05263172 
224 310 9 10 0.05253283 
169 256 7 9 0.052475624 
260 379 9 12 0.05244828 
142 342 10 11 0.05237501 
422 304 6 8 0.05230448 
209 420 10 13 0.052231092 
457 342 7 10 0.05222014 
96 239 6 9 0.05200819 
240 350 7 9 0.051982656 
256 352 8 10 0.051883053 
110 405 11 14 0.05185866 
221 411 13 15 0.05171644 
126 253 8 9 0.051633507 
168 337 8 10 0.051494613 
191 277 6 9 0.0513633 
64 214 7 8 0.05108722 
73 349 8 10 0.051008634 
218 403 13 15 0.05095892 
77 392 11 12 0.050923996 
65 230 6 9 0.050873052 
200 269 8 9 0.050835192 
400 313 7 9 0.050629996 
994 328 8 10 0.05003205 
79 414 10 13 0.04981383 
42 216 7 9 0.04980731 
271 295 8 9 0.049760584 
473 389 8 10 0.049529456 
177 342 7 9 0.04952223 
212 383 9 11 0.04950064 
293 327 7 9 0.049021468 
230 358 9 11 0.048912052 
95 246 7 10 0.04878783 
113 329 8 10 0.04875174 
473 325 7 9 0.048539158 
381 374 7 10 0.048377052 
72 237 7 9 0.04825593 
92 387 11 13 0.048184495 
185 278 8 10 0.04804773 
129 229 8 10 0.04804029 
142 349 10 12 0.04786563 
337 366 8 11 0.047781825 
32 311 11 13 0.047749445 
753 220 42 37 0.047302246 
487 337 7 10 0.047000565 
456 305 6 7 0.0468208 
207 265 6 9 0.04681103 
528 344 8 10 0.046680734 
377 383 7 10 0.046677794 
87 304 8 10 0.046602294 
226 294 8 10 0.046535403 
371 304 7 9 0.046511523 
497 359 7 9 0.046498157 
471 344 7 8 0.0464697 
215 272 8 10 0.04646623 
131 405 11 15 0.046360325 
249 272 8 9 0.04634378 
70 304 8 11 0.046124216 
250 327 8 10 0.046090197 
449 327 7 10 0.04590855 
391 336 7 8 0.04588875 
369 311 7 9 0.04579748 
186 272 7 9 0.04565955 
190 346 7 9 0.04564543 
536 360 8 10 0.04538545 
264 273 6 8 0.045228377 
103 262 7 9 0.045108687 
326 352 8 10 0.04509268 
88 226 6 8 0.04508922 
210 409 15 18 0.04506065 
125 357 7 10 0.045037985 
136 240 6 8 0.04503421 
384 391 7 9 0.044818394 
183 345 8 10 0.044648398 
72 326 9 12 0.04432274 
506 340 8 10 0.04416924 
200 405 9 12 0.044122856 
503 376 7 9 0.044043764 
423 368 7 9 0.044003062 
15 168 7 9 0.04396905 
279 272 7 9 0.04356679 
247 384 9 11 0.04347392 
463 313 6 7 0.043323476 
393 319 7 9 0.043268166 
168 297 7 9 0.04320827 
463 343 7 9 0.04310435 
391 305 6 9 0.04287731 
72 332 9 11 0.04271736 
214 365 8 11 0.04263982 
32 231 8 10 0.04250259 
180 404 11 15 0.042262305 
416 343 7 10 0.04219222 
257 357 7 8 0.042006135 
326 281 7 9 0.041881867 
120 264 8 10 0.04164142 
505 311 7 9 0.041569438 
406 365 9 11 0.041516904 
457 311 6 8 0.04138992 
82 359 9 12 0.04122442 
400 288 7 9 0.04117241 
439 384 7 9 0.041106794 
167 264 7 9 0.041061763 
152 288 6 9 0.04106053 
64 200 7 8 0.040999047 
62 391 10 12 0.040944804 
256 342 8 9 0.040911306 
232 344 8 9 0.040780175 
145 271 7 9 0.04069265 
430 350 7 9 0.04059557 
1 239 8 10 0.040469438 
405 320 8 9 0.040419392 
438 397 7 9 0.04039906 
225 366 8 11 0.040364187 
384 304 8 9 0.040337563 
479 319 6 9 0.040255312 
103 303 7 9 0.04016815 
160 254 7 9 0.040086478 
256 286 7 8 0.04007901 
947 324 9 12 0.040051814 
529 359 7 10 0.040007714 
517 385 8 9 0.03990522 
104 277 9 11 0.03983059 
554 350 10 12 0.039815214 
392 311 6 9 0.03979938 
126 316 10 13 0.03965536 
206 375 8 10 0.039629523 
193 305 7 9 0.039609976 
152 265 7 9 0.039561383 
541 359 8 11 0.03942833 
258 309 8 10 0.039380427 
360 314 8 10 0.039365433 
104 294 7 9 0.039224576 
71 215 7 9 0.03917628 
256 368 9 12 0.039155416 
161 313 7 8 0.039111573 
206 303 8 9 0.03904056 
234 273 7 8 0.039021157 
369 335 7 9 0.038946968 
57 311 8 10 0.038915604 
34 184 7 9 0.038900986 
510 341 7 9 0.03888361 
213 420 12 14 0.03883438 
539 470 23 27 0.038832214 
504 319 6 8 0.038616687 
111 214 7 8 0.038282085 
74 344 8 11 0.038249847 
247 351 8 10 0.03800922 
256 320 8 10 0.03800574 
24 404 10 14 0.03794066 
39 197 7 9 0.037928358 
173 428 13 15 0.037910894 
136 343 10 11 0.03790384 
274 278 7 9 0.03781478 
151 279 8 10 0.03771937 
66 184 7 9 0.037695892 
223 328 8 10 0.037644062 
139 335 7 9 0.037625886 
48 316 8 11 0.03755796 
206 327 10 12 0.03749277 
367 360 8 11 0.03729779 
359 366 7 10 0.037285004 
18 174 7 10 0.037106942 
215 327 8 11 0.03710164 
153 255 7 8 0.037075654 
321 298 8 9 0.036985274 
314 319 8 10 0.0369335 
489 327 7 9 0.03692238 
449 368 8 9 0.036922034 
102 288 8 10 0.03679981 
200 311 8 10 0.036772497 
1008 389 11 15 0.03671229 
441 352 7 9 0.036558792 
21 382 11 13 0.036254928 
158 398 19 24 0.03621385 
542 305 7 9 0.03612216 
447 383 7 8 0.03612206 
417 389 8 10 0.036026087 
120 373 9 11 0.03596552 
72 223 7 9 0.035921857 
455 373 7 10 0.0357866 
488 318 6 8 0.035734914 
160 287 7 10 0.035661817 
32 301 9 11 0.035616387 
377 358 8 10 0.03557476 
216 254 7 8 0.03556603 
281 256 6 8 0.035531748 
214 296 7 8 0.035507534 
278 359 8 10 0.03535573 
406 360 9 11 0.03532009 
57 229 8 9 0.03531476 
473 313 7 7 0.035084352 
366 445 15 17 0.035068695 
87 395 11 15 0.03503648 
80 237 8 10 0.035031226 
246 296 8 10 0.034993425 
284 289 8 9 0.03498225 
119 341 9 11 0.03494665 
358 376 7 8 0.034814667 
487 297 7 7 0.034769464 
38 301 8 10 0.03472663 
104 223 7 10 0.03470534 
133 318 9 12 0.03465642 
269 344 8 10 0.034638222 
288 270 7 9 0.034621406 
287 294 8 9 0.034557916 
85 260 8 10 0.03444535 
304 365 7 9 0.034426957 
401 305 7 9 0.03442549 
295 297 7 8 0.034425132 
473 337 7 9 0.034379672 
341 367 8 11 0.034312412 
450 334 7 9 0.034246594 
167 276 8 10 0.034233607 
262 368 10 12 0.03409481 
74 202 7 8 0.034027517 
174 241 7 8 0.033918817 
305 337 7 9 0.0338657 
248 256 7 8 0.033857543 
60 256 8 11 0.033845212 
287 393 8 10 0.03381518 
86 248 7 9 0.033663247 
189 349 9 11 0.033658862 
306 327 7 10 0.033637427 
487 302 6 7 0.03362796 
25 255 8 10 0.033554085 
17 291 10 13 0.033535916 
93 326 8 10 0.033518232 
456 369 7 9 0.03348066 
327 380 9 11 0.033477128 
926 396 9 10 0.033368617 
134 418 10 14 0.03335636 
232 350 7 8 0.033238836 
0 355 6 11 0.033173773 
126 341 9 11 0.033046752 
105 214 7 9 0.03293977 
62 396 12 15 0.03291833 
464 372 7 9 0.032913093 
297 279 9 11 0.03284777 
1008 335 8 10 0.03276155 
31 238 8 10 0.03270885 
521 398 8 10 0.032667905 
413 335 7 10 0.03266409 
7 397 11 13 0.03247623 
22 333 8 10 0.03247502 
87 389 10 12 0.03244589 
240 316 8 10 0.032401018 
135 254 8 9 0.032280903 
218 286 7 9 0.03227748 
356 422 10 12 0.03227655 
17 240 7 10 0.032272205 
18 205 8 10 0.032191094 
125 387 11 13 0.032158732 
112 318 7 10 0.03214711 
42 248 8 10 0.032111503 
153 345 9 11 0.032042094 
208 271 7 9 0.03202287 
381 327 8 10 0.031991728 
87 351 8 10 0.031930618 
84 414 10 13 0.031906657 
391 326 8 9 0.031778675 
496 400 7 9 0.03171986 
38 184 7 9 0.031692214 
88 238 7 9 0.03160548 
443 287 7 8 0.0315373 
269 365 9 11 0.03139588 
178 349 9 11 0.03135451 
170 239 7 8 0.031325907 
543 342 7 10 0.031293165 
536 397 7 11 0.03123075 
495 312 7 8 0.031222405 
368 264 7 8 0.031205175 
266 298 7 9 0.031203732 
440 344 7 9 0.031129247 
513 400 7 9 0.031105421 
383 296 7 8 0.031051662 
136 326 8 10 0.031006187 
558 352 10 15 0.030981978 
229 387 10 13 0.030904096 
56 284 8 11 0.03082581 
16 262 9 11 0.030772774 
336 287 6 9 0.030766176 
412 412 9 12 0.030713873 
424 336 7 9 0.030705916 
329 364 8 12 0.030690651 
883 542 25 29 0.030665465 
33 360 9 11 0.030665211 
409 304 7 9 0.030660463 
536 336 7 9 0.030427955 
414 443 10 12 0.030403502 
520 313 6 8 0.030374236 
438 332 8 11 0.030288728 
240 295 8 10 0.030258127 
337 372 9 12 0.030204367 
465 287 7 8 0.030188393 
24 261 9 12 0.030156434 
359 332 8 10 0.030137027 
185 254 8 10 0.030061256 
337 281 7 8 0.029989908 
495 383 7 9 0.02997198 
47 223 7 9 0.029848916 
17 283 11 14 0.029827757 
263 350 7 10 0.029815216 
777 216 33 42 0.029799366 
466 359 8 9 0.029753644 
263 286 7 8 0.029743025 
520 318 7 9 0.029705955 
6 203 9 11 0.029701455 
454 328 7 9 0.029655626 
191 254 6 9 0.029642941 
384 311 8 9 0.029622426 
488 376 7 8 0.029603608 
410 288 8 9 0.029579435 
102 382 8 10 0.029538933 
24 174 7 9 0.029532032 
90 214 7 9 0.029461917 
463 398 7 9 0.02943703 
225 372 8 10 0.02937185 
214 373 9 11 0.029316347 
382 358 8 10 0.029310338 
513 328 6 8 0.02922792 
376 345 7 9 0.029113216 
122 382 9 13 0.029026845 
870 421 9 11 0.0289985 
69 410 13 15 0.028955495 
215 303 8 9 0.028946279 
152 400 12 15 0.02893106 
31 175 6 8 0.028913679 
49 184 7 8 0.028912526 
528 366 7 9 0.028843269 
327 296 6 9 0.028775321 
41 396 11 13 0.028770272 
16 228 8 10 0.02874235 
512 353 7 8 0.02872845 
447 359 7 9 0.028724136 
329 310 7 9 0.028692072 
342 309 8 10 0.028685592 
56 280 8 10 0.028685242 
134 263 7 10 0.028684849 
104 390 10 12 0.028652139 
247 285 8 9 0.02863875 
391 356 7 10 0.028622214 
37 278 8 11 0.028574573 
349 304 7 10 0.028489308 
240 285 8 10 0.028484605 
513 320 6 8 0.028461734 
103 200 7 8 0.028436469 
91 396 12 15 0.028381964 
84 343 8 11 0.02835621 
439 312 7 8 0.028348392 
25 169 7 9 0.028338406 
392 344 7 9 0.028331742 
463 392 8 10 0.028290998 
136 302 7 9 0.028224738 
502 352 8 9 0.028211975 
415 293 7 9 0.028157065 
81 272 9 10 0.028149504 
128 323 10 11 0.028148323 
112 257 8 9 0.028128954 
935 540 35 34 0.028079709 
135 310 8 10 0.027989522 
497 377 7 8 0.027894974 
222 391 10 12 0.027725141 
519 360 7 10 0.027724762 
471 372 7 9 0.027593393 
225 358 8 10 0.027553592 
157 360 9 11 0.02747215 
487 352 7 8 0.027427653 
0 310 9 12 0.027424991 
376 320 8 10 0.027414566 
401 344 6 9 0.027362127 
341 372 9 11 0.027347999 
150 290 17 23 0.02726901 
306 294 7 9 0.027173383 
164 387 21 27 0.027153999 
48 200 7 9 0.027138056 
105 208 8 9 0.02706639 
101 376 7 10 0.026936486 
456 319 6 8 0.026894389 
125 432 14 16 0.026873095 
1016 310 8 13 0.02675983 
271 350 7 10 0.026759446 
65 238 7 9 0.026749883 
153 231 7 8 0.02673725 
418 375 8 10 0.026644208 
1008 342 8 11 0.02664172 
0 341 7 14 0.02663672 
40 238 8 9 0.026618397 
159 248 7 9 0.026549917 
15 310 9 11 0.026543865 
1007 382 10 15 0.026487712 
251 389 11 13 0.026412219 
223 272 6 9 0.026391303 
469 358 8 9 0.026384834 
370 294 7 9 0.02636026 
239 261 6 9 0.026328692 
264 358 7 8 0.026322091 
343 263 7 9 0.026296342 
162 316 7 10 0.026273703 
234 279 8 9 0.026269402 
478 391 7 9 0.026252331 
31 208 7 9 0.026216943 
418 317 7 10 0.026209796 
210 277 7 9 0.02619638 
154 238 7 9 0.026140193 
368 365 7 10 0.025895495 
150 318 8 10 0.025860384 
431 346 7 8 0.025842158 
511 310 7 9 0.025821961 
384 344 7 9 0.025727192 
117 429 16 18 0.025682952 
64 190 8 9 0.025666382 
455 271 8 9 0.025624085 
644 70 49 59 0.02562389 
247 313 7 8 0.02559936 
95 174 8 10 0.025585936 
230 420 11 15 0.025570897 
126 337 8 9 0.025553243 
188 418 11 14 0.025549548 
465 318 6 9 0.025520755 
144 264 8 9 0.025518378 
33 196 8 10 0.02545195 
285 368 9 11 0.025355663 
447 296 6 8 0.025346573 
194 287 7 9 0.025274228 
385 319 7 10 0.025249245 
39 261 8 10 0.025247786 
47 334 8 10 0.025233615 
249 342 8 9 0.025228221 
481 311 6 8 0.025161525 
345 270 7 9 0.025156606 
360 360 9 11 0.025101196 
7 192 7 9 0.02491804 
426 297 7 8 0.02486136 
88 292 9 11 0.024803014 
353 278 7 9 0.024672203 
353 375 8 9 0.024607835 
495 390 7 9 0.02459969 
142 241 7 8 0.024563665 
345 287 7 9 0.024539584 
247 249 7 7 0.024504473 
921 391 10 12 0.024461644 
360 343 8 9 0.024449786 
494 344 7 8 0.024429757 
489 393 7 9 0.024403205 
215 264 7 9 0.024402177 
96 208 7 8 0.024345962 
334 335 7 9 0.0243116 
47 327 8 11 0.024264894 
0 245 8 11 0.024252012 
402 360 8 10 0.024244187 
528 374 8 9 0.02422009 
7 254 8 11 0.024219245 
203 383 19 24 0.02413839 
40 207 7 9 0.024124661 
429 423 9 11 0.02409376 
262 256 7 8 0.024058579 
296 302 8 9 0.024051022 
888 420 10 12 0.02403937 
39 371 14 16 0.024038615 
392 384 6 9 0.024025885 
526 334 7 9 0.023981225 
96 230 6 8 0.023974646 
42 269 8 11 0.023944804 
96 276 8 11 0.023904445 
201 325 10 13 0.023894304 
239 360 9 12 0.02388385 
16 217 7 9 0.023868093 
153 248 7 9 0.023865689 
320 271 7 9 0.023844482 
94 335 9 11 0.02380292 
351 287 7 9 0.023760246 
881 468 11 14 0.023748403 
88 207 7 9 0.023720048 
353 335 7 9 0.023719145 
889 491 18 21 0.023708427 
383 272 6 8 0.023690123 
943 364 9 12 0.023671826 
345 296 7 8 0.023618443 
432 272 7 8 0.023613175 
240 382 9 10 0.023519283 
503 328 7 8 0.023505539 
71 357 9 12 0.023500314 
339 256 7 8 0.023464154 
287 264 7 9 0.023411188 
48 252 8 10 0.023376463 
128 289 9 10 0.02336269 
334 360 8 10 0.0233623 
405 328 19 25 0.023359388 
71 309 8 9 0.02325543 
345 335 7 9 0.023177246 
62 404 14 15 0.023162093 
354 366 7 10 0.023149464 
72 286 10 12 0.023041818 
95 255 8 11 0.02302276 
96 215 7 9 0.023009099 
400 324 7 9 0.022894021 
153 370 10 12 0.022888675 
182 287 8 9 0.022873772 
10 216 7 9 0.02278796 
56 404 9 12 0.022712652 
682 344 241 258 0.022631807 
432 289 6 8 0.022619378 
424 407 8 10 0.022618739 
23 328 7 10 0.022601848 
531 384 7 9 0.022596445 
706 126 41 52 0.02247736 
71 185 7 8 0.022376224 
996 437 12 16 0.022362903 
525 327 7 9 0.02234395 
134 375 8 10 0.022332422 
440 365 8 9 0.022300202 
111 296 8 9 0.022299297 
167 287 7 10 0.022244425 
456 350 7 9 0.022221299 
328 328 7 9 0.022220343 
104 316 8 11 0.022216648 
335 329 7 9 0.022169843 
365 318 7 10 0.022164954 
93 424 14 18 0.022060836 
130 240 6 8 0.022042716 
949 334 10 13 0.022007488 
70 390 12 14 0.022005249 
505 383 8 9 0.021984043 
142 382 8 11 0.02197183 
392 287 7 9 0.021959146 
481 296 7 8 0.0219558 
295 373 9 12 0.021942234 
322 285 7 9 0.02193836 
536 376 7 10 0.021818511 
408 278 7 8 0.021785362 
135 225 6 8 0.021757865 
112 302 8 9 0.021750977 
46 368 11 12 0.021708123 
337 315 7 10 0.021706125 
496 288 7 8 0.02169135 
314 280 7 9 0.021669395 
535 342 7 10 0.021598125 
110 392 9 11 0.021590585 
79 214 7 9 0.021446975 
22 194 8 8 0.021424409 
183 262 8 9 0.02138809 
43 371 18 22 0.021381015 
150 326 8 11 0.021377852 
320 341 8 10 0.021351682 
301 280 8 10 0.021351634 
495 334 7 10 0.021343525 
243 391 9 12 0.02133379 
279 352 8 9 0.021325449 
153 361 19 23 0.021321692 
535 319 7 9 0.021317525 
287 421 9 11 0.021304654 
937 365 10 12 0.021249393 
55 242 8 8 0.021247393 
181 352 19 24 0.021234175 
56 411 19 23 0.021218702 
106 403 10 13 0.021164255 
81 191 6 7 0.021152385 
173 319 8 10 0.02112172 
674 460 17 20 0.021069193 
222 280 7 9 0.021016793 
8 390 11 14 0.021010848 
78 317 10 12 0.020955697 
408 272 7 8 0.020929398 
464 384 8 9 0.020886429 
23 410 10 15 0.020838076 
72 319 8 10 0.020822799 
16 183 8 10 0.020812398 
304 303 7 10 0.02080312 
6 309 9 11 0.02079792 
1003 439 21 27 0.020664986 
153 223 7 8 0.020641081 
225 334 8 10 0.020593075 
298 285 9 10 0.020588882 
261 389 10 11 0.020578666 
2 194 8 10 0.020536253 
430 376 8 10 0.020516247 
991 368 9 12 0.02046343 
407 327 7 9 0.020446738 
2 223 7 10 0.020442098 
72 263 8 10 0.020373832 
997 327 8 11 0.020267883 
360 273 8 9 0.02021317 
47 231 7 9 0.0201502 
416 327 7 9 0.020145169 
503 360 7 9 0.020125253 
409 351 8 10 0.02011951 
544 349 8 11 0.020115586 
160 327 8 10 0.020076558 
38 414 11 14 0.020053592 
375 279 6 9 0.020050775 
1004 383 21 29 0.020013835 
