35_Basketball_basketballgame_ball_35_662
163
757 1 28 35 0.9995764 
110 65 30 39 0.9993924 
116 112 31 38 0.99938214 
170 0 31 34 0.9992906 
288 133 30 39 0.9990736 
379 71 28 34 0.99891925 
307 96 33 38 0.99883777 
477 82 55 73 0.99871707 
795 123 58 70 0.99792945 
63 41 27 35 0.9977836 
709 82 31 38 0.99773693 
242 66 36 43 0.99751544 
363 139 31 37 0.9974681 
207 148 44 55 0.996992 
428 12 28 36 0.99679047 
597 51 49 61 0.99623364 
689 121 46 59 0.99479854 
555 33 28 35 0.9929102 
685 51 29 36 0.985495 
804 41 31 34 0.9852173 
280 0 30 31 0.9831645 
38 114 24 31 0.9823866 
65 103 42 54 0.98225296 
732 125 42 54 0.95969975 
227 122 33 38 0.9531484 
659 3 29 33 0.91617227 
1 173 22 32 0.80784553 
849 143 24 38 0.76193863 
493 -1 24 21 0.58836824 
272 6 29 34 0.46936888 
770 54 30 33 0.41913003 
523 59 32 39 0.36554736 
863 142 30 40 0.3606591 
623 2 22 27 0.25728145 
-1 -2 17 25 0.20814875 
349 121 26 31 0.18049628 
58 83 25 31 0.17999613 
164 136 26 36 0.179691 
669 123 46 58 0.161538 
409 144 34 41 0.15088888 
196 94 25 28 0.14947489 
761 62 24 29 0.14230144 
356 130 28 35 0.13343349 
678 4 23 28 0.1325324 
581 0 23 24 0.12266649 
807 26 26 33 0.11921165 
396 189 25 37 0.10516687 
771 5 25 31 0.102805346 
840 75 38 50 0.101572774 
791 9 27 31 0.09214373 
435 90 28 40 0.090684734 
702 94 40 52 0.08560396 
278 21 28 31 0.084086746 
202 111 32 37 0.08388485 
65 0 21 20 0.083214276 
528 43 38 46 0.08077471 
751 68 22 27 0.07328089 
804 19 25 27 0.06795659 
654 119 41 60 0.06759817 
514 36 38 45 0.06748056 
785 1 24 29 0.06453646 
856 91 39 57 0.064089544 
853 70 31 35 0.06268406 
445 18 24 34 0.062320627 
22 65 27 36 0.062254652 
-1 85 11 21 0.061055195 
179 49 29 38 0.060924582 
530 1 31 30 0.06001282 
341 85 25 29 0.05781709 
816 25 16 19 0.05725581 
316 3 26 29 0.05634556 
865 65 20 20 0.056163482 
457 90 27 44 0.05471754 
2 267 26 36 0.053580076 
75 1 14 15 0.05126306 
701 9 16 20 0.050255686 
164 120 27 36 0.049735688 
339 3 17 20 0.04816631 
304 1 27 26 0.047808886 
264 41 22 29 0.04776481 
276 19 19 23 0.047082197 
212 118 35 37 0.046203583 
689 7 16 22 0.045578804 
650 60 23 31 0.04531998 
757 75 25 32 0.04451221 
538 8 17 20 0.044050205 
201 1 24 30 0.04381821 
330 142 24 31 0.043408804 
641 0 18 21 0.04133063 
810 2 17 17 0.041149653 
628 341 37 37 0.04106436 
268 15 19 24 0.04055879 
522 7 29 34 0.04053927 
635 5 26 29 0.039834157 
757 91 23 30 0.039807927 
862 109 42 64 0.039537292 
28 52 26 39 0.03923674 
54 112 33 39 0.039140217 
-3 170 37 50 0.039113723 
323 36 23 32 0.037461907 
285 110 22 26 0.037112135 
458 80 45 62 0.037042737 
875 150 27 39 0.034835257 
333 7 17 22 0.03482725 
887 313 22 38 0.034385305 
632 9 18 22 0.033759225 
321 -1 17 16 0.033497404 
291 116 32 42 0.032618146 
114 -1 19 14 0.0322354 
0 75 20 33 0.03177774 
786 15 19 23 0.031638686 
290 525 16 19 0.0314552 
381 50 15 18 0.030690763 
871 79 34 47 0.03037026 
543 0 21 20 0.030315194 
188 86 26 30 0.030295715 
290 14 27 34 0.02987083 
362 196 16 20 0.029824803 
681 29 24 29 0.029208543 
667 0 17 15 0.02856754 
232 142 33 44 0.028454477 
513 1 28 25 0.027956393 
210 0 27 30 0.027638413 
133 29 23 27 0.027334366 
460 19 14 21 0.027224917 
255 539 12 16 0.027055591 
119 561 13 17 0.026658246 
804 4 17 20 0.02644025 
277 34 26 31 0.026378546 
174 63 24 32 0.02631934 
339 114 27 34 0.026293471 
452 37 16 23 0.026189854 
622 11 27 35 0.026072009 
192 44 30 38 0.02603828 
225 -1 27 27 0.025856063 
393 168 41 52 0.024738634 
890 264 33 47 0.024310332 
670 11 24 32 0.024053194 
184 28 29 37 0.024047554 
38 63 26 35 0.023778168 
55 66 27 36 0.023777606 
82 525 15 16 0.023769643 
36 82 38 52 0.023750635 
357 297 52 65 0.023648115 
849 74 18 22 0.023554029 
472 52 25 30 0.023420278 
334 47 14 20 0.022832649 
930 0 30 30 0.022584261 
535 22 39 46 0.022568418 
858 0 17 19 0.022568349 
320 18 27 37 0.02236392 
790 47 29 36 0.02184199 
545 1 34 31 0.02158594 
747 137 39 48 0.021555664 
8 69 27 35 0.021422992 
639 61 25 37 0.021274388 
422 402 96 130 0.021015214 
349 104 25 32 0.020652182 
642 110 37 60 0.020622736 
382 102 25 30 0.020435017 
467 90 16 24 0.020410795 
904 540 29 32 0.0201935 
614 324 45 44 0.020051925 
