35_Basketball_playingbasketball_35_511
44
555 294 15 19 0.5410183 
556 304 15 19 0.17542587 
411 273 13 17 0.16125084 
335 288 9 11 0.07728299 
197 300 11 13 0.06565417 
577 318 9 12 0.06321093 
168 292 10 12 0.06165297 
566 340 11 13 0.056668587 
225 312 8 10 0.05622612 
369 280 7 10 0.0551747 
162 303 8 10 0.050365355 
556 288 12 15 0.04565165 
166 310 8 11 0.04019249 
577 324 9 11 0.037390277 
369 302 9 11 0.036390927 
193 299 9 12 0.035116028 
118 161 41 43 0.034442116 
197 308 10 11 0.03303071 
752 17 403 526 0.032567278 
590 302 10 12 0.031642877 
13 8 12 16 0.031619426 
398 273 8 10 0.031166593 
125 329 10 13 0.030060904 
201 288 8 10 0.029742174 
545 300 12 16 0.029588483 
397 277 10 13 0.02945568 
367 285 9 10 0.02945095 
199 295 10 13 0.02932964 
151 304 7 9 0.029084206 
578 188 18 22 0.028902287 
411 325 14 18 0.027056323 
144 304 8 9 0.026988158 
351 259 9 12 0.026559277 
34 44 175 222 0.024639213 
12 177 49 59 0.02439037 
69 199 30 34 0.024276152 
413 264 11 12 0.024032814 
47 52 101 143 0.023503378 
214 302 8 9 0.023283718 
621 314 12 14 0.02280633 
70 283 14 15 0.022453072 
607 342 9 12 0.022420743 
631 344 9 10 0.021829566 
232 328 8 10 0.020640552 
