35_Basketball_basketballgame_ball_35_201
35
13 396 111 162 0.99986947 
596 -4 118 141 0.9998629 
277 379 121 166 0.9998622 
936 221 87 123 0.99966 
719 164 106 125 0.9996387 
120 269 99 133 0.99963856 
507 224 105 139 0.9996147 
635 399 110 131 0.9995809 
839 -3 90 112 0.99897885 
88 141 92 117 0.9981242 
0 33 78 142 0.99599695 
382 154 98 129 0.99593925 
509 -2 64 57 0.7558852 
711 519 92 104 0.7191987 
288 0 49 35 0.47850826 
676 454 106 119 0.16272779 
962 2 49 78 0.15927464 
533 14 67 76 0.10475611 
802 9 57 81 0.073850065 
18 729 56 66 0.07167164 
407 1103 107 133 0.05560639 
674 814 53 90 0.051197506 
56 1118 10 13 0.045566343 
475 0 74 62 0.03834566 
26 731 27 36 0.034317628 
759 1132 53 76 0.03283055 
256 -5 73 49 0.03255652 
889 -16 91 117 0.029730348 
224 2 77 59 0.025968736 
643 1164 14 18 0.02594717 
6 746 58 75 0.024747012 
1 778 27 48 0.022327524 
561 7 59 69 0.020632561 
40 728 33 39 0.020561539 
44 369 100 131 0.020287462 
