35_Basketball_playingbasketball_35_417
55
365 18 47 54 0.99773514 
355 245 28 39 0.99149597 
284 256 32 49 0.99090564 
887 162 30 36 0.9811352 
214 248 27 48 0.9758647 
738 85 37 40 0.92285115 
183 51 24 28 0.9086711 
960 49 32 45 0.87613785 
50 63 29 37 0.8315294 
225 132 32 40 0.7887796 
311 55 28 35 0.7443513 
526 36 28 34 0.6898304 
52 198 23 30 0.6257841 
920 115 25 29 0.49455217 
244 60 27 32 0.3972827 
447 33 29 40 0.2291114 
174 301 39 50 0.1721012 
197 258 33 40 0.1489847 
157 64 41 50 0.081207916 
522 53 36 40 0.06743934 
162 69 25 32 0.06736967 
306 65 35 46 0.060680002 
455 29 38 52 0.05497228 
113 160 19 22 0.051898956 
95 228 29 30 0.048506994 
221 190 24 34 0.04074706 
258 273 25 31 0.0387075 
957 309 16 22 0.038015608 
185 252 30 43 0.0375699 
293 160 53 64 0.037170306 
58 54 30 35 0.036191255 
1002 118 21 33 0.035770953 
324 56 30 33 0.035058763 
68 46 26 28 0.03369297 
-10 466 184 244 0.03187792 
292 240 29 48 0.031284533 
884 177 28 33 0.029542133 
33 153 23 33 0.028729424 
169 52 41 49 0.028115736 
350 261 29 36 0.028107556 
142 70 24 32 0.026724136 
906 115 30 33 0.026018066 
313 44 20 25 0.025244754 
0 6 26 32 0.02507879 
35 134 24 35 0.024656605 
-56 373 343 418 0.024464147 
174 373 43 51 0.024325 
116 127 21 27 0.023089765 
131 176 400 424 0.022750959 
108 165 17 21 0.022286393 
58 127 25 32 0.020708166 
473 40 41 55 0.020410106 
170 85 28 32 0.020401519 
305 263 17 26 0.020259762 
841 232 20 23 0.020189445 
