59_peopledrivingcar_peopledrivingcar_59_244
30
393 141 240 313 0.9996698 
333 958 56 72 0.9921646 
556 957 52 63 0.9847002 
650 982 56 67 0.97816086 
430 104 334 444 0.20088756 
56 995 48 68 0.07442793 
599 1080 12 15 0.061789893 
342 928 52 67 0.041538864 
545 905 29 33 0.040875163 
454 986 38 43 0.03565883 
606 963 43 58 0.030608116 
590 918 30 38 0.030515276 
440 1002 47 46 0.030033823 
272 918 45 56 0.028739538 
943 1249 17 19 0.02717412 
580 946 48 63 0.025952406 
310 939 51 65 0.025016308 
108 1249 74 90 0.024775142 
241 900 56 68 0.023242991 
595 918 17 23 0.023108954 
698 988 31 47 0.022687558 
50 875 31 35 0.022538496 
28 964 12 13 0.02196397 
941 1086 44 62 0.02185736 
181 1351 47 65 0.021071991 
627 958 43 59 0.020690192 
603 924 31 36 0.020645494 
484 909 18 21 0.020520607 
670 1369 231 239 0.020125533 
109 1193 117 164 0.020040408 
