59_peopledrivingcar_peopledrivingcar_59_1019
48
93 548 20 26 0.9205468 
963 517 28 33 0.86335635 
122 557 18 24 0.8181226 
297 497 26 43 0.81218225 
263 481 91 128 0.3116944 
106 582 16 20 0.25804752 
952 607 25 32 0.23414534 
823 377 28 37 0.14520192 
242 426 177 252 0.11320763 
218 355 352 415 0.109790556 
2 417 16 22 0.09612899 
651 575 15 18 0.07368756 
886 450 31 40 0.07335392 
689 548 26 30 0.06474688 
770 430 28 37 0.0641699 
238 64 7 10 0.054691013 
696 496 23 31 0.043685224 
1 348 25 35 0.042547464 
806 532 49 81 0.03910648 
865 373 37 52 0.037276216 
862 381 22 36 0.03724518 
668 295 48 75 0.037041422 
288 45 10 12 0.036713015 
960 521 45 53 0.033949237 
1 403 11 18 0.033435967 
849 383 26 34 0.031266652 
803 432 24 36 0.03000082 
223 94 10 12 0.029306911 
488 218 125 142 0.0272464 
271 54 10 13 0.027020168 
873 450 26 40 0.025411915 
873 384 17 28 0.025399342 
264 44 9 12 0.024233637 
635 500 13 16 0.024124224 
5 467 12 18 0.024032585 
815 431 38 56 0.024018196 
300 553 50 57 0.023752399 
784 523 82 125 0.023148298 
281 512 42 57 0.022561923 
31 413 12 14 0.022288093 
305 487 30 47 0.022086054 
36 409 14 16 0.022019926 
0 399 18 34 0.021968268 
1004 621 21 31 0.021336542 
935 596 41 56 0.020772574 
813 380 25 35 0.02070764 
530 377 108 154 0.020525593 
59 443 14 16 0.02044582 
