59_peopledrivingcar_peopledrivingcar_59_659
46
185 252 28 36 0.99569654 
297 274 23 29 0.9686553 
791 322 25 37 0.9611863 
255 243 23 33 0.923031 
509 241 21 27 0.6861857 
594 261 16 24 0.22157776 
774 380 16 20 0.08914135 
798 332 26 32 0.07399046 
245 247 18 24 0.069594786 
581 256 22 27 0.06943617 
580 557 31 45 0.066123106 
519 243 16 22 0.065894134 
638 662 12 14 0.051738292 
199 479 26 29 0.044470746 
790 317 14 24 0.039166953 
490 246 42 50 0.037093826 
597 500 11 14 0.03472809 
597 255 12 16 0.034561712 
470 198 436 527 0.033418488 
557 553 39 52 0.03275058 
589 254 14 18 0.031970676 
579 568 16 24 0.03074159 
572 557 13 17 0.029866701 
813 454 15 16 0.028813766 
179 256 23 25 0.028711695 
329 423 20 20 0.028079733 
580 495 14 17 0.026923696 
283 168 16 20 0.026727622 
582 488 11 13 0.026250042 
273 158 23 29 0.026135648 
501 243 20 23 0.026104387 
210 483 16 19 0.02595072 
574 255 17 22 0.02588894 
685 586 27 30 0.025356969 
456 249 8 10 0.025215523 
269 156 17 19 0.025178438 
237 242 16 21 0.022886138 
590 588 33 43 0.022711903 
241 241 33 46 0.022489874 
731 428 31 38 0.022399588 
199 258 16 23 0.021689216 
589 499 11 15 0.02146788 
425 480 17 17 0.020799885 
266 249 24 35 0.020616392 
391 464 11 14 0.020111123 
566 562 13 16 0.020086871 
