56_Voter_peoplevoting_56_350
797
40 364 31 48 0.99204755 
2 326 36 47 0.9821322 
437 151 8 11 0.97216123 
564 169 8 10 0.9641916 
855 259 13 15 0.9458233 
514 161 8 10 0.94120723 
526 161 7 9 0.9362244 
284 115 8 12 0.92505944 
747 236 10 12 0.92505944 
205 95 8 10 0.9121234 
305 106 8 10 0.9121234 
257 108 8 10 0.9121234 
522 316 15 25 0.88893 
525 183 9 11 0.86055124 
182 72 7 9 0.8384248 
467 151 9 11 0.8135483 
497 156 7 9 0.8135483 
334 117 8 11 0.8000445 
696 224 13 14 0.7708736 
404 125 7 8 0.7388364 
199 75 8 10 0.70403934 
496 355 25 33 0.6941424 
743 210 9 10 0.6856687 
647 343 20 26 0.6744751 
185 403 35 53 0.6541731 
539 190 10 12 0.60666233 
53 45 7 9 0.5858033 
113 60 7 9 0.5858033 
765 289 12 13 0.56463194 
338 403 21 34 0.5227497 
631 194 8 9 0.5216516 
581 169 6 8 0.5216516 
385 118 7 8 0.5216516 
752 351 17 27 0.5216516 
11 38 8 10 0.5 
795 235 9 11 0.5 
721 201 12 15 0.5 
733 218 10 13 0.47834834 
227 103 9 11 0.45677772 
828 267 12 13 0.43536806 
563 189 9 11 0.3933377 
672 211 9 12 0.3933377 
394 137 9 11 0.3933377 
925 244 8 10 0.3728605 
736 358 12 15 0.35282937 
99 419 64 58 0.34582695 
825 302 26 31 0.34582692 
647 205 7 9 0.33330244 
356 105 6 7 0.27822798 
572 323 22 28 0.268611 
651 196 7 10 0.26116365 
873 252 8 10 0.26116365 
81 47 8 9 0.26116365 
136 52 12 15 0.26116365 
225 49 5 6 0.24479094 
526 148 6 8 0.24479094 
390 386 19 26 0.23436876 
370 109 8 9 0.22912638 
706 194 9 11 0.22912635 
167 420 43 59 0.21842523 
991 314 19 24 0.2141799 
878 264 18 21 0.2141799 
659 166 6 7 0.2141799 
434 129 8 10 0.2141799 
464 139 7 8 0.2141799 
476 118 6 7 0.19995552 
156 28 4 6 0.19995552 
765 205 9 10 0.19995552 
172 90 8 10 0.19995552 
200 516 60 68 0.188928 
666 188 7 9 0.18645167 
724 197 11 14 0.18645167 
483 152 7 8 0.17366187 
780 211 6 8 0.17366187 
650 201 7 12 0.17366187 
657 347 13 20 0.17366187 
283 80 7 8 0.17366187 
726 192 10 11 0.17366187 
370 132 7 10 0.17366187 
755 221 12 15 0.17366187 
678 364 18 20 0.17366186 
793 216 7 8 0.16157512 
630 175 7 8 0.16157512 
608 187 8 10 0.15017675 
354 117 7 8 0.15017675 
135 44 7 9 0.15017675 
109 59 8 9 0.15017675 
215 48 5 7 0.13944872 
850 241 7 8 0.13944872 
792 238 9 11 0.13944872 
577 176 7 10 0.1293704 
591 183 7 10 0.1293704 
263 67 7 10 0.12937039 
817 239 7 9 0.12937039 
198 81 9 12 0.11991897 
770 291 12 15 0.11991897 
529 314 14 24 0.11991897 
474 47 9 11 0.11991897 
72 41 6 8 0.111069925 
730 190 8 9 0.111069925 
323 90 6 8 0.111069925 
436 127 6 7 0.111069925 
544 172 7 9 0.111069925 
718 355 10 19 0.111069925 
582 166 7 8 0.10279763 
409 146 7 8 0.10279763 
490 130 6 7 0.10279763 
595 180 7 9 0.10279763 
748 300 17 21 0.10279763 
645 156 6 7 0.10279763 
137 67 8 10 0.10279763 
174 40 5 6 0.10279763 
142 59 9 10 0.102797605 
597 157 6 7 0.102797605 
903 194 94 101 0.10106142 
83 52 7 8 0.09507551 
604 170 8 11 0.09507551 
505 129 7 10 0.09507551 
738 218 9 12 0.09507551 
106 43 6 8 0.09507551 
391 141 9 11 0.09507551 
333 413 17 27 0.09507551 
791 219 9 11 0.09507551 
606 612 35 37 0.09308395 
499 424 24 33 0.09308393 
903 248 13 15 0.08787667 
866 306 12 15 0.08787667 
548 173 7 9 0.08787667 
415 393 14 22 0.08787667 
607 164 7 9 0.08787667 
514 320 16 19 0.08787667 
515 148 7 7 0.08787667 
492 184 9 12 0.08787667 
587 184 8 9 0.08787667 
519 560 60 70 0.08567618 
667 362 25 28 0.08567618 
837 300 25 31 0.08567616 
303 413 22 27 0.08567616 
480 117 5 7 0.08117401 
719 204 9 12 0.08117401 
106 40 6 7 0.08117401 
275 74 6 7 0.08117401 
401 117 6 7 0.08117401 
465 135 7 8 0.08117401 
180 74 11 15 0.08117401 
370 89 6 8 0.08117401 
831 236 8 8 0.08117401 
458 147 5 7 0.08117401 
600 180 6 8 0.08117401 
723 253 26 34 0.07880669 
128 415 65 52 0.07880669 
742 357 9 13 0.074940585 
544 175 8 10 0.074940585 
765 222 12 15 0.074940585 
761 293 10 12 0.074940585 
787 220 11 14 0.074940585 
712 357 11 19 0.07494057 
59 52 6 9 0.07494057 
886 248 8 10 0.07494057 
206 57 5 7 0.07494057 
304 79 11 14 0.069149815 
347 131 11 14 0.069149815 
466 141 8 9 0.0691498 
608 193 8 10 0.0691498 
340 100 5 6 0.0691498 
403 85 5 6 0.0691498 
228 50 5 6 0.0691498 
222 49 5 6 0.0691498 
529 184 10 13 0.0691498 
662 168 6 7 0.0691498 
611 185 8 9 0.0691498 
133 51 9 12 0.0691498 
244 74 7 10 0.06377564 
700 102 8 12 0.06377564 
80 41 7 8 0.06377564 
306 80 6 8 0.06377564 
770 224 12 14 0.06377564 
209 46 4 5 0.06377564 
500 153 7 9 0.06377564 
746 352 17 22 0.06377564 
859 237 6 8 0.06377564 
729 221 10 11 0.06377564 
238 54 5 6 0.06377564 
319 108 7 9 0.06377564 
168 454 54 82 0.06111947 
963 307 50 56 0.06111947 
16 345 41 58 0.06111947 
858 403 25 26 0.06111947 
969 448 55 75 0.06111947 
122 53 7 9 0.05879275 
372 84 5 6 0.05879275 
329 68 5 6 0.05879275 
389 118 6 7 0.05879275 
804 227 8 11 0.05879275 
501 133 7 10 0.05879275 
574 178 7 9 0.05879275 
678 101 12 16 0.05879275 
519 145 5 7 0.05879275 
200 41 4 6 0.05879275 
50 9 6 8 0.05879275 
353 86 5 6 0.05879275 
36 43 6 8 0.05879275 
149 36 6 7 0.05879275 
803 235 7 10 0.05879275 
653 332 27 28 0.056098126 
741 307 21 25 0.056098126 
190 390 46 49 0.056098126 
918 333 23 29 0.056098126 
655 355 25 27 0.056098126 
176 92 8 10 0.054176662 
543 186 9 11 0.054176662 
759 340 15 21 0.054176662 
741 212 12 16 0.054176662 
507 350 16 23 0.054176662 
106 57 7 10 0.054176662 
314 118 6 8 0.054176662 
799 232 9 12 0.054176662 
74 43 8 10 0.054176662 
345 106 4 6 0.054176662 
651 102 9 11 0.054176662 
463 131 6 7 0.054176662 
18 376 28 39 0.051466707 
17 32 25 38 0.051466707 
530 556 25 32 0.051466707 
470 351 22 30 0.051466707 
491 358 19 21 0.04990379 
355 112 7 9 0.04990379 
838 249 7 9 0.04990379 
880 250 11 14 0.04990379 
309 91 5 6 0.04990379 
355 132 8 11 0.04990379 
360 101 6 7 0.04990379 
136 19 4 5 0.04990379 
681 202 7 9 0.04990379 
825 240 8 10 0.04990379 
149 43 7 8 0.04990379 
568 188 8 10 0.04990379 
102 28 5 7 0.04990379 
885 249 11 15 0.049903784 
382 114 7 8 0.049903784 
606 161 5 7 0.049903784 
506 122 5 6 0.049903784 
614 153 5 5 0.049903784 
675 206 8 11 0.049903784 
799 117 203 253 0.04931264 
533 320 203 265 0.04931264 
904 305 21 26 0.047198545 
714 356 19 28 0.047198545 
518 172 9 11 0.04595155 
429 162 8 10 0.04595155 
820 313 16 19 0.04595155 
251 61 5 8 0.04595155 
722 354 8 14 0.04595155 
224 70 6 7 0.04595155 
774 232 11 14 0.04595155 
78 57 6 8 0.04595155 
777 297 9 10 0.04595155 
725 206 10 12 0.045951538 
260 62 5 7 0.045951538 
657 162 6 7 0.045951538 
220 46 5 6 0.045951538 
323 94 8 10 0.045951538 
100 41 5 6 0.045951538 
174 409 197 232 0.045153886 
396 493 30 35 0.04326818 
341 208 58 68 0.04326818 
0 488 57 89 0.04326818 
883 254 24 31 0.04326818 
756 292 20 24 0.04326818 
953 309 32 39 0.04326818 
397 134 8 10 0.04229837 
560 194 9 12 0.04229837 
791 286 8 10 0.04229837 
517 156 7 9 0.04229837 
631 156 4 5 0.04229837 
530 161 7 8 0.04229837 
535 160 6 8 0.04229837 
523 149 6 8 0.04229837 
486 115 4 5 0.04229837 
662 328 20 21 0.04229837 
643 203 8 10 0.04229837 
309 79 6 8 0.04229837 
75 58 7 8 0.04229837 
306 92 6 7 0.04229837 
378 109 6 9 0.04229837 
116 58 7 10 0.04229837 
778 225 9 12 0.04229837 
469 147 8 10 0.04229837 
376 151 8 10 0.04229837 
180 28 4 5 0.04229837 
263 85 7 9 0.04229837 
851 156 130 149 0.04133062 
607 627 30 37 0.039651502 
10 26 25 34 0.039651494 
456 220 45 37 0.039651494 
919 388 65 63 0.039651494 
898 258 25 33 0.039651494 
822 291 43 50 0.039651494 
490 346 41 52 0.039651494 
201 85 8 10 0.038923774 
137 59 12 14 0.038923774 
337 99 6 7 0.038923774 
236 114 9 11 0.038923774 
687 357 17 25 0.038923774 
190 0 6 6 0.038923774 
313 108 7 10 0.038923774 
643 208 8 10 0.038923774 
706 197 13 16 0.038923774 
71 37 6 8 0.038923774 
58 40 7 8 0.038923774 
403 118 11 13 0.038923774 
781 212 8 10 0.038923774 
583 184 8 10 0.038923774 
603 175 8 11 0.038923774 
669 211 8 10 0.038923774 
651 170 5 6 0.038923774 
362 167 8 10 0.038923774 
456 151 7 8 0.038923774 
460 139 7 9 0.038923774 
763 207 13 15 0.038923774 
826 235 11 13 0.038923774 
914 305 7 10 0.038923774 
775 336 15 19 0.038923774 
883 245 7 9 0.038923774 
707 115 200 239 0.03781825 
402 391 20 26 0.036325652 
976 313 26 33 0.036325652 
326 417 18 21 0.035808332 
529 110 4 6 0.035808332 
833 239 7 9 0.035808332 
331 115 9 10 0.035808332 
782 223 8 10 0.035808332 
42 16 5 6 0.035808332 
517 150 7 8 0.035808332 
409 12 5 6 0.035808332 
230 109 13 15 0.035808332 
600 153 5 7 0.035808332 
690 222 8 12 0.035808332 
686 173 6 8 0.035808332 
693 224 9 12 0.035808332 
75 62 7 8 0.035808332 
668 181 8 10 0.035808332 
511 147 6 8 0.035808332 
690 163 6 8 0.035808332 
63 9 6 8 0.035808332 
671 181 6 8 0.035808332 
484 117 5 6 0.035808332 
769 204 7 8 0.035808332 
364 130 7 10 0.035808332 
510 143 5 7 0.035808332 
452 123 5 7 0.035808332 
80 38 6 7 0.035808332 
134 85 18 24 0.035808332 
599 184 7 10 0.035808332 
400 128 10 13 0.035808332 
178 81 12 14 0.035808332 
396 140 9 11 0.035808332 
790 316 16 21 0.035808332 
221 91 8 10 0.035808332 
726 213 14 17 0.035808332 
772 315 18 21 0.035808332 
218 43 4 5 0.035808332 
360 132 7 10 0.035808332 
275 288 200 289 0.034593605 
2 21 43 59 0.033269096 
764 340 21 27 0.033269096 
102 477 63 54 0.033269096 
459 402 28 35 0.033269096 
725 169 7 8 0.03293372 
549 58 8 10 0.03293372 
900 309 13 18 0.03293372 
359 109 6 7 0.03293372 
876 268 10 13 0.03293372 
715 207 12 17 0.03293372 
314 80 5 7 0.03293372 
366 104 6 8 0.03293372 
795 286 13 15 0.03293372 
700 219 12 16 0.03293372 
86 53 6 8 0.03293372 
681 188 7 8 0.03293372 
529 126 4 5 0.03293372 
647 194 8 10 0.03293372 
100 48 6 8 0.03293372 
770 231 9 11 0.032933712 
317 66 5 7 0.032933712 
855 239 7 9 0.032933712 
613 156 6 7 0.032933712 
572 200 14 17 0.032933712 
62 36 6 8 0.032933712 
339 71 5 7 0.032933712 
416 105 14 15 0.032933712 
689 169 6 8 0.032933712 
245 62 7 9 0.032933712 
354 107 6 8 0.032933712 
213 46 5 6 0.032933712 
661 157 4 6 0.032933712 
0 29 5 8 0.032933712 
0 0 7 9 0.032933712 
97 49 6 7 0.032933712 
888 245 9 9 0.032933712 
636 193 7 9 0.032933712 
754 220 8 11 0.032933712 
582 180 7 9 0.032933712 
534 185 11 14 0.032933712 
746 338 15 22 0.032933712 
157 56 5 6 0.032933712 
292 86 7 9 0.032933712 
570 460 197 225 0.03163486 
59 420 106 128 0.03163486 
168 16 26 35 0.030461604 
530 311 25 33 0.030461596 
749 304 23 27 0.030461596 
866 262 23 25 0.030461596 
522 496 30 36 0.030461596 
202 533 36 43 0.030461596 
515 318 25 35 0.030461596 
614 185 8 9 0.030282615 
910 252 9 10 0.030282615 
481 37 5 6 0.030282615 
865 304 8 10 0.030282615 
76 48 6 8 0.030282615 
57 47 7 9 0.030282615 
659 107 7 11 0.030282615 
643 348 16 21 0.030282615 
322 105 6 7 0.030282615 
834 343 7 8 0.030282615 
661 351 15 20 0.030282615 
449 36 7 9 0.030282615 
557 193 9 10 0.030282615 
373 118 6 8 0.030282615 
684 186 6 8 0.030282615 
182 32 6 8 0.030282615 
760 219 10 12 0.030282615 
489 182 7 9 0.030282615 
664 58 6 8 0.030282615 
408 168 6 8 0.030282615 
430 129 7 9 0.030282615 
234 118 12 15 0.030282615 
670 213 14 18 0.030282615 
899 245 8 11 0.030282615 
601 169 7 9 0.030282615 
574 62 6 9 0.030282615 
775 207 6 7 0.030282615 
801 224 7 9 0.030282615 
654 104 9 12 0.030282615 
638 160 5 7 0.030282615 
506 159 6 8 0.030282615 
612 160 6 7 0.030282615 
584 161 6 7 0.030282615 
80 8 5 6 0.030282615 
89 11 6 7 0.030282615 
200 44 5 6 0.030282615 
421 390 13 24 0.030282615 
89 67 7 8 0.030282615 
592 156 5 7 0.030282615 
552 157 5 7 0.030282615 
77 9 4 5 0.030282615 
793 213 6 7 0.030282607 
602 336 97 130 0.028921604 
-4 468 93 149 0.028921604 
162 456 111 136 0.028921604 
173 494 71 78 0.027884193 
825 259 20 26 0.027884193 
229 468 65 74 0.027884193 
735 282 43 51 0.027884185 
499 321 21 28 0.027884185 
641 356 60 73 0.027884185 
512 330 43 57 0.027884185 
784 128 64 63 0.027884185 
334 391 36 55 0.027884185 
312 411 26 31 0.027884185 
177 37 6 7 0.027838783 
875 255 9 10 0.027838783 
431 54 5 6 0.027838783 
596 156 10 13 0.027838783 
74 65 7 9 0.027838783 
693 169 6 8 0.027838783 
699 169 5 7 0.027838783 
911 304 12 18 0.027838783 
433 172 7 9 0.027838783 
844 241 7 9 0.027838783 
550 54 6 7 0.027838783 
366 40 5 7 0.027838783 
755 303 10 12 0.027838783 
752 230 9 11 0.027838783 
634 160 6 7 0.027838783 
489 115 4 5 0.027838783 
213 57 6 8 0.027838783 
344 127 6 8 0.027838783 
339 125 6 8 0.027838783 
472 138 7 10 0.027838783 
695 100 12 16 0.027838783 
709 144 8 11 0.027838783 
274 83 7 9 0.027838783 
302 82 8 10 0.027838783 
504 155 7 9 0.027838783 
183 57 5 7 0.027838783 
153 57 6 7 0.027838783 
488 151 6 8 0.027838783 
524 142 10 13 0.027838783 
331 121 8 12 0.027838783 
489 155 7 9 0.027838778 
491 122 5 6 0.027838778 
992 306 14 18 0.027838778 
271 70 6 8 0.027838778 
693 161 6 7 0.027838778 
664 161 4 5 0.027838778 
466 130 6 8 0.027838778 
515 171 7 9 0.027838778 
778 229 12 17 0.027838778 
337 119 7 10 0.027838778 
224 100 9 10 0.027838778 
254 58 6 7 0.027838778 
186 58 5 7 0.027838778 
66 32 6 8 0.027838778 
604 184 8 10 0.027838778 
1000 312 8 11 0.027838778 
611 164 7 9 0.02558696 
543 165 9 10 0.02558696 
711 163 7 8 0.02558696 
196 72 6 7 0.02558696 
786 231 9 12 0.02558696 
59 8 5 7 0.02558696 
585 165 6 8 0.02558696 
756 8 4 5 0.02558696 
631 165 6 7 0.02558696 
473 79 6 7 0.02558696 
125 82 12 18 0.02558696 
489 119 4 5 0.02558696 
403 140 10 13 0.02558696 
753 337 14 22 0.02558696 
578 147 6 9 0.02558696 
575 173 7 10 0.02558696 
523 156 7 8 0.02558696 
278 74 7 8 0.02558696 
215 87 6 8 0.02558696 
459 25 4 5 0.02558696 
570 180 7 9 0.02558696 
405 147 6 8 0.02558696 
737 253 13 18 0.02558696 
78 61 6 7 0.02558696 
556 140 8 10 0.02558696 
740 344 18 24 0.02558696 
481 148 8 10 0.02558696 
735 316 18 21 0.02558696 
593 138 5 7 0.02558696 
271 86 7 9 0.02558696 
841 334 15 18 0.02558696 
724 189 9 10 0.02558696 
327 114 8 10 0.02558696 
9 27 7 8 0.02558696 
319 89 6 8 0.02558696 
263 139 8 10 0.02558696 
644 186 6 8 0.02558696 
855 291 8 10 0.02558696 
397 118 5 7 0.02558696 
770 295 17 19 0.02558696 
233 125 12 16 0.02558696 
867 302 10 10 0.02558696 
345 130 7 9 0.02558696 
430 126 6 7 0.02558696 
434 123 6 8 0.02558696 
136 48 8 10 0.02558696 
709 215 12 16 0.02558696 
870 255 11 14 0.02558696 
85 49 7 9 0.02558696 
208 48 5 6 0.02558696 
200 49 5 6 0.02558696 
903 253 16 21 0.02558696 
673 126 7 9 0.02558696 
591 153 4 6 0.02558696 
545 189 9 11 0.02558696 
434 114 6 8 0.02558696 
492 127 6 8 0.02558696 
681 168 6 8 0.02558696 
76 43 11 14 0.02558696 
877 276 18 20 0.02558696 
302 105 8 10 0.02558696 
664 120 7 10 0.02558696 
556 199 13 18 0.02558696 
425 130 6 8 0.02558696 
745 385 21 33 0.025519116 
863 254 44 48 0.025519116 
857 299 25 33 0.025519116 
896 226 54 69 0.025519116 
713 241 43 54 0.025519116 
586 435 117 128 0.024156325 
384 86 203 242 0.024156325 
472 113 5 7 0.02351288 
604 156 5 6 0.02351288 
842 244 7 10 0.02351288 
338 114 6 9 0.02351288 
764 204 6 8 0.02351288 
660 199 6 8 0.02351288 
460 133 7 9 0.02351288 
510 132 5 7 0.02351288 
498 130 7 9 0.02351288 
833 243 12 15 0.02351288 
424 183 13 18 0.02351288 
703 186 13 17 0.02351288 
249 120 13 15 0.02351288 
637 189 7 10 0.02351288 
317 116 7 9 0.02351288 
494 152 8 10 0.02351288 
663 107 7 9 0.02351288 
774 212 12 14 0.02351288 
649 207 8 11 0.02351288 
841 295 17 21 0.02351288 
270 142 13 16 0.02351288 
490 106 4 5 0.02351288 
108 46 8 9 0.02351288 
191 36 4 6 0.02351288 
195 37 4 5 0.02351288 
27 42 15 21 0.02351288 
353 96 5 6 0.02351288 
518 96 6 8 0.02351288 
479 40 6 7 0.02351288 
69 40 6 8 0.02351288 
197 41 4 6 0.02351288 
404 91 5 7 0.02351288 
240 54 6 7 0.02351288 
195 85 8 10 0.02351288 
71 57 6 7 0.02351288 
98 28 5 7 0.02351288 
24 16 5 7 0.02351288 
678 82 6 7 0.02351288 
463 82 6 8 0.02351288 
137 42 7 8 0.02351288 
186 61 7 9 0.02351288 
328 75 5 6 0.02351288 
358 76 5 6 0.02351288 
272 78 6 8 0.02351288 
141 23 4 6 0.02351288 
348 109 5 7 0.02351288 
396 9 4 5 0.02351288 
47 10 6 7 0.02351288 
340 69 4 5 0.02351288 
296 61 6 7 0.02351288 
74 50 12 15 0.02351288 
169 88 8 10 0.02351288 
408 88 5 7 0.02351288 
208 42 5 6 0.02351288 
547 164 8 9 0.02351288 
454 125 6 8 0.02351288 
581 175 8 10 0.02351288 
474 120 5 7 0.02351288 
705 359 14 18 0.02351288 
145 29 4 6 0.02351288 
674 168 5 7 0.02351288 
795 362 14 18 0.02351288 
506 164 7 9 0.02351288 
387 142 7 10 0.02351288 
796 237 12 16 0.02351288 
421 89 6 7 0.02351288 
178 32 7 8 0.02351288 
666 104 8 10 0.02351288 
165 50 5 6 0.02351288 
369 120 7 9 0.02351288 
478 126 6 7 0.02351288 
502 127 7 9 0.02351288 
331 92 6 7 0.02351288 
707 163 7 8 0.02351288 
698 165 6 7 0.02351288 
405 128 7 10 0.02351288 
682 164 5 7 0.02351288 
702 164 7 9 0.02351288 
702 127 6 7 0.02351288 
699 126 5 7 0.02351288 
760 305 24 26 0.023349825 
984 348 28 40 0.023349825 
578 347 31 36 0.023349825 
679 99 20 26 0.023349825 
276 597 65 59 0.023349825 
328 -46 261 285 0.022069868 
347 -50 144 130 0.022069868 
464 147 9 10 0.021603195 
265 137 13 18 0.021603195 
630 153 4 6 0.021603195 
616 153 4 5 0.021603195 
524 138 7 8 0.021603195 
486 25 4 6 0.021603195 
470 142 8 10 0.021603195 
870 250 8 10 0.021603195 
614 149 5 6 0.021603195 
800 220 6 8 0.021603195 
457 28 5 6 0.021603195 
458 154 7 9 0.021603195 
391 93 5 6 0.021603195 
636 153 4 5 0.021603195 
10 30 8 9 0.021603195 
618 651 20 27 0.021603195 
329 79 5 6 0.021603195 
182 29 5 6 0.021603195 
299 419 16 22 0.021603195 
132 19 5 6 0.021603195 
685 160 6 9 0.021603195 
822 243 8 10 0.021603195 
549 159 7 8 0.021603195 
748 357 9 13 0.021603195 
195 76 8 11 0.021603195 
154 25 5 7 0.021603195 
411 14 5 6 0.021603195 
344 72 4 6 0.021603195 
584 140 5 7 0.021603195 
530 136 8 9 0.021603195 
562 157 5 6 0.021603195 
127 21 5 6 0.021603195 
297 92 5 7 0.021603195 
523 17 4 5 0.021603195 
361 71 5 6 0.021603195 
332 65 4 4 0.021603195 
519 177 11 15 0.021603195 
651 172 6 8 0.021603195 
737 13 5 6 0.021603195 
658 163 10 12 0.021603195 
677 165 6 7 0.021603195 
337 67 4 5 0.021603195 
899 242 7 8 0.021603195 
730 361 15 17 0.021603195 
209 97 8 10 0.021603195 
467 127 6 7 0.021603195 
739 357 18 22 0.021603195 
485 167 7 9 0.021603195 
319 63 5 7 0.021603195 
668 169 5 7 0.021603195 
84 10 5 7 0.021603195 
729 124 5 7 0.021603195 
627 175 6 8 0.021603195 
353 101 7 9 0.021603195 
688 364 10 13 0.021603195 
373 101 5 6 0.021603195 
651 175 7 9 0.021603195 
545 58 6 8 0.021603195 
523 57 7 8 0.021603195 
677 100 7 10 0.021603195 
646 353 9 13 0.021603195 
598 178 10 13 0.021603195 
349 105 5 6 0.021603195 
680 112 13 16 0.021603195 
508 325 17 20 0.021603195 
510 119 5 6 0.021603195 
532 192 8 10 0.021603195 
494 118 4 5 0.021603195 
782 339 8 11 0.021603195 
296 103 8 11 0.021603195 
412 116 7 9 0.021603195 
202 41 5 7 0.021603195 
740 303 14 20 0.021603195 
730 205 9 11 0.021603195 
161 55 6 8 0.021603195 
421 41 5 6 0.021603195 
250 118 7 8 0.021603195 
847 239 12 14 0.021603195 
593 183 11 14 0.021603195 
905 318 16 20 0.021603195 
192 53 5 6 0.021603195 
20 32 14 18 0.021603195 
310 117 6 9 0.021603195 
185 55 5 6 0.021603195 
713 213 12 16 0.021603195 
877 238 5 6 0.021603195 
627 193 8 10 0.021603195 
416 103 9 10 0.021603195 
320 111 8 10 0.021603195 
589 106 5 6 0.021603195 
715 202 9 11 0.021603195 
855 302 16 19 0.021603195 
39 44 7 9 0.021603195 
653 200 8 12 0.021603195 
474 114 10 13 0.021603195 
424 134 6 8 0.021603195 
209 91 9 11 0.021603195 
653 349 10 16 0.021603195 
50 41 7 9 0.021603195 
33 41 6 9 0.021603195 
815 236 7 10 0.021603195 
785 214 12 14 0.021603195 
23 1 7 9 0.021603195 
813 231 8 11 0.021603195 
898 311 8 12 0.021603195 
663 111 8 10 0.021603195 
658 103 7 10 0.021603195 
328 119 8 10 0.021603195 
648 104 12 19 0.021603195 
0 36 26 40 0.021360904 
2 360 42 57 0.021360904 
732 211 20 25 0.021360898 
195 374 50 45 0.021360898 
146 205 32 34 0.021360898 
630 454 75 80 0.021360898 
909 313 25 28 0.021360898 
180 435 57 71 0.021360898 
18 462 28 38 0.021360898 
598 320 21 28 0.021360898 
9 484 30 46 0.021360893 
-68 193 269 250 0.020159906 
32 378 200 242 0.0201599 
