56_Voter_peoplevoting_56_528
127
517 151 32 40 0.9996376 
904 234 57 67 0.9990138 
456 187 38 42 0.99614596 
622 129 31 45 0.993937 
485 28 14 21 0.9697174 
318 60 22 27 0.9362244 
178 65 18 24 0.9308502 
782 41 13 20 0.92505944 
937 91 13 21 0.92505944 
260 66 18 24 0.8972024 
917 74 13 18 0.8972024 
420 49 14 20 0.77087367 
697 90 15 21 0.7040394 
524 240 40 38 0.6744751 
785 126 21 23 0.66669756 
659 76 25 31 0.6541731 
613 61 13 21 0.64717066 
796 400 25 29 0.61190087 
895 65 12 15 0.35282937 
590 389 68 90 0.188928 
771 107 21 28 0.188928 
956 41 61 96 0.1753677 
909 184 79 122 0.14717786 
540 246 39 34 0.12872262 
898 62 9 10 0.10279763 
645 78 28 34 0.10106142 
671 -1 46 65 0.09308395 
669 109 23 35 0.08567618 
776 42 14 16 0.08117401 
556 99 17 23 0.08117401 
677 82 21 30 0.07880669 
634 113 28 37 0.07880669 
586 56 13 17 0.074940585 
691 91 15 18 0.074940585 
165 303 27 32 0.06655858 
85 76 14 22 0.05879275 
600 228 25 28 0.056098126 
766 110 16 19 0.054176662 
393 57 14 15 0.054176662 
762 45 7 10 0.054176662 
641 104 25 33 0.051466707 
517 192 52 64 0.047198545 
191 239 58 77 0.047198545 
803 54 17 18 0.04595155 
179 187 188 237 0.045153897 
254 68 17 19 0.04229837 
787 188 18 21 0.04229837 
26 179 246 278 0.04133061 
419 463 61 88 0.039651494 
955 170 71 99 0.039651494 
892 58 22 28 0.039651494 
766 139 27 36 0.039651494 
592 56 13 17 0.038923774 
752 106 15 22 0.038923774 
851 100 8 10 0.038923774 
531 132 24 32 0.036325652 
687 92 23 30 0.036325645 
749 108 25 33 0.036325645 
788 49 14 19 0.035808332 
350 425 253 255 0.034593593 
0 192 106 173 0.034593593 
244 36 43 56 0.033269096 
830 116 20 27 0.033269096 
189 395 32 38 0.033269096 
900 65 13 17 0.032933712 
583 56 7 12 0.032933712 
586 100 21 31 0.030461604 
0 187 20 37 0.030461604 
824 249 62 62 0.030461604 
681 107 28 40 0.030461604 
608 65 24 33 0.030461596 
845 100 13 16 0.030282615 
536 58 8 10 0.030282615 
840 103 14 18 0.030282615 
710 299 13 16 0.030282615 
604 61 14 18 0.030282615 
516 189 34 43 0.027884193 
636 83 42 51 0.027884185 
789 136 26 33 0.027884185 
586 54 8 11 0.027838783 
763 44 11 15 0.027838778 
438 23 13 17 0.027838778 
54 71 11 20 0.027838778 
596 120 218 278 0.026434705 
759 44 7 10 0.02558696 
641 82 19 24 0.02558696 
618 60 15 21 0.02558696 
537 56 12 16 0.02558696 
796 53 15 17 0.02558696 
774 41 9 11 0.02558696 
246 71 15 18 0.02558696 
770 69 13 17 0.02558696 
689 93 9 13 0.02558696 
663 104 41 58 0.025519116 
655 88 28 37 0.025519116 
676 99 23 33 0.025519116 
270 317 59 84 0.025519116 
479 179 45 56 0.025519116 
954 88 13 20 0.02351288 
770 44 9 11 0.02351288 
838 116 7 11 0.02351288 
829 163 17 21 0.02351288 
590 54 9 11 0.02351288 
909 65 9 11 0.02351288 
851 124 24 29 0.023349825 
810 129 25 30 0.023349825 
687 326 32 33 0.023349825 
594 58 19 24 0.023349825 
866 120 22 27 0.023349825 
775 130 27 37 0.023349825 
546 224 54 56 0.023349825 
768 73 21 26 0.023349825 
773 187 31 32 0.023349825 
787 104 14 18 0.021603195 
933 117 6 8 0.021603195 
841 111 9 12 0.021603195 
639 49 12 16 0.021603195 
919 71 9 10 0.021603195 
651 66 38 52 0.021360904 
778 123 43 54 0.021360904 
768 41 23 25 0.021360898 
763 93 40 48 0.021360898 
507 116 27 34 0.021360898 
498 187 29 36 0.021360898 
773 169 58 65 0.021360898 
541 125 22 30 0.021360898 
469 358 242 266 0.0201599 
