56_Voter_peoplevoting_56_777
52
847 71 41 72 0.7815748 
611 444 132 212 0.17193554 
710 215 203 350 0.14717786 
915 73 25 43 0.13928533 
751 233 46 68 0.12872264 
570 647 24 36 0.109639935 
840 85 31 53 0.09308393 
33 65 212 340 0.08285364 
625 622 29 55 0.07244435 
230 205 209 311 0.06984133 
-6 281 249 388 0.06984132 
855 56 57 68 0.06655858 
831 218 30 37 0.06111947 
206 400 146 212 0.05874174 
833 47 83 124 0.05874174 
635 290 218 325 0.053832818 
962 494 62 143 0.047198545 
816 53 55 84 0.04326818 
917 64 36 70 0.04326818 
620 605 51 86 0.04326818 
805 251 19 25 0.04229837 
359 219 203 316 0.04133061 
118 637 54 71 0.039651502 
879 85 47 72 0.036325652 
709 118 16 25 0.035808332 
808 191 121 194 0.034593605 
805 221 46 61 0.033269096 
115 76 58 83 0.033269096 
568 372 225 325 0.028921604 
617 19 73 143 0.027884185 
391 643 33 42 0.027884185 
362 626 69 86 0.027884185 
487 615 68 95 0.027884185 
753 266 119 235 0.02643471 
49 213 218 289 0.02643471 
509 610 94 151 0.026434705 
562 635 42 57 0.025519116 
216 -4 64 55 0.025519116 
902 87 30 48 0.025519116 
785 153 203 297 0.024156325 
902 489 123 228 0.024156325 
849 103 18 30 0.02351288 
846 100 60 98 0.023349825 
550 651 57 84 0.023349825 
456 553 183 272 0.022069868 
936 63 42 80 0.021360898 
144 317 68 100 0.021360898 
824 255 26 39 0.021360898 
524 635 29 41 0.021360898 
556 707 60 76 0.021360898 
319 16 232 268 0.0201599 
336 638 112 123 0.0201599 
