56_Voter_peoplevoting_56_796
33
428 52 165 406 0.98934454 
442 765 203 507 0.8144974 
826 451 246 642 0.32305852 
169 626 128 412 0.26558137 
539 336 222 554 0.24794048 
548 -56 239 605 0.18550259 
199 501 60 212 0.1753677 
184 481 104 356 0.15916684 
531 847 144 372 0.15916684 
520 108 101 298 0.115646794 
672 649 242 571 0.1065206 
781 250 209 614 0.08285364 
-71 850 235 579 0.064067975 
37 141 209 579 0.053832818 
273 1183 132 222 0.053832814 
568 154 62 192 0.051466707 
733 469 228 596 0.04931264 
135 748 285 722 0.04931264 
641 262 246 538 0.045153897 
746 58 215 596 0.04133061 
184 358 209 530 0.04133061 
546 767 253 596 0.04133061 
379 165 307 538 0.034593593 
369 858 215 538 0.028921604 
611 171 75 182 0.027884185 
590 112 106 356 0.02643471 
231 470 112 326 0.026434705 
211 1013 194 546 0.024156325 
785 33 128 340 0.024156325 
788 705 222 571 0.022069868 
489 619 232 562 0.022069868 
286 1069 52 153 0.021360904 
113 275 203 500 0.020159906 
