56_Voter_peoplevoting_56_747
45
360 54 117 172 0.999798 
-39 515 222 325 0.6135702 
-5 146 253 340 0.24794048 
734 401 222 307 0.2311026 
179 335 249 340 0.15916686 
315 278 194 281 0.14717786 
583 513 134 197 0.13594593 
337 106 232 321 0.13594593 
617 71 249 335 0.1254451 
576 115 119 170 0.115646794 
734 103 136 191 0.08285364 
220 485 200 277 0.08285364 
435 185 134 218 0.08285364 
416 313 246 345 0.076092646 
715 370 9 11 0.054176662 
37 -13 82 95 0.051466707 
552 157 60 80 0.047198545 
1 261 67 117 0.047198545 
103 217 215 289 0.04133061 
575 148 64 104 0.039651494 
812 177 16 24 0.038923774 
52 63 242 321 0.03781825 
724 640 142 153 0.03781825 
699 549 225 307 0.03781825 
261 179 58 74 0.036325652 
101 513 265 361 0.034593605 
387 646 109 95 0.033269096 
641 463 26 34 0.033269096 
548 52 203 277 0.03163486 
810 172 13 20 0.030282615 
779 306 206 293 0.028921604 
799 152 73 104 0.027884193 
251 206 13 20 0.027838778 
73 -59 215 302 0.026434705 
925 699 91 58 0.025519116 
150 -3 35 39 0.025519116 
328 384 228 316 0.024156325 
503 478 206 307 0.024156325 
12 671 58 79 0.023349825 
712 364 23 29 0.023349825 
815 180 31 46 0.023349825 
174 3 7 9 0.021603195 
204 227 18 24 0.021603195 
243 674 28 39 0.021360904 
665 455 23 33 0.021360898 
