56_Voter_peoplevoting_56_902
86
700 179 178 234 0.9961204 
3 378 101 131 0.78491884 
821 255 183 244 0.73441863 
393 6 225 296 0.6769414 
653 236 311 374 0.65639776 
73 41 232 291 0.5461031 
395 387 112 159 0.4310897 
291 0 209 296 0.4310897 
602 197 197 271 0.3647484 
183 45 212 271 0.3647484 
120 184 228 300 0.3436022 
-8 143 101 190 0.28400344 
-5 29 206 263 0.28400344 
440 135 103 148 0.26558137 
0 166 57 105 0.23436876 
453 150 246 296 0.18550259 
547 5 218 259 0.18550259 
349 403 225 251 0.17193554 
386 22 124 176 0.12544508 
860 432 52 71 0.109639935 
203 143 228 283 0.1065206 
25 41 128 154 0.1065206 
222 504 103 137 0.09803478 
18 103 69 87 0.09308395 
585 215 119 190 0.09015675 
-8 351 175 204 0.08285364 
115 186 75 105 0.07880669 
934 538 60 65 0.07880669 
-28 154 203 223 0.076092646 
661 32 132 159 0.076092646 
503 358 242 296 0.076092646 
274 359 191 263 0.064067975 
284 502 121 152 0.05874174 
745 384 194 255 0.05874174 
638 111 203 248 0.053832814 
8 88 51 73 0.051466707 
1 88 29 48 0.047198545 
233 491 63 76 0.047198545 
925 460 75 92 0.047198545 
809 24 57 72 0.047198545 
15 95 112 159 0.045153897 
846 89 203 287 0.045153897 
18 260 121 187 0.045153897 
815 505 130 145 0.045153897 
191 278 31 42 0.039651502 
265 25 142 201 0.03781825 
827 382 134 182 0.03781825 
911 549 61 67 0.036325652 
718 503 68 98 0.036325652 
947 327 63 79 0.036325652 
161 468 191 255 0.034593605 
480 48 218 275 0.034593593 
861 -12 188 237 0.034593593 
352 122 100 154 0.03163486 
755 124 191 255 0.03163486 
103 175 62 79 0.030461604 
828 107 47 65 0.030461596 
295 109 126 210 0.028921604 
176 549 93 135 0.028921604 
731 513 119 139 0.028921604 
578 371 132 184 0.028921604 
438 160 67 90 0.027884193 
197 527 91 98 0.027884185 
49 112 54 72 0.027884185 
385 409 76 109 0.027884185 
615 257 71 115 0.027884185 
683 272 18 30 0.027838778 
94 164 123 164 0.026434705 
909 93 17 21 0.02558696 
911 84 26 30 0.025519116 
986 207 37 76 0.025519116 
449 169 30 35 0.025519116 
466 188 29 37 0.025519116 
545 282 212 244 0.024156325 
606 340 188 255 0.024156325 
875 166 15 21 0.02351288 
96 169 31 41 0.023349825 
514 149 59 72 0.023349825 
907 8 63 71 0.023349825 
25 96 28 38 0.023349825 
335 514 111 145 0.022069868 
290 238 128 193 0.022069868 
280 181 53 60 0.021360904 
42 122 39 50 0.021360898 
516 237 149 176 0.020159906 
633 -36 232 279 0.0201599 
