56_Voter_peoplevoting_56_110
73
90 318 48 66 0.9995652 
202 312 33 52 0.9863452 
419 248 28 38 0.94853324 
892 331 19 17 0.94120723 
811 260 13 18 0.8972024 
166 236 16 20 0.87062967 
419 399 55 85 0.5900683 
805 263 22 26 0.21842523 
929 349 93 172 0.17193556 
479 278 8 10 0.16157512 
51 386 191 273 0.13594593 
519 519 30 31 0.12872264 
497 489 246 232 0.09015675 
263 247 132 218 0.09015675 
865 365 8 9 0.08787667 
483 278 8 11 0.08117401 
444 416 209 269 0.06984133 
560 260 235 316 0.06984132 
478 276 6 8 0.06377564 
864 367 12 15 0.06377564 
415 242 17 27 0.06377564 
276 406 23 25 0.06111947 
874 348 7 8 0.05879275 
431 -8 265 277 0.05874174 
489 279 11 14 0.04990379 
541 339 7 10 0.049903784 
439 247 23 35 0.047198545 
169 405 206 273 0.045153897 
354 378 35 53 0.04326818 
781 357 63 88 0.04326818 
890 320 16 21 0.04229837 
853 360 8 8 0.04229837 
327 474 32 49 0.039651502 
524 533 20 22 0.035808332 
923 370 15 18 0.035808332 
941 369 7 9 0.035808332 
909 330 10 11 0.035808332 
164 241 9 11 0.032933712 
890 321 7 9 0.032933712 
110 78 232 281 0.03163486 
438 227 235 265 0.03163486 
137 550 73 73 0.030461596 
768 429 60 76 0.030461596 
321 462 25 39 0.030461596 
97 319 269 261 0.028921604 
504 470 71 86 0.027884193 
403 244 42 57 0.027884185 
48 462 65 97 0.027884185 
819 260 9 13 0.027838783 
302 314 6 7 0.027838778 
595 319 134 160 0.026434705 
592 342 6 8 0.02558696 
303 272 6 7 0.02558696 
826 379 13 15 0.02558696 
428 369 50 85 0.025519116 
343 55 97 142 0.024156325 
10 54 222 316 0.024156325 
808 418 18 24 0.02351288 
473 276 11 15 0.02351288 
487 275 8 10 0.02351288 
91 120 15 19 0.02351288 
882 366 4 5 0.02351288 
191 458 32 34 0.023349825 
-3 77 98 151 0.022069868 
378 274 6 7 0.021603195 
937 367 12 16 0.021603195 
578 337 14 16 0.021603195 
871 368 7 8 0.021603195 
175 241 9 10 0.021603195 
240 585 26 37 0.021360898 
285 406 26 29 0.021360898 
225 68 68 82 0.021360898 
46 446 119 163 0.0201599 
