34_Baseball_Baseball_34_622
32
892 204 55 90 0.99862134 
679 283 50 79 0.99534637 
127 278 61 76 0.60026705 
450 256 39 53 0.27663866 
34 589 25 34 0.19865347 
494 570 15 18 0.16197863 
422 242 56 71 0.15135154 
44 586 16 22 0.12947823 
155 267 46 78 0.122210145 
1013 606 12 19 0.09755543 
914 689 32 39 0.09178565 
9 603 26 30 0.091388 
581 586 18 20 0.07340856 
249 604 39 40 0.068497054 
20 595 27 34 0.0677876 
654 281 51 79 0.06646406 
696 275 57 79 0.059963442 
748 281 44 71 0.05637262 
461 591 10 13 0.05341526 
109 271 52 72 0.04947256 
498 565 13 17 0.04778664 
415 283 61 73 0.047027502 
443 278 40 52 0.04290244 
85 273 89 115 0.037126426 
510 591 13 16 0.034925684 
494 557 14 18 0.034578543 
308 587 15 18 0.032185033 
456 264 47 70 0.03146719 
183 272 47 75 0.028360235 
516 594 29 33 0.024451679 
47 591 19 26 0.023440212 
523 603 15 17 0.020067388 
