44_Aerobics_Aerobics_44_1032
30
412 164 222 570 0.9997335 
338 190 200 578 0.8144974 
68 817 249 604 0.71599656 
175 711 206 595 0.32305852 
-12 905 249 631 0.26558137 
508 161 206 622 0.2311026 
209 213 239 680 0.115646794 
523 941 232 631 0.09803478 
196 1147 239 604 0.076092646 
259 968 235 650 0.076092646 
209 1241 130 340 0.06984133 
550 461 212 622 0.064067975 
148 1067 186 570 0.05874174 
371 941 281 700 0.053832818 
439 601 206 521 0.053832818 
564 23 228 641 0.04931264 
138 93 55 161 0.039651502 
752 1134 52 138 0.036325652 
264 1286 136 293 0.034593593 
125 844 136 424 0.034593593 
737 927 225 660 0.03163486 
110 44 269 710 0.03163486 
0 88 71 215 0.027884193 
779 549 33 84 0.025519116 
596 639 218 622 0.024156325 
140 159 35 95 0.023349825 
676 1147 60 143 0.023349825 
48 422 225 595 0.022069868 
916 389 31 71 0.021360898 
146 1216 132 320 0.0201599 
