44_Aerobics_Aerobics_44_755
30
478 213 138 269 0.9621817 
323 453 273 605 0.59142894 
237 342 242 605 0.45389688 
72 326 235 614 0.4085711 
75 38 232 507 0.3436022 
272 162 203 485 0.26558137 
147 243 218 471 0.26558137 
455 901 249 485 0.18550259 
6 179 246 579 0.18550259 
200 997 232 444 0.17193556 
414 589 242 642 0.14717786 
490 86 183 464 0.1065206 
329 38 242 633 0.1065206 
722 336 225 554 0.1065206 
241 247 140 326 0.09803478 
276 595 225 554 0.08285364 
556 816 225 522 0.08285364 
190 -35 225 522 0.06984132 
578 47 209 492 0.05874174 
39 710 257 605 0.053832814 
453 608 146 372 0.04931264 
858 57 144 265 0.045153886 
328 942 293 515 0.04133061 
484 264 261 614 0.03781825 
322 242 123 311 0.03163486 
760 544 79 143 0.030461596 
629 413 232 464 0.02643471 
420 137 165 406 0.024156325 
164 4 151 326 0.024156325 
746 502 144 294 0.022069868 
