44_Aerobics_Aerobics_44_194
179
620 378 235 291 0.95866936 
462 141 9 13 0.9308502 
169 252 206 244 0.9301587 
120 325 285 309 0.8408331 
742 324 249 304 0.8144974 
69 94 277 343 0.6968242 
126 430 153 190 0.59142894 
772 210 212 291 0.59142894 
312 377 228 287 0.5 
298 217 197 271 0.45389688 
680 449 242 300 0.4310897 
564 297 13 21 0.3933377 
696 231 188 230 0.26558137 
265 275 146 195 0.2311026 
583 384 34 39 0.2032784 
620 89 242 296 0.19988178 
654 251 22 29 0.188928 
365 127 30 40 0.15056497 
532 339 25 31 0.13928533 
-40 152 239 304 0.13594593 
427 204 194 251 0.12544508 
17 414 277 283 0.12544508 
670 81 19 23 0.11991897 
642 100 11 15 0.11991897 
604 134 12 18 0.11991897 
584 71 7 9 0.10279763 
-43 356 257 259 0.09803478 
820 114 203 304 0.09015675 
433 330 232 279 0.09015675 
384 264 128 193 0.08285364 
768 -6 172 267 0.08285364 
645 155 12 17 0.08117401 
463 396 83 60 0.07244435 
740 270 123 139 0.06984132 
364 104 7 10 0.069149815 
615 270 29 33 0.06655858 
645 500 54 74 0.06655857 
161 28 218 283 0.064067975 
842 194 14 18 0.06377564 
504 305 18 20 0.05879275 
666 207 16 19 0.05879275 
638 146 15 18 0.05879275 
537 312 25 28 0.056098126 
531 159 18 24 0.054176662 
584 139 15 19 0.054176662 
454 453 70 63 0.051466707 
649 219 25 29 0.051466707 
638 150 23 29 0.047198545 
582 330 27 24 0.047198545 
634 161 24 32 0.047198545 
791 304 74 87 0.047198545 
871 215 19 23 0.04595155 
696 164 9 10 0.04595155 
640 145 9 10 0.04595155 
502 309 8 10 0.045951538 
628 291 293 267 0.045153886 
-8 219 117 210 0.045153886 
464 357 64 76 0.04326818 
760 144 13 16 0.04229837 
760 148 17 21 0.04229837 
531 172 112 150 0.04133061 
519 326 44 53 0.039651502 
331 299 30 38 0.039651502 
690 129 24 27 0.039651502 
460 351 30 41 0.039651502 
933 185 29 38 0.039651502 
587 136 21 25 0.039651494 
516 179 27 40 0.039651494 
744 51 13 18 0.038923774 
575 150 5 8 0.038923774 
532 199 11 21 0.038923774 
701 176 23 27 0.036325652 
871 193 23 23 0.036325652 
508 371 68 72 0.036325652 
551 297 21 27 0.036325645 
318 288 53 67 0.036325645 
466 141 11 15 0.035808332 
544 103 212 251 0.034593605 
139 304 149 169 0.034593593 
20 26 235 279 0.034593593 
649 140 54 63 0.033269096 
641 240 43 54 0.033269096 
782 105 25 30 0.033269096 
657 148 25 30 0.033269096 
731 81 13 18 0.03293372 
607 333 9 12 0.032933712 
775 84 6 9 0.032933712 
2 340 117 223 0.03163486 
789 443 215 333 0.03163486 
728 298 25 32 0.030461604 
526 309 46 53 0.030461596 
679 236 19 25 0.030461596 
670 98 25 30 0.030461596 
630 157 19 25 0.030282615 
567 240 20 23 0.030282615 
693 94 9 12 0.030282615 
341 302 15 21 0.030282615 
635 153 18 21 0.030282615 
870 191 14 17 0.030282615 
654 127 13 18 0.030282615 
419 212 67 56 0.027884193 
527 175 29 42 0.027884193 
625 167 25 30 0.027884193 
838 191 23 30 0.027884193 
674 244 20 28 0.027884193 
533 324 25 31 0.027884185 
751 101 25 29 0.027884185 
306 310 78 88 0.027884185 
367 136 18 23 0.027838783 
409 159 8 12 0.027838783 
738 175 15 18 0.027838783 
645 149 8 9 0.027838783 
703 189 16 21 0.027838783 
584 342 18 20 0.027838783 
648 217 17 20 0.027838783 
414 152 10 18 0.027838778 
793 84 8 10 0.027838778 
399 -2 209 244 0.026434705 
685 161 16 18 0.02558696 
420 153 9 14 0.02558696 
452 157 12 16 0.02558696 
581 334 15 16 0.02558696 
146 521 27 36 0.025519116 
130 469 25 29 0.025519116 
667 149 27 31 0.025519116 
502 321 29 32 0.025519116 
679 101 26 33 0.025519116 
542 301 23 29 0.025519116 
561 374 59 63 0.025519116 
757 276 34 39 0.025519116 
172 472 316 300 0.024156325 
469 248 249 271 0.024156325 
609 291 17 23 0.02351288 
688 236 17 21 0.02351288 
497 307 9 10 0.02351288 
601 332 15 17 0.02351288 
439 219 14 19 0.02351288 
659 120 14 21 0.02351288 
944 142 11 17 0.02351288 
681 145 8 9 0.02351288 
752 53 9 12 0.02351288 
658 208 51 55 0.023349825 
835 220 24 30 0.023349825 
547 207 70 82 0.023349825 
646 230 25 34 0.023349825 
372 103 29 41 0.023349825 
526 151 43 58 0.023349825 
495 175 46 56 0.023349825 
379 276 70 79 0.023349825 
504 306 27 31 0.023349825 
678 122 24 28 0.023349825 
524 339 51 63 0.023349825 
497 311 48 57 0.023349825 
132 491 54 66 0.023349825 
779 151 7 9 0.0216032 
570 306 17 20 0.021603195 
432 316 9 10 0.021603195 
649 150 14 19 0.021603195 
424 319 8 9 0.021603195 
691 157 16 17 0.021603195 
603 134 8 11 0.021603195 
771 149 15 19 0.021603195 
609 135 14 18 0.021603195 
277 503 16 28 0.021603195 
600 136 9 13 0.021603195 
420 322 12 15 0.021603195 
427 322 13 18 0.021603195 
637 100 20 23 0.021360904 
656 258 35 42 0.021360904 
460 330 53 65 0.021360898 
664 109 22 26 0.021360898 
549 315 28 29 0.021360898 
579 292 23 26 0.021360898 
202 432 64 69 0.021360898 
666 219 24 28 0.021360898 
170 515 29 44 0.021360898 
157 516 29 42 0.021360898 
364 480 277 279 0.020159906 
686 183 130 179 0.0201599 
