44_Aerobics_Aerobics_44_707
42
175 449 130 100 0.90196514 
658 19 209 289 0.69682413 
529 12 257 331 0.56891036 
227 423 95 108 0.38809907 
587 517 232 341 0.32305852 
412 12 257 326 0.32305852 
757 361 218 303 0.2840034 
618 244 215 307 0.26558137 
389 306 119 203 0.2311026 
576 390 37 47 0.21842524 
139 451 136 160 0.19988178 
298 312 188 281 0.19988178 
405 277 186 285 0.14717786 
698 68 253 356 0.14717786 
62 438 232 298 0.13594593 
749 -14 257 303 0.115646794 
243 573 232 326 0.1065206 
494 283 209 250 0.1065206 
279 416 134 158 0.09015675 
274 17 246 307 0.08285364 
745 217 25 42 0.06655858 
101 570 228 321 0.064067975 
415 155 200 246 0.064067975 
470 555 232 341 0.064067975 
561 362 58 80 0.056098126 
722 541 225 341 0.053832814 
1 560 109 212 0.045153897 
349 375 253 326 0.045153886 
212 360 197 265 0.045153886 
402 306 76 97 0.036325645 
482 343 261 356 0.03163486 
575 180 80 75 0.027884193 
224 477 79 94 0.027884193 
510 309 117 173 0.026434705 
144 486 60 71 0.025519116 
-4 6 188 294 0.024156325 
349 528 246 351 0.024156325 
430 321 79 115 0.023349825 
66 191 80 94 0.023349825 
524 323 63 78 0.021360898 
542 150 74 86 0.021360898 
630 69 130 175 0.0201599 
