44_Aerobics_Aerobics_44_167
100
276 307 64 92 0.9996692 
886 318 56 85 0.9996376 
792 272 36 50 0.9991779 
897 490 119 206 0.99871767 
845 233 14 21 0.9970004 
613 306 24 32 0.9944617 
959 261 13 20 0.9915604 
683 268 20 29 0.9881053 
375 281 28 41 0.98366195 
178 279 23 30 0.9821322 
926 243 19 30 0.9801546 
575 247 15 20 0.9801546 
723 265 16 20 0.9540484 
767 274 21 33 0.95280147 
377 264 19 28 0.94120723 
748 245 14 19 0.9362244 
880 261 11 15 0.7388364 
1005 268 15 21 0.7217721 
904 284 25 32 0.30585763 
811 494 186 265 0.26558137 
119 352 170 265 0.21508123 
201 408 107 160 0.2150812 
662 4 200 277 0.2150812 
302 23 74 111 0.188928 
303 483 228 311 0.15916686 
374 289 222 281 0.1254451 
65 255 178 321 0.12544508 
990 260 10 16 0.102797605 
993 258 7 10 0.08787667 
1002 251 6 8 0.08787667 
635 398 100 160 0.08285364 
826 261 17 25 0.08117401 
874 261 13 17 0.08117401 
506 9 191 281 0.06984132 
857 280 25 37 0.06655858 
264 299 28 45 0.06655858 
717 264 12 20 0.06377564 
541 78 48 69 0.06111947 
841 282 29 39 0.056098126 
830 287 25 37 0.056098126 
983 263 8 13 0.054176662 
1001 270 9 13 0.054176662 
980 237 6 10 0.049903784 
1012 269 11 15 0.049903784 
529 549 242 298 0.04931264 
725 264 22 32 0.047198545 
1004 266 9 13 0.045951538 
772 9 269 366 0.045153897 
889 288 27 32 0.04326818 
948 622 73 76 0.039651502 
648 266 16 27 0.038923774 
867 282 13 24 0.038923774 
69 29 114 194 0.03781825 
654 475 74 92 0.036325652 
986 423 30 47 0.036325652 
981 235 4 6 0.035808332 
988 267 8 11 0.035808332 
0 536 107 218 0.034593593 
992 305 28 48 0.033269096 
981 241 7 11 0.03293372 
997 253 7 10 0.03293372 
49 30 212 340 0.03163486 
369 544 239 330 0.03163486 
811 264 26 36 0.030461596 
268 294 48 79 0.030461596 
906 280 17 22 0.030282615 
1013 260 9 13 0.030282615 
942 497 80 130 0.027884193 
560 351 28 36 0.027884185 
156 302 16 24 0.027838783 
1017 266 7 12 0.027838783 
976 239 12 17 0.027838778 
996 219 6 9 0.027838778 
589 353 180 269 0.02643471 
585 -25 178 277 0.02643471 
809 505 109 177 0.026434705 
295 356 188 307 0.026434705 
993 220 5 7 0.02558696 
207 298 13 20 0.02558696 
995 265 12 18 0.02558696 
884 258 8 12 0.02558696 
554 361 29 41 0.025519116 
868 287 25 37 0.025519116 
543 50 114 183 0.024156325 
1010 488 13 25 0.02351288 
890 290 16 20 0.02351288 
665 269 12 22 0.02351288 
816 282 28 40 0.023349825 
525 345 49 65 0.023349825 
1003 480 21 42 0.023349825 
593 104 24 29 0.023349825 
830 531 69 100 0.023349825 
240 5 53 61 0.023349825 
369 589 151 180 0.022069868 
566 249 7 12 0.021603195 
624 413 17 22 0.021603195 
915 256 9 12 0.021603195 
542 369 28 43 0.021360898 
304 182 34 50 0.021360898 
252 13 109 165 0.0201599 
