44_Aerobics_Aerobics_44_597
56
418 319 39 54 0.99844605 
781 283 35 51 0.9927347 
4 313 39 49 0.9850627 
329 347 19 30 0.96034855 
566 316 19 28 0.9567318 
107 348 18 25 0.9458233 
967 319 25 29 0.9439019 
726 330 22 31 0.9362244 
152 343 12 17 0.88893 
126 348 13 19 0.24479094 
111 351 24 34 0.2032784 
494 238 235 325 0.19988178 
148 35 246 293 0.19988176 
820 240 269 350 0.18550259 
990 321 15 21 0.16157512 
931 311 14 20 0.13944872 
408 366 112 194 0.12544508 
893 358 34 37 0.10106142 
633 97 239 355 0.08285364 
895 307 130 249 0.08285364 
41 320 188 273 0.08285364 
834 325 25 35 0.07880669 
325 154 249 355 0.06984133 
446 478 222 311 0.064067975 
424 318 206 277 0.064067975 
291 416 6 9 0.06377564 
245 379 70 88 0.06111947 
678 260 68 95 0.06111947 
340 302 175 307 0.053832814 
149 344 20 27 0.047198545 
157 349 10 13 0.045951538 
-34 63 249 355 0.045153886 
754 272 30 37 0.04326818 
847 249 65 107 0.039651502 
124 345 23 34 0.036325652 
116 358 28 46 0.036325652 
147 345 9 13 0.035808332 
-2 16 106 177 0.034593605 
963 316 18 27 0.03293372 
818 203 117 177 0.03163486 
443 148 215 289 0.03163486 
756 269 49 57 0.030461596 
281 229 50 55 0.030461596 
132 349 10 16 0.030282615 
114 345 18 25 0.027838778 
816 148 206 298 0.02643471 
31 308 34 50 0.025519116 
883 341 56 61 0.025519116 
832 302 47 65 0.025519116 
700 294 28 51 0.025519116 
124 369 28 44 0.025519116 
995 319 9 13 0.02351288 
594 280 25 31 0.023349825 
848 16 78 99 0.021360904 
522 33 222 235 0.0201599 
322 483 197 281 0.0201599 
