44_Aerobics_Aerobics_44_852
114
439 254 27 34 0.99891996 
386 274 37 45 0.99870443 
120 289 26 39 0.9979589 
237 259 25 31 0.9973194 
908 191 16 19 0.99672973 
350 213 14 18 0.99672973 
169 242 15 19 0.99672973 
699 259 42 49 0.99614596 
328 224 18 22 0.9945117 
223 224 14 18 0.99225557 
189 237 15 19 0.99225557 
945 201 19 24 0.9915604 
487 231 21 29 0.99129593 
93 257 19 25 0.98462796 
493 203 15 19 0.9764871 
265 242 22 28 0.95280147 
0 243 12 15 0.95009625 
675 224 16 18 0.86055124 
682 240 22 30 0.83741444 
846 196 14 17 0.47834834 
711 229 21 26 0.45459446 
288 234 13 19 0.35282937 
231 312 191 239 0.24794048 
650 198 8 10 0.24479094 
875 173 7 9 0.18645167 
676 229 21 26 0.13928533 
420 198 249 289 0.1254451 
899 232 16 20 0.11991897 
558 233 27 29 0.118850335 
361 364 228 289 0.115646794 
272 235 23 27 0.109639935 
476 222 14 21 0.102797605 
472 70 215 281 0.090156734 
621 467 188 257 0.08285364 
9 0 64 63 0.07880669 
625 207 7 9 0.0691498 
616 224 37 29 0.056098126 
148 295 23 35 0.056098126 
713 228 11 12 0.054176662 
927 176 16 20 0.054176662 
183 72 246 298 0.053832818 
247 249 25 33 0.051466707 
701 232 26 32 0.051466707 
537 244 218 289 0.04931264 
122 382 253 307 0.04931264 
562 526 67 85 0.047198545 
782 466 69 61 0.047198545 
616 202 13 17 0.04595155 
849 194 9 11 0.045951538 
596 221 64 46 0.04326818 
489 208 21 26 0.04326818 
829 516 58 59 0.04326818 
834 186 6 8 0.04229837 
709 525 123 158 0.04133061 
695 244 32 40 0.039651502 
569 555 73 106 0.039651502 
931 174 9 11 0.038923774 
477 224 7 11 0.038923774 
775 215 206 225 0.03781825 
281 33 6 7 0.035808332 
538 190 128 104 0.034593605 
160 199 212 285 0.034593593 
611 207 23 24 0.033269096 
859 217 12 16 0.03293372 
831 204 5 7 0.032933712 
814 569 67 58 0.030461604 
762 419 59 56 0.030461596 
621 205 12 16 0.030282615 
275 232 15 18 0.030282615 
573 507 112 167 0.028921604 
261 55 55 53 0.027884193 
895 77 64 94 0.027884193 
726 230 15 17 0.027838783 
612 200 8 10 0.027838783 
682 229 10 12 0.027838783 
853 196 9 11 0.027838783 
119 267 16 19 0.027838778 
94 252 203 269 0.02643471 
816 189 14 17 0.02558696 
628 221 19 21 0.02558696 
215 271 15 18 0.02558696 
648 195 6 9 0.02558696 
549 243 16 21 0.02558696 
505 178 15 17 0.02558696 
335 218 19 24 0.025519116 
825 542 55 62 0.025519116 
575 246 61 55 0.025519116 
45 4 261 321 0.024156325 
260 380 228 257 0.024156325 
283 235 9 12 0.02351288 
893 234 14 19 0.02351288 
536 241 7 9 0.02351288 
650 207 12 16 0.02351288 
904 170 12 17 0.02351288 
837 187 8 10 0.02351288 
874 170 6 8 0.02351288 
876 177 8 11 0.02351288 
675 244 18 22 0.02351288 
848 175 6 8 0.02351288 
500 165 124 180 0.022069868 
591 55 239 294 0.022069868 
687 126 203 242 0.022069868 
936 162 8 10 0.021603195 
8 264 16 22 0.021603195 
564 246 17 18 0.021603195 
817 207 6 8 0.021603195 
9 275 14 18 0.021603195 
924 186 13 18 0.021603195 
881 186 7 10 0.021603195 
772 585 63 70 0.021360898 
210 275 21 26 0.021360898 
843 199 22 26 0.021360898 
535 239 25 27 0.021360898 
808 532 54 61 0.021360898 
