44_Aerobics_Aerobics_44_370
44
938 37 58 55 0.99891996 
292 150 87 86 0.99796546 
171 61 68 65 0.9953797 
248 11 50 44 0.9933628 
577 2 54 53 0.99204755 
666 69 69 74 0.98859274 
658 49 215 142 0.8408331 
687 67 95 91 0.3864298 
628 27 57 43 0.36670664 
827 0 40 24 0.34582695 
343 147 90 82 0.24794048 
608 16 59 46 0.21842523 
122 135 20 18 0.15056497 
386 150 58 44 0.15056497 
718 84 123 83 0.115646794 
390 144 100 73 0.076092646 
566 87 232 158 0.076092646 
40 223 65 39 0.06111947 
68 200 242 162 0.04931264 
634 44 95 79 0.04931264 
938 120 31 23 0.047198545 
794 246 228 158 0.04133061 
114 145 116 87 0.04133061 
525 106 67 44 0.039651502 
745 45 34 26 0.039651494 
587 259 54 40 0.036325652 
382 154 34 25 0.036325652 
123 141 57 41 0.033269096 
545 9 65 47 0.033269096 
120 142 23 23 0.033269096 
373 245 218 151 0.03163486 
594 274 28 21 0.030461604 
115 132 45 29 0.027884193 
401 139 63 44 0.027884185 
557 246 93 67 0.026434705 
807 -5 54 38 0.025519116 
639 26 37 24 0.025519116 
341 126 167 134 0.024156325 
177 212 232 175 0.024156325 
42 148 209 148 0.024156325 
-26 227 246 153 0.024156325 
672 57 58 41 0.021360898 
750 176 186 138 0.020159906 
599 17 97 75 0.0201599 
