44_Aerobics_Aerobics_44_936
68
392 814 64 134 0.99678564 
540 795 73 153 0.9949414 
293 499 64 129 0.98957527 
442 398 57 115 0.9069161 
543 419 53 103 0.79672164 
861 621 59 143 0.61190087 
117 504 9 22 0.29596066 
737 404 64 127 0.28687313 
709 921 222 529 0.26558137 
544 640 257 529 0.24794048 
602 945 136 285 0.13594593 
73 813 232 537 0.115646794 
435 276 206 463 0.09803478 
113 529 225 596 0.090156734 
398 860 124 306 0.08285364 
870 609 37 94 0.07244435 
855 624 34 94 0.06111947 
95 566 29 85 0.056098126 
607 460 194 477 0.053832818 
349 799 209 463 0.053832814 
832 639 60 131 0.051466707 
571 872 218 470 0.04931264 
135 565 23 67 0.047198545 
226 988 35 83 0.047198545 
418 384 57 121 0.04326818 
475 423 31 69 0.04326818 
77 523 44 136 0.039651502 
493 424 28 64 0.039651494 
144 837 67 146 0.039651494 
174 539 14 35 0.038923774 
629 643 138 388 0.03781825 
53 95 89 289 0.03781825 
269 669 116 276 0.03781825 
549 291 160 298 0.03781825 
144 567 26 68 0.036325645 
148 574 16 41 0.035808332 
474 406 52 117 0.033269096 
219 953 55 103 0.033269096 
387 822 97 238 0.03163486 
239 269 235 499 0.03163486 
642 271 239 553 0.03163486 
747 1017 153 289 0.03163486 
125 615 46 119 0.030461596 
319 438 86 143 0.030461596 
264 522 61 125 0.027884193 
122 934 71 156 0.027884185 
193 1084 78 164 0.027884185 
136 1025 146 289 0.026434705 
59 572 90 264 0.026434705 
469 187 71 105 0.025519116 
92 580 53 138 0.025519116 
327 1230 69 146 0.025519116 
99 579 15 38 0.02351288 
113 492 16 37 0.02351288 
124 505 8 20 0.02351288 
128 115 33 76 0.023349825 
594 798 51 125 0.023349825 
472 478 30 75 0.023349825 
493 436 57 127 0.023349825 
261 495 111 206 0.022069868 
255 1171 119 218 0.022069868 
108 519 27 64 0.021360904 
492 821 48 113 0.021360904 
132 594 30 86 0.021360898 
210 533 27 75 0.021360898 
308 737 67 156 0.021360898 
755 942 79 148 0.021360893 
468 363 128 289 0.0201599 
