44_Aerobics_Aerobics_44_443
55
389 235 88 191 0.98366195 
461 760 246 610 0.9239074 
397 195 126 292 0.73441863 
98 159 200 638 0.69682413 
-7 -58 232 619 0.6135702 
774 843 203 551 0.6135702 
91 693 206 602 0.47689918 
788 646 32 92 0.36670664 
317 622 232 638 0.32305852 
376 3 203 584 0.32305852 
836 215 257 687 0.19988178 
-6 735 225 575 0.18550259 
307 232 257 648 0.14717786 
7 46 144 392 0.14717786 
-51 1044 242 667 0.115646794 
126 351 225 697 0.115646794 
29 272 197 559 0.115646794 
14 266 130 359 0.1065206 
105 -15 160 475 0.1065206 
524 282 242 593 0.09803478 
968 406 54 238 0.06655857 
797 630 32 84 0.06111947 
461 205 203 511 0.053832814 
495 474 253 687 0.053832814 
226 813 246 677 0.04931264 
767 561 203 593 0.04931264 
741 914 132 416 0.045153886 
770 1191 9 25 0.038923774 
967 536 58 197 0.036325652 
172 586 126 422 0.034593593 
-2 964 134 392 0.034593593 
963 905 57 155 0.033269096 
78 861 273 718 0.03163486 
197 273 257 535 0.03163486 
628 739 218 638 0.03163486 
43 636 21 63 0.030461604 
291 529 76 178 0.030461596 
176 706 18 49 0.030282615 
801 624 20 57 0.030282615 
578 441 146 359 0.028921604 
897 376 117 435 0.028921604 
651 874 71 161 0.027884193 
526 1190 57 147 0.027884185 
639 368 235 504 0.026434705 
207 562 246 527 0.026434705 
390 527 212 504 0.02415633 
467 102 130 448 0.024156325 
168 708 15 42 0.02351288 
918 826 68 153 0.023349825 
940 866 73 145 0.023349825 
0 1118 6 27 0.021603195 
830 895 61 138 0.021360898 
849 1318 78 147 0.021360898 
52 507 191 648 0.020159906 
483 16 293 629 0.0201599 
