44_Aerobics_Aerobics_44_66
71
256 141 67 100 0.99952376 
437 234 33 50 0.99952376 
677 196 35 44 0.9973194 
906 232 24 38 0.9964803 
781 199 43 62 0.9927347 
477 259 19 29 0.97839683 
90 255 16 20 0.97216123 
781 394 212 317 0.78491884 
8 -52 209 290 0.69682413 
587 537 197 303 0.59142894 
486 442 178 299 0.5461031 
616 494 130 210 0.32305852 
295 541 218 295 0.2840034 
676 416 235 286 0.18550259 
459 354 119 184 0.18550259 
583 115 73 125 0.15056497 
499 392 140 203 0.1254451 
65 281 13 22 0.111069925 
329 221 104 154 0.09803478 
560 456 123 213 0.09015675 
279 125 82 135 0.09015675 
8 287 197 327 0.090156734 
576 367 218 346 0.090156734 
578 32 194 290 0.090156734 
718 36 222 322 0.090156734 
182 228 26 39 0.072444364 
165 5 246 331 0.06984133 
37 293 29 45 0.06111947 
826 246 206 295 0.05874174 
464 259 197 295 0.05874174 
437 80 209 295 0.053832814 
294 72 121 201 0.04931264 
277 -6 218 336 0.04931264 
86 463 215 299 0.04931264 
534 120 112 195 0.045153886 
576 352 46 71 0.04326818 
204 223 31 42 0.04326818 
-17 414 246 352 0.04133062 
262 388 225 317 0.04133061 
214 275 209 303 0.04133061 
193 224 27 35 0.039651494 
138 263 23 38 0.039651494 
559 123 73 94 0.036325652 
414 2 51 80 0.036325652 
841 507 170 286 0.034593605 
237 145 46 90 0.033269096 
349 367 21 31 0.033269096 
843 299 65 95 0.033269096 
181 220 50 59 0.033269096 
187 224 15 25 0.03293372 
57 0 242 341 0.03163486 
82 277 24 35 0.030461604 
551 342 65 107 0.030461604 
97 258 10 14 0.030282615 
815 16 246 290 0.028921604 
481 165 225 278 0.028921604 
561 371 100 156 0.026434705 
417 22 30 50 0.025519116 
540 388 76 130 0.025519116 
144 509 123 186 0.024156325 
-25 111 225 322 0.024156325 
631 539 82 121 0.023349825 
258 366 60 84 0.023349825 
129 269 23 42 0.023349825 
683 98 71 100 0.023349825 
294 245 109 170 0.022069868 
63 272 14 21 0.021603195 
520 130 75 107 0.021360904 
245 324 116 203 0.020159906 
263 141 183 270 0.0201599 
83 245 212 278 0.0201599 
